Year: 2018  Month: 07  ID: AG4  ARGOS:  8927  Name: AGO-4               
Lat: 82.01S  Lon:  96.76E  Elev: 3597m
2018 182  7  1 0000  -62.3  615.1    7.0  263.0   47.0  444.0
2018 182  7  1 0300  -60.5  614.4    3.2  257.0   48.0  444.0
2018 182  7  1 0600  -58.4  613.4    3.7  244.0   50.0  444.0
2018 182  7  1 0900  -57.5  612.8    3.8  258.0   50.3  444.0
2018 182  7  1 1200  -58.0  611.9    5.7  253.0   50.0  444.0
2018 182  7  1 1500  -58.1  611.5    4.7  256.0   50.0  444.0
2018 182  7  1 1800  -56.0  611.5    4.6  230.0   51.0  444.0
2018 182  7  1 2100  -57.9  611.5    6.8  232.0   50.3  444.0
2018 183  7  2 0000  -59.8  612.1    4.7  241.0   49.0  444.0
2018 183  7  2 0300  -58.7  612.0    7.4  219.0   49.7  444.0
2018 183  7  2 0600  -60.2  612.7    7.5  220.0   49.0  444.0
2018 183  7  2 0900  -61.3  613.1    6.9  228.0   48.0  444.0
2018 183  7  2 1200  -62.9  613.5    5.9  227.0   46.8  444.0
2018 183  7  2 1500  -63.6  613.4    6.8  233.0   46.0  444.0
2018 183  7  2 1800  -64.4  613.3    6.8  237.0   46.0  444.0
2018 183  7  2 2100  -64.8  613.0    8.6  235.0   45.0  444.0
2018 184  7  3 0000  -64.5  612.3    7.8  247.0   45.5  444.0
2018 184  7  3 0300  -63.6  611.8    6.9  244.0   46.0  444.0
2018 184  7  3 0600  -61.2  611.3    7.5  238.0   47.5  444.0
2018 184  7  3 0900  -60.1  611.0    6.4  284.0   49.0  444.0
2018 184  7  3 1200  -58.8  610.5    7.3  232.0   49.9  444.0
2018 184  7  3 1500  -59.0  610.0    6.5  236.0   49.0  444.0
2018 184  7  3 1800  -61.9  609.8    3.2  259.0   47.6  444.0
2018 184  7  3 2100  -63.7  609.2    2.7  251.0   46.0  444.0
2018 185  7  4 0000  -66.3  609.0    3.6  263.0   44.0  444.0
2018 185  7  4 0300  -66.5  609.2    2.8  274.0   44.0  444.0
2018 185  7  4 0600  -68.4  609.1    3.0  279.0   42.0  444.0
2018 185  7  4 0900  -70.8  609.5    3.6  280.0   39.0  444.0
2018 185  7  4 1200  -71.6  609.8  444.0  444.0   38.0  444.0
2018 185  7  4 1500  -73.5  609.8  444.0  444.0   37.0  444.0
2018 185  7  4 1800  -74.2  610.0  444.0  444.0   36.0  444.0
2018 185  7  4 2100  -74.3  609.5  444.0  444.0   35.3  444.0
2018 186  7  5 0000  -74.8  609.6  444.0  444.0   35.0  444.0
2018 186  7  5 0300  -74.4  608.8  444.0  444.0   35.0  444.0
2018 186  7  5 0600  -75.0  608.0  444.0  444.0   35.0  444.0
2018 186  7  5 0900  -75.3  607.4  444.0  444.0   34.0  444.0
2018 186  7  5 1200  -75.0  606.3    3.2  304.0   34.0  444.0
2018 186  7  5 1500  -72.7  605.2    4.8  312.0   37.0  444.0
2018 186  7  5 1800  -71.1  604.3    5.4  308.0   39.0  444.0
2018 186  7  5 2100  -69.9  603.7    5.6  312.0   40.0  444.0
2018 187  7  6 0000  -68.8  602.8    6.1  312.0   42.0  444.0
2018 187  7  6 0300  -67.4  601.9    7.5  316.0   43.0  444.0
2018 187  7  6 0600  -66.7  600.8    8.5  307.0   43.0  444.0
2018 187  7  6 0900  -65.7  600.4    8.3  301.0   44.0  444.0
2018 187  7  6 1200  -67.4  600.5    6.4  304.0   43.0  444.0
2018 187  7  6 1500  -68.2  600.5    6.3  296.0   42.0  444.0
2018 187  7  6 1800  -69.8  600.5    5.7  296.0   41.0  444.0
2018 187  7  6 2100  -71.0  600.6    5.7  301.0   40.0  444.0
2018 188  7  7 0000  -71.5  600.5    5.6  289.0   39.0  444.0
2018 188  7  7 0300  -71.9  600.7    5.4  294.0   38.0  444.0
2018 188  7  7 0600  -71.8  600.6    5.6  289.0   38.3  444.0
2018 188  7  7 0900  -71.7  601.1    4.8  290.0   38.0  444.0
2018 188  7  7 1200  -71.2  601.4    5.6  285.0   38.8  444.0
2018 188  7  7 1500  -70.9  602.1    5.5  286.0   39.0  444.0
2018 188  7  7 1800  -70.8  602.6    5.4  285.0   39.3  444.0
2018 188  7  7 2100  -70.8  603.5    5.2  285.0   39.0  444.0
2018 189  7  8 0000  -70.9  604.0    5.6  282.0   39.2  444.0
2018 189  7  8 0300  -71.6  604.4    5.3  286.0   38.0  444.0
2018 189  7  8 0600  -71.9  604.8    5.2  287.0   38.1  444.0
2018 189  7  8 0900  -72.7  605.0    4.8  291.0   37.0  444.0
2018 189  7  8 1200  -72.1  605.4    4.2  298.0   38.0  444.0
2018 189  7  8 1500  -73.0  605.3    4.2  302.0   37.0  444.0
2018 189  7  8 1800  -73.5  605.0    4.5  295.0   36.0  444.0
2018 189  7  8 2100  -74.1  604.6    4.0  300.0   35.8  444.0
2018 190  7  9 0000  -74.6  604.4    4.8  296.0   35.0  444.0
2018 190  7  9 0300  -75.5  603.8    4.9  287.0   34.0  444.0
2018 190  7  9 0600  -75.3  603.4    5.3  292.0   34.0  444.0
2018 190  7  9 0900  -74.7  603.4    4.8  298.0   35.0  444.0
2018 190  7  9 1200  -74.5  603.3    4.8  293.0   35.0  444.0
2018 190  7  9 1500  -73.9  603.0    4.9  294.0   36.0  444.0
2018 190  7  9 1800  -73.2  602.8    5.6  296.0   36.0  444.0
2018 190  7  9 2100  -73.7  602.9    5.4  302.0   36.0  444.0
2018 191  7 10 0000  -72.3  602.7    5.4  284.0   38.0  444.0
2018 191  7 10 0300  -71.6  602.9    6.4  290.0   38.1  444.0
2018 191  7 10 0600  -71.3  603.4    6.3  281.0   38.0  444.0
2018 191  7 10 0900  -71.9  603.8    5.2  279.0   38.0  444.0
2018 191  7 10 1200  -71.6  604.3    4.8  290.0   38.0  444.0
2018 191  7 10 1500  -72.6  604.3    5.0  293.0   37.0  444.0
2018 191  7 10 1800  -72.6  604.0    4.3  298.0   37.0  444.0
2018 191  7 10 2100  -74.2  603.4    4.4  301.0   35.6  444.0
2018 192  7 11 0000  -74.4  602.7    4.6  303.0   35.0  444.0
2018 192  7 11 0300  -74.7  601.7    5.1  294.0   35.0  444.0
2018 192  7 11 0600  -74.6  600.9    5.2  292.0   35.0  444.0
2018 192  7 11 0900  -73.3  599.9    5.1  288.0   36.0  444.0
2018 192  7 11 1200  -72.0  599.4    5.7  289.0   37.0  444.0
2018 192  7 11 1500  -70.5  598.8    6.3  284.0   39.0  444.0
2018 192  7 11 1800  -71.2  598.6    5.6  284.0   38.0  444.0
2018 192  7 11 2100  -69.9  598.5    6.6  284.0   40.0  444.0
2018 193  7 12 0000  -69.5  598.6    6.9  277.0   40.0  444.0
2018 193  7 12 0300  -70.4  598.6    6.6  278.0   39.0  444.0
2018 193  7 12 0600  -70.3  599.0    7.0  278.0   40.0  444.0
2018 193  7 12 0900  -70.4  599.4    6.2  282.0   39.0  444.0
2018 193  7 12 1200  -71.0  600.0    6.6  270.0   39.0  444.0
2018 193  7 12 1500  -72.2  601.0    6.1  277.0   38.0  444.0
2018 193  7 12 1800  -72.8  601.6    5.9  278.0   37.0  444.0
2018 193  7 12 2100  -73.2  602.7    5.5  275.0   37.0  444.0
2018 194  7 13 0000  -73.3  603.4    5.8  280.0   36.3  444.0
2018 194  7 13 0300  -74.3  604.6    4.9  278.0   35.0  444.0
2018 194  7 13 0600  -74.5  605.6    5.3  282.0   35.0  444.0
2018 194  7 13 0900  -73.9  606.7    4.7  283.0   36.0  444.0
2018 194  7 13 1200  -74.2  607.3    4.8  284.0   35.0  444.0
2018 194  7 13 1500  -74.0  607.5    5.0  290.0   35.0  444.0
2018 194  7 13 1800  -74.2  608.0    3.9  282.0   35.0  444.0
2018 194  7 13 2100  -73.8  607.9    5.1  300.0   35.6  444.0
2018 195  7 14 0000  -73.3  607.5    5.1  297.0   36.0  444.0
2018 195  7 14 0300  -72.5  607.2    6.1  304.0   37.0  444.0
2018 195  7 14 0600  -72.1  607.4    5.2  295.0   37.0  444.0
2018 195  7 14 0900  -72.0  607.8    4.5  289.0   37.6  444.0
2018 195  7 14 1200  -71.9  607.9    4.5  285.0   38.0  444.0
2018 195  7 14 1500  -70.7  608.3    6.5  297.0   39.0  444.0
2018 195  7 14 1800  -69.3  609.0    5.2  285.0   40.0  444.0
2018 195  7 14 2100  -69.9  609.8    5.6  285.0   40.0  444.0
2018 196  7 15 0000  -69.1  610.6    5.9  281.0   41.0  444.0
2018 196  7 15 0300  -67.1  611.4    5.8  285.0   42.0  444.0
2018 196  7 15 0600  -66.8  612.6    4.5  292.0   43.0  444.0
2018 196  7 15 0900  -66.8  613.8    4.8  294.0   43.0  444.0
2018 196  7 15 1200  -67.1  614.7    5.1  303.0   42.4  444.0
2018 196  7 15 1500  -64.7  614.9    5.3  317.0   44.0  444.0
2018 196  7 15 1800  -65.6  614.7    6.8  321.0   43.8  444.0
2018 196  7 15 2100  -64.9  615.0    6.9  314.0   44.0  444.0
2018 197  7 16 0000  -61.4  616.1    6.5  302.0   47.0  444.0
2018 197  7 16 0300  -59.9  617.1    7.1  312.0   48.0  444.0
2018 197  7 16 0600  -59.6  617.9    7.5  318.0   48.5  444.0
2018 197  7 16 0900  -61.0  618.0    6.2  334.0   47.0  444.0
2018 197  7 16 1200  -61.4  617.8    8.8  322.0   47.0  444.0
2018 197  7 16 1500  -61.3  618.1    8.0  317.0   48.0  444.0
2018 197  7 16 1800  -61.5  619.0    6.0  295.0   47.0  444.0
2018 197  7 16 2100  -60.1  619.4    7.2  307.0   48.0  444.0
2018 198  7 17 0000  -57.4  620.1    7.4  307.0   50.0  444.0
2018 198  7 17 0300  -58.9  621.1    7.0  293.0   49.0  444.0
2018 198  7 17 0600  -61.3  621.1    5.4  288.0   48.0  444.0
2018 198  7 17 0900  -63.3  621.6    5.2  295.0   46.0  444.0
2018 198  7 17 1200  -62.6  621.6    6.1  304.0   46.4  444.0
2018 198  7 17 1500  -62.6  621.4    5.4  297.0   47.0  444.0
2018 198  7 17 1800  -63.3  620.8    5.0  306.0   46.0  444.0
2018 198  7 17 2100  -65.3  620.0    4.4  296.0   45.0  444.0
2018 199  7 18 0000  -64.9  618.8    3.7  300.0   45.0  444.0
2018 199  7 18 0300  -62.2  616.9    1.6  321.0   46.1  444.0
2018 199  7 18 0600  -63.4  614.3  444.0  444.0   47.0  444.0
2018 199  7 18 0900  -58.5  611.8  444.0  444.0   49.0  444.0
2018 199  7 18 1200  -59.2  609.1  444.0  444.0   49.0  444.0
2018 199  7 18 1500  444.0  444.0  444.0  444.0  444.0  444.0
2018 199  7 18 1800  444.0  444.0  444.0  444.0  444.0  444.0
2018 199  7 18 2100  444.0  444.0  444.0  444.0  444.0  444.0
2018 200  7 19 0000  444.0  444.0  444.0  444.0  444.0  444.0
2018 200  7 19 0300  444.0  444.0  444.0  444.0  444.0  444.0
2018 200  7 19 0600  444.0  444.0  444.0  444.0  444.0  444.0
2018 200  7 19 0900  444.0  444.0  444.0  444.0  444.0  444.0
2018 200  7 19 1200  444.0  444.0  444.0  444.0  444.0  444.0
2018 200  7 19 1500  444.0  444.0  444.0  444.0  444.0  444.0
2018 200  7 19 1800  444.0  444.0  444.0  444.0  444.0  444.0
2018 200  7 19 2100  444.0  444.0  444.0  444.0  444.0  444.0
2018 201  7 20 0000  444.0  444.0  444.0  444.0  444.0  444.0
2018 201  7 20 0300  444.0  444.0  444.0  444.0  444.0  444.0
2018 201  7 20 0600  444.0  444.0  444.0  444.0  444.0  444.0
2018 201  7 20 0900  -64.1  617.9    5.9  291.0   45.0  444.0
2018 201  7 20 1200  -61.7  618.7    6.5  292.0   47.0  444.0
2018 201  7 20 1500  -60.1  619.3    5.8  301.0   48.0  444.0
2018 201  7 20 1800  -61.3  619.7    5.1  300.0   47.4  444.0
2018 201  7 20 2100  -59.8  619.7    6.4  312.0   49.0  444.0
2018 202  7 21 0000  -60.3  618.5    5.0  328.0   48.0  444.0
2018 202  7 21 0300  -59.2  617.2    7.1  323.0   49.0  444.0
2018 202  7 21 0600  -58.8  616.2    7.9  318.0   49.0  444.0
2018 202  7 21 0900  -55.8  615.7    8.3  312.0   51.0  444.0
2018 202  7 21 1200  -51.0  614.9    7.1  318.0   54.0  444.0
2018 202  7 21 1500  -49.0  614.6    6.6  321.0   55.0  444.0
2018 202  7 21 1800  -50.8  614.3    8.6  325.0   54.0  444.0
2018 202  7 21 2100  -47.5  613.8    8.3  330.0   55.9  444.0
2018 203  7 22 0000  -43.7  613.6    8.7  330.0   58.0  444.0
2018 203  7 22 0300  -45.1  613.5    9.5  328.0   57.0  444.0
2018 203  7 22 0600  -46.6  614.6    9.5  308.0   57.0  444.0
2018 203  7 22 0900  -49.4  616.1    8.2  314.0   55.0  444.0
2018 203  7 22 1200  -49.8  617.8    7.8  307.0   55.0  444.0
2018 203  7 22 1500  -49.0  618.8    8.0  303.0   56.0  444.0
2018 203  7 22 1800  -48.9  619.9    8.0  311.0   56.0  444.0
2018 203  7 22 2100  -47.6  621.3    8.5  311.0   56.0  444.0
2018 204  7 23 0000  -48.4  622.0    7.1  308.0   56.0  444.0
2018 204  7 23 0300  -49.2  622.8    7.9  311.0   55.5  444.0
2018 204  7 23 0600  -49.3  623.5    7.3  315.0   55.0  444.0
2018 204  7 23 0900  -50.2  624.0    6.7  317.0   56.0  444.0
2018 204  7 23 1200  -49.5  624.6    7.3  314.0   56.0  444.0
2018 204  7 23 1500  -49.3  624.0    7.9  318.0   55.5  444.0
2018 204  7 23 1800  -45.5  622.9    8.2  328.0   57.0  444.0
2018 204  7 23 2100  -43.4  622.3   10.9  323.0   59.0  444.0
2018 205  7 24 0000  -45.1  622.5   11.3  321.0   58.0  444.0
2018 205  7 24 0300  -43.2  623.4    7.0  286.0   59.0  444.0
2018 205  7 24 0600  -46.8  624.3    8.4  299.0   57.0  444.0
2018 205  7 24 0900  -49.6  625.7    6.9  299.0   56.0  444.0
2018 205  7 24 1200  -51.6  626.5    5.5  299.0   55.0  444.0
2018 205  7 24 1500  -53.8  627.2    5.2  304.0   53.0  444.0
2018 205  7 24 1800  -55.0  627.8    4.9  306.0   53.0  444.0
2018 205  7 24 2100  -54.1  627.8    4.3  304.0   53.0  444.0
2018 206  7 25 0000  -51.3  627.6    6.1  314.0   54.2  444.0
2018 206  7 25 0300  -51.9  627.1    5.0  313.0   54.0  444.0
2018 206  7 25 0600  -53.4  626.7    5.2  320.0   53.5  444.0
2018 206  7 25 0900  -53.4  626.0    5.1  307.0   53.0  444.0
2018 206  7 25 1200  -56.1  625.0    6.2  309.0   51.9  444.0
2018 206  7 25 1500  -54.9  625.0    5.6  270.0   52.0  444.0
2018 206  7 25 1800  -51.0  626.5    7.0  268.0   54.6  444.0
2018 206  7 25 2100  -52.8  628.5    7.2  275.0   54.0  444.0
2018 207  7 26 0000  -52.9  630.5    5.5  274.0   53.0  444.0
2018 207  7 26 0300  -51.3  633.0    6.8  275.0   54.4  444.0
2018 207  7 26 0600  -51.6  635.2    5.4  284.0   54.0  444.0
2018 207  7 26 0900  -53.0  637.0    6.9  279.0   53.6  444.0
2018 207  7 26 1200  -53.4  638.5    6.3  292.0   53.0  444.0
2018 207  7 26 1500  -54.4  639.1    5.3  301.0   52.8  444.0
2018 207  7 26 1800  -52.9  638.5    5.3  312.0   54.0  444.0
2018 207  7 26 2100  -49.3  637.6    5.2  318.0   55.4  444.0
2018 208  7 27 0000  -46.3  635.8    8.8  306.0   57.0  444.0
2018 208  7 27 0300  -41.9  635.7    9.4  292.0   60.0  444.0
2018 208  7 27 0600  -41.2  635.6    8.5  300.0   60.0  444.0
2018 208  7 27 0900  -41.6  635.9    4.2  294.0   60.0  444.0
2018 208  7 27 1200  -41.4  635.6    8.8  302.0   60.0  444.0
2018 208  7 27 1500  -39.3  635.8    8.2  300.0   61.0  444.0
2018 208  7 27 1800  -38.6  634.6    9.6  308.0   62.0  444.0
2018 208  7 27 2100  -39.2  634.2   10.5  302.0   61.0  444.0
2018 209  7 28 0000  -41.9  634.5    9.4  299.0   60.0  444.0
2018 209  7 28 0300  -41.4  634.6    9.1  280.0   60.3  444.0
2018 209  7 28 0600  -42.5  635.0    8.7  287.0   60.0  444.0
2018 209  7 28 0900  -44.0  635.3    6.9  268.0   59.0  444.0
2018 209  7 28 1200  -46.4  635.6    6.6  278.0   58.0  444.0
2018 209  7 28 1500  -48.1  635.2    4.7  271.0   57.0  444.0
2018 209  7 28 1800  -47.8  634.5    5.6  278.0   57.0  444.0
2018 209  7 28 2100  -48.4  633.8    4.8  285.0   57.0  444.0
2018 210  7 29 0000  -47.2  633.5    6.7  277.0   57.0  444.0
2018 210  7 29 0300  -47.4  632.6    5.3  279.0   57.0  444.0
2018 210  7 29 0600  -43.8  632.0    7.0  279.0   59.1  444.0
2018 210  7 29 0900  -42.0  631.4    6.7  286.0   60.0  444.0
2018 210  7 29 1200  -43.4  630.7    6.9  296.0   59.0  444.0
2018 210  7 29 1500  -44.8  629.6    8.3  299.0   59.0  444.0
2018 210  7 29 1800  -46.4  628.8    7.2  299.0   57.7  444.0
2018 210  7 29 2100  -46.8  627.9    6.4  300.0   58.0  444.0
2018 211  7 30 0000  -48.6  626.9    6.4  307.0   56.0  444.0
2018 211  7 30 0300  -46.0  625.0    7.7  319.0   58.0  444.0
2018 211  7 30 0600  -48.0  624.1    7.6  300.0   57.0  444.0
2018 211  7 30 0900  -49.1  624.3    5.8  282.0   56.3  444.0
2018 211  7 30 1200  -50.1  625.0    4.2  274.0   56.0  444.0
2018 211  7 30 1500  -51.5  625.3    3.5  300.0   55.0  444.0
2018 211  7 30 1800  -52.1  625.5    4.7  279.0   55.0  444.0
2018 211  7 30 2100  -51.8  626.6    3.2  255.0   54.9  444.0
2018 212  7 31 0000  -51.9  627.4    4.8  274.0   54.0  444.0
2018 212  7 31 0300  -52.2  628.1    6.5  259.0   54.6  444.0
2018 212  7 31 0600  -53.2  629.3    7.1  255.0   54.0  444.0
2018 212  7 31 0900  -53.8  630.8    4.1  274.0   54.0  444.0
2018 212  7 31 1200  -54.1  631.5    4.5  259.0   53.0  444.0
2018 212  7 31 1500  -55.6  631.3    4.4  285.0   53.0  444.0
2018 212  7 31 1800  -55.4  630.4    5.7  290.0   53.0  444.0
2018 212  7 31 2100  -52.6  629.0    3.5  294.0   54.0  444.0
