Year: 2018  Month: 06  ID: AG4  ARGOS:  8927  Name: AGO-4               
Lat: 82.01S  Lon:  96.76E  Elev: 3597m
2018 152  6  1 0000  -62.2  627.6    1.1  257.0   47.0  444.0
2018 152  6  1 0300  -56.6  628.8    2.4  231.0   50.8  444.0
2018 152  6  1 0600  -56.5  629.4    2.4  261.0   51.0  444.0
2018 152  6  1 0900  -56.2  629.8    3.4  234.0   51.0  444.0
2018 152  6  1 1200  -57.2  630.5    1.4  237.0   51.0  444.0
2018 152  6  1 1500  -55.7  631.1    2.6  273.0   51.6  444.0
2018 152  6  1 1800  -54.8  632.2    3.2  240.0   52.2  444.0
2018 152  6  1 2100  -52.7  633.5    6.3  231.0   54.0  444.0
2018 153  6  2 0000  -51.9  634.9    5.1  233.0   54.0  444.0
2018 153  6  2 0300  -51.5  635.7    2.2  241.0   54.0  444.0
2018 153  6  2 0600  -51.2  637.0    2.9  255.0   54.4  444.0
2018 153  6  2 0900  -51.1  637.9    2.8  259.0   55.0  444.0
2018 153  6  2 1200  -54.9  638.7    2.9  272.0   53.0  444.0
2018 153  6  2 1500  -56.9  638.1    5.2  288.0   51.0  444.0
2018 153  6  2 1800  -57.2  636.4    6.6  291.0   51.1  444.0
2018 153  6  2 2100  -56.1  634.4    8.3  298.0   52.0  444.0
2018 154  6  3 0000  -53.5  630.9    8.4  294.0   53.0  444.0
2018 154  6  3 0300  -43.1  626.8   13.1  301.0   59.0  444.0
2018 154  6  3 0600  -40.6  622.0   15.3  296.0   60.0  444.0
2018 154  6  3 0900  -40.7  620.3   12.7  272.0   60.0  444.0
2018 154  6  3 1200  -42.9  619.5    5.9  273.0   58.6  444.0
2018 154  6  3 1500  -44.6  619.9    5.5  260.0   58.0  444.0
2018 154  6  3 1800  -46.0  620.1    4.8  271.0   57.0  444.0
2018 154  6  3 2100  -47.4  620.3    3.0  298.0   56.4  444.0
2018 155  6  4 0000  -49.4  620.4    2.1  299.0   55.0  444.0
2018 155  6  4 0300  -50.5  620.3    1.9  260.0   55.0  444.0
2018 155  6  4 0600  -48.4  620.5    3.4  243.0   56.0  444.0
2018 155  6  4 0900  -50.0  620.8    2.2  276.0   55.0  444.0
2018 155  6  4 1200  -52.4  621.2    2.2  274.0   54.0  444.0
2018 155  6  4 1500  -54.8  621.4    0.9  283.0   52.0  444.0
2018 155  6  4 1800  -55.7  622.0    4.0  226.0   52.0  444.0
2018 155  6  4 2100  -57.8  622.3    1.4  302.0   51.0  444.0
2018 156  6  5 0000  -59.0  622.1    2.0  320.0   50.0  444.0
2018 156  6  5 0300  -59.3  622.5    1.3  326.0   49.5  444.0
2018 156  6  5 0600  -58.9  622.2    1.8  325.0   50.0  444.0
2018 156  6  5 0900  -60.3  622.5    1.9  304.0   49.0  444.0
2018 156  6  5 1200  -60.8  622.4    2.4  282.0   49.0  444.0
2018 156  6  5 1500  -61.4  622.1    3.0  283.0   48.0  444.0
2018 156  6  5 1800  -61.3  621.4    4.7  296.0   48.0  444.0
2018 156  6  5 2100  -62.2  621.3    4.0  295.0   47.0  444.0
2018 157  6  6 0000  -61.7  619.9    3.5  288.0   48.0  444.0
2018 157  6  6 0300  -62.2  618.8    5.2  303.0   47.0  444.0
2018 157  6  6 0600  -61.3  617.3    3.6  284.0   48.0  444.0
2018 157  6  6 0900  -61.3  615.7    3.4  281.0   48.0  444.0
2018 157  6  6 1200  -61.4  614.2    4.4  276.0   48.0  444.0
2018 157  6  6 1500  -60.9  613.1    3.7  298.0   49.0  444.0
2018 157  6  6 1800  -61.0  612.8    2.5  329.0   49.0  444.0
2018 157  6  6 2100  -61.5  612.8    3.2  293.0   48.0  444.0
2018 158  6  7 0000  -62.3  613.5    2.4  286.0   47.7  444.0
2018 158  6  7 0300  -62.1  614.2    1.5  299.0   48.0  444.0
2018 158  6  7 0600  -62.6  615.4    0.8  236.0   47.4  444.0
2018 158  6  7 0900  -63.7  616.2    1.9  332.0   47.0  444.0
2018 158  6  7 1200  -64.5  617.4    1.2  306.0   46.0  444.0
2018 158  6  7 1500  -61.9  618.5    1.8  348.0   48.0  444.0
2018 158  6  7 1800  -59.4  619.5    3.3  273.0   49.0  444.0
2018 158  6  7 2100  -59.8  620.1    2.0  295.0   49.0  444.0
2018 159  6  8 0000  -59.5  620.9    2.5  278.0   50.0  444.0
2018 159  6  8 0300  -60.2  621.2    3.7  291.0   49.0  444.0
2018 159  6  8 0600  -61.0  621.3    3.4  285.0   48.0  444.0
2018 159  6  8 0900  -61.2  621.4    3.2  280.0   48.0  444.0
2018 159  6  8 1200  -62.0  621.3    3.3  289.0   48.0  444.0
2018 159  6  8 1500  -62.1  620.7    2.2  277.0   48.0  444.0
2018 159  6  8 1800  -62.4  620.1    3.5  278.0   48.0  444.0
2018 159  6  8 2100  -62.2  619.2    3.6  270.0   48.0  444.0
2018 160  6  9 0000  -63.7  618.3    3.8  268.0   47.0  444.0
2018 160  6  9 0300  -63.3  617.3    4.1  275.0   47.0  444.0
2018 160  6  9 0600  -62.5  616.6    2.4  306.0   47.0  444.0
2018 160  6  9 0900  -62.4  616.3    1.9  344.0   47.0  444.0
2018 160  6  9 1200  -62.1  616.1    2.8  330.0   48.0  444.0
2018 160  6  9 1500  -63.1  616.0    2.1  300.0   47.2  444.0
2018 160  6  9 1800  -63.1  616.0    1.8  337.0   47.0  444.0
2018 160  6  9 2100  -63.6  616.2    2.4  343.0   46.0  444.0
2018 161  6 10 0000  -63.8  616.2    2.2  283.0   46.0  444.0
2018 161  6 10 0300  -64.6  616.3    1.7  295.0   45.7  444.0
2018 161  6 10 0600  -65.5  616.6    2.1  261.0   44.0  444.0
2018 161  6 10 0900  -65.4  616.6    3.1  265.0   44.0  444.0
2018 161  6 10 1200  -65.9  616.5    2.2  310.0   44.0  444.0
2018 161  6 10 1500  -65.7  616.3    2.0  296.0   44.0  444.0
2018 161  6 10 1800  -66.0  616.4    2.8  289.0   43.8  444.0
2018 161  6 10 2100  -65.6  616.1    2.3  286.0   44.0  444.0
2018 162  6 11 0000  -65.3  615.7    3.2  276.0   44.4  444.0
2018 162  6 11 0300  -65.2  615.6    3.1  283.0   45.0  444.0
2018 162  6 11 0600  -64.4  615.5    2.3  285.0   45.5  444.0
2018 162  6 11 0900  -64.4  615.2    2.9  275.0   46.0  444.0
2018 162  6 11 1200  -64.0  615.0    2.9  303.0   46.0  444.0
2018 162  6 11 1500  -63.4  614.6    2.7  280.0   46.0  444.0
2018 162  6 11 1800  -63.3  614.3    3.0  280.0   46.4  444.0
2018 162  6 11 2100  -62.0  613.8    3.4  289.0   48.0  444.0
2018 163  6 12 0000  -61.8  613.5    3.4  331.0   48.0  444.0
2018 163  6 12 0300  -61.0  612.8    4.3  344.0   48.0  444.0
2018 163  6 12 0600  -61.9  612.9    2.2  302.0   48.0  444.0
2018 163  6 12 0900  -62.3  612.9    2.0  329.0   47.0  444.0
2018 163  6 12 1200  -63.0  613.2    1.8  296.0   47.0  444.0
2018 163  6 12 1500  -63.8  613.5    2.3  291.0   46.0  444.0
2018 163  6 12 1800  -64.5  613.8    2.4  310.0   46.0  444.0
2018 163  6 12 2100  -64.5  614.2    1.6  322.0   45.5  444.0
2018 164  6 13 0000  -65.2  614.8    3.4  287.0   45.0  444.0
2018 164  6 13 0300  -63.8  615.2    3.9  278.0   46.0  444.0
2018 164  6 13 0600  -63.1  615.9    1.7  291.0   47.0  444.0
2018 164  6 13 0900  -64.0  616.8    3.1  301.0   46.0  444.0
2018 164  6 13 1200  -62.7  618.5    1.5  319.0   47.0  444.0
2018 164  6 13 1500  -63.7  620.0    2.0  316.0   46.0  444.0
2018 164  6 13 1800  -62.8  621.0    3.0  280.0   47.0  444.0
2018 164  6 13 2100  -60.7  621.5    1.0  286.0   48.0  444.0
2018 165  6 14 0000  -59.0  622.2    2.7  314.0   49.0  444.0
2018 165  6 14 0300  -59.1  623.0    2.0  253.0   49.5  444.0
2018 165  6 14 0600  -58.8  623.1    2.3  276.0   50.0  444.0
2018 165  6 14 0900  -57.4  623.4    3.3  256.0   50.0  444.0
2018 165  6 14 1200  -56.5  623.3    2.8  294.0   51.0  444.0
2018 165  6 14 1500  -56.7  623.3    2.9  287.0   50.9  444.0
2018 165  6 14 1800  -54.8  623.9    3.8  270.0   52.0  444.0
2018 165  6 14 2100  -57.2  625.0    3.7  259.0   50.8  444.0
2018 166  6 15 0000  -57.4  626.3    2.4  297.0   51.0  444.0
2018 166  6 15 0300  -56.0  627.2    3.5  282.0   51.6  444.0
2018 166  6 15 0600  -53.4  627.3    4.0  288.0   53.0  444.0
2018 166  6 15 0900  -50.3  628.6    2.6  324.0   54.7  444.0
2018 166  6 15 1200  -48.2  630.2    3.1  261.0   56.0  444.0
2018 166  6 15 1500  -47.1  631.6    2.5  267.0   57.0  444.0
2018 166  6 15 1800  -47.5  632.8    2.4  249.0   56.4  444.0
2018 166  6 15 2100  -48.2  633.9    3.1  320.0   56.0  444.0
2018 167  6 16 0000  -49.4  634.7    2.0  274.0   55.2  444.0
2018 167  6 16 0300  -50.7  635.3    2.3  270.0   55.0  444.0
2018 167  6 16 0600  -49.2  635.8    2.5  255.0   56.0  444.0
2018 167  6 16 0900  -49.7  636.5    3.3  271.0   56.0  444.0
2018 167  6 16 1200  -50.7  637.3    2.4  254.0   54.9  444.0
2018 167  6 16 1500  -48.1  638.2    3.9  242.0   56.0  444.0
2018 167  6 16 1800  -46.0  639.0    7.4  219.0   57.0  444.0
2018 167  6 16 2100  -45.2  640.2    9.1  227.0   58.0  444.0
2018 168  6 17 0000  -46.2  640.8    6.1  224.0   57.0  444.0
2018 168  6 17 0300  -46.1  641.3    7.2  220.0   57.6  444.0
2018 168  6 17 0600  -47.3  641.5    4.4  244.0   56.8  444.0
2018 168  6 17 0900  -45.7  641.3    6.6  221.0   58.0  444.0
2018 168  6 17 1200  -44.5  641.2    8.1  228.0   58.0  444.0
2018 168  6 17 1500  -45.6  641.0    6.4  225.0   57.8  444.0
2018 168  6 17 1800  -46.5  640.5    4.3  232.0   57.0  444.0
2018 168  6 17 2100  -45.8  639.5    5.8  223.0   57.7  444.0
2018 169  6 18 0000  -45.7  638.1    9.7  219.0   57.0  444.0
2018 169  6 18 0300  -46.5  636.8    9.0  219.0   57.0  444.0
2018 169  6 18 0600  -47.3  635.2    8.6  219.0   57.0  444.0
2018 169  6 18 0900  -48.4  634.1    7.2  231.0   56.4  444.0
2018 169  6 18 1200  -47.7  632.9    7.1  223.0   57.0  444.0
2018 169  6 18 1500  -47.1  631.7    7.7  222.0   57.0  444.0
2018 169  6 18 1800  -46.4  630.6    7.5  222.0   57.0  444.0
2018 169  6 18 2100  -47.4  629.8    6.0  224.0   57.0  444.0
2018 170  6 19 0000  -49.2  629.0    5.9  222.0   56.0  444.0
2018 170  6 19 0300  -50.9  628.4    4.4  220.0   55.0  444.0
2018 170  6 19 0600  -49.6  628.2    6.3  225.0   56.0  444.0
2018 170  6 19 0900  -49.8  627.7    4.5  244.0   56.0  444.0
2018 170  6 19 1200  -48.8  627.7    4.9  234.0   56.0  444.0
2018 170  6 19 1500  -49.8  627.4    3.7  237.0   56.0  444.0
2018 170  6 19 1800  -49.7  627.0    4.1  226.0   56.0  444.0
2018 170  6 19 2100  -50.3  627.1    2.9  248.0   55.0  444.0
2018 171  6 20 0000  -49.8  627.0    3.3  223.0   55.0  444.0
2018 171  6 20 0300  -49.9  626.9    2.6  232.0   56.0  444.0
2018 171  6 20 0600  -51.6  626.6    2.0  250.0   55.0  444.0
2018 171  6 20 0900  -52.7  626.3    2.9  255.0   54.0  444.0
2018 171  6 20 1200  -55.2  625.9    3.1  264.0   53.0  444.0
2018 171  6 20 1500  -56.0  625.6    2.7  284.0   52.0  444.0
2018 171  6 20 1800  -57.3  625.4    1.8  300.0   52.0  444.0
2018 171  6 20 2100  -59.6  625.0    1.8  280.0   49.0  444.0
2018 172  6 21 0000  -59.8  624.8    1.6  354.0   49.0  444.0
2018 172  6 21 0300  -60.2  624.8    3.1  319.0   49.0  444.0
2018 172  6 21 0600  -60.5  624.8    1.9  286.0   48.9  444.0
2018 172  6 21 0900  -60.5  624.7    2.4  288.0   49.0  444.0
2018 172  6 21 1200  -59.2  624.5    0.9  280.0   49.9  444.0
2018 172  6 21 1500  -56.8  624.6    1.7  292.0   51.0  444.0
2018 172  6 21 1800  -56.9  624.3    2.2  341.0   51.4  444.0
2018 172  6 21 2100  -54.6  624.6    2.3  293.0   53.0  444.0
2018 173  6 22 0000  -55.7  625.0    2.0  294.0   52.0  444.0
2018 173  6 22 0300  -54.9  625.0    1.8  280.0   53.0  444.0
2018 173  6 22 0600  -54.9  625.2    2.6  294.0   53.0  444.0
2018 173  6 22 0900  -54.8  625.6    1.4  248.0   52.6  444.0
2018 173  6 22 1200  -55.4  625.8    0.6  244.0   52.0  444.0
2018 173  6 22 1500  -53.7  625.9    2.2  238.0   53.4  444.0
2018 173  6 22 1800  -54.9  626.3    3.3  222.0   53.0  444.0
2018 173  6 22 2100  -54.2  626.9    4.1  220.0   53.1  444.0
2018 174  6 23 0000  -54.7  627.1    3.9  230.0   53.0  444.0
2018 174  6 23 0300  -55.5  627.4    2.3  254.0   52.0  444.0
2018 174  6 23 0600  -57.5  627.4    2.5  258.0   51.0  444.0
2018 174  6 23 0900  -59.9  627.4    3.4  264.0   50.0  444.0
2018 174  6 23 1200  -61.4  627.3    2.9  281.0   48.0  444.0
2018 174  6 23 1500  -61.0  626.8    2.0  306.0   49.0  444.0
2018 174  6 23 1800  -61.2  626.6    1.6  286.0   49.0  444.0
2018 174  6 23 2100  -63.6  625.8    3.2  286.0   47.0  444.0
2018 175  6 24 0000  -63.4  625.6    3.1  296.0   46.9  444.0
2018 175  6 24 0300  -62.9  624.6    2.4  293.0   47.0  444.0
2018 175  6 24 0600  -63.9  624.3    3.6  303.0   46.0  444.0
2018 175  6 24 0900  -63.8  623.6    4.0  290.0   46.4  444.0
2018 175  6 24 1200  -65.0  622.9    3.8  293.0   46.0  444.0
2018 175  6 24 1500  -64.6  621.6    3.2  296.0   46.0  444.0
2018 175  6 24 1800  -65.0  620.5    5.3  285.0   45.0  444.0
2018 175  6 24 2100  -64.5  619.4    5.2  280.0   46.0  444.0
2018 176  6 25 0000  -64.9  618.3    6.1  287.0   46.0  444.0
2018 176  6 25 0300  -64.3  617.1    3.7  264.0   46.0  444.0
2018 176  6 25 0600  -60.9  615.5    4.8  267.0   48.1  444.0
2018 176  6 25 0900  -61.3  614.6    2.4  310.0   48.0  444.0
2018 176  6 25 1200  -60.5  614.2    1.6  277.0   49.0  444.0
2018 176  6 25 1500  -60.7  613.7    2.0  281.0   49.0  444.0
2018 176  6 25 1800  -61.4  613.7    3.7  252.0   48.0  444.0
2018 176  6 25 2100  -62.4  613.6    2.0  296.0   47.0  444.0
2018 177  6 26 0000  -63.9  614.0    0.5    8.0   46.0  444.0
2018 177  6 26 0300  -64.7  614.3    1.6  317.0   46.0  444.0
2018 177  6 26 0600  -65.3  614.9    1.9  284.0   45.0  444.0
2018 177  6 26 0900  -66.7  615.7    3.3  268.0   44.0  444.0
2018 177  6 26 1200  -67.2  616.5  444.0  444.0   43.0  444.0
2018 177  6 26 1500  -68.7  617.0  444.0  444.0   42.0  444.0
2018 177  6 26 1800  -68.6  617.5  444.0  444.0   42.0  444.0
2018 177  6 26 2100  -69.0  618.1  444.0  444.0   41.0  444.0
2018 178  6 27 0000  -68.9  618.5  444.0  444.0   42.0  444.0
2018 178  6 27 0300  -70.1  618.8    4.6  275.0   40.0  444.0
2018 178  6 27 0600  -70.1  618.9    4.3  282.0   40.0  444.0
2018 178  6 27 0900  -70.3  619.0    5.4  272.0   40.4  444.0
2018 178  6 27 1200  -70.1  619.0    5.0  272.0   41.0  444.0
2018 178  6 27 1500  -69.1  619.2    5.3  272.0   41.0  444.0
2018 178  6 27 1800  -68.4  619.2    3.9  269.0   42.0  444.0
2018 178  6 27 2100  -67.2  619.1    2.7  252.0   43.0  444.0
2018 179  6 28 0000  -66.9  618.9    2.9  257.0   43.6  444.0
2018 179  6 28 0300  -67.3  618.9    2.6  264.0   43.0  444.0
2018 179  6 28 0600  -67.1  618.4    3.4  252.0   43.0  444.0
2018 179  6 28 0900  -64.8  618.1    3.2  246.0   44.9  444.0
2018 179  6 28 1200  -66.4  618.0    3.0  258.0   43.7  444.0
2018 179  6 28 1500  -65.8  617.2    4.0  250.0   44.0  444.0
2018 179  6 28 1800  -65.4  616.5    3.7  246.0   45.0  444.0
2018 179  6 28 2100  -64.6  615.9    3.2  253.0   45.0  444.0
2018 180  6 29 0000  -62.8  615.8    3.1  253.0   46.7  444.0
2018 180  6 29 0300  -63.1  615.2    3.1  252.0   46.0  444.0
2018 180  6 29 0600  -63.2  615.1    4.0  247.0   47.0  444.0
2018 180  6 29 0900  -64.3  615.2    3.6  246.0   46.0  444.0
2018 180  6 29 1200  -65.4  615.5    3.7  264.0   45.0  444.0
2018 180  6 29 1500  -66.8  615.8    2.7  280.0   44.0  444.0
2018 180  6 29 1800  -66.5  616.3    3.1  269.0   44.0  444.0
2018 180  6 29 2100  -66.5  617.0    3.7  268.0   44.0  444.0
2018 181  6 30 0000  -67.3  617.6    3.9  263.0   43.0  444.0
2018 181  6 30 0300  -67.5  618.0    4.0  276.0   42.8  444.0
2018 181  6 30 0600  -67.6  618.3    4.8  283.0   42.6  444.0
2018 181  6 30 0900  -67.4  618.3    5.9  284.0   43.0  444.0
2018 181  6 30 1200  -66.8  618.1    5.5  286.0   43.0  444.0
2018 181  6 30 1500  -65.0  617.3    5.8  270.0   44.7  444.0
2018 181  6 30 1800  -63.1  616.6    6.2  270.0   46.0  444.0
2018 181  6 30 2100  -62.4  616.1    7.0  263.0   47.0  444.0
