Year: 2018  Month: 12  ID: AG4  ARGOS:  8927  Name: AGO-4               
Lat: 82.01S  Lon:  96.76E  Elev: 3597m
2018 335 12  1 0000  -35.6  627.6    3.5  287.0   61.0  444.0
2018 335 12  1 0300  -33.6  627.4    4.5  285.0   63.0  444.0
2018 335 12  1 0600  -31.8  626.9    4.6  298.0   62.0  444.0
2018 335 12  1 0900  -30.8  626.1    4.9  300.0   61.8  444.0
2018 335 12  1 1200  -31.6  624.9    6.2  304.0   62.0  444.0
2018 335 12  1 1500  -33.5  624.1    5.9  284.0   62.0  444.0
2018 335 12  1 1800  -35.4  623.7    6.0  274.0   61.5  444.0
2018 335 12  1 2100  -36.1  623.4    6.6  270.0   61.0  444.0
2018 336 12  2 0000  -35.1  622.9    8.0  264.0   61.0  444.0
2018 336 12  2 0300  -34.1  622.6    9.5  253.0   65.0  444.0
2018 336 12  2 0600  -32.7  622.7    9.7  246.0   61.1  444.0
2018 336 12  2 0900  -31.3  623.1    8.9  239.0   64.0  444.0
2018 336 12  2 1200  -31.1  623.4    8.1  236.0   63.0  444.0
2018 336 12  2 1500  -32.9  624.1    6.3  244.0   64.0  444.0
2018 336 12  2 1800  -34.2  624.5    5.2  244.0   63.0  444.0
2018 336 12  2 2100  -34.6  625.0    5.6  237.0   62.0  444.0
2018 337 12  3 0000  -33.7  625.6    5.9  233.0   62.0  444.0
2018 337 12  3 0300  -32.3  626.0    6.5  223.0   62.0  444.0
2018 337 12  3 0600  -30.0  626.5    6.9  208.0   63.0  444.0
2018 337 12  3 0900  -29.4  626.8    6.2  196.0   63.0  444.0
2018 337 12  3 1200  -30.5  627.2    5.4  205.0   66.0  444.0
2018 337 12  3 1500  -32.4  627.1    4.4  208.0   64.4  444.0
2018 337 12  3 1800  -34.2  627.0    4.9  204.0   63.0  444.0
2018 337 12  3 2100  -35.4  627.0    4.5  219.0   62.0  444.0
2018 338 12  4 0000  -33.4  626.8    5.8  208.0   62.0  444.0
2018 338 12  4 0300  -31.3  626.3    6.1  205.0   63.0  444.0
2018 338 12  4 0600  -29.4  625.7    5.9  193.0   63.0  444.0
2018 338 12  4 0900  -28.3  625.4    5.1  181.0   64.2  444.0
2018 338 12  4 1200  -28.8  625.0    3.3  203.0   66.0  444.0
2018 338 12  4 1500  -31.7  624.4    2.6  215.0   64.0  444.0
2018 338 12  4 1800  -34.5  624.0    2.6  228.0   62.0  444.0
2018 338 12  4 2100  -37.7  623.8    2.8  270.0   61.0  444.0
2018 339 12  5 0000  -36.1  623.3    2.9  266.0   60.0  444.0
2018 339 12  5 0300  -33.9  622.7    4.5  256.0   60.4  444.0
2018 339 12  5 0600  -31.3  622.0    5.1  247.0   62.0  444.0
2018 339 12  5 0900  -30.0  621.6    5.4  244.0   62.0  444.0
2018 339 12  5 1200  -30.9  621.2    5.3  257.0   62.0  444.0
2018 339 12  5 1500  -33.5  620.6    4.5  269.0   62.0  444.0
2018 339 12  5 1800  -35.5  620.2    5.7  253.0   63.0  444.0
2018 339 12  5 2100  -35.7  620.0    5.4  254.0   63.0  444.0
2018 340 12  6 0000  -34.3  619.8    6.3  238.0   61.0  444.0
2018 340 12  6 0300  -31.9  619.6    7.6  231.0   61.0  444.0
2018 340 12  6 0600  -30.1  619.4    8.7  223.0   62.0  444.0
2018 340 12  6 0900  -29.5  619.3    9.4  214.0   66.0  444.0
2018 340 12  6 1200  -29.1  619.6    8.1  200.0   65.0  444.0
2018 340 12  6 1500  -30.2  620.1    8.1  199.0   67.0  444.0
2018 340 12  6 1800  -30.7  620.5    7.6  190.0   63.9  444.0
2018 340 12  6 2100  -31.6  621.3    6.3  198.0   64.0  444.0
2018 341 12  7 0000  -31.0  621.7    7.0  211.0   63.0  444.0
2018 341 12  7 0300  -29.6  621.5    8.0  212.0   65.0  444.0
2018 341 12  7 0600  -28.7  621.4    7.4  207.0   64.2  444.0
2018 341 12  7 0900  -28.1  621.4    7.8  200.0   65.0  444.0
2018 341 12  7 1200  -28.7  621.5    7.1  202.0   66.0  444.0
2018 341 12  7 1500  -30.4  621.6    4.7  207.0   66.0  444.0
2018 341 12  7 1800  -32.4  621.7    4.3  217.0   65.0  444.0
2018 341 12  7 2100  -34.5  622.0    3.3  230.0   60.1  444.0
2018 342 12  8 0000  -33.1  622.2    2.8  227.0   62.0  444.0
2018 342 12  8 0300  -31.5  622.2    4.4  201.0   63.0  444.0
2018 342 12  8 0600  -30.0  622.0    4.8  214.0   62.0  444.0
2018 342 12  8 0900  -29.1  622.1    5.1  218.0   61.9  444.0
2018 342 12  8 1200  -29.8  622.0    4.0  226.0   62.0  444.0
2018 342 12  8 1500  -32.1  622.2    4.1  230.0   62.0  444.0
2018 342 12  8 1800  -34.1  622.4    3.7  240.0   61.0  444.0
2018 342 12  8 2100  -34.8  622.6    3.5  248.0   61.1  444.0
2018 343 12  9 0000  -33.4  622.7    4.2  249.0   60.4  444.0
2018 343 12  9 0300  -31.8  622.6    5.5  243.0   65.0  444.0
2018 343 12  9 0600  -29.9  622.9    5.8  231.0   62.0  444.0
2018 343 12  9 0900  -28.7  623.0    5.7  227.0   63.3  444.0
2018 343 12  9 1200  -28.2  623.4    4.2  230.0   62.1  444.0
2018 343 12  9 1500  -30.4  623.8    4.3  227.0   63.0  444.0
2018 343 12  9 1800  -32.4  624.3    4.3  228.0   65.0  444.0
2018 343 12  9 2100  -33.1  624.8    4.5  233.0   63.0  444.0
2018 344 12 10 0000  -31.9  625.2    5.8  234.0   60.9  444.0
2018 344 12 10 0300  -29.7  625.5    6.4  227.0   63.0  444.0
2018 344 12 10 0600  -27.8  626.1    5.9  232.0   66.0  444.0
2018 344 12 10 0900  -26.5  626.7    5.6  227.0   62.0  444.0
2018 344 12 10 1200  -26.9  627.1    5.2  230.0   62.7  444.0
2018 344 12 10 1500  -29.3  627.5    5.0  226.0   63.0  444.0
2018 344 12 10 1800  -32.4  628.1    3.5  225.0   61.0  444.0
2018 344 12 10 2100  -30.8  628.9    4.1  204.0   67.0  444.0
2018 345 12 11 0000  -31.4  629.4    3.0  230.0   60.0  444.0
2018 345 12 11 0300  -30.7  629.7    4.7  224.0   61.5  444.0
2018 345 12 11 0600  -29.8  629.8    4.7  214.0   60.7  444.0
2018 345 12 11 0900  -29.2  629.8    4.1  237.0   60.0  444.0
2018 345 12 11 1200  -28.8  629.8    4.2  225.0   60.0  444.0
2018 345 12 11 1500  -30.1  629.9    4.9  220.0   64.0  444.0
2018 345 12 11 1800  -30.5  630.2    4.5  231.0   63.0  444.0
2018 345 12 11 2100  -30.5  630.1    6.5  224.0   66.0  444.0
2018 346 12 12 0000  -29.9  630.0    7.0  224.0   62.8  444.0
2018 346 12 12 0300  -29.0  629.8    7.1  236.0   62.0  444.0
2018 346 12 12 0600  -26.9  628.9    7.2  245.0   61.0  444.0
2018 346 12 12 0900  -24.1  627.8   10.3  225.0   66.2  444.0
2018 346 12 12 1200  -23.3  627.5    8.5  207.0   69.0  444.0
2018 346 12 12 1500  -23.9  626.6    8.6  217.0   70.0  444.0
2018 346 12 12 1800  -25.4  626.3    6.5  196.0   72.0  444.0
2018 346 12 12 2100  -24.7  626.5    4.4  171.0   68.6  444.0
2018 347 12 13 0000  -25.9  626.5    5.2  194.0   66.0  444.0
2018 347 12 13 0300  -25.0  626.1    6.1  180.0   64.0  444.0
2018 347 12 13 0600  -24.8  625.8    7.0  184.0   63.0  444.0
2018 347 12 13 0900  -25.0  625.6    6.7  174.0   65.0  444.0
2018 347 12 13 1200  -26.0  625.8    4.6  172.0   65.0  444.0
2018 347 12 13 1500  -28.5  626.4    3.1  181.0   67.2  444.0
2018 347 12 13 1800  -28.5  626.9    2.0  148.0   68.0  444.0
2018 347 12 13 2100  -31.9  627.3    3.6  267.0   64.0  444.0
2018 348 12 14 0000  -27.1  627.0    4.3  240.0   66.7  444.0
2018 348 12 14 0300  -25.8  625.6    7.0  248.0   68.0  444.0
2018 348 12 14 0600  -23.2  623.9    8.3  242.0   69.6  444.0
2018 348 12 14 0900  -21.9  623.0    8.1  213.0   71.0  444.0
2018 348 12 14 1200  -22.1  622.4    9.8  188.0   69.0  444.0
2018 348 12 14 1500  -24.2  623.1    6.1  187.0   67.0  444.0
2018 348 12 14 1800  -26.6  623.8    5.5  203.0   67.5  444.0
2018 348 12 14 2100  -26.0  624.0    4.0  210.0   65.0  444.0
2018 349 12 15 0000  -26.2  624.0    5.0  218.0   64.0  444.0
2018 349 12 15 0300  -25.0  623.8    7.4  197.0   66.0  444.0
2018 349 12 15 0600  -24.6  623.9    6.7  206.0   64.0  444.0
2018 349 12 15 0900  -24.1  623.9    7.9  208.0   67.3  444.0
2018 349 12 15 1200  -24.2  623.8    7.4  210.0   67.0  444.0
2018 349 12 15 1500  -24.8  624.0    6.6  213.0   67.0  444.0
2018 349 12 15 1800  -24.9  624.1    7.6  201.0   69.0  444.0
2018 349 12 15 2100  -23.3  624.0    9.0  192.0   71.5  444.0
2018 350 12 16 0000  -23.7  623.8   10.3  184.0   70.0  444.0
2018 350 12 16 0300  -24.1  624.1   10.2  175.0   65.0  444.0
2018 350 12 16 0600  -23.6  625.2    9.4  146.0   64.0  444.0
2018 350 12 16 0900  -23.8  626.3    7.1  141.0   59.0  444.0
2018 350 12 16 1200  -25.9  627.4    3.4  170.0   64.0  444.0
2018 350 12 16 1500  -26.5  628.0    4.3  162.0   65.0  444.0
2018 350 12 16 1800  -27.1  628.5    3.7  190.0   67.0  444.0
2018 350 12 16 2100  -28.2  629.1    3.1  215.0   63.0  444.0
2018 351 12 17 0000  -27.5  629.2    2.4  239.0   64.0  444.0
2018 351 12 17 0300  -26.3  629.1    3.6  194.0   65.0  444.0
2018 351 12 17 0600  444.0  629.6    0.6  197.0   65.0  444.0
2018 351 12 17 0900  -24.9  630.3    1.9  328.0   64.8  444.0
2018 351 12 17 1200  -25.8  630.5    1.8  315.0   63.0  444.0
2018 351 12 17 1500  -30.0  630.9    2.9  329.0   64.0  444.0
2018 351 12 17 1800  -32.4  631.1    3.9  301.0   62.0  444.0
2018 351 12 17 2100  -33.0  631.5    4.1  293.0   60.0  444.0
2018 352 12 18 0000  -31.6  632.0    4.5  286.0   59.0  444.0
2018 352 12 18 0300  -29.5  631.9    3.6  284.0   58.0  444.0
2018 352 12 18 0600  -28.1  632.2    3.4  284.0   58.0  444.0
2018 352 12 18 0900  -27.4  632.4    3.8  271.0   57.0  444.0
2018 352 12 18 1200  -27.9  632.6    2.1  261.0   55.8  444.0
2018 352 12 18 1500  -31.0  632.8    2.1  265.0   59.0  444.0
2018 352 12 18 1800  -32.9  633.4    2.1  237.0   59.0  444.0
2018 352 12 18 2100  -33.1  634.1    2.3  215.0   59.0  444.0
2018 353 12 19 0000  -31.2  634.9    3.4  194.0   61.0  444.0
2018 353 12 19 0300  -29.2  635.8    4.5  182.0   60.0  444.0
2018 353 12 19 0600  -27.4  636.8    5.6  165.0   55.0  444.0
2018 353 12 19 0900  -26.9  638.0    5.3  158.0   59.0  444.0
2018 353 12 19 1200  -27.6  639.4    3.4  165.0   60.7  444.0
2018 353 12 19 1500  -29.9  640.6    3.0  176.0   64.0  444.0
2018 353 12 19 1800  -32.1  642.0    2.2  197.0   62.0  444.0
2018 353 12 19 2100  -33.7  643.2    2.0  255.0   60.0  444.0
2018 354 12 20 0000  -31.9  643.8    2.9  251.0   61.1  444.0
2018 354 12 20 0300  -28.7  644.3    3.5  246.0   63.0  444.0
2018 354 12 20 0600  -27.0  644.5    4.8  233.0   61.0  444.0
2018 354 12 20 0900  -25.7  644.6    5.2  238.0   59.0  444.0
2018 354 12 20 1200  -25.4  644.8    4.3  250.0   61.0  444.0
2018 354 12 20 1500  -27.0  644.8    3.3  266.0   62.9  444.0
2018 354 12 20 1800  -29.9  644.9    3.5  266.0   64.0  444.0
2018 354 12 20 2100  -28.2  645.2    4.0  256.0   64.0  444.0
2018 355 12 21 0000  -28.9  645.0    5.0  265.0   63.0  444.0
2018 355 12 21 0300  -26.9  645.2    4.2  252.0   64.8  444.0
2018 355 12 21 0600  -24.8  645.1    3.9  241.0   53.0  444.0
2018 355 12 21 0900  -23.3  644.8    4.0  250.0   53.0  444.0
2018 355 12 21 1200  -22.3  644.3    2.8  266.0   48.0  444.0
2018 355 12 21 1500  -22.7  643.9    1.9  319.0   57.0  444.0
2018 355 12 21 1800  -22.7  643.5    2.2  304.0   63.0  444.0
2018 355 12 21 2100  -22.5  643.2    1.7  336.0   64.0  444.0
2018 356 12 22 0000  -22.1  642.9    4.3  324.0   65.0  444.0
2018 356 12 22 0300  -20.5  642.2    6.2  314.0   66.0  444.0
2018 356 12 22 0600  -18.4  641.7    5.3  286.0   68.0  444.0
2018 356 12 22 0900  -17.7  641.2    2.3  297.0   64.0  444.0
2018 356 12 22 1200  -18.4  640.4    5.6  308.0   66.0  444.0
2018 356 12 22 1500  -19.8  639.8    6.0  305.0   68.0  444.0
2018 356 12 22 1800  -20.5  639.0    7.9  299.0   67.0  444.0
2018 356 12 22 2100  -21.3  638.6    8.3  296.0   66.0  444.0
2018 357 12 23 0000  -20.6  638.1    7.3  282.0   66.0  444.0
2018 357 12 23 0300  -19.2  637.1    7.7  274.0   67.3  444.0
2018 357 12 23 0600  -18.7  636.7    7.8  264.0   68.0  444.0
2018 357 12 23 0900  -18.6  636.4    8.5  254.0   65.0  444.0
2018 357 12 23 1200  -19.6  636.2    7.5  257.0   65.0  444.0
2018 357 12 23 1500  -21.9  636.1    6.7  247.0   67.0  444.0
2018 357 12 23 1800  -24.5  636.3    5.6  250.0   65.0  444.0
2018 357 12 23 2100  -26.3  636.1    5.7  266.0   63.9  444.0
2018 358 12 24 0000  -24.9  635.6    5.3  261.0   62.0  444.0
2018 358 12 24 0300  -23.1  634.7    6.2  258.0   63.0  444.0
2018 358 12 24 0600  -20.2  633.7    6.4  258.0   64.6  444.0
2018 358 12 24 0900  -18.5  633.0    7.8  258.0   64.0  444.0
2018 358 12 24 1200  -18.8  631.8    7.6  269.0   67.0  444.0
2018 358 12 24 1500  -20.1  630.5    7.2  268.0   66.0  444.0
2018 358 12 24 1800  -22.0  629.7    7.5  257.0   66.0  444.0
2018 358 12 24 2100  -23.8  629.7    8.1  248.0   67.0  444.0
2018 359 12 25 0000  -22.4  629.5    9.1  245.0   67.0  444.0
2018 359 12 25 0300  -23.4  629.5    8.8  233.0   65.0  444.0
2018 359 12 25 0600  -22.8  629.7    8.1  221.0   62.0  444.0
2018 359 12 25 0900  -22.9  629.5    7.9  233.0   65.5  444.0
2018 359 12 25 1200  -23.3  629.0    5.7  244.0   64.0  444.0
2018 359 12 25 1500  -25.5  628.1    3.8  268.0   64.7  444.0
2018 359 12 25 1800  -27.6  627.3    3.1  279.0   64.0  444.0
2018 359 12 25 2100  -23.4  626.7    2.4  263.0   67.0  444.0
2018 360 12 26 0000  -22.6  626.4    4.7  206.0   63.0  444.0
2018 360 12 26 0300  -23.0  625.5    6.8  244.0   65.5  444.0
2018 360 12 26 0600  -23.4  625.4    8.3  225.0   63.0  444.0
2018 360 12 26 0900  -23.0  625.3    7.6  217.0   63.0  444.0
2018 360 12 26 1200  -23.4  625.4    5.4  222.0   64.7  444.0
2018 360 12 26 1500  -25.0  625.6    5.5  211.0   67.0  444.0
2018 360 12 26 1800  -25.3  626.1    6.6  220.0   68.0  444.0
2018 360 12 26 2100  -25.7  626.5    5.4  220.0   67.0  444.0
2018 361 12 27 0000  -25.3  626.5    5.5  218.0   65.0  444.0
2018 361 12 27 0300  -25.6  626.2    3.7  213.0   62.0  444.0
2018 361 12 27 0600  -24.6  625.9    5.8  226.0   61.0  444.0
2018 361 12 27 0900  -24.5  625.9    4.7  212.0   62.6  444.0
2018 361 12 27 1200  -24.4  625.6    3.4  212.0   65.0  444.0
2018 361 12 27 1500  -24.5  625.2    1.0  226.0   63.0  444.0
2018 361 12 27 1800  -28.9  624.5    2.5  314.0   63.0  444.0
2018 361 12 27 2100  -29.7  623.4    2.9  332.0   63.0  444.0
2018 362 12 28 0000  -24.5  622.3    4.6  274.0   63.1  444.0
2018 362 12 28 0300  -21.9  621.8    6.1  230.0   65.0  444.0
2018 362 12 28 0600  -22.7  622.0    9.9  218.0   63.9  444.0
2018 362 12 28 0900  -23.4  622.3    7.5  230.0   61.0  444.0
2018 362 12 28 1200  -24.9  622.3    8.3  224.0   64.3  444.0
2018 362 12 28 1500  -26.4  622.3    5.7  235.0   64.0  444.0
2018 362 12 28 1800  -28.9  622.4    4.8  244.0   63.0  444.0
2018 362 12 28 2100  -28.9  622.5    4.9  241.0   64.0  444.0
2018 363 12 29 0000  -27.2  622.2    3.8  250.0   59.6  444.0
2018 363 12 29 0300  -27.1  621.8    4.2  257.0   60.3  444.0
2018 363 12 29 0600  -26.1  621.3    4.4  263.0   61.0  444.0
2018 363 12 29 0900  -25.4  621.2    4.8  232.0   59.0  444.0
2018 363 12 29 1200  -25.8  621.5    5.4  207.0   62.2  444.0
2018 363 12 29 1500  -27.4  621.9    4.6  201.0   64.5  444.0
2018 363 12 29 1800  -29.9  622.5    3.9  231.0   61.0  444.0
2018 363 12 29 2100  -30.0  623.1    4.6  218.0   63.0  444.0
2018 364 12 30 0000  -30.3  623.4    5.1  229.0   60.0  444.0
2018 364 12 30 0300  -29.3  623.6    5.8  223.0   60.2  444.0
2018 364 12 30 0600  -28.7  623.7    5.6  209.0   58.4  444.0
2018 364 12 30 0900  -28.3  623.9    5.1  208.0   58.0  444.0
2018 364 12 30 1200  -28.4  624.0    3.2  215.0   59.0  444.0
2018 364 12 30 1500  -30.6  624.0    2.0  258.0   58.4  444.0
2018 364 12 30 1800  -33.6  624.0    2.5  280.0   60.6  444.0
2018 364 12 30 2100  -34.5  624.1    2.7  260.0   61.0  444.0
2018 365 12 31 0000  -32.6  624.2    3.1  247.0   59.0  444.0
2018 365 12 31 0300  -31.2  624.1    2.6  253.0   59.0  444.0
2018 365 12 31 0600  -29.7  624.1    3.0  222.0   58.0  444.0
2018 365 12 31 0900  -29.2  624.0    2.8  227.0   55.0  444.0
2018 365 12 31 1200  -28.8  624.1    1.5  234.0   51.0  444.0
2018 365 12 31 1500  -31.2  624.0    1.4  249.0   58.0  444.0
2018 365 12 31 1800  -35.4  623.7    1.9  306.0   61.1  444.0
2018 365 12 31 2100  -35.4  623.3    2.5  305.0   62.0  444.0
