Year: 2018  Month: 01  ID: BAL  ARGOS:  9116  Name: Baldrick            
Lat: 82.46S  Lon:  13.03W  Elev: 1968m
2018   1  1  1 0000  -16.1  766.2    8.5   76.0   74.1  444.0
2018   1  1  1 0300  -17.3  765.9    9.9   82.0   73.3  444.0
2018   1  1  1 0600  -17.6  766.3    9.7   78.0   73.1  444.0
2018   1  1  1 0900  -16.3  767.4    9.4   61.0   76.2  444.0
2018   1  1  1 1200  -16.6  768.4    8.9   49.0   71.0  444.0
2018   1  1  1 1500  -16.0  768.8    7.0   50.0   71.1  444.0
2018   1  1  1 1800  -15.8  769.1    5.3   45.0   71.3  444.0
2018   1  1  1 2100  -16.1  769.9    5.1   61.0   71.3  444.0
2018   2  1  2 0000  -16.5  770.0    4.9   59.0   70.4  444.0
2018   2  1  2 0300  -16.7  769.8    4.6   45.0   71.2  444.0
2018   2  1  2 0600  -15.7  769.5    3.4   70.0   69.9  444.0
2018   2  1  2 0900  -16.2  769.2    4.3   90.0   68.8  444.0
2018   2  1  2 1200  -15.9  769.2    5.5   72.0   70.4  444.0
2018   2  1  2 1500  -15.2  768.9    5.9   75.0   72.8  444.0
2018   2  1  2 1800  -15.2  768.7    6.1   70.0   73.2  444.0
2018   2  1  2 2100  -16.5  768.9    5.4   72.0   74.7  444.0
2018   3  1  3 0000  -18.2  768.7    5.5   80.0   74.2  444.0
2018   3  1  3 0300  -19.5  767.9    6.7   81.0   73.1  444.0
2018   3  1  3 0600  -19.5  767.1    7.1   78.0   71.8  444.0
2018   3  1  3 0900  -17.6  765.8    7.6   96.0   67.8  444.0
2018   3  1  3 1200  -16.5  763.1    9.3   97.0   63.1  444.0
2018   3  1  3 1500  -16.0  760.2    9.5   96.0   65.7  444.0
2018   3  1  3 1800  -15.7  757.9    8.7   92.0   69.5  444.0
2018   3  1  3 2100  -16.6  756.2    8.4   90.0   69.8  444.0
2018   4  1  4 0000  -18.6  755.8    7.9   73.0   69.5  444.0
2018   4  1  4 0300  -20.0  756.6    8.1   57.0   71.3  444.0
2018   4  1  4 0600  -20.3  758.9    7.9   60.0   68.4  444.0
2018   4  1  4 0900  -19.2  761.2    8.2   62.0   66.9  444.0
2018   4  1  4 1200  -18.0  762.8    8.4   63.0   67.5  444.0
2018   4  1  4 1500  -16.8  764.6    8.6   53.0   72.1  444.0
2018   4  1  4 1800  -16.4  766.0    7.7   51.0   72.3  444.0
2018   4  1  4 2100  -17.3  767.3    5.1   77.0   71.4  444.0
2018   5  1  5 0000  -19.0  767.5    3.7   78.0   70.2  444.0
2018   5  1  5 0300  -19.2  767.2    4.8   79.0   70.2  444.0
2018   5  1  5 0600  -17.3  767.3    8.1   64.0   72.0  444.0
2018   5  1  5 0900  -16.2  767.7    8.9   68.0   72.1  444.0
2018   5  1  5 1200  -14.4  767.9    8.2   73.0   71.5  444.0
2018   5  1  5 1500  -13.0  768.0    7.7   73.0   70.3  444.0
2018   5  1  5 1800  -13.1  767.6    7.0   78.0   72.9  444.0
2018   5  1  5 2100  -14.2  767.1    5.7   86.0   71.4  444.0
2018   6  1  6 0000  -15.8  766.1    6.8   90.0   69.2  444.0
2018   6  1  6 0300  -17.8  765.0    5.8   97.0   68.9  444.0
2018   6  1  6 0600  -17.8  763.8    6.8   92.0   67.5  444.0
2018   6  1  6 0900  -16.9  763.0    8.4   82.0   66.7  444.0
2018   6  1  6 1200  -15.0  762.8    7.7   75.0   68.3  444.0
2018   6  1  6 1500  -13.8  762.2    7.7   76.0   69.6  444.0
2018   6  1  6 1800  -14.0  762.1    7.4   78.0   72.1  444.0
2018   6  1  6 2100  -14.7  762.8    6.8   73.0   74.8  444.0
2018   7  1  7 0000  -15.8  764.2    4.4   58.0   74.8  444.0
2018   7  1  7 0300  -17.3  765.7    4.3   34.0   76.5  444.0
2018   7  1  7 0600  -18.6  768.4    5.7   21.0   79.0  444.0
2018   7  1  7 0900  -17.4  771.5    6.3   24.0   77.7  444.0
2018   7  1  7 1200  -15.3  774.1    5.3    1.0   79.1  444.0
2018   7  1  7 1500  -14.7  775.5    6.9   33.0   75.3  444.0
2018   7  1  7 1800  -14.6  776.9    6.9   35.0   74.4  444.0
2018   7  1  7 2100  -14.0  778.0    6.4   44.0   65.4  444.0
2018   8  1  8 0000  -16.4  778.8    1.9   57.0   71.5  444.0
2018   8  1  8 0300  -18.4  779.1    1.6   68.0   72.7  444.0
2018   8  1  8 0600  -17.3  779.5    0.8    8.0   81.5  444.0
2018   8  1  8 0900  -15.6  779.0    1.4  155.0   81.4  444.0
2018   8  1  8 1200  -14.4  778.3    3.9   83.0   73.4  444.0
2018   8  1  8 1500  -15.3  777.3    4.8   71.0   74.1  444.0
2018   8  1  8 1800  -15.1  776.5    4.9   81.0   74.8  444.0
2018   8  1  8 2100  -16.4  775.5    5.7   81.0   74.2  444.0
2018   9  1  9 0000  -17.9  774.4    6.0   83.0   73.8  444.0
2018   9  1  9 0300  -19.0  772.7    6.4   94.0   68.9  444.0
2018   9  1  9 0600  -18.9  771.1    6.8   96.0   68.0  444.0
2018   9  1  9 0900  -18.1  769.4    8.1   85.0   69.4  444.0
2018   9  1  9 1200  -16.1  768.4    7.9   80.0   69.7  444.0
2018   9  1  9 1500  -14.9  767.6    8.1   77.0   68.5  444.0
2018   9  1  9 1800  -14.9  767.0    7.2   71.0   71.8  444.0
2018   9  1  9 2100  -16.2  767.1    4.9   60.0   74.3  444.0
2018  10  1 10 0000  -18.4  767.4    4.1   52.0   79.4  444.0
2018  10  1 10 0300  -17.0  767.3    2.6   43.0   80.1  444.0
2018  10  1 10 0600  -17.0  767.4    0.7   43.0   80.6  444.0
2018  10  1 10 0900  -16.0  767.2    5.0   46.0   77.3  444.0
2018  10  1 10 1200  -16.2  766.8    6.6   69.0   72.1  444.0
2018  10  1 10 1500  -16.1  766.0    6.9   80.0   72.9  444.0
2018  10  1 10 1800  -15.4  765.5    7.8   77.0   73.7  444.0
2018  10  1 10 2100  -15.3  765.4    7.4   68.0   75.2  444.0
2018  11  1 11 0000  -15.9  766.3    3.1   65.0   75.3  444.0
2018  11  1 11 0300  -16.1  767.2    4.4   43.0   77.7  444.0
2018  11  1 11 0600  -14.6  768.4    3.3   41.0   75.3  444.0
2018  11  1 11 0900  -14.0  769.3    3.2   64.0   75.1  444.0
2018  11  1 11 1200  -13.1  769.8    3.2   81.0   73.2  444.0
2018  11  1 11 1500  -13.3  769.7    5.7   65.0   79.3  444.0
2018  11  1 11 1800  -14.0  769.7    6.1   65.0   77.8  444.0
2018  11  1 11 2100  -13.1  770.2    6.5   48.0   81.2  444.0
2018  12  1 12 0000  -13.6  771.1    4.5   41.0   81.7  444.0
2018  12  1 12 0300  -13.9  771.2    3.7   54.0   81.0  444.0
2018  12  1 12 0600  -14.1  771.3    5.0   58.0   80.7  444.0
2018  12  1 12 0900  -13.0  771.5    6.0   60.0   78.9  444.0
2018  12  1 12 1200  -12.5  771.2    5.8   61.0   76.9  444.0
2018  12  1 12 1500  -12.0  771.1    5.1   37.0   78.0  444.0
2018  12  1 12 1800  -11.4  770.7    3.9   21.0   78.4  444.0
2018  12  1 12 2100  -12.2  770.9    3.7  352.0   79.4  444.0
2018  13  1 13 0000  -14.4  771.1    6.0  307.0   83.0  444.0
2018  13  1 13 0300  -14.9  771.3    4.6  338.0   78.3  444.0
2018  13  1 13 0600  -15.1  771.4    4.6  320.0   81.1  444.0
2018  13  1 13 0900  -14.3  771.7    3.1  281.0   82.6  444.0
2018  13  1 13 1200  444.0  772.1    0.6  282.0   74.1  444.0
2018  13  1 13 1500  -13.2  770.5    1.2  144.0   81.5  444.0
2018  13  1 13 1800  -15.7  769.7    2.0  140.0   75.6  444.0
2018  13  1 13 2100  -17.1  768.4    2.5  122.0   71.8  444.0
2018  14  1 14 0000  -19.9  766.8    3.0  108.0   69.8  444.0
2018  14  1 14 0300  -19.0  764.4    4.2  109.0   69.7  444.0
2018  14  1 14 0600  -17.8  762.3    4.4   96.0   69.7  444.0
2018  14  1 14 0900  -17.1  760.1    6.8   90.0   72.1  444.0
2018  14  1 14 1200  -17.0  758.4    7.9   71.0   73.4  444.0
2018  14  1 14 1500  -16.3  756.8    8.8   63.0   74.6  444.0
2018  14  1 14 1800  -15.8  755.9    8.6   53.0   75.8  444.0
2018  14  1 14 2100  -16.1  755.6    7.9   55.0   74.2  444.0
2018  15  1 15 0000  -17.6  755.4    8.3   52.0   71.5  444.0
2018  15  1 15 0300  -19.6  755.4    7.5   71.0   70.6  444.0
2018  15  1 15 0600  -19.7  754.9    8.9   76.0   69.8  444.0
2018  15  1 15 0900  -18.8  754.8    9.5   77.0   69.9  444.0
2018  15  1 15 1200  -17.1  755.2    9.2   74.0   69.7  444.0
2018  15  1 15 1500  -16.0  755.2   10.2   70.0   71.8  444.0
2018  15  1 15 1800  -16.0  756.3    8.9   64.0   72.9  444.0
2018  15  1 15 2100  -17.2  757.4    8.3   63.0   74.0  444.0
2018  16  1 16 0000  -18.9  758.6    5.8   72.0   73.8  444.0
2018  16  1 16 0300  -20.3  759.6    3.8   56.0   73.5  444.0
2018  16  1 16 0600  -20.3  760.5    4.7   64.0   74.4  444.0
2018  16  1 16 0900  -19.3  761.4    4.8   61.0   76.0  444.0
2018  16  1 16 1200  -17.8  762.1    4.2   51.0   72.8  444.0
2018  16  1 16 1500  -16.8  762.0    3.7   49.0   72.4  444.0
2018  16  1 16 1800  -16.0  762.5    0.9  106.0   67.3  444.0
2018  16  1 16 2100  -18.2  762.0    1.6   71.0   69.6  444.0
2018  17  1 17 0000  -20.8  761.4    2.4   80.0   71.7  444.0
2018  17  1 17 0300  -22.5  760.5    2.7   74.0   69.1  444.0
2018  17  1 17 0600  -22.3  759.6    3.0   74.0   68.0  444.0
2018  17  1 17 0900  -20.7  759.1    3.3   72.0   68.9  444.0
2018  17  1 17 1200  -18.9  758.6    3.2   66.0   68.3  444.0
2018  17  1 17 1500  -18.3  757.5    3.7   73.0   68.8  444.0
2018  17  1 17 1800  -18.5  757.0    3.2   72.0   70.6  444.0
2018  17  1 17 2100  -20.1  756.7    2.4   73.0   70.3  444.0
2018  18  1 18 0000  -22.1  756.1    2.1   91.0   68.5  444.0
2018  18  1 18 0300  -23.6  755.6    2.3   85.0   68.7  444.0
2018  18  1 18 0600  -22.8  755.5    2.1   39.0   69.2  444.0
2018  18  1 18 0900  -20.9  755.8    3.6  341.0   70.7  444.0
2018  18  1 18 1200  -19.5  756.8    4.1  333.0   78.0  444.0
2018  18  1 18 1500  -18.0  757.9    5.4  309.0   77.4  444.0
2018  18  1 18 1800  -17.6  759.9    5.3  319.0   77.4  444.0
2018  18  1 18 2100  -17.8  761.9    3.6  345.0   78.9  444.0
2018  19  1 19 0000  -19.2  763.3    4.7  351.0   78.6  444.0
2018  19  1 19 0300  -20.3  764.1    4.3  350.0   76.5  444.0
2018  19  1 19 0600  -19.3  765.1    2.3   13.0   77.9  444.0
2018  19  1 19 0900  -20.2  765.7    4.1   41.0   74.1  444.0
2018  19  1 19 1200  -18.4  765.5    3.8   63.0   74.8  444.0
2018  19  1 19 1500  -18.4  765.3    4.1   65.0   74.6  444.0
2018  19  1 19 1800  -19.0  765.0    3.7   82.0   74.1  444.0
2018  19  1 19 2100  -22.2  764.3    2.8   93.0   71.1  444.0
2018  20  1 20 0000  -24.1  763.7    3.0   99.0   70.3  444.0
2018  20  1 20 0300  -25.1  762.4    1.8   96.0   66.7  444.0
2018  20  1 20 0600  -24.9  761.2    3.8   96.0   62.2  444.0
2018  20  1 20 0900  -24.0  760.1    4.0  118.0   65.0  444.0
2018  20  1 20 1200  -21.6  758.6    2.0   77.0   57.5  444.0
2018  20  1 20 1500  -21.2  757.9    3.0   90.0   59.9  444.0
2018  20  1 20 1800  -21.8  757.2    3.9   85.0   63.7  444.0
2018  20  1 20 2100  -23.7  757.2    4.0   83.0   65.4  444.0
2018  21  1 21 0000  -26.4  757.4    4.2   75.0   66.4  444.0
2018  21  1 21 0300  -27.3  757.9    5.0   63.0   67.0  444.0
2018  21  1 21 0600  -26.2  758.7    5.5   58.0   67.8  444.0
2018  21  1 21 0900  -24.5  760.0    6.3   53.0   68.5  444.0
2018  21  1 21 1200  -22.7  761.5    5.9   61.0   67.3  444.0
2018  21  1 21 1500  -22.9  762.6    6.6   57.0   69.0  444.0
2018  21  1 21 1800  -21.4  763.6    4.0   75.0   70.1  444.0
2018  21  1 21 2100  -21.9  764.1    4.0   77.0   70.9  444.0
2018  22  1 22 0000  -24.8  764.3    3.3  107.0   69.4  444.0
2018  22  1 22 0300  -24.8  764.0    4.5  104.0   68.9  444.0
2018  22  1 22 0600  -22.8  763.4    5.5   94.0   65.9  444.0
2018  22  1 22 0900  -21.0  762.9    4.6  103.0   66.9  444.0
2018  22  1 22 1200  -19.7  762.3    6.3   83.0   69.8  444.0
2018  22  1 22 1500  -17.8  761.9    8.1   65.0   70.9  444.0
2018  22  1 22 1800  -17.9  762.1    9.2   63.0   74.4  444.0
2018  22  1 22 2100  -18.3  762.8    7.2   65.0   74.4  444.0
2018  23  1 23 0000  -19.1  763.3    7.2   62.0   74.6  444.0
2018  23  1 23 0300  -19.8  763.2    7.5   62.0   74.1  444.0
2018  23  1 23 0600  -20.0  763.9    6.1   48.0   74.6  444.0
2018  23  1 23 0900  -19.6  764.2    7.1   44.0   74.8  444.0
2018  23  1 23 1200  -18.8  764.6    6.1   38.0   73.7  444.0
2018  23  1 23 1500  -18.5  764.9    5.0   33.0   73.1  444.0
2018  23  1 23 1800  -16.9  765.3    2.3   15.0   75.0  444.0
2018  23  1 23 2100  -19.8  765.7    2.7   83.0   72.1  444.0
2018  24  1 24 0000  -21.7  766.2    3.9   58.0   73.4  444.0
2018  24  1 24 0300  -20.2  766.0    5.4   47.0   76.8  444.0
2018  24  1 24 0600  -22.8  766.4    4.9   75.0   71.8  444.0
2018  24  1 24 0900  -20.4  766.9    6.1   63.0   73.5  444.0
2018  24  1 24 1200  -19.4  767.4    5.9   58.0   73.3  444.0
2018  24  1 24 1500  -17.9  767.8    5.0   51.0   75.4  444.0
2018  24  1 24 1800  -18.3  768.1    4.4   37.0   73.9  444.0
2018  24  1 24 2100  -17.9  768.9    4.8   42.0   76.7  444.0
2018  25  1 25 0000  -19.0  769.4    3.4    2.0   74.7  444.0
2018  25  1 25 0300  -19.4  769.5    2.3   40.0   65.8  444.0
2018  25  1 25 0600  -21.5  769.4    5.1   82.0   68.7  444.0
2018  25  1 25 0900  -20.8  769.3    6.3   75.0   65.6  444.0
2018  25  1 25 1200  -22.1  769.2    7.5   51.0   65.4  444.0
2018  25  1 25 1500  -21.3  768.8    6.3   63.0   71.0  444.0
2018  25  1 25 1800  -20.9  768.4    5.5   64.0   73.1  444.0
2018  25  1 25 2100  -22.7  768.0    3.7   69.0   70.6  444.0
2018  26  1 26 0000  -22.3  767.6    3.0   61.0   71.2  444.0
2018  26  1 26 0300  -21.3  766.8    3.1   61.0   73.9  444.0
2018  26  1 26 0600  -21.2  766.6    5.3   51.0   74.6  444.0
2018  26  1 26 0900  -20.8  766.7    6.2   63.0   73.1  444.0
2018  26  1 26 1200  -20.4  767.1    5.1   75.0   70.2  444.0
2018  26  1 26 1500  -21.3  767.2    5.3   89.0   68.4  444.0
2018  26  1 26 1800  -20.9  767.5    2.8   73.0   68.8  444.0
2018  26  1 26 2100  -21.1  768.1    3.0   57.0   70.3  444.0
2018  27  1 27 0000  -21.0  768.8    6.0   48.0   74.6  444.0
2018  27  1 27 0300  -22.1  769.5    7.1   63.0   71.3  444.0
2018  27  1 27 0600  -24.9  770.4    7.1   73.0   65.4  444.0
2018  27  1 27 0900  -24.8  771.0    7.9   76.0   64.7  444.0
2018  27  1 27 1200  -23.5  771.8    8.6   76.0   65.1  444.0
2018  27  1 27 1500  -22.4  772.1    7.4   81.0   64.9  444.0
2018  27  1 27 1800  -22.6  772.6    6.3   81.0   65.9  444.0
2018  27  1 27 2100  -23.8  772.6    5.8   79.0   66.4  444.0
2018  28  1 28 0000  -26.0  772.6    5.1   84.0   64.9  444.0
2018  28  1 28 0300  -27.2  771.9    5.3   82.0   64.2  444.0
2018  28  1 28 0600  -27.0  771.0    6.6   86.0   63.2  444.0
2018  28  1 28 0900  -26.0  770.2    7.5   89.0   63.4  444.0
2018  28  1 28 1200  -24.3  769.3    7.3   87.0   63.4  444.0
2018  28  1 28 1500  -23.5  768.1    7.9   81.0   64.6  444.0
2018  28  1 28 1800  -23.5  767.3    6.8   85.0   65.2  444.0
2018  28  1 28 2100  -24.7  766.2    7.9   89.0   64.8  444.0
2018  29  1 29 0000  -26.3  765.5    7.4   86.0   63.7  444.0
2018  29  1 29 0300  -27.6  764.5    6.5   92.0   62.7  444.0
2018  29  1 29 0600  -27.6  763.7    7.8   87.0   63.1  444.0
2018  29  1 29 0900  -26.4  763.3    8.3   82.0   64.5  444.0
2018  29  1 29 1200  -25.1  763.2    7.8   80.0   63.5  444.0
2018  29  1 29 1500  -23.6  762.8    6.5   72.0   64.2  444.0
2018  29  1 29 1800  -23.3  762.9    6.0   74.0   65.3  444.0
2018  29  1 29 2100  -24.3  763.3    5.9   68.0   66.7  444.0
2018  30  1 30 0000  -26.0  763.6    5.3   74.0   66.4  444.0
2018  30  1 30 0300  -27.3  764.1    5.0   76.0   64.9  444.0
2018  30  1 30 0600  -26.7  764.7    5.5   75.0   64.0  444.0
2018  30  1 30 0900  -24.8  765.4    5.0   73.0   63.7  444.0
2018  30  1 30 1200  -23.3  766.3    5.3   58.0   64.5  444.0
2018  30  1 30 1500  -22.0  766.6    5.2   52.0   65.0  444.0
2018  30  1 30 1800  -22.2  767.2    4.9   53.0   67.4  444.0
2018  30  1 30 2100  -23.3  767.7    4.0   46.0   68.8  444.0
2018  31  1 31 0000  -25.1  767.8    3.5   49.0   69.7  444.0
2018  31  1 31 0300  -26.2  767.7    3.4   59.0   68.8  444.0
2018  31  1 31 0600  -26.5  767.9    3.7   46.0   69.1  444.0
2018  31  1 31 0900  -21.1  768.5    1.7   43.0   76.8  444.0
2018  31  1 31 1200  -19.6  768.5    3.2  352.0   77.3  444.0
2018  31  1 31 1500  -19.2  768.7    3.6  343.0   76.9  444.0
2018  31  1 31 1800  -19.5  769.2    3.7  333.0   76.9  444.0
2018  31  1 31 2100  -20.9  769.7    3.1  349.0   74.5  444.0
