Year: 2018  Month: 11  ID: BAL  ARGOS:  9116  Name: Baldrick            
Lat: 82.46S  Lon:  13.03W  Elev: 1968m
2018 305 11  1 0000  -36.3  757.5    4.6   55.0   60.1  444.0
2018 305 11  1 0300  -38.6  757.7    5.1   62.0   57.1  444.0
2018 305 11  1 0600  -38.3  758.2    4.7   71.0   57.5  444.0
2018 305 11  1 0900  -35.1  758.4    5.6   59.0   61.2  444.0
2018 305 11  1 1200  -33.3  758.3    5.7   53.0   63.1  444.0
2018 305 11  1 1500  -33.1  758.0    4.9   64.0   63.5  444.0
2018 305 11  1 1800  -35.1  757.5    4.4   78.0   61.3  444.0
2018 305 11  1 2100  -37.0  757.1    5.3   80.0   59.2  444.0
2018 306 11  2 0000  -39.3  756.3    5.9   80.0   56.7  444.0
2018 306 11  2 0300  -41.1  755.6    5.7   88.0   54.5  444.0
2018 306 11  2 0600  -40.8  755.2    6.2   84.0   54.7  444.0
2018 306 11  2 0900  -38.4  754.7    5.8   85.0   57.4  444.0
2018 306 11  2 1200  -36.7  754.5    5.3   78.0   59.3  444.0
2018 306 11  2 1500  -35.3  754.4    5.4   74.0   60.9  444.0
2018 306 11  2 1800  -36.2  754.9    5.8   80.0   59.9  444.0
2018 306 11  2 2100  -38.3  755.4    5.0   81.0   57.7  444.0
2018 307 11  3 0000  -40.3  755.5    5.4   88.0   55.3  444.0
2018 307 11  3 0300  -41.1  755.6    5.3   82.0   54.1  444.0
2018 307 11  3 0600  -39.2  756.0    5.7   75.0   56.2  444.0
2018 307 11  3 0900  -37.1  755.8    5.9   79.0   58.7  444.0
2018 307 11  3 1200  -34.9  755.8    5.8   72.0   61.2  444.0
2018 307 11  3 1500  -32.1  755.3    4.8   62.0   64.4  444.0
2018 307 11  3 1800  -31.3  755.0    5.8   70.0   65.5  444.0
2018 307 11  3 2100  -32.9  755.0    5.6   70.0   63.9  444.0
2018 308 11  4 0000  -35.2  755.0    4.3   72.0   61.4  444.0
2018 308 11  4 0300  -34.6  754.9    4.0   70.0   62.0  444.0
2018 308 11  4 0600  -34.2  755.5    3.6   72.0   62.5  444.0
2018 308 11  4 0900  -33.5  756.3    3.4   73.0   63.1  444.0
2018 308 11  4 1200  -30.9  757.4    2.5   40.0   66.0  444.0
2018 308 11  4 1500  -31.8  758.4    1.5   45.0   65.0  444.0
2018 308 11  4 1800  -30.5  759.8    2.5   23.0   66.5  444.0
2018 308 11  4 2100  -31.0  760.9    4.6   34.0   66.1  444.0
2018 309 11  5 0000  -27.9  762.0    4.1  302.0   69.4  444.0
2018 309 11  5 0300  -29.6  763.2    1.5  265.0   67.7  444.0
2018 309 11  5 0600  -30.4  764.4    2.7  262.0   66.7  444.0
2018 309 11  5 0900  -29.9  766.0    2.2  258.0   67.6  444.0
2018 309 11  5 1200  -30.6  767.1    1.6  274.0   67.0  444.0
2018 309 11  5 1500  -33.5  767.8    1.0  252.0   66.6  444.0
2018 309 11  5 1800  -37.3  768.6    4.2  100.0   60.2  444.0
2018 309 11  5 2100  -39.6  769.3    5.7   88.0   57.0  444.0
2018 310 11  6 0000  -40.6  769.2    6.0   86.0   55.7  444.0
2018 310 11  6 0300  -40.2  769.2    6.6   82.0   55.9  444.0
2018 310 11  6 0600  -38.3  768.6    8.5   84.0   58.0  444.0
2018 310 11  6 0900  -35.6  768.3    9.5   79.0   60.9  444.0
2018 310 11  6 1200  -34.0  767.8   10.7   85.0   62.8  444.0
2018 310 11  6 1500  -33.6  767.2   11.0   86.0   63.3  444.0
2018 310 11  6 1800  -33.2  766.4   12.2   85.0   63.7  444.0
2018 310 11  6 2100  -33.4  765.9   13.3   85.0   63.5  444.0
2018 311 11  7 0000  -34.7  765.4   11.6   87.0   62.0  444.0
2018 311 11  7 0300  -33.8  765.0   12.9   86.0   62.9  444.0
2018 311 11  7 0600  -33.5  765.0   12.2   86.0   63.3  444.0
2018 311 11  7 0900  -32.3  765.0   11.6   82.0   64.6  444.0
2018 311 11  7 1200  -30.5  764.9   12.0   84.0   66.5  444.0
2018 311 11  7 1500  -29.6  765.2   10.4   78.0   67.6  444.0
2018 311 11  7 1800  -29.1  765.2   11.1   81.0   68.2  444.0
2018 311 11  7 2100  -28.6  765.5   10.6   82.0   68.8  444.0
2018 312 11  8 0000  -28.8  765.6    8.3   85.0   68.6  444.0
2018 312 11  8 0300  -29.7  765.4    9.0   80.0   67.4  444.0
2018 312 11  8 0600  -28.7  765.5    8.5   80.0   68.6  444.0
2018 312 11  8 0900  -27.3  765.6    8.4   78.0   70.0  444.0
2018 312 11  8 1200  -26.3  765.8    7.9   79.0   71.0  444.0
2018 312 11  8 1500  -25.2  765.8    6.9   75.0   72.2  444.0
2018 312 11  8 1800  -23.1  765.8    6.6   74.0   74.6  444.0
2018 312 11  8 2100  -25.1  766.0    5.4   84.0   72.5  444.0
2018 313 11  9 0000  -28.4  766.0    5.6   86.0   69.3  444.0
2018 313 11  9 0300  -29.6  765.2    6.0   99.0   68.0  444.0
2018 313 11  9 0600  -28.8  765.0    7.2   93.0   68.8  444.0
2018 313 11  9 0900  -26.2  765.1    8.0  102.0   71.5  444.0
2018 313 11  9 1200  -26.8  764.6    9.2  107.0   71.1  444.0
2018 313 11  9 1500  -27.3  764.2    9.5   96.0   70.5  444.0
2018 313 11  9 1800  -28.2  764.2   10.2  106.0   69.1  444.0
2018 313 11  9 2100  -30.7  764.0   10.9   99.0   66.5  444.0
2018 314 11 10 0000  -32.3  763.8   10.0  101.0   64.7  444.0
2018 314 11 10 0300  -33.2  762.8    7.9   98.0   63.8  444.0
2018 314 11 10 0600  -33.2  761.8   10.9   98.0   63.4  444.0
2018 314 11 10 0900  -31.5  760.4   12.7  105.0   65.3  444.0
2018 314 11 10 1200  -29.9  759.4   12.7   97.0   66.9  444.0
2018 314 11 10 1500  -28.9  758.1   13.3  104.0   68.1  444.0
2018 314 11 10 1800  -29.6  757.8   11.4  103.0   67.2  444.0
2018 314 11 10 2100  -31.2  756.6   11.6   99.0   65.4  444.0
2018 315 11 11 0000  -32.6  755.6   10.1   99.0   63.8  444.0
2018 315 11 11 0300  -33.3  754.4    9.6   94.0   62.5  444.0
2018 315 11 11 0600  -32.9  753.4   10.3   92.0   62.6  444.0
2018 315 11 11 0900  -31.3  752.2   11.4   99.0   64.3  444.0
2018 315 11 11 1200  -29.8  751.2    9.9   95.0   65.3  444.0
2018 315 11 11 1500  -29.0  750.4    9.2   91.0   65.1  444.0
2018 315 11 11 1800  -29.8  749.8    9.6   98.0   64.7  444.0
2018 315 11 11 2100  -31.8  749.3    8.6   93.0   61.6  444.0
2018 316 11 12 0000  -33.8  748.9    7.7   93.0   58.7  444.0
2018 316 11 12 0300  -35.0  748.6    7.5   90.0   57.0  444.0
2018 316 11 12 0600  -34.7  748.7    7.7   88.0   56.1  444.0
2018 316 11 12 0900  -33.4  748.9    7.9   88.0   56.4  444.0
2018 316 11 12 1200  -32.2  749.1    8.3   88.0   57.0  444.0
2018 316 11 12 1500  -32.0  750.0    7.6   73.0   57.2  444.0
2018 316 11 12 1800  -32.2  751.0    5.1   76.0   61.1  444.0
2018 316 11 12 2100  -34.4  751.5    4.1   74.0   61.9  444.0
2018 317 11 13 0000  -30.5  752.5    1.2   75.0   66.4  444.0
2018 317 11 13 0300  -27.2  752.5    0.6   33.0   69.1  444.0
2018 317 11 13 0600  -26.6  752.8    3.6  299.0   70.2  444.0
2018 317 11 13 0900  -27.2  753.1    1.9  170.0   69.6  444.0
2018 317 11 13 1200  -27.1  753.3    2.4  136.0   69.6  444.0
2018 317 11 13 1500  -27.0  753.6    2.2  139.0   69.9  444.0
2018 317 11 13 1800  -26.6  753.3    1.5  178.0   70.6  444.0
2018 317 11 13 2100  -26.8  753.4    0.2  130.0   70.4  444.0
2018 318 11 14 0000  -29.3  753.0    2.7  105.0   67.7  444.0
2018 318 11 14 0300  -30.1  752.8    1.9  104.0   67.1  444.0
2018 318 11 14 0600  -33.8  752.6    2.6   91.0   62.3  444.0
2018 318 11 14 0900  -36.0  752.1    3.3   88.0   58.5  444.0
2018 318 11 14 1200  -35.1  752.1    3.4   85.0   58.9  444.0
2018 318 11 14 1500  -33.1  751.6    4.8   92.0   60.6  444.0
2018 318 11 14 1800  -32.8  751.7    5.9   96.0   60.4  444.0
2018 318 11 14 2100  -34.6  751.9    5.0   97.0   57.6  444.0
2018 319 11 15 0000  -36.8  751.8    4.3   89.0   54.5  444.0
2018 319 11 15 0300  -38.1  751.7    4.8   92.0   54.1  444.0
2018 319 11 15 0600  -37.7  751.7    5.9   93.0   53.2  444.0
2018 319 11 15 0900  -35.6  752.2    5.5   86.0   54.1  444.0
2018 319 11 15 1200  -33.9  752.6    5.8   86.0   54.6  444.0
2018 319 11 15 1500  -33.0  753.3    5.3   80.0   55.2  444.0
2018 319 11 15 1800  -33.4  754.5    5.3   83.0   55.9  444.0
2018 319 11 15 2100  -35.5  755.5    4.4   77.0   54.1  444.0
2018 320 11 16 0000  -37.9  756.6    5.0   85.0   52.0  444.0
2018 320 11 16 0300  -38.6  757.6    4.5   81.0   51.1  444.0
2018 320 11 16 0600  -37.3  758.7    4.9   79.0   54.2  444.0
2018 320 11 16 0900  -34.6  760.2    4.8   41.0   60.0  444.0
2018 320 11 16 1200  -31.2  761.6    4.3   49.0   63.8  444.0
2018 320 11 16 1500  -30.3  762.5    3.6   73.0   65.3  444.0
2018 320 11 16 1800  -29.8  763.6    4.0   66.0   66.2  444.0
2018 320 11 16 2100  -32.6  764.7    4.6   74.0   63.1  444.0
2018 321 11 17 0000  -36.0  765.1    6.3   81.0   59.8  444.0
2018 321 11 17 0300  -36.4  765.3    6.4   86.0   58.9  444.0
2018 321 11 17 0600  -34.9  765.4    7.6   81.0   61.0  444.0
2018 321 11 17 0900  -30.6  765.4    8.2   86.0   65.8  444.0
2018 321 11 17 1200  -28.4  764.6    9.7   91.0   67.9  444.0
2018 321 11 17 1500  -28.3  764.0   10.4   87.0   67.9  444.0
2018 321 11 17 1800  -28.8  762.8   10.8   90.0   67.6  444.0
2018 321 11 17 2100  -30.7  760.9   12.7   92.0   65.9  444.0
2018 322 11 18 0000  -31.7  759.2   12.0   92.0   64.8  444.0
2018 322 11 18 0300  -31.4  757.3   12.3   88.0   64.6  444.0
2018 322 11 18 0600  -30.0  755.4   12.6   84.0   66.3  444.0
2018 322 11 18 0900  -27.5  754.8   10.8   76.0   68.6  444.0
2018 322 11 18 1200  -24.9  753.7   10.2   71.0   70.9  444.0
2018 322 11 18 1500  -22.8  753.5    7.4   64.0   72.0  444.0
2018 322 11 18 1800  -22.1  753.5    5.9   48.0   73.1  444.0
2018 322 11 18 2100  -22.0  753.9    5.5   39.0   73.8  444.0
2018 323 11 19 0000  -22.9  754.4    3.9   54.0   73.9  444.0
2018 323 11 19 0300  -23.3  754.7    4.7   45.0   73.7  444.0
2018 323 11 19 0600  -22.7  755.2    4.3   51.0   73.3  444.0
2018 323 11 19 0900  -20.6  755.8    3.9   55.0   74.7  444.0
2018 323 11 19 1200  -19.2  756.0    5.5   59.0   74.4  444.0
2018 323 11 19 1500  -19.5  756.5    4.6   65.0   73.6  444.0
2018 323 11 19 1800  -21.1  756.9    4.7   74.0   71.6  444.0
2018 323 11 19 2100  -23.0  756.8    6.3   84.0   69.1  444.0
2018 324 11 20 0000  -24.2  756.4    6.6   88.0   68.5  444.0
2018 324 11 20 0300  -23.6  756.0    6.7   89.0   69.6  444.0
2018 324 11 20 0600  -23.5  756.3    6.7   87.0   68.1  444.0
2018 324 11 20 0900  -23.2  757.1    7.0   74.0   68.5  444.0
2018 324 11 20 1200  -22.5  758.0    7.8   70.0   70.4  444.0
2018 324 11 20 1500  -21.0  759.0    7.0   65.0   71.8  444.0
2018 324 11 20 1800  -21.1  760.0    7.7   76.0   72.2  444.0
2018 324 11 20 2100  -22.2  760.4    8.0   76.0   70.1  444.0
2018 325 11 21 0000  -23.5  760.6    8.4   80.0   68.7  444.0
2018 325 11 21 0300  -24.3  761.2    9.1   83.0   66.5  444.0
2018 325 11 21 0600  -23.6  761.7   10.0   82.0   66.0  444.0
2018 325 11 21 0900  -22.6  762.5   12.4   76.0   70.1  444.0
2018 325 11 21 1200  -21.1  763.6   14.1   62.0   74.2  444.0
2018 325 11 21 1500  -19.0  765.9   10.2   56.0   74.8  444.0
2018 325 11 21 1800  -18.4  767.4    8.9   55.0   75.3  444.0
2018 325 11 21 2100  -20.0  768.2    9.2   86.0   74.1  444.0
2018 326 11 22 0000  -23.8  767.7    9.4   85.0   67.7  444.0
2018 326 11 22 0300  -24.9  766.6   12.9   79.0   67.8  444.0
2018 326 11 22 0600  -25.1  767.1   12.1   83.0   65.7  444.0
2018 326 11 22 0900  -24.1  766.9   12.2   85.0   65.2  444.0
2018 326 11 22 1200  -22.4  766.3   11.0   86.0   63.7  444.0
2018 326 11 22 1500  -20.0  765.6    9.0   91.0   63.0  444.0
2018 326 11 22 1800  -18.9  763.6   13.8   80.0   70.1  444.0
2018 326 11 22 2100  -20.2  763.6   14.9   80.0   71.4  444.0
2018 327 11 23 0000  -22.3  763.2   16.8   84.0   71.2  444.0
2018 327 11 23 0300  -23.9  763.3   15.2   88.0   66.9  444.0
2018 327 11 23 0600  -25.0  761.7   16.0  100.0   66.9  444.0
2018 327 11 23 0900  -24.3  759.3   18.1   97.0   70.3  444.0
2018 327 11 23 1200  -23.3  757.9   20.8   81.0   74.3  444.0
2018 327 11 23 1500  -22.2  760.6   12.9   67.0   74.8  444.0
2018 327 11 23 1800  -21.1  762.3    8.0   75.0   73.4  444.0
2018 327 11 23 2100  -23.1  763.1    6.9   88.0   70.1  444.0
2018 328 11 24 0000  -24.9  762.3    6.4   96.0   63.9  444.0
2018 328 11 24 0300  -25.8  761.0    7.8   91.0   61.9  444.0
2018 328 11 24 0600  -25.2  760.4   10.0   82.0   63.2  444.0
2018 328 11 24 0900  -24.2  759.6   12.6   85.0   65.0  444.0
2018 328 11 24 1200  -23.1  759.2   12.9   82.0   66.3  444.0
2018 328 11 24 1500  -22.2  758.5   12.6   85.0   66.9  444.0
2018 328 11 24 1800  -21.9  758.7   11.0   82.0   66.5  444.0
2018 328 11 24 2100  -23.2  758.7    7.8   85.0   64.7  444.0
2018 329 11 25 0000  -25.4  758.5    6.5   92.0   62.4  444.0
2018 329 11 25 0300  -27.1  758.3    6.4   90.0   60.1  444.0
2018 329 11 25 0600  -27.3  758.4    6.0   84.0   59.3  444.0
2018 329 11 25 0900  -26.1  759.0    4.4   66.0   60.4  444.0
2018 329 11 25 1200  -23.4  759.7    3.3  355.0   66.9  444.0
2018 329 11 25 1500  -22.5  760.4    4.6  319.0   74.2  444.0
2018 329 11 25 1800  -22.0  761.5    5.0  310.0   73.9  444.0
2018 329 11 25 2100  -23.9  762.8    4.5  317.0   70.9  444.0
2018 330 11 26 0000  -24.0  764.3    3.7  340.0   72.2  444.0
2018 330 11 26 0300  -22.9  764.9    4.3  354.0   75.3  444.0
2018 330 11 26 0600  -20.5  766.0    4.2  359.0   74.8  444.0
2018 330 11 26 0900  -20.5  766.6    4.1   62.0   75.4  444.0
2018 330 11 26 1200  -18.7  766.6    5.4   59.0   75.4  444.0
2018 330 11 26 1500  -17.4  766.2    5.5   69.0   74.4  444.0
2018 330 11 26 1800  -18.3  765.5    5.6   88.0   71.9  444.0
2018 330 11 26 2100  -19.1  764.5    5.6   91.0   71.9  444.0
2018 331 11 27 0000  -21.8  763.1    5.7   97.0   69.0  444.0
2018 331 11 27 0300  -22.8  761.4    6.8   95.0   66.8  444.0
2018 331 11 27 0600  -22.8  760.0    6.7   96.0   63.4  444.0
2018 331 11 27 0900  -21.7  758.8    7.4   95.0   64.6  444.0
2018 331 11 27 1200  -20.1  757.9    7.8   88.0   65.5  444.0
2018 331 11 27 1500  -19.9  757.0    9.6   87.0   62.5  444.0
2018 331 11 27 1800  -20.6  757.3   10.5   75.0   66.5  444.0
2018 331 11 27 2100  -22.1  759.0    7.8   56.0   65.4  444.0
2018 332 11 28 0000  -21.2  761.0    4.3   66.0   76.5  444.0
2018 332 11 28 0300  -19.4  762.5    4.7   37.0   78.7  444.0
2018 332 11 28 0600  -17.7  763.9    6.2   40.0   79.7  444.0
2018 332 11 28 0900  -16.3  765.5    5.5   49.0   80.4  444.0
2018 332 11 28 1200  -14.4  766.3    6.8   40.0   80.7  444.0
2018 332 11 28 1500  -14.3  766.7    7.4   59.0   79.6  444.0
2018 332 11 28 1800  -14.4  767.5    6.7   54.0   79.6  444.0
2018 332 11 28 2100  -14.5  767.9    5.3   69.0   80.3  444.0
2018 333 11 29 0000  -14.8  768.0    8.0   54.0   80.8  444.0
2018 333 11 29 0300  -16.9  768.1    5.6   69.0   72.8  444.0
2018 333 11 29 0600  -17.0  768.6    6.9   59.0   66.5  444.0
2018 333 11 29 0900  -16.3  768.5    9.0   62.0   64.9  444.0
2018 333 11 29 1200  -16.9  767.6   11.4   65.0   70.6  444.0
2018 333 11 29 1500  -16.7  767.7   11.1   57.0   70.8  444.0
2018 333 11 29 1800  -17.5  767.6   10.4   56.0   69.3  444.0
2018 333 11 29 2100  -17.8  767.1    9.6   58.0   70.5  444.0
2018 334 11 30 0000  -19.5  766.4   10.6   48.0   69.0  444.0
2018 334 11 30 0300  -20.9  766.5    8.5   52.0   66.5  444.0
2018 334 11 30 0600  -20.7  766.9    7.0   36.0   66.5  444.0
2018 334 11 30 0900  -19.6  766.6    5.9   33.0   68.3  444.0
2018 334 11 30 1200  -18.3  766.6    3.8    3.0   68.5  444.0
2018 334 11 30 1500  -17.7  766.1    3.8   55.0   69.9  444.0
2018 334 11 30 1800  -18.2  765.7    4.2   60.0   70.5  444.0
2018 334 11 30 2100  -19.5  764.6    5.5   68.0   70.9  444.0
