Year: 2018  Month: 02  ID: BAL  ARGOS:  9116  Name: Baldrick            
Lat: 82.46S  Lon:  13.03W  Elev: 1968m
2018  32  2  1 0000  -23.5  770.1    2.8   27.0   73.6  444.0
2018  32  2  1 0300  -22.2  770.2    2.4  342.0   76.1  444.0
2018  32  2  1 0600  -24.5  770.2    3.3   61.0   73.4  444.0
2018  32  2  1 0900  -24.7  770.1    4.2   79.0   71.2  444.0
2018  32  2  1 1200  -23.1  769.9    6.2   60.0   71.8  444.0
2018  32  2  1 1500  -22.2  769.4    6.3   68.0   72.1  444.0
2018  32  2  1 1800  -23.5  769.2    6.4   80.0   70.8  444.0
2018  32  2  1 2100  -25.4  768.7    5.7   93.0   69.2  444.0
2018  33  2  2 0000  -27.5  768.1    5.4   92.0   68.1  444.0
2018  33  2  2 0300  -26.7  767.2    5.6   85.0   68.9  444.0
2018  33  2  2 0600  -27.6  766.8    5.2   81.0   66.3  444.0
2018  33  2  2 0900  -24.9  766.7    6.6   78.0   67.3  444.0
2018  33  2  2 1200  -25.6  766.4    6.7   81.0   65.1  444.0
2018  33  2  2 1500  -25.5  766.3    6.3   76.0   66.4  444.0
2018  33  2  2 1800  -25.8  766.7    5.6   78.0   64.6  444.0
2018  33  2  2 2100  -27.6  767.1    4.4   80.0   65.5  444.0
2018  34  2  3 0000  -29.0  766.9    5.4   80.0   65.2  444.0
2018  34  2  3 0300  -30.6  766.8    6.0   84.0   63.8  444.0
2018  34  2  3 0600  -29.1  766.9    5.7   78.0   65.6  444.0
2018  34  2  3 0900  -26.4  766.5    5.8   78.0   66.3  444.0
2018  34  2  3 1200  -25.4  766.1    6.1   82.0   65.6  444.0
2018  34  2  3 1500  -23.4  765.8    4.2   59.0   67.5  444.0
2018  34  2  3 1800  -22.6  765.7    3.9   70.0   71.1  444.0
2018  34  2  3 2100  -23.8  765.3    5.0   78.0   72.3  444.0
2018  35  2  4 0000  -23.5  765.2    4.4   76.0   72.6  444.0
2018  35  2  4 0300  -23.2  764.6    3.9   64.0   73.6  444.0
2018  35  2  4 0600  -23.1  764.7    4.5   73.0   72.0  444.0
2018  35  2  4 0900  -23.4  764.4    7.3   72.0   72.2  444.0
2018  35  2  4 1200  -23.2  764.1    7.5   82.0   70.4  444.0
2018  35  2  4 1500  -24.2  762.5    9.5   98.0   66.9  444.0
2018  35  2  4 1800  -25.7  762.2    9.4   98.0   65.6  444.0
2018  35  2  4 2100  -27.2  761.4    7.5   83.0   65.3  444.0
2018  36  2  5 0000  -28.0  761.3    8.0   75.0   66.4  444.0
2018  36  2  5 0300  -28.9  761.5    7.4   72.0   66.0  444.0
2018  36  2  5 0600  -28.6  762.1    8.5   71.0   66.0  444.0
2018  36  2  5 0900  -27.5  762.5    8.6   70.0   66.3  444.0
2018  36  2  5 1200  -25.0  762.8    8.6   73.0   67.8  444.0
2018  36  2  5 1500  -22.9  761.6    9.3   76.0   69.0  444.0
2018  36  2  5 1800  -21.5  761.0    9.4   77.0   70.4  444.0
2018  36  2  5 2100  -20.9  761.1    8.9   63.0   73.0  444.0
2018  37  2  6 0000  -21.0  761.7    9.8   64.0   74.6  444.0
2018  37  2  6 0300  -22.3  762.2   10.3   62.0   74.2  444.0
2018  37  2  6 0600  -21.9  764.4   11.1   47.0   72.1  444.0
2018  37  2  6 0900  -21.1  766.7    9.8   45.0   74.1  444.0
2018  37  2  6 1200  -20.3  768.1    8.9   58.0   73.5  444.0
2018  37  2  6 1500  -19.9  769.1    8.7   68.0   71.8  444.0
2018  37  2  6 1800  -20.3  769.4    7.3   74.0   70.8  444.0
2018  37  2  6 2100  -21.0  769.4    6.6   72.0   71.4  444.0
2018  38  2  7 0000  -24.4  769.2    4.7   76.0   70.7  444.0
2018  38  2  7 0300  -27.4  768.4    5.3   88.0   68.5  444.0
2018  38  2  7 0600  -27.5  767.2    5.0   79.0   66.7  444.0
2018  38  2  7 0900  -27.1  765.5    5.6   80.0   66.2  444.0
2018  38  2  7 1200  -24.3  763.4    6.8   76.0   69.7  444.0
2018  38  2  7 1500  -20.6  761.6    5.4   67.0   72.0  444.0
2018  38  2  7 1800  -21.9  759.9    6.4   73.0   71.0  444.0
2018  38  2  7 2100  -24.5  758.2    6.9   85.0   68.3  444.0
2018  39  2  8 0000  -26.9  756.3    6.7   92.0   68.2  444.0
2018  39  2  8 0300  -28.3  754.7    6.2   92.0   63.4  444.0
2018  39  2  8 0600  -27.8  753.4    7.0   90.0   63.4  444.0
2018  39  2  8 0900  -27.2  752.4    7.9   95.0   62.6  444.0
2018  39  2  8 1200  -26.0  752.3    8.3   85.0   62.3  444.0
2018  39  2  8 1500  -24.8  752.2    8.0   77.0   65.3  444.0
2018  39  2  8 1800  -24.9  752.8    7.5   55.0   65.6  444.0
2018  39  2  8 2100  -25.7  754.2    7.3   48.0   70.3  444.0
2018  40  2  9 0000  -27.3  755.4    6.0   65.0   68.8  444.0
2018  40  2  9 0300  -27.7  755.9    6.7   71.0   68.7  444.0
2018  40  2  9 0600  -26.5  756.3    7.1   67.0   70.2  444.0
2018  40  2  9 0900  -26.5  756.5    6.9   75.0   67.9  444.0
2018  40  2  9 1200  -25.4  756.9    5.8   80.0   66.7  444.0
2018  40  2  9 1500  -24.3  756.7    4.9   64.0   67.9  444.0
2018  40  2  9 1800  -25.1  756.8    2.8   62.0   65.9  444.0
2018  40  2  9 2100  -28.5  756.7    3.0   45.0   71.9  444.0
2018  41  2 10 0000  -25.8  756.9    2.5   46.0   73.2  444.0
2018  41  2 10 0300  -28.6  756.8    2.7   83.0   69.2  444.0
2018  41  2 10 0600  -29.9  756.0    3.9  106.0   66.8  444.0
2018  41  2 10 0900  -28.6  755.4    6.4   86.0   68.5  444.0
2018  41  2 10 1200  -26.5  755.4    7.1   76.0   69.8  444.0
2018  41  2 10 1500  -24.2  755.3    8.2   76.0   70.6  444.0
2018  41  2 10 1800  -22.7  755.9    7.5   71.0   66.2  444.0
2018  41  2 10 2100  -24.9  756.7    6.9   79.0   67.1  444.0
2018  42  2 11 0000  -24.4  757.6    6.0   60.0   67.4  444.0
2018  42  2 11 0300  -25.9  757.6    8.1   77.0   71.9  444.0
2018  42  2 11 0600  -27.1  758.2    6.6   74.0   70.3  444.0
2018  42  2 11 0900  -27.4  759.0    6.3   74.0   68.8  444.0
2018  42  2 11 1200  -25.0  759.4    5.9   65.0   66.9  444.0
2018  42  2 11 1500  -23.9  759.3    4.1   81.0   68.4  444.0
2018  42  2 11 1800  -23.0  758.8    5.1   52.0   70.0  444.0
2018  42  2 11 2100  -23.4  758.1    4.3   74.0   71.2  444.0
2018  43  2 12 0000  -23.5  757.0    4.1   73.0   73.0  444.0
2018  43  2 12 0300  -24.3  755.6    3.4   88.0   71.9  444.0
2018  43  2 12 0600  -23.3  754.4    4.1   41.0   70.7  444.0
2018  43  2 12 0900  -26.8  753.6    3.0   94.0   69.2  444.0
2018  43  2 12 1200  -22.4  751.5    4.5   81.0   67.6  444.0
2018  43  2 12 1500  -22.1  750.2    7.9   59.0   70.3  444.0
2018  43  2 12 1800  -25.8  749.0    7.8   80.0   68.5  444.0
2018  43  2 12 2100  -26.6  748.9    9.3   74.0   67.2  444.0
2018  44  2 13 0000  -28.3  749.2    8.1   83.0   67.2  444.0
2018  44  2 13 0300  -30.0  749.4    7.4   94.0   61.7  444.0
2018  44  2 13 0600  -32.3  750.0    7.2   82.0   58.8  444.0
2018  44  2 13 0900  -28.5  751.7    7.4   51.0   65.4  444.0
2018  44  2 13 1200  -24.6  753.2    9.2   56.0   68.7  444.0
2018  44  2 13 1500  -21.8  754.3    6.3   66.0   67.9  444.0
2018  44  2 13 1800  -21.2  754.8    9.7   67.0   74.6  444.0
2018  44  2 13 2100  -21.4  755.1    9.8   74.0   75.8  444.0
2018  45  2 14 0000  -21.3  755.9    8.8   60.0   76.2  444.0
2018  45  2 14 0300  -20.1  756.8    8.5   59.0   77.8  444.0
2018  45  2 14 0600  -20.5  757.7    8.6   61.0   77.3  444.0
2018  45  2 14 0900  -20.8  758.3    9.6   62.0   76.2  444.0
2018  45  2 14 1200  -20.8  758.8    9.4   76.0   75.1  444.0
2018  45  2 14 1500  -22.2  758.6    9.3   71.0   73.1  444.0
2018  45  2 14 1800  -21.2  757.9    8.8   76.0   74.0  444.0
2018  45  2 14 2100  -24.1  757.8    6.7   79.0   71.3  444.0
2018  46  2 15 0000  -24.6  757.0    7.9   83.0   69.3  444.0
2018  46  2 15 0300  -26.3  756.0    7.5   88.0   67.9  444.0
2018  46  2 15 0600  -28.9  756.2    6.0   76.0   63.9  444.0
2018  46  2 15 0900  -27.7  756.4    6.4   62.0   65.6  444.0
2018  46  2 15 1200  -24.2  756.9    5.6   58.0   69.8  444.0
2018  46  2 15 1500  -22.2  757.6    4.1   73.0   73.1  444.0
2018  46  2 15 1800  -21.8  758.2    5.7   57.0   74.3  444.0
2018  46  2 15 2100  -21.0  758.7    6.4   53.0   76.3  444.0
2018  47  2 16 0000  -21.9  759.3    7.5   64.0   75.8  444.0
2018  47  2 16 0300  -21.6  759.8    6.8   51.0   75.8  444.0
2018  47  2 16 0600  -22.3  760.3    9.1   56.0   74.9  444.0
2018  47  2 16 0900  -21.9  761.3    8.6   46.0   74.8  444.0
2018  47  2 16 1200  -21.5  762.2    9.8   43.0   74.2  444.0
2018  47  2 16 1500  -21.6  762.5   11.6   47.0   74.4  444.0
2018  47  2 16 1800  -23.0  763.0   12.3   56.0   74.3  444.0
2018  47  2 16 2100  -26.0  763.6   10.9   66.0   71.5  444.0
2018  48  2 17 0000  -25.1  764.2    8.7   57.0   72.4  444.0
2018  48  2 17 0300  -29.2  764.9    5.2   62.0   67.6  444.0
2018  48  2 17 0600  -30.2  765.1    4.3   59.0   66.3  444.0
2018  48  2 17 0900  -25.1  765.3    3.4   39.0   71.7  444.0
2018  48  2 17 1200  -24.1  765.5    1.2  329.0   73.0  444.0
2018  48  2 17 1500  -24.3  765.3    0.8  288.0   72.1  444.0
2018  48  2 17 1800  -24.3  764.9    0.3  236.0   70.9  444.0
2018  48  2 17 2100  -27.4  764.7    2.0  193.0   70.5  444.0
2018  49  2 18 0000  -27.0  764.5    0.8  208.0   71.2  444.0
2018  49  2 18 0300  -31.0  763.8    2.5  352.0   66.7  444.0
2018  49  2 18 0600  -34.1  763.0    2.7    5.0   62.4  444.0
2018  49  2 18 0900  -32.7  762.1    3.0  358.0   64.0  444.0
2018  49  2 18 1200  -29.3  761.3    3.7  351.0   67.9  444.0
2018  49  2 18 1500  -28.1  760.0    2.6    4.0   69.0  444.0
2018  49  2 18 1800  -28.5  758.9    3.2    4.0   68.9  444.0
2018  49  2 18 2100  -27.8  758.0    2.3   13.0   69.8  444.0
2018  50  2 19 0000  -29.1  756.8    4.6   59.0   68.7  444.0
2018  50  2 19 0300  -29.2  755.6    5.6   49.0   68.6  444.0
2018  50  2 19 0600  -34.5  754.1    6.4   92.0   62.3  444.0
2018  50  2 19 0900  -34.6  752.4    8.4   90.0   62.5  444.0
2018  50  2 19 1200  -32.5  751.0    9.7   89.0   64.7  444.0
2018  50  2 19 1500  -32.5  750.2    9.0   83.0   65.1  444.0
2018  50  2 19 1800  -30.9  750.5    5.5   60.0   67.4  444.0
2018  50  2 19 2100  -32.4  751.7    4.9   46.0   65.0  444.0
2018  51  2 20 0000  -31.7  752.6    4.5   64.0   66.0  444.0
2018  51  2 20 0300  -34.9  752.7    5.7   80.0   62.4  444.0
2018  51  2 20 0600  -33.0  753.0    6.7   81.0   64.4  444.0
2018  51  2 20 0900  -33.8  753.0    8.9   81.0   63.6  444.0
2018  51  2 20 1200  -32.8  753.0    9.3   83.0   64.4  444.0
2018  51  2 20 1500  -32.0  752.1   10.3   90.0   65.1  444.0
2018  51  2 20 1800  -31.9  752.2    8.9   83.0   65.4  444.0
2018  51  2 20 2100  -33.1  752.0    7.7   81.0   64.1  444.0
2018  52  2 21 0000  -35.7  752.5    7.4   79.0   61.4  444.0
2018  52  2 21 0300  -37.2  752.7    7.9   78.0   59.6  444.0
2018  52  2 21 0600  -36.3  752.9    8.9   83.0   60.7  444.0
2018  52  2 21 0900  -33.6  753.4    8.3   86.0   63.3  444.0
2018  52  2 21 1200  -34.7  754.1    9.9   76.0   62.1  444.0
2018  52  2 21 1500  -34.2  755.4    9.9   65.0   62.6  444.0
2018  52  2 21 1800  -34.8  757.3    6.9   58.0   62.0  444.0
2018  52  2 21 2100  -37.5  758.7    5.8   70.0   59.1  444.0
2018  53  2 22 0000  -39.6  759.6    6.3   86.0   56.7  444.0
2018  53  2 22 0300  -40.0  759.9    6.8   88.0   56.3  444.0
2018  53  2 22 0600  -40.0  760.3    7.0   90.0   55.9  444.0
2018  53  2 22 0900  -38.2  760.8    6.2   88.0   58.0  444.0
2018  53  2 22 1200  -36.7  761.3    5.7   82.0   59.6  444.0
2018  53  2 22 1500  -36.0  761.9    6.4   80.0   60.6  444.0
2018  53  2 22 1800  -35.0  763.0    6.3   76.0   61.6  444.0
2018  53  2 22 2100  -36.2  763.4    7.2   74.0   60.3  444.0
2018  54  2 23 0000  -37.6  763.2    7.3   89.0   58.9  444.0
2018  54  2 23 0300  -36.8  762.6    8.8   76.0   59.8  444.0
2018  54  2 23 0600  -37.5  761.9    8.2   92.0   58.8  444.0
2018  54  2 23 0900  -36.1  761.3    8.0   97.0   60.4  444.0
2018  54  2 23 1200  -34.6  760.0    8.8   91.0   62.0  444.0
2018  54  2 23 1500  -33.6  759.0    7.9   82.0   63.2  444.0
2018  54  2 23 1800  -33.9  758.1    6.6   81.0   62.8  444.0
2018  54  2 23 2100  -33.3  757.1    7.8   79.0   63.8  444.0
2018  55  2 24 0000  -36.2  756.4    6.6   74.0   60.5  444.0
2018  55  2 24 0300  -35.9  755.3    8.1   69.0   60.8  444.0
2018  55  2 24 0600  -35.5  755.0    6.9   73.0   61.2  444.0
2018  55  2 24 0900  -34.7  754.7    9.0   89.0   62.0  444.0
2018  55  2 24 1200  -34.4  754.7    6.6   79.0   62.3  444.0
2018  55  2 24 1500  -34.1  754.7    6.8   68.0   63.0  444.0
2018  55  2 24 1800  -35.3  754.3    4.7   79.0   61.4  444.0
2018  55  2 24 2100  -37.5  754.2    4.1   65.0   59.0  444.0
2018  56  2 25 0000  -40.5  754.7    5.1   63.0   55.8  444.0
2018  56  2 25 0300  -43.1  754.5    4.9   85.0   52.8  444.0
2018  56  2 25 0600  -40.8  754.0    6.0   80.0   54.8  444.0
2018  56  2 25 0900  -40.3  753.9    5.4   82.0   55.5  444.0
2018  56  2 25 1200  -38.9  753.6    5.9   71.0   57.1  444.0
2018  56  2 25 1500  -36.4  753.2    7.6   56.0   59.9  444.0
2018  56  2 25 1800  -37.6  752.9    6.2   65.0   58.6  444.0
2018  56  2 25 2100  -39.9  752.5    4.7   74.0   56.2  444.0
2018  57  2 26 0000  -36.5  751.7    8.0   65.0   60.2  444.0
2018  57  2 26 0300  -35.8  749.9    9.1   71.0   60.7  444.0
2018  57  2 26 0600  -34.6  749.5    8.8   67.0   62.0  444.0
2018  57  2 26 0900  -34.1  749.8    6.9   63.0   62.4  444.0
2018  57  2 26 1200  -32.8  750.4    6.0   65.0   64.1  444.0
2018  57  2 26 1500  -34.2  750.7    6.1   63.0   62.4  444.0
2018  57  2 26 1800  -34.6  751.8    5.7   63.0   62.3  444.0
2018  57  2 26 2100  -32.7  752.6    6.7   69.0   64.3  444.0
2018  58  2 27 0000  -33.8  753.6    6.3   74.0   62.9  444.0
2018  58  2 27 0300  -38.6  753.7    7.8   85.0   57.9  444.0
2018  58  2 27 0600  -36.6  754.1    8.1   87.0   60.1  444.0
2018  58  2 27 0900  -34.4  754.4    6.5   97.0   62.4  444.0
2018  58  2 27 1200  -30.7  754.6    9.4   89.0   66.6  444.0
2018  58  2 27 1500  -32.6  754.4    7.8   93.0   64.5  444.0
2018  58  2 27 1800  -32.1  754.3    9.3   81.0   65.0  444.0
2018  58  2 27 2100  -34.5  754.7    7.8   73.0   62.4  444.0
2018  59  2 28 0000  -38.0  755.0    5.9   87.0   58.7  444.0
2018  59  2 28 0300  -39.8  754.9    5.8   85.0   56.5  444.0
2018  59  2 28 0600  -40.0  754.5    6.3   79.0   55.9  444.0
2018  59  2 28 0900  -37.9  754.3    6.3   69.0   58.4  444.0
2018  59  2 28 1200  -33.5  754.4    7.8   71.0   63.2  444.0
2018  59  2 28 1500  -35.2  754.1    8.1   84.0   61.3  444.0
2018  59  2 28 1800  -36.3  753.9    7.6   78.0   60.2  444.0
2018  59  2 28 2100  -37.7  754.0    7.3   76.0   58.8  444.0
