Year: 2018  Month: 06  ID: BAL  ARGOS:  9116  Name: Baldrick            
Lat: 82.46S  Lon:  13.03W  Elev: 1968m
2018 152  6  1 0000  -36.0  774.0   13.4   87.0   61.0  444.0
2018 152  6  1 0300  -36.0  772.5   15.2   87.0   61.0  444.0
2018 152  6  1 0600  -36.3  771.6   16.0   82.0   60.5  444.0
2018 152  6  1 0900  -36.9  771.4   15.3   76.0   59.8  444.0
2018 152  6  1 1200  -36.2  772.0   14.1   74.0   60.6  444.0
2018 152  6  1 1500  -36.0  772.9   14.9   79.0   60.8  444.0
2018 152  6  1 1800  -35.6  773.1   16.7   80.0   61.3  444.0
2018 152  6  1 2100  -35.6  773.9   16.1   74.0   61.2  444.0
2018 153  6  2 0000  -34.2  775.4   15.3   76.0   62.6  444.0
2018 153  6  2 0300  -35.9  774.8   16.1   83.0   60.9  444.0
2018 153  6  2 0600  -41.2  773.2   17.3   99.0   55.0  444.0
2018 153  6  2 0900  -48.4  769.4   16.7  102.0   47.1  444.0
2018 153  6  2 1200  -50.5  764.5   15.5  102.0   44.5  444.0
2018 153  6  2 1500  -51.4  757.6   15.2  102.0   43.3  444.0
2018 153  6  2 1800  -49.8  750.8   13.8   95.0   45.1  444.0
2018 153  6  2 2100  -49.1  747.0   11.8   84.0   45.8  444.0
2018 154  6  3 0000  -49.1  745.4   11.1   77.0   45.8  444.0
2018 154  6  3 0300  -49.7  745.5    8.3   78.0   45.0  444.0
2018 154  6  3 0600  -50.5  746.3    7.5   79.0   44.1  444.0
2018 154  6  3 0900  -49.3  749.0    8.8   67.0   45.2  444.0
2018 154  6  3 1200  -47.9  751.4    8.8   66.0   46.9  444.0
2018 154  6  3 1500  -45.2  754.6    7.4   60.0   49.8  444.0
2018 154  6  3 1800  -44.5  757.3    9.3   48.0   50.6  444.0
2018 154  6  3 2100  -44.6  761.0    9.8   51.0   50.5  444.0
2018 155  6  4 0000  -33.0  764.9   10.8   38.0   63.1  444.0
2018 155  6  4 0300  -32.0  767.1   10.6   47.0   64.7  444.0
2018 155  6  4 0600  -31.9  768.5   11.6   56.0   65.0  444.0
2018 155  6  4 0900  -36.3  769.9   11.0   69.0   60.4  444.0
2018 155  6  4 1200  -39.3  770.2   11.2   76.0   57.0  444.0
2018 155  6  4 1500  -39.3  769.5   11.5   77.0   57.0  444.0
2018 155  6  4 1800  -38.8  769.2   10.5   74.0   57.4  444.0
2018 155  6  4 2100  -38.8  769.1    9.0   78.0   57.4  444.0
2018 156  6  5 0000  -37.1  769.5    7.8   70.0   59.1  444.0
2018 156  6  5 0300  -37.4  768.6    8.2   72.0   59.1  444.0
2018 156  6  5 0600  -37.6  768.2    8.0   80.0   58.7  444.0
2018 156  6  5 0900  -37.9  767.0    8.5   80.0   58.5  444.0
2018 156  6  5 1200  -39.3  765.7    7.4   81.0   56.9  444.0
2018 156  6  5 1500  -39.0  764.4    8.7   72.0   57.2  444.0
2018 156  6  5 1800  -40.0  763.8    7.3   71.0   56.1  444.0
2018 156  6  5 2100  -41.0  762.9    6.0   77.0   54.9  444.0
2018 157  6  6 0000  -41.3  762.5    5.5   77.0   54.5  444.0
2018 157  6  6 0300  -40.8  761.7  444.0  444.0   55.1  444.0
2018 157  6  6 0600  -39.9  761.9  444.0  444.0   55.9  444.0
2018 157  6  6 0900  -38.4  761.2  444.0  444.0   57.6  444.0
2018 157  6  6 1200  -36.8  761.9  444.0  444.0   59.4  444.0
2018 157  6  6 1500  -36.2  762.3  444.0  444.0   60.0  444.0
2018 157  6  6 1800  -36.2  762.6  444.0  444.0   60.3  444.0
2018 157  6  6 2100  -37.4  764.1  444.0  444.0   58.9  444.0
2018 158  6  7 0000  -42.5  764.4  444.0  444.0   53.3  444.0
2018 158  6  7 0300  -41.2  764.6  444.0  444.0   54.6  444.0
2018 158  6  7 0600  -39.1  764.7    9.3   75.0   56.9  444.0
2018 158  6  7 0900  -40.0  764.0   12.3   81.0   55.9  444.0
2018 158  6  7 1200  -41.0  763.2   13.2   81.0   54.8  444.0
2018 158  6  7 1500  -41.2  762.3   13.3   80.0   54.5  444.0
2018 158  6  7 1800  -41.3  761.0   14.5   81.0   54.4  444.0
2018 158  6  7 2100  -40.3  760.3   14.3   76.0   55.4  444.0
2018 159  6  8 0000  -39.0  759.5   13.7   77.0   57.0  444.0
2018 159  6  8 0300  -38.0  758.3   14.2   76.0   58.1  444.0
2018 159  6  8 0600  -37.3  757.3   14.8   76.0   58.8  444.0
2018 159  6  8 0900  -36.6  756.6   14.5   74.0   59.6  444.0
2018 159  6  8 1200  -36.7  756.7   14.5   74.0   59.6  444.0
2018 159  6  8 1500  -37.1  757.1   12.6   73.0   59.3  444.0
2018 159  6  8 1800  -37.6  757.9   11.7   76.0   58.7  444.0
2018 159  6  8 2100  -38.1  758.6   10.9   73.0   58.1  444.0
2018 160  6  9 0000  -38.3  759.3   10.1   73.0   57.8  444.0
2018 160  6  9 0300  -38.5  760.1    8.3   70.0   57.6  444.0
2018 160  6  9 0600  -38.8  761.1    8.1   71.0   57.3  444.0
2018 160  6  9 0900  -39.1  761.9    7.7   69.0   56.9  444.0
2018 160  6  9 1200  -39.2  762.8    6.2   71.0   56.7  444.0
2018 160  6  9 1500  -39.2  763.6    6.5   66.0   56.8  444.0
2018 160  6  9 1800  -38.6  764.1    6.5   65.0   57.5  444.0
2018 160  6  9 2100  -38.1  764.6    7.1   66.0   57.9  444.0
2018 161  6 10 0000  -37.7  764.8    7.5   71.0   58.5  444.0
2018 161  6 10 0300  -40.5  764.7    5.6   80.0   55.5  444.0
2018 161  6 10 0600  -37.1  764.5    7.9   69.0   59.1  444.0
2018 161  6 10 0900  -39.1  762.3   10.9   82.0   57.0  444.0
2018 161  6 10 1200  -37.8  759.0   14.0   82.0   58.4  444.0
2018 161  6 10 1500  -37.7  755.8   14.0   78.0   58.5  444.0
2018 161  6 10 1800  -33.7  755.0   10.9   69.0   62.9  444.0
2018 161  6 10 2100  -27.8  755.4    7.5   34.0   69.4  444.0
2018 162  6 11 0000  -31.3  757.1    6.2   23.0   66.0  444.0
2018 162  6 11 0300  -30.7  758.9  444.0  444.0   66.6  444.0
2018 162  6 11 0600  -34.4  759.8  444.0  444.0   62.8  444.0
2018 162  6 11 0900  -34.4  760.8  444.0  444.0   62.6  444.0
2018 162  6 11 1200  -34.6  759.9  444.0  444.0   62.4  444.0
2018 162  6 11 1500  -35.2  758.4  444.0  444.0   61.7  444.0
2018 162  6 11 1800  -35.6  755.2   12.4   79.0   61.2  444.0
2018 162  6 11 2100  -33.1  753.1   11.9   76.0   63.8  444.0
2018 163  6 12 0000  -31.4  751.8    9.3   70.0   65.7  444.0
2018 163  6 12 0300  -32.1  752.5    5.6   40.0   65.0  444.0
2018 163  6 12 0600  -30.2  754.3    4.5    9.0   67.2  444.0
2018 163  6 12 0900  -28.8  757.4    3.0    9.0   68.8  444.0
2018 163  6 12 1200  -30.4  759.8    5.8    9.0   67.0  444.0
2018 163  6 12 1500  -29.2  760.9    8.9   42.0   68.3  444.0
2018 163  6 12 1800  -28.9  761.3   12.8   24.0   68.7  444.0
2018 163  6 12 2100  -29.2  763.1   11.2   23.0   68.4  444.0
2018 164  6 13 0000  -29.5  765.2    8.7   22.0   68.1  444.0
2018 164  6 13 0300  -29.6  766.8    8.1   27.0   68.0  444.0
2018 164  6 13 0600  -31.2  767.6    7.3   35.0   66.3  444.0
2018 164  6 13 0900  -31.2  767.9    5.8   56.0   66.3  444.0
2018 164  6 13 1200  -30.1  767.1    9.1   54.0   67.5  444.0
2018 164  6 13 1500  -30.9  767.2    9.6   53.0   66.6  444.0
2018 164  6 13 1800  -30.7  767.3    9.4   47.0   66.8  444.0
2018 164  6 13 2100  -31.5  767.7   10.2   44.0   65.9  444.0
2018 165  6 14 0000  -32.3  768.3    8.5   53.0   65.0  444.0
2018 165  6 14 0300  -38.2  767.5   10.5   75.0   58.6  444.0
2018 165  6 14 0600  -38.6  766.4   12.2   83.0   58.0  444.0
2018 165  6 14 0900  -38.4  765.8   12.6   74.0   58.1  444.0
2018 165  6 14 1200  -37.7  766.6   11.3   71.0   58.8  444.0
2018 165  6 14 1500  -36.9  767.6   11.4   69.0   59.8  444.0
2018 165  6 14 1800  -37.3  768.8   11.5   69.0   59.3  444.0
2018 165  6 14 2100  -39.9  770.6   11.2   73.0   56.4  444.0
2018 166  6 15 0000  -39.6  771.9   12.4   71.0   56.6  444.0
2018 166  6 15 0300  -40.2  773.4   12.1   71.0   56.0  444.0
2018 166  6 15 0600  -39.2  774.8   11.1   69.0   57.0  444.0
2018 166  6 15 0900  -39.4  776.1   10.1   72.0   56.7  444.0
2018 166  6 15 1200  -37.5  776.5   12.6   72.0   58.9  444.0
2018 166  6 15 1500  -36.7  777.4   12.4   71.0   59.7  444.0
2018 166  6 15 1800  -35.6  777.5   12.9   73.0   61.0  444.0
2018 166  6 15 2100  -34.5  777.6   13.2   76.0   62.2  444.0
2018 167  6 16 0000  -34.3  777.1   14.7   79.0   62.5  444.0
2018 167  6 16 0300  -32.9  777.3   13.8   77.0   64.0  444.0
2018 167  6 16 0600  -32.2  776.7   16.8   71.0   64.9  444.0
2018 167  6 16 0900  -31.2  777.2   18.2   73.0   66.0  444.0
2018 167  6 16 1200  -32.2  778.9   17.3   73.0   65.0  444.0
2018 167  6 16 1500  -30.6  778.7   18.4   72.0   66.7  444.0
2018 167  6 16 1800  -31.8  779.3   17.4   74.0   65.6  444.0
2018 167  6 16 2100  -34.7  779.8   17.0   80.0   62.3  444.0
2018 168  6 17 0000  -39.5  779.1   17.7   86.0   57.1  444.0
2018 168  6 17 0300  -38.2  778.3   17.8   77.0   58.4  444.0
2018 168  6 17 0600  -36.7  778.5   16.9   75.0   60.0  444.0
2018 168  6 17 0900  -36.8  778.2   18.4   80.0   59.9  444.0
2018 168  6 17 1200  -38.1  779.3   15.6   81.0   58.3  444.0
2018 168  6 17 1500  -38.5  779.6   14.7   82.0   57.9  444.0
2018 168  6 17 1800  -39.0  779.3   16.1   80.0   57.3  444.0
2018 168  6 17 2100  -39.3  779.8   14.7   80.0   56.9  444.0
2018 169  6 18 0000  -39.2  779.4   14.3   77.0   57.0  444.0
2018 169  6 18 0300  -38.8  779.1   15.2   79.0   57.5  444.0
2018 169  6 18 0600  -38.8  778.8   14.8   81.0   57.3  444.0
2018 169  6 18 0900  -38.9  779.1   14.2   86.0   57.3  444.0
2018 169  6 18 1200  -41.3  778.4   14.7   85.0   54.7  444.0
2018 169  6 18 1500  -43.5  778.6   12.1   86.0   52.1  444.0
2018 169  6 18 1800  -45.0  777.7   12.3   91.0   50.4  444.0
2018 169  6 18 2100  -44.9  776.9   13.5   86.0   50.4  444.0
2018 170  6 19 0000  -46.3  776.3   13.3   88.0   48.8  444.0
2018 170  6 19 0300  -45.4  775.2   13.0   85.0   49.6  444.0
2018 170  6 19 0600  -44.3  774.9   13.6   82.0   50.9  444.0
2018 170  6 19 0900  -43.8  774.7   14.5   82.0   51.4  444.0
2018 170  6 19 1200  -44.0  774.4   14.1   85.0   51.2  444.0
2018 170  6 19 1500  -45.8  774.9   13.8   84.0   49.2  444.0
2018 170  6 19 1800  -47.2  774.3   13.2   91.0   47.6  444.0
2018 170  6 19 2100  -47.5  774.4   12.1   92.0   47.2  444.0
2018 171  6 20 0000  -46.3  774.0   12.0   88.0   48.3  444.0
2018 171  6 20 0300  -44.5  772.2   13.5   96.0   50.5  444.0
2018 171  6 20 0600  -43.6  771.0   14.6   98.0   51.5  444.0
2018 171  6 20 0900  -43.6  770.1   14.6   99.0   51.4  444.0
2018 171  6 20 1200  -44.3  769.1   14.6  101.0   50.7  444.0
2018 171  6 20 1500  -43.8  767.2   15.7   98.0   51.2  444.0
2018 171  6 20 1800  -43.6  766.7   14.5   94.0   51.5  444.0
2018 171  6 20 2100  -45.0  766.0   13.6   95.0   49.9  444.0
2018 172  6 21 0000  -45.5  765.0   14.4   90.0   49.3  444.0
2018 172  6 21 0300  -45.8  764.0   16.4   95.0   48.9  444.0
2018 172  6 21 0600  -46.4  763.7   15.2   90.0   48.2  444.0
2018 172  6 21 0900  -46.5  764.2   14.1   88.0   48.1  444.0
2018 172  6 21 1200  -48.0  765.0   13.8   91.0   46.4  444.0
2018 172  6 21 1500  -48.7  765.0   13.7   90.0   45.6  444.0
2018 172  6 21 1800  -49.5  765.4   14.5   91.0   44.7  444.0
2018 172  6 21 2100  -50.3  766.6   13.9   92.0   43.7  444.0
2018 173  6 22 0000  -51.1  767.5   12.6   88.0   42.7  444.0
2018 173  6 22 0300  -51.5  767.7   12.0   89.0   42.1  444.0
2018 173  6 22 0600  -51.2  769.2   10.8   86.0   42.5  444.0
2018 173  6 22 0900  -51.3  770.5    9.9   80.0   42.3  444.0
2018 173  6 22 1200  -51.3  771.3   10.1   87.0   42.2  444.0
2018 173  6 22 1500  -51.5  771.9    9.3   85.0   42.0  444.0
2018 173  6 22 1800  -50.3  772.3    9.0   83.0   43.3  444.0
2018 173  6 22 2100  -50.5  772.6    8.7   86.0   43.1  444.0
2018 174  6 23 0000  -51.1  772.1    9.3   87.0   42.4  444.0
2018 174  6 23 0300  -51.3  771.5   10.3   86.0   42.1  444.0
2018 174  6 23 0600  -50.0  770.9   10.1   77.0   43.5  444.0
2018 174  6 23 0900  -49.8  770.9   10.5   82.0   43.9  444.0
2018 174  6 23 1200  -50.5  770.4    8.9   84.0   43.1  444.0
2018 174  6 23 1500  -51.9  769.4    9.1   91.0   41.4  444.0
2018 174  6 23 1800  -52.4  768.3    8.0   88.0   40.7  444.0
2018 174  6 23 2100  -53.5  766.8    8.0   88.0   39.5  444.0
2018 175  6 24 0000  -53.2  764.6    9.2   87.0   39.7  444.0
2018 175  6 24 0300  -53.7  763.2    8.6   86.0   39.1  444.0
2018 175  6 24 0600  -54.2  761.4    9.2   88.0   38.4  444.0
2018 175  6 24 0900  -54.7  760.4    9.2   85.0   37.6  444.0
2018 175  6 24 1200  -54.4  759.3    9.7   83.0   37.9  444.0
2018 175  6 24 1500  -54.4  758.4    9.7   85.0   38.1  444.0
2018 175  6 24 1800  -54.1  758.3    8.1   84.0   38.4  444.0
2018 175  6 24 2100  -54.3  758.3    8.6   81.0   38.1  444.0
2018 176  6 25 0000  -53.5  759.0    9.0   73.0   38.5  444.0
2018 176  6 25 0300  -53.6  759.6    9.2   75.0   39.0  444.0
2018 176  6 25 0600  -53.8  760.4    9.0   77.0   38.7  444.0
2018 176  6 25 0900  -54.1  761.5    9.1   76.0   38.3  444.0
2018 176  6 25 1200  -54.1  762.8    8.8   76.0   38.2  444.0
2018 176  6 25 1500  -54.0  763.3    8.7   76.0   38.4  444.0
2018 176  6 25 1800  -53.9  763.7    9.2   79.0   38.5  444.0
2018 176  6 25 2100  -53.0  763.4    9.2   84.0   39.5  444.0
2018 177  6 26 0000  -52.3  762.3    9.5   87.0   40.4  444.0
2018 177  6 26 0300  -52.1  760.7   10.3   92.0   40.8  444.0
2018 177  6 26 0600  -53.6  758.9   10.7   94.0   38.8  444.0
2018 177  6 26 0900  -53.5  756.6   12.0   96.0   38.9  444.0
2018 177  6 26 1200  -52.4  755.1   11.6   86.0   40.2  444.0
2018 177  6 26 1500  -51.1  753.5   11.3   89.0   41.7  444.0
2018 177  6 26 1800  -49.8  753.1   11.2   77.0   43.3  444.0
2018 177  6 26 2100  -49.8  753.2   10.6   73.0   43.4  444.0
2018 178  6 27 0000  -49.1  754.5   10.3   76.0   44.2  444.0
2018 178  6 27 0300  -45.5  755.9   10.3   76.0   48.1  444.0
2018 178  6 27 0600  -44.7  757.6    8.4   76.0   49.1  444.0
2018 178  6 27 0900  -44.6  759.1    8.1   83.0   49.3  444.0
2018 178  6 27 1200  -46.0  760.7    8.1   79.0   48.0  444.0
2018 178  6 27 1500  -43.4  762.6    7.2   74.0   50.4  444.0
2018 178  6 27 1800  -41.0  763.2   10.3   70.0   53.6  444.0
2018 178  6 27 2100  -39.0  765.0    9.7   73.0   56.0  444.0
2018 179  6 28 0000  -40.8  766.2    9.2   78.0   54.1  444.0
2018 179  6 28 0300  -43.1  766.1    9.1   84.0   51.6  444.0
2018 179  6 28 0600  -43.0  765.0   11.3   88.0   51.8  444.0
2018 179  6 28 0900  -44.0  764.0   10.7   88.0   50.7  444.0
2018 179  6 28 1200  -44.7  763.7   11.6   87.0   49.8  444.0
2018 179  6 28 1500  -46.8  762.6   11.3   84.0   47.6  444.0
2018 179  6 28 1800  -45.5  761.8    9.7   80.0   48.9  444.0
2018 179  6 28 2100  -45.5  761.6    8.7   84.0   48.8  444.0
2018 180  6 29 0000  -45.1  762.0    9.4   84.0   49.3  444.0
2018 180  6 29 0300  -43.8  762.8    7.3   71.0   50.8  444.0
2018 180  6 29 0600  -43.3  763.5    7.5   70.0   51.4  444.0
2018 180  6 29 0900  -44.5  764.7  444.0  444.0   50.1  444.0
2018 180  6 29 1200  -46.0  765.6  444.0  444.0   48.5  444.0
2018 180  6 29 1500  -48.5  766.4  444.0  444.0   45.6  444.0
2018 180  6 29 1800  -49.3  766.4  444.0  444.0   44.6  444.0
2018 180  6 29 2100  -49.8  766.1  444.0  444.0   44.0  444.0
2018 181  6 30 0000  -50.0  764.7  444.0  444.0   43.7  444.0
2018 181  6 30 0300  -49.7  762.6  444.0  444.0   44.1  444.0
2018 181  6 30 0600  -49.9  760.1  444.0  444.0   43.8  444.0
2018 181  6 30 0900  -49.5  757.7    8.9   73.0   44.3  444.0
2018 181  6 30 1200  -49.0  754.4   12.2   97.0   44.7  444.0
2018 181  6 30 1500  -48.0  751.4   12.6   91.0   46.1  444.0
2018 181  6 30 1800  -49.6  749.9   12.1   87.0   44.2  444.0
2018 181  6 30 2100  -50.4  749.0   12.0   85.0   43.2  444.0
