Year: 2018  Month: 09  ID: BAL  ARGOS:  9116  Name: Baldrick            
Lat: 82.46S  Lon:  13.03W  Elev: 1968m
2018 244  9  1 0000  -50.0  744.5   14.2   72.0   43.2  444.0
2018 244  9  1 0300  -50.8  745.7   11.8   80.0   42.3  444.0
2018 244  9  1 0600  -51.6  745.5   13.5   84.0   41.2  444.0
2018 244  9  1 0900  -51.9  745.0   14.6   83.0   40.8  444.0
2018 244  9  1 1200  -51.6  745.3   13.2   85.0   41.1  444.0
2018 244  9  1 1500  -51.1  743.4   15.6   84.0   41.7  444.0
2018 244  9  1 1800  -49.3  742.8   15.8   76.0   43.8  444.0
2018 244  9  1 2100  -46.3  741.9   15.6   77.0   47.1  444.0
2018 245  9  2 0000  -43.5  741.9   13.9   71.0   50.4  444.0
2018 245  9  2 0300  -40.6  742.8    9.4   58.0   53.8  444.0
2018 245  9  2 0600  -42.8  744.4    5.7   66.0   51.6  444.0
2018 245  9  2 0900  -42.9  745.3    6.2   61.0   51.5  444.0
2018 245  9  2 1200  -46.6  745.8    5.2   64.0   47.5  444.0
2018 245  9  2 1500  -47.3  747.0    4.4   78.0   46.6  444.0
2018 245  9  2 1800  -50.9  747.9    4.5   73.0   42.6  444.0
2018 245  9  2 2100  -51.4  749.0    4.7   64.0   41.8  444.0
2018 246  9  3 0000  -52.4  749.9    4.1   64.0   40.6  444.0
2018 246  9  3 0300  -51.1  750.3    5.8   69.0   42.0  444.0
2018 246  9  3 0600  -47.1  749.9    6.9   73.0   46.5  444.0
2018 246  9  3 0900  -47.5  749.3    7.8   74.0   46.2  444.0
2018 246  9  3 1200  -49.1  749.0    7.1   73.0   44.6  444.0
2018 246  9  3 1500  -49.9  747.9    8.8   75.0   43.5  444.0
2018 246  9  3 1800  -49.4  746.9    8.1   77.0   44.0  444.0
2018 246  9  3 2100  -49.7  745.7    8.9   77.0   43.8  444.0
2018 247  9  4 0000  -50.2  744.5    9.3   82.0   43.2  444.0
2018 247  9  4 0300  -50.7  742.9   10.0   83.0   42.4  444.0
2018 247  9  4 0600  -50.3  741.4    9.3   84.0   43.0  444.0
2018 247  9  4 0900  -52.8  739.6    9.1   99.0   39.9  444.0
2018 247  9  4 1200  -52.7  736.9   11.9   98.0   40.1  444.0
2018 247  9  4 1500  -54.5  735.5   12.5   93.0   37.9  444.0
2018 247  9  4 1800  -53.5  734.7   11.3   86.0   39.1  444.0
2018 247  9  4 2100  -51.4  735.3    7.6   78.0   41.2  444.0
2018 248  9  5 0000  -42.7  736.6    6.9   45.0   50.9  444.0
2018 248  9  5 0300  -35.0  737.8    8.6    9.0   60.3  444.0
2018 248  9  5 0600  -36.0  740.7    7.5    1.0   59.5  444.0
2018 248  9  5 0900  -38.1  743.8    6.9   11.0   57.4  444.0
2018 248  9  5 1200  -36.1  746.3    5.6    1.0   59.8  444.0
2018 248  9  5 1500  -36.9  748.7    6.6   25.0   58.7  444.0
2018 248  9  5 1800  -38.5  750.0    5.7   38.0   57.3  444.0
2018 248  9  5 2100  -39.1  751.8    6.1   47.0   56.6  444.0
2018 249  9  6 0000  -41.4  752.6    6.0   71.0   54.1  444.0
2018 249  9  6 0300  -43.8  752.5    6.0   89.0   51.2  444.0
2018 249  9  6 0600  -45.0  751.5    8.0   77.0   50.0  444.0
2018 249  9  6 0900  -46.7  750.6    9.5   83.0   48.1  444.0
2018 249  9  6 1200  -46.9  749.7    9.4   79.0   47.7  444.0
2018 249  9  6 1500  -47.2  748.7    9.9   87.0   47.3  444.0
2018 249  9  6 1800  -47.1  747.1   10.9   85.0   47.4  444.0
2018 249  9  6 2100  -47.0  745.9    9.8   88.0   47.4  444.0
2018 250  9  7 0000  -47.8  745.0    9.6   80.0   46.7  444.0
2018 250  9  7 0300  -48.8  744.5    9.0   83.0   45.5  444.0
2018 250  9  7 0600  -49.8  744.3    7.6   83.0   44.2  444.0
2018 250  9  7 0900  -47.1  744.6    6.3   81.0   47.0  444.0
2018 250  9  7 1200  -47.4  744.1    7.0   81.0   46.7  444.0
2018 250  9  7 1500  -43.0  744.8    6.3   76.0   51.9  444.0
2018 250  9  7 1800  -46.8  745.0    6.7   79.0   47.6  444.0
2018 250  9  7 2100  -48.8  745.8    6.7   82.0   45.5  444.0
2018 251  9  8 0000  -47.9  746.3    6.8   78.0   46.2  444.0
2018 251  9  8 0300  -48.4  746.6    8.1   77.0   45.6  444.0
2018 251  9  8 0600  -47.9  746.9    8.2   82.0   46.3  444.0
2018 251  9  8 0900  -48.1  747.0    7.0   85.0   46.0  444.0
2018 251  9  8 1200  -47.8  747.2    6.2   83.0   46.4  444.0
2018 251  9  8 1500  -45.8  747.5    6.4   73.0   48.3  444.0
2018 251  9  8 1800  -45.4  747.8    6.1   77.0   49.0  444.0
2018 251  9  8 2100  -46.2  747.8    6.9   85.0   48.2  444.0
2018 252  9  9 0000  -45.8  747.3    6.8   92.0   48.4  444.0
2018 252  9  9 0300  -48.6  746.7    6.4   87.0   45.4  444.0
2018 252  9  9 0600  -49.4  746.9    6.1   98.0   44.4  444.0
2018 252  9  9 0900  -49.5  747.1    6.7   91.0   44.3  444.0
2018 252  9  9 1200  -50.3  747.3    6.1   92.0   43.4  444.0
2018 252  9  9 1500  -51.9  748.2    5.7  100.0   41.7  444.0
2018 252  9  9 1800  -54.1  749.2    4.9   92.0   39.0  444.0
2018 252  9  9 2100  -54.4  750.1    6.0   94.0   38.2  444.0
2018 253  9 10 0000  -55.5  750.7    7.4   86.0   36.3  444.0
2018 253  9 10 0300  -56.2  750.9    5.8   90.0   35.5  444.0
2018 253  9 10 0600  -56.8  751.3    6.0   90.0   35.0  444.0
2018 253  9 10 0900  -56.1  750.9    6.8   91.0   35.5  444.0
2018 253  9 10 1200  -56.3  750.5    8.4   95.0   35.3  444.0
2018 253  9 10 1500  -56.0  750.2    8.2   90.0   35.6  444.0
2018 253  9 10 1800  -57.2  750.0    7.7   90.0   34.6  444.0
2018 253  9 10 2100  -57.1  749.8    8.2   90.0   34.6  444.0
2018 254  9 11 0000  -58.2  749.4    7.6   89.0   33.6  444.0
2018 254  9 11 0300  -58.1  749.0    7.1   94.0   33.6  444.0
2018 254  9 11 0600  -58.6  748.4    7.3   91.0   33.2  444.0
2018 254  9 11 0900  -58.5  748.2    8.0   86.0   33.3  444.0
2018 254  9 11 1200  -58.2  747.9    8.5   92.0   33.5  444.0
2018 254  9 11 1500  -58.0  748.0    8.9   88.0   33.7  444.0
2018 254  9 11 1800  -57.2  748.2    8.6   85.0   34.2  444.0
2018 254  9 11 2100  -57.0  748.4    8.4   86.0   34.4  444.0
2018 255  9 12 0000  -56.5  748.8    9.6   80.0   34.9  444.0
2018 255  9 12 0300  -56.5  749.2    9.5   84.0   34.8  444.0
2018 255  9 12 0600  -55.9  749.6    9.4   83.0   35.4  444.0
2018 255  9 12 0900  -56.1  750.4    9.2   85.0   35.1  444.0
2018 255  9 12 1200  -56.0  750.9    9.7   80.0   35.2  444.0
2018 255  9 12 1500  -55.6  751.5    9.4   78.0   35.5  444.0
2018 255  9 12 1800  -54.4  752.3    7.7   79.0   37.1  444.0
2018 255  9 12 2100  -53.3  752.9    6.6   79.0   38.9  444.0
2018 256  9 13 0000  -54.2  753.4    6.4   80.0   37.8  444.0
2018 256  9 13 0300  -54.4  753.4    6.8   81.0   37.3  444.0
2018 256  9 13 0600  -54.4  753.4    7.1   78.0   37.2  444.0
2018 256  9 13 0900  -54.1  753.6    7.1   84.0   37.8  444.0
2018 256  9 13 1200  -53.5  753.2    7.2   85.0   38.7  444.0
2018 256  9 13 1500  -53.6  753.1    7.7   84.0   38.5  444.0
2018 256  9 13 1800  -54.2  753.4    6.7   84.0   37.5  444.0
2018 256  9 13 2100  -53.8  753.7    6.8   81.0   38.3  444.0
2018 257  9 14 0000  -51.9  753.9    6.2   72.0   40.2  444.0
2018 257  9 14 0300  -47.9  754.0    4.7   69.0   44.7  444.0
2018 257  9 14 0600  -46.2  754.3    6.3   65.0   47.0  444.0
2018 257  9 14 0900  -42.1  754.8    6.2   55.0   51.8  444.0
2018 257  9 14 1200  -42.0  755.0    5.0   47.0   51.9  444.0
2018 257  9 14 1500  -40.6  755.4    5.2   47.0   53.7  444.0
2018 257  9 14 1800  -41.7  755.2    6.7   56.0   52.6  444.0
2018 257  9 14 2100  -40.0  754.9    6.4   54.0   54.5  444.0
2018 258  9 15 0000  -39.0  754.2    8.1   61.0   55.9  444.0
2018 258  9 15 0300  -36.9  753.8    7.7   68.0   58.3  444.0
2018 258  9 15 0600  -35.4  753.1    9.2   63.0   60.3  444.0
2018 258  9 15 0900  -35.1  752.6    7.1   69.0   60.8  444.0
2018 258  9 15 1200  -32.5  753.0    5.8   58.0   63.7  444.0
2018 258  9 15 1500  -30.4  753.7    6.3   47.0   66.3  444.0
2018 258  9 15 1800  -32.1  754.1    6.2   51.0   64.8  444.0
2018 258  9 15 2100  -33.3  754.5    5.6   57.0   63.7  444.0
2018 259  9 16 0000  -32.9  755.4    6.4   52.0   64.0  444.0
2018 259  9 16 0300  -34.5  755.8    6.9   54.0   62.4  444.0
2018 259  9 16 0600  -40.8  756.5    6.2   78.0   55.5  444.0
2018 259  9 16 0900  -42.8  756.8    6.7   78.0   53.0  444.0
2018 259  9 16 1200  -42.5  756.5    6.7   85.0   53.2  444.0
2018 259  9 16 1500  -43.4  756.5    6.6   83.0   52.2  444.0
2018 259  9 16 1800  -43.8  756.4    6.7   88.0   51.6  444.0
2018 259  9 16 2100  -44.6  755.9    6.3   88.0   50.8  444.0
2018 260  9 17 0000  -45.8  755.5    6.6   89.0   49.5  444.0
2018 260  9 17 0300  -46.1  754.4    8.9   90.0   49.0  444.0
2018 260  9 17 0600  -46.3  753.1    9.4   88.0   48.7  444.0
2018 260  9 17 0900  -45.2  752.0    9.5   77.0   49.7  444.0
2018 260  9 17 1200  -44.1  751.1    9.4   83.0   51.0  444.0
2018 260  9 17 1500  -44.3  750.6    8.8   80.0   50.7  444.0
2018 260  9 17 1800  -44.9  749.9    9.4   75.0   50.2  444.0
2018 260  9 17 2100  -44.6  749.5   10.0   73.0   50.3  444.0
2018 261  9 18 0000  -46.5  749.2   10.3   73.0   48.3  444.0
2018 261  9 18 0300  -47.7  748.9   10.0   76.0   46.9  444.0
2018 261  9 18 0600  -47.9  748.9    8.9   80.0   46.5  444.0
2018 261  9 18 0900  -45.4  749.6    8.7   74.0   49.1  444.0
2018 261  9 18 1200  -42.3  750.4    8.1   74.0   52.5  444.0
2018 261  9 18 1500  -43.9  750.8    9.2   77.0   51.1  444.0
2018 261  9 18 1800  -47.4  751.5    8.4   76.0   47.4  444.0
2018 261  9 18 2100  -48.3  752.2    8.9   77.0   46.1  444.0
2018 262  9 19 0000  -48.9  752.6    8.5   89.0   45.5  444.0
2018 262  9 19 0300  -50.8  752.3   10.1   93.0   43.4  444.0
2018 262  9 19 0600  -50.3  752.7    8.9   86.0   43.6  444.0
2018 262  9 19 0900  -50.3  753.1    8.9   89.0   43.7  444.0
2018 262  9 19 1200  -49.4  754.3    8.6   82.0   44.6  444.0
2018 262  9 19 1500  -49.8  755.6    7.5   80.0   44.2  444.0
2018 262  9 19 1800  -50.8  757.1    6.7   77.0   43.0  444.0
2018 262  9 19 2100  -50.7  758.7    7.8   77.0   43.2  444.0
2018 263  9 20 0000  -50.3  760.1    8.3   76.0   43.5  444.0
2018 263  9 20 0300  -50.1  761.5    8.9   76.0   43.8  444.0
2018 263  9 20 0600  -50.2  762.6    9.6   77.0   43.5  444.0
2018 263  9 20 0900  -48.7  762.8    9.3   76.0   45.1  444.0
2018 263  9 20 1200  -47.8  762.8   10.8   82.0   46.1  444.0
2018 263  9 20 1500  -47.1  762.6   11.2   78.0   47.0  444.0
2018 263  9 20 1800  -46.5  762.9   10.4   76.0   47.7  444.0
2018 263  9 20 2100  -46.1  762.8   10.4   80.0   48.1  444.0
2018 264  9 21 0000  -45.8  763.3   11.7   82.0   48.4  444.0
2018 264  9 21 0300  -46.3  763.7   10.8   90.0   48.0  444.0
2018 264  9 21 0600  -49.2  763.6    9.6   85.0   44.8  444.0
2018 264  9 21 0900  -48.3  762.6    8.4   90.0   45.4  444.0
2018 264  9 21 1200  -47.3  761.9    9.1   85.0   46.8  444.0
2018 264  9 21 1500  -47.5  760.9   10.5   86.0   46.5  444.0
2018 264  9 21 1800  -47.5  760.3    8.3   85.0   46.5  444.0
2018 264  9 21 2100  -46.8  759.6    8.3   77.0   47.2  444.0
2018 265  9 22 0000  -46.0  759.2    8.8   71.0   48.1  444.0
2018 265  9 22 0300  -45.3  758.9    8.6   72.0   48.9  444.0
2018 265  9 22 0600  -43.0  758.2    9.5   66.0   51.1  444.0
2018 265  9 22 0900  -39.8  757.6   10.1   61.0   54.9  444.0
2018 265  9 22 1200  -38.7  756.8   10.7   62.0   56.4  444.0
2018 265  9 22 1500  -36.6  756.0    9.0   57.0   58.9  444.0
2018 265  9 22 1800  -37.0  755.4    7.7   57.0   58.7  444.0
2018 265  9 22 2100  -37.6  755.2    7.4   56.0   58.1  444.0
2018 266  9 23 0000  -39.6  754.8    7.5   63.0   56.1  444.0
2018 266  9 23 0300  -42.2  755.0    7.4   75.0   53.2  444.0
2018 266  9 23 0600  -44.3  754.6    7.0   76.0   50.6  444.0
2018 266  9 23 0900  -44.6  754.2    7.4   76.0   50.3  444.0
2018 266  9 23 1200  -43.2  754.2    7.8   77.0   51.7  444.0
2018 266  9 23 1500  -43.1  754.0    7.3   79.0   52.0  444.0
2018 266  9 23 1800  -43.4  754.3    6.0   75.0   51.6  444.0
2018 266  9 23 2100  -43.8  754.5    4.8   72.0   51.1  444.0
2018 267  9 24 0000  -43.6  755.4    5.7   56.0   51.3  444.0
2018 267  9 24 0300  -45.5  755.3    5.6   62.0   49.5  444.0
2018 267  9 24 0600  -49.7  755.5    5.8   78.0   44.7  444.0
2018 267  9 24 0900  -49.2  755.5    7.1   77.0   44.8  444.0
2018 267  9 24 1200  -48.6  755.5    7.0   79.0   45.6  444.0
2018 267  9 24 1500  -48.2  755.4    7.3   84.0   46.1  444.0
2018 267  9 24 1800  -49.0  755.1    6.9   85.0   45.2  444.0
2018 267  9 24 2100  -50.4  755.0    6.6   80.0   43.5  444.0
2018 268  9 25 0000  -51.0  755.1    6.5   77.0   42.8  444.0
2018 268  9 25 0300  -51.2  754.1    7.2   86.0   42.4  444.0
2018 268  9 25 0600  -52.7  753.9    7.0   90.0   40.7  444.0
2018 268  9 25 0900  -51.7  753.5    6.6   84.0   41.3  444.0
2018 268  9 25 1200  -50.8  752.9    5.0   87.0   42.9  444.0
2018 268  9 25 1500  -50.9  752.4    5.2   83.0   42.7  444.0
2018 268  9 25 1800  -51.9  752.1    5.8   90.0   41.7  444.0
2018 268  9 25 2100  -53.7  752.1    6.6   88.0   39.3  444.0
2018 269  9 26 0000  -54.4  751.6    8.1   86.0   38.3  444.0
2018 269  9 26 0300  -54.5  751.5    8.1   93.0   38.1  444.0
2018 269  9 26 0600  -55.3  751.9    7.4   82.0   36.7  444.0
2018 269  9 26 0900  -55.7  752.1    7.4   88.0   36.1  444.0
2018 269  9 26 1200  -55.6  752.3    7.5   86.0   36.2  444.0
2018 269  9 26 1500  -54.8  752.5    7.5   81.0   37.8  444.0
2018 269  9 26 1800  -55.3  753.0    6.7   75.0   36.6  444.0
2018 269  9 26 2100  -56.1  753.8    7.4   74.0   35.5  444.0
2018 270  9 27 0000  -55.2  754.3    7.2   79.0   36.3  444.0
2018 270  9 27 0300  -55.1  755.2    8.2   76.0   36.6  444.0
2018 270  9 27 0600  -55.4  756.2    8.6   79.0   36.1  444.0
2018 270  9 27 0900  -54.3  757.5    8.6   77.0   37.8  444.0
2018 270  9 27 1200  -53.3  758.4    8.5   80.0   39.3  444.0
2018 270  9 27 1500  -52.1  759.1    8.2   79.0   40.7  444.0
2018 270  9 27 1800  -53.2  759.5    8.4   79.0   39.6  444.0
2018 270  9 27 2100  -54.2  760.1    7.8   84.0   38.3  444.0
2018 271  9 28 0000  -54.6  760.3    7.3   86.0   37.5  444.0
2018 271  9 28 0300  -54.3  759.7    8.0   79.0   38.0  444.0
2018 271  9 28 0600  -54.2  759.5    9.1   84.0   37.9  444.0
2018 271  9 28 0900  -52.8  759.3    8.9   87.0   39.5  444.0
2018 271  9 28 1200  -52.4  759.1    9.1   89.0   40.3  444.0
2018 271  9 28 1500  -51.5  758.5    9.9   92.0   41.5  444.0
2018 271  9 28 1800  -52.0  758.4    9.9   91.0   40.8  444.0
2018 271  9 28 2100  -52.4  757.9    9.7   95.0   40.2  444.0
2018 272  9 29 0000  -52.7  757.2   10.2   94.0   39.9  444.0
2018 272  9 29 0300  -51.2  756.6   10.5   96.0   41.6  444.0
2018 272  9 29 0600  -50.8  755.6   12.4   96.0   42.0  444.0
2018 272  9 29 0900  -49.7  754.7   13.3  100.0   43.4  444.0
2018 272  9 29 1200  -48.6  754.7   13.2  106.0   44.6  444.0
2018 272  9 29 1500  -47.1  752.9   13.8  101.0   46.1  444.0
2018 272  9 29 1800  -46.2  751.3   12.8  101.0   47.3  444.0
2018 272  9 29 2100  -48.0  750.9   13.5  105.0   45.5  444.0
2018 273  9 30 0000  -47.9  749.8   12.3   98.0   45.6  444.0
2018 273  9 30 0300  -49.0  748.8   14.9  101.0   44.5  444.0
2018 273  9 30 0600  -49.3  748.0   16.1  100.0   44.0  444.0
2018 273  9 30 0900  -48.6  748.7   15.4   98.0   44.8  444.0
2018 273  9 30 1200  -48.0  749.5   14.0   97.0   45.4  444.0
2018 273  9 30 1500  -47.5  750.4   13.3  101.0   46.0  444.0
2018 273  9 30 1800  -47.8  750.6   13.3   96.0   45.8  444.0
2018 273  9 30 2100  -49.0  751.7   12.9  103.0   44.5  444.0
