Year: 2018  Month: 04  ID: BAL  ARGOS:  9116  Name: Baldrick            
Lat: 82.46S  Lon:  13.03W  Elev: 1968m
2018  91  4  1 0000  -27.6  770.9   10.6   71.0   70.4  444.0
2018  91  4  1 0300  -27.0  770.7    6.3   72.0   71.0  444.0
2018  91  4  1 0600  -27.6  770.5    5.0   71.0   70.4  444.0
2018  91  4  1 0900  -31.3  770.6    4.5   85.0   66.5  444.0
2018  91  4  1 1200  -36.0  771.2    4.6  102.0   61.3  444.0
2018  91  4  1 1500  -38.4  771.6    6.4   98.0   58.4  444.0
2018  91  4  1 1800  -41.0  772.3    6.5   98.0   55.6  444.0
2018  91  4  1 2100  -43.0  772.8    8.1  100.0   53.3  444.0
2018  92  4  2 0000  -44.4  773.2    7.5  101.0   51.7  444.0
2018  92  4  2 0300  -45.6  772.7    7.4  101.0   50.1  444.0
2018  92  4  2 0600  -46.8  772.6    8.8   98.0   48.8  444.0
2018  92  4  2 0900  -47.2  772.0    8.6   89.0   48.2  444.0
2018  92  4  2 1200  -47.0  771.4    9.2   91.0   48.4  444.0
2018  92  4  2 1500  -46.1  770.5    8.4   98.0   49.1  444.0
2018  92  4  2 1800  -47.2  769.8    8.8   91.0   47.9  444.0
2018  92  4  2 2100  -47.1  768.7    9.2   97.0   48.0  444.0
2018  93  4  3 0000  -47.4  768.2    8.9   89.0   47.7  444.0
2018  93  4  3 0300  -47.4  767.4    9.3   95.0   47.5  444.0
2018  93  4  3 0600  -47.5  767.1    9.1   89.0   47.6  444.0
2018  93  4  3 0900  -46.9  767.0    8.8   92.0   48.0  444.0
2018  93  4  3 1200  -43.4  767.0    9.0   90.0   51.9  444.0
2018  93  4  3 1500  -42.2  767.0   10.1   84.0   53.3  444.0
2018  93  4  3 1800  -43.9  767.3    9.7   87.0   51.5  444.0
2018  93  4  3 2100  -44.1  767.7    9.3   84.0   51.1  444.0
2018  94  4  4 0000  -44.3  768.2    9.6   84.0   50.8  444.0
2018  94  4  4 0300  -43.9  768.9    8.0   84.0   51.3  444.0
2018  94  4  4 0600  -44.4  769.7    6.5   90.0   50.9  444.0
2018  94  4  4 0900  -44.7  771.1    6.1   91.0   50.4  444.0
2018  94  4  4 1200  -39.1  772.4    5.4   76.0   56.5  444.0
2018  94  4  4 1500  -32.5  773.5    6.2   76.0   64.1  444.0
2018  94  4  4 1800  -29.5  774.6    7.1   68.0   67.6  444.0
2018  94  4  4 2100  -29.0  775.6    7.5   68.0   68.4  444.0
2018  95  4  5 0000  -30.1  776.5    7.1   79.0   67.3  444.0
2018  95  4  5 0300  -30.8  776.9    7.7   85.0   66.8  444.0
2018  95  4  5 0600  -34.7  776.7    7.4   87.0   62.4  444.0
2018  95  4  5 0900  -36.4  776.3    8.2   81.0   60.6  444.0
2018  95  4  5 1200  -37.0  775.9    8.7   82.0   59.8  444.0
2018  95  4  5 1500  -37.0  775.5    9.1   80.0   59.8  444.0
2018  95  4  5 1800  -36.2  775.1    9.0   79.0   60.6  444.0
2018  95  4  5 2100  -34.4  774.6   11.0   76.0   62.7  444.0
2018  96  4  6 0000  -37.4  774.2   10.8   90.0   59.7  444.0
2018  96  4  6 0300  -40.9  772.7   10.9   90.0   55.4  444.0
2018  96  4  6 0600  -40.6  771.4    8.9   85.0   55.5  444.0
2018  96  4  6 0900  -40.0  769.8   10.0   89.0   56.2  444.0
2018  96  4  6 1200  -39.3  768.4   10.4   89.0   56.9  444.0
2018  96  4  6 1500  -38.9  766.8   11.5   80.0   57.4  444.0
2018  96  4  6 1800  -38.4  765.8   11.5   83.0   57.9  444.0
2018  96  4  6 2100  -38.5  765.2   11.7   88.0   57.8  444.0
2018  97  4  7 0000  -38.4  764.9   12.1   93.0   57.8  444.0
2018  97  4  7 0300  -41.3  764.6   12.3   94.0   54.7  444.0
2018  97  4  7 0600  -41.9  764.2   12.0   94.0   53.9  444.0
2018  97  4  7 0900  -43.6  764.1   11.8   91.0   51.9  444.0
2018  97  4  7 1200  -44.4  763.8   12.8   96.0   51.1  444.0
2018  97  4  7 1500  -45.1  764.8   10.7   94.0   50.2  444.0
2018  97  4  7 1800  -45.1  765.7    9.7   89.0   50.1  444.0
2018  97  4  7 2100  -43.7  766.3    9.3   96.0   51.6  444.0
2018  98  4  8 0000  -43.9  766.5    8.6  103.0   51.4  444.0
2018  98  4  8 0300  -43.9  766.1    8.3   92.0   51.3  444.0
2018  98  4  8 0600  -42.7  765.9    9.5   98.0   52.7  444.0
2018  98  4  8 0900  -43.5  765.7   10.6   97.0   51.7  444.0
2018  98  4  8 1200  -48.2  765.2   11.0   96.0   46.7  444.0
2018  98  4  8 1500  -49.9  764.1   11.2   97.0   44.6  444.0
2018  98  4  8 1800  -51.7  763.0   11.6   96.0   42.4  444.0
2018  98  4  8 2100  -51.8  761.8   11.3   98.0   42.2  444.0
2018  99  4  9 0000  -51.7  760.8   11.9   96.0   42.3  444.0
2018  99  4  9 0300  -52.3  760.4   12.0   96.0   41.5  444.0
2018  99  4  9 0600  -53.3  760.0   12.3   99.0   40.3  444.0
2018  99  4  9 0900  -53.5  760.4   10.9   95.0   40.0  444.0
2018  99  4  9 1200  -54.3  759.7   13.9  100.0   39.0  444.0
2018  99  4  9 1500  -55.1  760.0   11.2   96.0   38.0  444.0
2018  99  4  9 1800  -55.3  760.2   10.0   89.0   37.2  444.0
2018  99  4  9 2100  -55.8  759.9    8.8   94.0   36.4  444.0
2018 100  4 10 0000  -56.1  760.0    8.3   93.0   35.9  444.0
2018 100  4 10 0300  -56.9  759.6    8.0   99.0   35.2  444.0
2018 100  4 10 0600  -58.1  759.1    6.2   94.0   34.2  444.0
2018 100  4 10 0900  -59.6  758.5    6.4   96.0   32.8  444.0
2018 100  4 10 1200  -60.9  757.9    5.1   92.0   31.8  444.0
2018 100  4 10 1500  -61.4  757.1    4.2  104.0   31.2  444.0
2018 100  4 10 1800  -60.5  756.6    4.6   92.0   31.9  444.0
2018 100  4 10 2100  -60.9  756.4    4.7  110.0   31.7  444.0
2018 101  4 11 0000  -60.0  756.2    6.3   92.0   32.2  444.0
2018 101  4 11 0300  -56.5  757.4    8.2   95.0   35.0  444.0
2018 101  4 11 0600  -53.6  758.7   11.3   95.0   39.1  444.0
2018 101  4 11 0900  -53.9  760.0    9.2   97.0   38.8  444.0
2018 101  4 11 1200  -55.3  759.9    8.7   94.0   36.5  444.0
2018 101  4 11 1500  -56.7  759.1    9.6   96.0   35.1  444.0
2018 101  4 11 1800  -56.4  758.7    7.9   86.0   35.3  444.0
2018 101  4 11 2100  -56.5  758.0    7.5   83.0   35.2  444.0
2018 102  4 12 0000  -57.0  757.1    7.6   84.0   34.8  444.0
2018 102  4 12 0300  -56.8  755.5    7.3   87.0   34.8  444.0
2018 102  4 12 0600  -57.1  754.1    6.7   84.0   34.6  444.0
2018 102  4 12 0900  -58.1  752.5    7.5   87.0   33.7  444.0
2018 102  4 12 1200  -58.5  750.6    8.6   88.0   33.3  444.0
2018 102  4 12 1500  -58.6  749.3    8.0   87.0   33.2  444.0
2018 102  4 12 1800  -58.8  748.5    7.5   83.0   33.0  444.0
2018 102  4 12 2100  -58.5  747.9    7.1   77.0   33.2  444.0
2018 103  4 13 0000  -57.9  748.2    6.5   76.0   33.7  444.0
2018 103  4 13 0300  -56.3  748.9    6.8   63.0   35.1  444.0
2018 103  4 13 0600  -55.2  750.3    7.2   66.0   36.1  444.0
2018 103  4 13 0900  -53.9  752.2    7.7   62.0   38.4  444.0
2018 103  4 13 1200  -52.7  754.8    8.5   58.0   39.8  444.0
2018 103  4 13 1500  -51.9  757.1    8.0   68.0   40.8  444.0
2018 103  4 13 1800  -49.9  759.2    8.3   72.0   43.2  444.0
2018 103  4 13 2100  -48.6  760.5    7.5   74.0   44.6  444.0
2018 104  4 14 0000  -48.5  761.1    9.6   83.0   44.9  444.0
2018 104  4 14 0300  -48.6  761.1    9.4   78.0   44.8  444.0
2018 104  4 14 0600  -48.6  761.2    9.3   78.0   45.0  444.0
2018 104  4 14 0900  -48.4  760.9    9.3   91.0   45.1  444.0
2018 104  4 14 1200  -50.3  760.4    8.8   96.0   43.0  444.0
2018 104  4 14 1500  -49.3  759.2    8.4   93.0   44.1  444.0
2018 104  4 14 1800  -50.5  759.2    8.4   95.0   42.8  444.0
2018 104  4 14 2100  -50.1  759.5    8.7   90.0   43.2  444.0
2018 105  4 15 0000  -50.2  760.3    8.1   88.0   43.1  444.0
2018 105  4 15 0300  -50.9  761.2    6.8   86.0   42.2  444.0
2018 105  4 15 0600  -51.6  762.3    5.9   79.0   41.4  444.0
2018 105  4 15 0900  -52.2  763.2    6.2   82.0   40.8  444.0
2018 105  4 15 1200  -50.5  764.4    6.5   71.0   42.6  444.0
2018 105  4 15 1500  -49.6  765.2    6.2   72.0   43.7  444.0
2018 105  4 15 1800  -48.9  766.1    6.8   73.0   44.5  444.0
2018 105  4 15 2100  -47.5  766.5    6.9   80.0   46.1  444.0
2018 106  4 16 0000  -45.9  766.7    8.4   81.0   47.8  444.0
2018 106  4 16 0300  -45.1  766.3    9.9   80.0   48.8  444.0
2018 106  4 16 0600  -42.9  765.7    9.8   79.0   51.4  444.0
2018 106  4 16 0900  -40.8  764.8   11.0   74.0   53.9  444.0
2018 106  4 16 1200  -39.4  764.4   11.1   77.0   55.5  444.0
2018 106  4 16 1500  -38.6  762.5   11.6   80.0   56.7  444.0
2018 106  4 16 1800  -36.3  761.7   11.6   78.0   59.3  444.0
2018 106  4 16 2100  -36.5  760.1   12.4   82.0   59.2  444.0
2018 107  4 17 0000  -33.6  758.7   12.2   76.0   62.7  444.0
2018 107  4 17 0300  -33.0  757.4   12.1   78.0   63.5  444.0
2018 107  4 17 0600  -31.9  756.7   11.7   74.0   64.9  444.0
2018 107  4 17 0900  -30.1  756.0   10.6   74.0   67.0  444.0
2018 107  4 17 1200  -28.1  756.0    8.3   69.0   69.3  444.0
2018 107  4 17 1500  -25.6  755.4    7.7   59.0   72.2  444.0
2018 107  4 17 1800  -22.5  755.2    8.6   36.0   75.5  444.0
2018 107  4 17 2100  -22.1  755.5    7.5    5.0   76.0  444.0
2018 108  4 18 0000  -24.1  758.1    6.7  328.0   74.0  444.0
2018 108  4 18 0300  -25.8  761.2    3.9  341.0   72.2  444.0
2018 108  4 18 0600  -25.3  763.6    3.3  351.0   72.9  444.0
2018 108  4 18 0900  -24.2  765.8    3.1  344.0   74.0  444.0
2018 108  4 18 1200  -24.2  767.4    3.2  348.0   74.0  444.0
2018 108  4 18 1500  -24.0  768.8    1.7  352.0   74.2  444.0
2018 108  4 18 1800  -24.8  770.0    0.3  326.0   73.5  444.0
2018 108  4 18 2100  -28.1  770.7  444.0  444.0   70.0  444.0
2018 109  4 19 0000  -29.5  771.0  444.0  444.0   68.5  444.0
2018 109  4 19 0300  -41.8  771.0    4.8  125.0   55.3  444.0
2018 109  4 19 0600  -43.5  770.3    4.6  108.0   53.1  444.0
2018 109  4 19 0900  -42.6  770.3    5.5  107.0   53.8  444.0
2018 109  4 19 1200  -45.4  769.6    4.0   90.0   50.6  444.0
2018 109  4 19 1500  -46.5  768.9    5.0  103.0   49.4  444.0
2018 109  4 19 1800  -46.1  768.2    5.5   99.0   49.5  444.0
2018 109  4 19 2100  -46.2  767.9    5.7   98.0   49.4  444.0
2018 110  4 20 0000  -46.3  768.0    7.4  101.0   49.1  444.0
2018 110  4 20 0300  -47.2  767.7    7.0   93.0   48.1  444.0
2018 110  4 20 0600  -47.5  767.8    8.0   94.0   47.6  444.0
2018 110  4 20 0900  -48.6  767.5    8.4   96.0   46.4  444.0
2018 110  4 20 1200  -48.3  767.1    9.1   96.0   46.6  444.0
2018 110  4 20 1500  -49.4  767.0    9.0   93.0   45.4  444.0
2018 110  4 20 1800  -49.8  766.5    9.2   97.0   44.9  444.0
2018 110  4 20 2100  -50.1  766.2    8.9   93.0   44.5  444.0
2018 111  4 21 0000  -49.9  765.4    9.6   92.0   44.6  444.0
2018 111  4 21 0300  -50.7  764.6    9.7   90.0   43.7  444.0
2018 111  4 21 0600  -51.0  764.0    9.7   88.0   43.3  444.0
2018 111  4 21 0900  -50.9  763.6    8.8   85.0   43.3  444.0
2018 111  4 21 1200  -50.3  763.6    8.3   84.0   44.0  444.0
2018 111  4 21 1500  -49.2  763.7    9.0   80.0   45.2  444.0
2018 111  4 21 1800  -48.2  763.9    8.5   78.0   46.3  444.0
2018 111  4 21 2100  -45.4  763.8    8.0   78.0   49.4  444.0
2018 112  4 22 0000  -42.6  763.9    9.3   69.0   52.5  444.0
2018 112  4 22 0300  -42.1  764.6    7.4   66.0   53.2  444.0
2018 112  4 22 0600  -42.0  764.1    6.3   79.0   53.3  444.0
2018 112  4 22 0900  -44.5  763.9    6.8   79.0   50.6  444.0
2018 112  4 22 1200  -43.1  763.5    5.9   77.0   52.3  444.0
2018 112  4 22 1500  -41.9  762.9    5.5   80.0   53.3  444.0
2018 112  4 22 1800  -41.5  762.7    5.4   71.0   53.9  444.0
2018 112  4 22 2100  -42.4  762.6    4.5   72.0   52.9  444.0
2018 113  4 23 0000  -44.8  762.7    4.9   73.0   50.2  444.0
2018 113  4 23 0300  -46.5  762.7    5.2   82.0   48.4  444.0
2018 113  4 23 0600  -46.7  762.6    5.1   84.0   48.3  444.0
2018 113  4 23 0900  -43.5  762.8    5.9   64.0   52.0  444.0
2018 113  4 23 1200  -41.7  763.0    5.4   77.0   53.6  444.0
2018 113  4 23 1500  -37.5  762.8    7.8   91.0   58.5  444.0
2018 113  4 23 1800  -38.4  762.4    6.3   97.0   57.5  444.0
2018 113  4 23 2100  -38.8  761.2    7.8   89.0   57.2  444.0
2018 114  4 24 0000  -37.8  760.1    6.8   90.0   58.0  444.0
2018 114  4 24 0300  -38.3  758.9    5.6   93.0   57.8  444.0
2018 114  4 24 0600  -40.9  758.1    5.0   82.0   54.8  444.0
2018 114  4 24 0900  -39.9  757.6    5.3   69.0   56.0  444.0
2018 114  4 24 1200  -39.2  757.5    4.6   68.0   57.1  444.0
2018 114  4 24 1500  -37.1  757.5    6.0   58.0   59.2  444.0
2018 114  4 24 1800  -37.7  757.5    5.3   69.0   58.6  444.0
2018 114  4 24 2100  -36.3  758.1    5.1   73.0   60.2  444.0
2018 115  4 25 0000  -35.9  758.8    6.2   60.0   60.6  444.0
2018 115  4 25 0300  -37.0  758.7    7.6   67.0   59.3  444.0
2018 115  4 25 0600  -36.9  759.3    7.2   67.0   59.6  444.0
2018 115  4 25 0900  -36.0  759.8    6.7   69.0   60.5  444.0
2018 115  4 25 1200  -36.3  760.3    6.7   63.0   60.2  444.0
2018 115  4 25 1500  -36.6  760.5    5.9   72.0   59.7  444.0
2018 115  4 25 1800  -39.3  760.6    5.7   68.0   56.7  444.0
2018 115  4 25 2100  -38.7  760.5    6.7   70.0   57.4  444.0
2018 116  4 26 0000  -40.0  760.2    5.5   85.0   55.7  444.0
2018 116  4 26 0300  -46.6  759.5    5.7   85.0   48.7  444.0
2018 116  4 26 0600  -48.6  758.8    5.8   94.0   46.4  444.0
2018 116  4 26 0900  -48.1  757.8    6.9   88.0   47.1  444.0
2018 116  4 26 1200  -48.9  757.0    6.3   87.0   45.9  444.0
2018 116  4 26 1500  -51.4  755.7    7.2   91.0   43.0  444.0
2018 116  4 26 1800  -52.2  754.8    7.7   89.0   42.0  444.0
2018 116  4 26 2100  -51.4  754.0    7.6   84.0   42.9  444.0
2018 117  4 27 0000  -52.2  754.1    6.5   82.0   41.9  444.0
2018 117  4 27 0300  -52.6  754.3    6.1   82.0   41.3  444.0
2018 117  4 27 0600  -52.5  754.9    5.6   76.0   41.5  444.0
2018 117  4 27 0900  -52.4  755.4    5.2   81.0   41.3  444.0
2018 117  4 27 1200  -51.4  756.1    5.0   63.0   42.6  444.0
2018 117  4 27 1500  -47.5  756.6    4.6   72.0   47.1  444.0
2018 117  4 27 1800  -47.2  757.1    3.8   62.0   47.1  444.0
2018 117  4 27 2100  -45.4  757.4    3.5   65.0   49.1  444.0
2018 118  4 28 0000  -46.0  757.6    3.3   73.0   48.5  444.0
2018 118  4 28 0300  -47.6  757.4    5.0   71.0   46.7  444.0
2018 118  4 28 0600  -47.3  757.0    5.2   79.0   47.0  444.0
2018 118  4 28 0900  -46.3  756.9    5.5   83.0   48.1  444.0
2018 118  4 28 1200  -43.5  756.5    6.6   60.0   52.5  444.0
2018 118  4 28 1500  -45.4  756.0    7.0   82.0   49.1  444.0
2018 118  4 28 1800  -46.6  756.3    6.8   78.0   47.9  444.0
2018 118  4 28 2100  -45.4  756.3    7.3   75.0   49.2  444.0
2018 119  4 29 0000  -43.9  756.3    7.5   69.0   50.8  444.0
2018 119  4 29 0300  -43.3  756.8    6.5   68.0   51.7  444.0
2018 119  4 29 0600  -41.0  757.4    6.3   66.0   54.1  444.0
2018 119  4 29 0900  -42.0  758.0    6.6   68.0   53.0  444.0
2018 119  4 29 1200  -43.3  758.9    7.0   79.0   51.5  444.0
2018 119  4 29 1500  -44.4  759.0    7.2   83.0   50.3  444.0
2018 119  4 29 1800  -44.3  758.8    7.8   87.0   50.5  444.0
2018 119  4 29 2100  -45.0  758.8    9.6   75.0   49.7  444.0
2018 120  4 30 0000  -41.7  758.7    9.6   77.0   53.3  444.0
2018 120  4 30 0300  -45.3  758.8    7.4   81.0   49.4  444.0
2018 120  4 30 0600  -46.6  758.3    7.9   92.0   48.0  444.0
2018 120  4 30 0900  -44.4  757.3    7.1   89.0   50.8  444.0
2018 120  4 30 1200  -45.9  756.0    7.5   99.0   48.4  444.0
2018 120  4 30 1500  -49.0  754.5    7.9   87.0   45.1  444.0
2018 120  4 30 1800  -46.6  753.1    8.2   85.0   47.9  444.0
2018 120  4 30 2100  -49.9  751.5    8.4   93.0   44.2  444.0
