Year: 2018  Month: 12  ID: BAL  ARGOS:  9116  Name: Baldrick            
Lat: 82.46S  Lon:  13.03W  Elev: 1968m
2018 335 12  1 0000  -20.7  763.8    5.7   73.0   72.1  444.0
2018 335 12  1 0300  -21.5  762.7    6.6   66.0   72.1  444.0
2018 335 12  1 0600  -20.1  762.5    6.8   47.0   75.9  444.0
2018 335 12  1 0900  -17.8  762.2    8.3   43.0   75.6  444.0
2018 335 12  1 1200  -17.0  761.8   10.1   43.0   75.8  444.0
2018 335 12  1 1500  -16.8  761.9   11.3   44.0   78.3  444.0
2018 335 12  1 1800  -16.6  761.9    8.9   38.0   78.0  444.0
2018 335 12  1 2100  -15.8  762.1    8.5   38.0   78.6  444.0
2018 336 12  2 0000  -16.8  763.6    7.6   21.0   79.2  444.0
2018 336 12  2 0300  -16.9  765.3    6.7   24.0   79.1  444.0
2018 336 12  2 0600  -16.3  766.7    8.1   35.0   78.3  444.0
2018 336 12  2 0900  -16.0  767.6    9.4   40.0   77.3  444.0
2018 336 12  2 1200  -15.1  768.2    8.2   47.0   75.2  444.0
2018 336 12  2 1500  -15.4  768.8    8.9   35.0   75.8  444.0
2018 336 12  2 1800  -15.4  769.4    7.8   43.0   79.1  444.0
2018 336 12  2 2100  -15.8  770.1    7.9   22.0   79.5  444.0
2018 337 12  3 0000  -15.9  771.1    4.1   40.0   79.8  444.0
2018 337 12  3 0300  -16.2  772.2    3.0   39.0   79.6  444.0
2018 337 12  3 0600  -17.2  772.9    4.6   59.0   76.5  444.0
2018 337 12  3 0900  -15.7  772.6    6.1   63.0   77.8  444.0
2018 337 12  3 1200  -13.7  772.3    6.6   56.0   75.9  444.0
2018 337 12  3 1500  -12.9  772.1    6.7   64.0   77.4  444.0
2018 337 12  3 1800  -14.0  771.5    7.0   80.0   77.2  444.0
2018 337 12  3 2100  -15.7  770.4    7.2   80.0   74.6  444.0
2018 338 12  4 0000  -17.9  769.7    7.1   83.0   74.6  444.0
2018 338 12  4 0300  -18.5  768.8    7.5   79.0   73.9  444.0
2018 338 12  4 0600  -19.2  767.9    8.0   79.0   71.3  444.0
2018 338 12  4 0900  -19.2  766.9    8.9   75.0   70.3  444.0
2018 338 12  4 1200  -18.1  765.5    9.7   73.0   70.3  444.0
2018 338 12  4 1500  -17.3  764.4    8.9   82.0   70.2  444.0
2018 338 12  4 1800  -16.9  763.5    8.4   82.0   69.9  444.0
2018 338 12  4 2100  -17.6  762.7    7.4   79.0   69.9  444.0
2018 339 12  5 0000  -19.3  761.8    8.1   78.0   69.5  444.0
2018 339 12  5 0300  -20.2  761.1    7.2   80.0   66.8  444.0
2018 339 12  5 0600  -20.2  760.1    9.6   85.0   65.8  444.0
2018 339 12  5 0900  -20.0  760.0    9.1   89.0   64.5  444.0
2018 339 12  5 1200  -19.8  759.3   12.0   87.0   68.0  444.0
2018 339 12  5 1500  -18.9  758.8   12.3   83.0   68.8  444.0
2018 339 12  5 1800  -19.0  759.5   10.6   81.0   69.5  444.0
2018 339 12  5 2100  -19.8  760.0   10.3   78.0   70.3  444.0
2018 340 12  6 0000  -21.0  760.2   10.0   77.0   70.1  444.0
2018 340 12  6 0300  -21.5  760.6   10.3   78.0   69.1  444.0
2018 340 12  6 0600  -21.2  762.1    9.8   67.0   70.5  444.0
2018 340 12  6 0900  -20.2  763.3    8.3   72.0   71.4  444.0
2018 340 12  6 1200  -18.9  763.5    7.8   89.0   67.7  444.0
2018 340 12  6 1500  -17.5  762.9    6.4  100.0   66.0  444.0
2018 340 12  6 1800  -17.9  761.9    8.8   92.0   65.8  444.0
2018 340 12  6 2100  -18.6  760.8    8.5   83.0   69.7  444.0
2018 341 12  7 0000  -19.8  761.3    7.8   82.0   68.5  444.0
2018 341 12  7 0300  -21.1  761.2    8.1   79.0   66.2  444.0
2018 341 12  7 0600  -21.3  761.1    7.2   86.0   64.0  444.0
2018 341 12  7 0900  -20.7  760.8    8.3   88.0   64.3  444.0
2018 341 12  7 1200  -19.7  760.4    9.0   76.0   65.8  444.0
2018 341 12  7 1500  -19.1  760.2    8.2   78.0   66.6  444.0
2018 341 12  7 1800  -19.6  760.2    5.9   64.0   69.1  444.0
2018 341 12  7 2100  -20.9  760.2    3.4   61.0   71.0  444.0
2018 342 12  8 0000  -23.4  760.5    4.7   70.0   70.9  444.0
2018 342 12  8 0300  -24.2  760.1    4.8   76.0   70.5  444.0
2018 342 12  8 0600  -22.8  759.8    4.8   91.0   65.6  444.0
2018 342 12  8 0900  -19.7  759.5    6.5   61.0   64.7  444.0
2018 342 12  8 1200  -19.6  760.0    7.2   69.0   66.0  444.0
2018 342 12  8 1500  -19.2  760.6    7.4   65.0   67.9  444.0
2018 342 12  8 1800  -19.3  761.2    7.6   62.0   70.5  444.0
2018 342 12  8 2100  -21.0  762.1    4.1   60.0   71.3  444.0
2018 343 12  9 0000  -22.3  762.1    4.7   77.0   70.0  444.0
2018 343 12  9 0300  -23.4  762.3    5.0   76.0   68.9  444.0
2018 343 12  9 0600  -22.8  762.5    6.9   71.0   67.0  444.0
2018 343 12  9 0900  -21.9  762.9    8.0   70.0   68.3  444.0
2018 343 12  9 1200  -20.3  763.6    9.3   58.0   68.8  444.0
2018 343 12  9 1500  -17.9  764.8    8.1   57.0   69.8  444.0
2018 343 12  9 1800  -17.9  765.6    7.2   68.0   69.2  444.0
2018 343 12  9 2100  -18.9  765.9    7.7   82.0   68.7  444.0
2018 344 12 10 0000  -19.7  766.7    7.4   67.0   72.3  444.0
2018 344 12 10 0300  -20.3  767.6    6.4   70.0   72.6  444.0
2018 344 12 10 0600  -19.7  768.0    8.8   73.0   71.6  444.0
2018 344 12 10 0900  -18.8  768.9    8.0   74.0   71.0  444.0
2018 344 12 10 1200  -16.6  769.0    8.4   73.0   72.1  444.0
2018 344 12 10 1500  -15.9  768.4    9.7   83.0   72.9  444.0
2018 344 12 10 1800  -15.3  767.0   11.1   81.0   75.3  444.0
2018 344 12 10 2100  -15.0  766.0   13.0   75.0   74.8  444.0
2018 345 12 11 0000  -14.8  766.1   11.0   64.0   76.6  444.0
2018 345 12 11 0300  -13.8  766.5    8.9   60.0   80.5  444.0
2018 345 12 11 0600  -12.6  766.8    8.4   65.0   81.7  444.0
2018 345 12 11 0900  -11.2  768.1    9.3   45.0   82.0  444.0
2018 345 12 11 1200  -10.2  769.5    8.2   60.0   79.8  444.0
2018 345 12 11 1500   -9.4  769.6   10.1   58.0   83.3  444.0
2018 345 12 11 1800   -9.0  771.0    7.2   20.0   81.7  444.0
2018 345 12 11 2100   -9.8  772.5    6.3   24.0   81.4  444.0
2018 346 12 12 0000  -10.5  773.3    5.6   60.0   81.3  444.0
2018 346 12 12 0300  -10.0  772.9    7.8   63.0   84.8  444.0
2018 346 12 12 0600  -10.9  773.1    5.6   67.0   81.2  444.0
2018 346 12 12 0900  -11.4  773.3    6.0   70.0   77.8  444.0
2018 346 12 12 1200  -10.6  774.0    6.1   61.0   79.3  444.0
2018 346 12 12 1500  -10.0  774.2    6.2   54.0   78.4  444.0
2018 346 12 12 1800   -9.5  774.6    5.7   43.0   81.4  444.0
2018 346 12 12 2100   -9.5  774.4    4.8   66.0   83.5  444.0
2018 347 12 13 0000  -11.9  774.1    5.6   74.0   81.6  444.0
2018 347 12 13 0300  -14.4  772.6    8.2   82.0   76.7  444.0
2018 347 12 13 0600  -15.8  771.5    9.2   77.0   72.0  444.0
2018 347 12 13 0900  -14.7  771.0   10.4   68.0   70.9  444.0
2018 347 12 13 1200  -13.4  770.9    9.7   70.0   71.2  444.0
2018 347 12 13 1500  -11.7  770.3    9.4   71.0   70.1  444.0
2018 347 12 13 1800  -12.2  769.7    9.4   67.0   72.3  444.0
2018 347 12 13 2100  -13.3  769.4    9.2   70.0   70.9  444.0
2018 348 12 14 0000  -14.6  769.2    7.5   67.0   70.0  444.0
2018 348 12 14 0300  -15.8  768.3    9.8   70.0   70.9  444.0
2018 348 12 14 0600  -15.4  767.9    9.2   76.0   70.6  444.0
2018 348 12 14 0900  -13.7  767.1    8.6   85.0   70.1  444.0
2018 348 12 14 1200  -11.5  765.8   10.7   86.0   68.7  444.0
2018 348 12 14 1500  -10.3  764.7    9.7   91.0   70.4  444.0
2018 348 12 14 1800  -11.3  764.1   11.3   81.0   74.3  444.0
2018 348 12 14 2100  -12.4  763.9   10.2   83.0   74.1  444.0
2018 349 12 15 0000  -13.8  764.0    9.3   83.0   72.7  444.0
2018 349 12 15 0300  -15.1  763.5   11.9   81.0   72.5  444.0
2018 349 12 15 0600  -16.1  763.7   12.3   86.0   71.1  444.0
2018 349 12 15 0900  -15.9  764.2   13.0   92.0   71.4  444.0
2018 349 12 15 1200  -15.1  764.0   14.1   90.0   71.8  444.0
2018 349 12 15 1500  -14.5  764.5   12.9   88.0   71.5  444.0
2018 349 12 15 1800  -14.9  765.4   12.4   81.0   74.6  444.0
2018 349 12 15 2100  -15.7  766.5   10.4   77.0   73.9  444.0
2018 350 12 16 0000  -17.2  767.4    7.2   83.0   71.5  444.0
2018 350 12 16 0300  -18.5  767.1    6.3   89.0   69.0  444.0
2018 350 12 16 0600  -19.0  766.6    7.2   89.0   65.9  444.0
2018 350 12 16 0900  -18.6  765.6    8.3   90.0   67.4  444.0
2018 350 12 16 1200  -17.5  765.2    9.0   79.0   68.3  444.0
2018 350 12 16 1500  -16.3  765.3    8.5   77.0   68.6  444.0
2018 350 12 16 1800  -16.4  765.8    8.3   75.0   70.1  444.0
2018 350 12 16 2100  -17.2  766.8    7.3   68.0   70.8  444.0
2018 351 12 17 0000  -19.1  767.7    5.6   83.0   70.8  444.0
2018 351 12 17 0300  -20.4  768.0    5.0   83.0   69.2  444.0
2018 351 12 17 0600  -20.2  768.1    6.3   84.0   67.9  444.0
2018 351 12 17 0900  -18.7  768.1    6.8   81.0   66.9  444.0
2018 351 12 17 1200  -17.0  768.2    6.5   78.0   66.3  444.0
2018 351 12 17 1500  -16.0  768.0    6.5   74.0   66.0  444.0
2018 351 12 17 1800  -15.9  767.9    5.3   77.0   68.2  444.0
2018 351 12 17 2100  -17.6  768.2    4.2   84.0   70.9  444.0
2018 352 12 18 0000  -19.4  768.8    3.9   81.0   71.7  444.0
2018 352 12 18 0300  -20.4  768.7    5.1   82.0   71.6  444.0
2018 352 12 18 0600  -19.0  769.6    5.8   80.0   69.8  444.0
2018 352 12 18 0900  -17.6  770.2    8.4   75.0   66.3  444.0
2018 352 12 18 1200  -16.7  770.8    9.6   79.0   66.8  444.0
2018 352 12 18 1500  -14.6  771.2   11.3   67.0   73.0  444.0
2018 352 12 18 1800  -13.7  772.8    9.4   62.0   78.0  444.0
2018 352 12 18 2100  -12.3  774.6    9.8   66.0   82.6  444.0
2018 353 12 19 0000  -11.2  776.7    8.5   61.0   83.0  444.0
2018 353 12 19 0300   -9.9  778.2    7.8   61.0   84.2  444.0
2018 353 12 19 0600   -9.0  779.9    8.0   62.0   83.6  444.0
2018 353 12 19 0900   -7.9  781.7    8.1   67.0   82.1  444.0
2018 353 12 19 1200   -7.7  782.6    7.2   76.0   80.3  444.0
2018 353 12 19 1500   -8.2  783.2    7.9   82.0   78.2  444.0
2018 353 12 19 1800   -9.7  783.2    9.3   88.0   78.4  444.0
2018 353 12 19 2100  -11.5  783.3   11.3   92.0   76.7  444.0
2018 354 12 20 0000  -13.5  783.0   11.4   92.0   73.8  444.0
2018 354 12 20 0300  -15.0  782.4   12.7   95.0   68.3  444.0
2018 354 12 20 0600  -15.4  782.4   13.1   94.0   72.2  444.0
2018 354 12 20 0900  -16.3  782.3   13.1   98.0   72.1  444.0
2018 354 12 20 1200  -15.4  781.5   11.1  104.0   68.8  444.0
2018 354 12 20 1500  -15.6  779.3   12.4  113.0   70.6  444.0
2018 354 12 20 1800  -16.2  776.9   12.9  109.0   73.7  444.0
2018 354 12 20 2100  -16.9  775.0   11.5  105.0   72.2  444.0
2018 355 12 21 0000  -18.0  773.6   10.0  105.0   69.7  444.0
2018 355 12 21 0300  -19.2  771.2   10.0  109.0   69.9  444.0
2018 355 12 21 0600  -19.4  769.7   11.6   97.0   70.9  444.0
2018 355 12 21 0900  -18.9  768.3   13.3   91.0   72.8  444.0
2018 355 12 21 1200  -18.0  768.6   11.7   82.0   75.5  444.0
2018 355 12 21 1500  -15.0  769.1   12.3   71.0   78.0  444.0
2018 355 12 21 1800  -14.9  771.0   10.0   54.0   78.3  444.0
2018 355 12 21 2100  -15.0  773.8    7.9   38.0   79.4  444.0
2018 356 12 22 0000  -17.2  776.2    7.2   48.0   77.4  444.0
2018 356 12 22 0300  -16.9  777.4    5.5   60.0   78.4  444.0
2018 356 12 22 0600  -15.8  778.1    4.5   54.0   73.2  444.0
2018 356 12 22 0900  -16.5  778.0    5.4   82.0   74.8  444.0
2018 356 12 22 1200  -15.6  777.3    5.5   81.0   73.5  444.0
2018 356 12 22 1500  -14.9  775.6    5.8  109.0   70.7  444.0
2018 356 12 22 1800  -15.8  774.2    4.7  118.0   67.3  444.0
2018 356 12 22 2100  -17.4  772.8    3.6  138.0   67.6  444.0
2018 357 12 23 0000  -19.4  771.3    3.7  116.0   67.0  444.0
2018 357 12 23 0300  -20.7  770.1    5.0   98.0   66.6  444.0
2018 357 12 23 0600  -20.1  769.4    6.2   86.0   66.4  444.0
2018 357 12 23 0900  -19.0  769.5    7.2   84.0   67.3  444.0
2018 357 12 23 1200  -17.4  769.9    7.2   75.0   66.0  444.0
2018 357 12 23 1500  -17.3  770.1    8.1   69.0   71.3  444.0
2018 357 12 23 1800  -16.9  770.5    9.4   64.0   72.3  444.0
2018 357 12 23 2100  -17.6  771.1    6.9   83.0   69.1  444.0
2018 358 12 24 0000  -19.2  770.9    4.8   96.0   68.2  444.0
2018 358 12 24 0300  -21.1  770.6    4.4   72.0   71.4  444.0
2018 358 12 24 0600  -21.6  770.9    6.6   61.0   72.0  444.0
2018 358 12 24 0900  -20.6  771.3    7.1   63.0   71.1  444.0
2018 358 12 24 1200  -18.8  771.3    7.4   61.0   69.2  444.0
2018 358 12 24 1500  -17.3  771.2    6.5   54.0   70.5  444.0
2018 358 12 24 1800  -17.2  770.9    6.0   64.0   73.1  444.0
2018 358 12 24 2100  -18.1  770.9    4.3   74.0   72.4  444.0
2018 359 12 25 0000  -20.1  770.1    3.6   83.0   68.9  444.0
2018 359 12 25 0300  -21.4  769.6    2.7   97.0   65.3  444.0
2018 359 12 25 0600  -20.0  768.7    2.2  100.0   60.5  444.0
2018 359 12 25 0900  -17.9  767.7    1.6  170.0   64.3  444.0
2018 359 12 25 1200  -18.2  766.6    4.2   88.0   64.9  444.0
2018 359 12 25 1500  -17.4  766.2    4.6   70.0   66.3  444.0
2018 359 12 25 1800  -18.0  766.4    4.3   47.0   69.5  444.0
2018 359 12 25 2100  -18.0  766.8    1.9   40.0   69.9  444.0
2018 360 12 26 0000  -20.6  767.2    3.0   63.0   68.9  444.0
2018 360 12 26 0300  -20.7  767.5    2.7   55.0   62.8  444.0
2018 360 12 26 0600  -20.6  767.9    1.7   79.0   65.2  444.0
2018 360 12 26 0900  -20.5  768.1    1.4   55.0   67.9  444.0
2018 360 12 26 1200  444.0  768.0    0.7  334.0   44.0  444.0
2018 360 12 26 1500  444.0  768.0    0.9   43.0   43.8  444.0
2018 360 12 26 1800  -15.4  767.7    2.1   71.0   51.0  444.0
2018 360 12 26 2100  -17.6  767.8    3.0   71.0   67.0  444.0
2018 361 12 27 0000  -20.3  766.9    3.4   93.0   69.8  444.0
2018 361 12 27 0300  -21.4  765.7    4.2   94.0   70.1  444.0
2018 361 12 27 0600  -20.0  764.7    4.7   77.0   67.6  444.0
2018 361 12 27 0900  -17.8  764.0    6.3   77.0   66.9  444.0
2018 361 12 27 1200  -15.9  763.1    7.7   66.0   71.7  444.0
2018 361 12 27 1500  -14.9  762.7    7.3   39.0   74.4  444.0
2018 361 12 27 1800  -14.7  763.1    5.4   14.0   77.3  444.0
2018 361 12 27 2100  -14.8  763.4    4.0   16.0   76.7  444.0
2018 362 12 28 0000  -16.9  763.6    6.8   49.0   77.4  444.0
2018 362 12 28 0300  -18.5  763.7    6.2   54.0   73.8  444.0
2018 362 12 28 0600  -18.7  764.2    5.8   58.0   70.4  444.0
2018 362 12 28 0900  -17.8  764.1    6.7   52.0   72.8  444.0
2018 362 12 28 1200  -16.1  764.4    5.5   36.0   74.7  444.0
2018 362 12 28 1500  -15.4  764.5    5.2   38.0   73.5  444.0
2018 362 12 28 1800  -15.3  764.8    3.5  355.0   66.2  444.0
2018 362 12 28 2100  -15.6  765.3    3.9   12.0   68.7  444.0
2018 363 12 29 0000  -16.1  765.1    4.0   63.0   78.5  444.0
2018 363 12 29 0300  -15.9  765.2    5.0   23.0   72.1  444.0
2018 363 12 29 0600  -14.9  765.4    6.5   16.0   76.7  444.0
2018 363 12 29 0900  -14.9  765.9    6.4    2.0   75.3  444.0
2018 363 12 29 1200  -15.8  766.4    5.5  354.0   74.7  444.0
2018 363 12 29 1500  -15.5  766.6    5.4  360.0   71.8  444.0
2018 363 12 29 1800  -15.9  766.9    5.2  325.0   76.8  444.0
2018 363 12 29 2100  -16.4  767.5    2.6  303.0   78.3  444.0
2018 364 12 30 0000  -16.5  767.8    7.8  357.0   79.1  444.0
2018 364 12 30 0300  -16.1  768.0    3.6  339.0   81.2  444.0
2018 364 12 30 0600  -16.0  768.0    6.3    5.0   80.0  444.0
2018 364 12 30 0900  -16.2  768.2    6.9  359.0   78.2  444.0
2018 364 12 30 1200  -15.9  768.2    5.6  360.0   75.9  444.0
2018 364 12 30 1500  -14.6  767.8    6.0    7.0   74.4  444.0
2018 364 12 30 1800  -14.5  767.5    6.5   13.0   78.2  444.0
2018 364 12 30 2100  -16.2  767.4    5.5  343.0   78.4  444.0
2018 365 12 31 0000  -16.2  766.9    3.4   20.0   79.9  444.0
2018 365 12 31 0300  -16.3  766.3    2.6    3.0   83.7  444.0
2018 365 12 31 0600  -15.7  765.6    6.5   31.0   80.7  444.0
2018 365 12 31 0900  -15.3  765.3    7.0   37.0   78.3  444.0
2018 365 12 31 1200  -15.1  764.7    5.3   10.0   74.5  444.0
2018 365 12 31 1500  -14.9  764.2    6.9   47.0   70.3  444.0
2018 365 12 31 1800  -14.7  763.6    6.3   58.0   71.2  444.0
2018 365 12 31 2100  -17.0  762.5    6.5   77.0   73.1  444.0
