Year: 2018  Month: 03  ID: BAL  ARGOS:  9116  Name: Baldrick            
Lat: 82.46S  Lon:  13.03W  Elev: 1968m
2018  60  3  1 0000  -36.8  754.9    6.9   68.0   59.9  444.0
2018  60  3  1 0300  -38.1  756.0    7.3   70.0   58.3  444.0
2018  60  3  1 0600  -32.6  757.4    7.7   48.0   64.4  444.0
2018  60  3  1 0900  -29.9  758.4    8.5   69.0   67.1  444.0
2018  60  3  1 1200  -29.1  759.3    7.8   61.0   68.2  444.0
2018  60  3  1 1500  -27.9  759.7    9.1   59.0   69.5  444.0
2018  60  3  1 1800  -28.8  759.8    9.1   67.0   68.5  444.0
2018  60  3  1 2100  -28.7  760.0    7.4   72.0   69.0  444.0
2018  61  3  2 0000  -34.4  759.3    9.1   98.0   62.6  444.0
2018  61  3  2 0300  -39.1  758.1    9.8   92.0   57.6  444.0
2018  61  3  2 0600  -39.8  757.5   11.4   89.0   56.6  444.0
2018  61  3  2 0900  -38.9  757.6   10.7   86.0   57.3  444.0
2018  61  3  2 1200  -38.1  758.0   10.0   84.0   58.2  444.0
2018  61  3  2 1500  -37.1  758.5    7.6   78.0   59.4  444.0
2018  61  3  2 1800  -36.5  759.3    6.8   75.0   60.2  444.0
2018  61  3  2 2100  -38.3  760.2    6.4   77.0   58.1  444.0
2018  62  3  3 0000  -39.6  761.2    7.0   81.0   56.7  444.0
2018  62  3  3 0300  -39.6  761.6    7.6   83.0   56.7  444.0
2018  62  3  3 0600  -38.5  761.9    8.5   86.0   57.6  444.0
2018  62  3  3 0900  -37.5  762.2    9.5   84.0   58.6  444.0
2018  62  3  3 1200  -36.2  762.4   10.1   75.0   60.1  444.0
2018  62  3  3 1500  -34.7  762.8   11.3   73.0   61.8  444.0
2018  62  3  3 1800  -34.9  764.3    9.7   71.0   61.7  444.0
2018  62  3  3 2100  -36.0  765.9    9.3   73.0   60.5  444.0
2018  63  3  4 0000  -37.5  767.5    8.6   76.0   59.3  444.0
2018  63  3  4 0300  -39.0  768.2    8.0   88.0   57.2  444.0
2018  63  3  4 0600  -39.3  768.5    9.1   93.0   56.8  444.0
2018  63  3  4 0900  -36.6  768.5    8.4   89.0   59.7  444.0
2018  63  3  4 1200  -35.1  768.5    7.5  117.0   61.0  444.0
2018  63  3  4 1500  -35.4  767.4    7.8  106.0   60.9  444.0
2018  63  3  4 1800  -36.2  766.5    8.1  100.0   60.3  444.0
2018  63  3  4 2100  -37.3  765.5    9.7   99.0   59.1  444.0
2018  64  3  5 0000  -39.7  764.4    9.3  105.0   56.6  444.0
2018  64  3  5 0300  -41.0  762.1   10.6  101.0   54.9  444.0
2018  64  3  5 0600  -42.8  760.4   10.5   96.0   52.9  444.0
2018  64  3  5 0900  -42.7  759.1   10.2   91.0   52.8  444.0
2018  64  3  5 1200  -41.7  757.6   10.8   94.0   53.9  444.0
2018  64  3  5 1500  -41.1  756.7    9.8   89.0   54.6  444.0
2018  64  3  5 1800  -40.9  755.5    8.3   76.0   54.8  444.0
2018  64  3  5 2100  -38.1  755.2    5.8   64.0   57.9  444.0
2018  65  3  6 0000  -39.7  755.2    6.7   62.0   56.3  444.0
2018  65  3  6 0300  -41.0  754.8    5.4   71.0   54.8  444.0
2018  65  3  6 0600  -41.9  754.7    6.1   69.0   53.7  444.0
2018  65  3  6 0900  -41.7  755.0    7.7   68.0   53.9  444.0
2018  65  3  6 1200  -41.0  755.7    6.8   66.0   54.6  444.0
2018  65  3  6 1500  -39.2  756.3    7.4   68.0   56.6  444.0
2018  65  3  6 1800  -37.9  757.3    6.6   66.0   58.1  444.0
2018  65  3  6 2100  -37.3  758.3    5.5   78.0   58.7  444.0
2018  66  3  7 0000  -40.4  759.0    6.7   76.0   55.5  444.0
2018  66  3  7 0300  -40.3  759.6    7.7   74.0   55.6  444.0
2018  66  3  7 0600  -42.1  760.3    7.7   80.0   53.6  444.0
2018  66  3  7 0900  -41.4  761.2    8.8   77.0   54.0  444.0
2018  66  3  7 1200  -40.0  762.1    8.5   78.0   55.5  444.0
2018  66  3  7 1500  -39.1  762.2    8.1   82.0   56.5  444.0
2018  66  3  7 1800  -39.2  762.5    9.2   80.0   56.6  444.0
2018  66  3  7 2100  -34.3  762.7    8.8   84.0   62.1  444.0
2018  67  3  8 0000  -39.0  762.3    9.2   90.0   57.1  444.0
2018  67  3  8 0300  -40.8  761.8    8.5   96.0   55.0  444.0
2018  67  3  8 0600  -42.6  761.2    9.5   90.0   52.8  444.0
2018  67  3  8 0900  -42.2  760.6   11.2   91.0   53.2  444.0
2018  67  3  8 1200  -38.8  760.4   11.8   89.0   57.1  444.0
2018  67  3  8 1500  -32.7  760.6    8.3   89.0   63.9  444.0
2018  67  3  8 1800  -29.7  760.6    6.4   84.0   67.3  444.0
2018  67  3  8 2100  -28.9  760.6    7.9   77.0   68.3  444.0
2018  68  3  9 0000  -29.4  760.8    7.2   77.0   67.8  444.0
2018  68  3  9 0300  -30.8  760.5    7.2   73.0   66.5  444.0
2018  68  3  9 0600  -32.2  761.1    8.5   75.0   64.9  444.0
2018  68  3  9 0900  -33.3  761.7    9.5   78.0   63.7  444.0
2018  68  3  9 1200  -33.5  762.9    6.6   83.0   63.5  444.0
2018  68  3  9 1500  -34.7  763.5    7.4   88.0   62.1  444.0
2018  68  3  9 1800  -35.0  764.8    8.2   88.0   61.8  444.0
2018  68  3  9 2100  -38.5  766.2    6.4   90.0   58.1  444.0
2018  69  3 10 0000  -40.8  767.3    6.7  104.0   55.4  444.0
2018  69  3 10 0300  -37.8  768.5    5.7   79.0   58.6  444.0
2018  69  3 10 0600  -37.6  769.7    7.7   93.0   58.9  444.0
2018  69  3 10 0900  -38.3  770.8    8.0   84.0   57.9  444.0
2018  69  3 10 1200  -34.5  772.3    7.3   85.0   62.1  444.0
2018  69  3 10 1500  -32.9  773.6    6.1   94.0   63.8  444.0
2018  69  3 10 1800  -33.2  774.8    7.3   87.0   63.8  444.0
2018  69  3 10 2100  -33.4  775.8    7.2   79.0   63.5  444.0
2018  70  3 11 0000  -38.5  776.9    6.7   94.0   58.0  444.0
2018  70  3 11 0300  -41.6  777.0    6.9   90.0   54.5  444.0
2018  70  3 11 0600  -42.9  777.2    7.7   93.0   52.8  444.0
2018  70  3 11 0900  -41.4  777.3    7.4   91.0   54.3  444.0
2018  70  3 11 1200  -41.6  776.7    9.1   98.0   54.0  444.0
2018  70  3 11 1500  -41.1  776.0    8.1  101.0   54.5  444.0
2018  70  3 11 1800  -42.6  775.4    8.8   96.0   52.9  444.0
2018  70  3 11 2100  -44.8  774.5    9.0   90.0   50.6  444.0
2018  71  3 12 0000  -46.3  773.4    9.4   98.0   48.8  444.0
2018  71  3 12 0300  -47.3  771.8    9.3  100.0   47.8  444.0
2018  71  3 12 0600  -47.5  770.3   10.7   96.0   47.3  444.0
2018  71  3 12 0900  -47.0  768.9   12.3  106.0   47.7  444.0
2018  71  3 12 1200  -45.9  767.9   11.4   93.0   48.9  444.0
2018  71  3 12 1500  -45.6  766.5   11.7   93.0   49.1  444.0
2018  71  3 12 1800  -45.4  765.8   11.6   92.0   49.3  444.0
2018  71  3 12 2100  -46.0  765.1   10.9   96.0   48.8  444.0
2018  72  3 13 0000  -45.4  764.9   11.0   87.0   49.4  444.0
2018  72  3 13 0300  -45.1  764.3   11.4   89.0   49.8  444.0
2018  72  3 13 0600  -46.1  764.3   11.3   91.0   48.6  444.0
2018  72  3 13 0900  -45.5  763.7   12.6   91.0   49.2  444.0
2018  72  3 13 1200  -44.5  763.2   12.7   89.0   50.1  444.0
2018  72  3 13 1500  -44.2  762.8   13.3   90.0   50.5  444.0
2018  72  3 13 1800  -44.6  763.1   10.9   89.0   50.1  444.0
2018  72  3 13 2100  -45.9  762.6   11.2   90.0   48.7  444.0
2018  73  3 14 0000  -45.8  762.6   10.9   91.0   48.9  444.0
2018  73  3 14 0300  -47.1  762.5    9.8   82.0   47.4  444.0
2018  73  3 14 0600  -47.9  762.8    8.4   86.0   46.5  444.0
2018  73  3 14 0900  -47.5  762.6    8.8   73.0   46.6  444.0
2018  73  3 14 1200  -46.8  762.5    9.4   76.0   47.3  444.0
2018  73  3 14 1500  -46.7  762.8    7.6   79.0   47.5  444.0
2018  73  3 14 1800  -47.4  763.2    6.8   81.0   46.9  444.0
2018  73  3 14 2100  -48.5  763.4    7.0   79.0   45.7  444.0
2018  74  3 15 0000  -49.3  763.7    5.4   86.0   44.8  444.0
2018  74  3 15 0300  -50.9  763.2    5.7   92.0   42.9  444.0
2018  74  3 15 0600  -51.0  763.0    5.8   88.0   42.8  444.0
2018  74  3 15 0900  -49.8  762.6    4.7   80.0   43.9  444.0
2018  74  3 15 1200  -47.8  762.0    4.9   96.0   45.9  444.0
2018  74  3 15 1500  -47.1  761.5    6.2   93.0   46.8  444.0
2018  74  3 15 1800  -47.2  761.5    5.8   92.0   46.8  444.0
2018  74  3 15 2100  -47.7  761.0    7.2   85.0   46.4  444.0
2018  75  3 16 0000  -47.1  761.0    6.8   82.0   47.0  444.0
2018  75  3 16 0300  -48.0  760.9    5.4   85.0   46.0  444.0
2018  75  3 16 0600  -47.2  761.1    6.4   82.0   46.9  444.0
2018  75  3 16 0900  -45.6  761.6    6.3   82.0   48.5  444.0
2018  75  3 16 1200  -42.2  762.1    6.7   83.0   51.8  444.0
2018  75  3 16 1500  -40.9  762.6    6.5   86.0   53.7  444.0
2018  75  3 16 1800  -41.7  763.1    6.9   85.0   53.1  444.0
2018  75  3 16 2100  -42.3  763.4    8.0   90.0   52.6  444.0
2018  76  3 17 0000  -43.2  764.0    6.7   97.0   51.6  444.0
2018  76  3 17 0300  -44.2  763.8    7.9   96.0   50.5  444.0
2018  76  3 17 0600  -44.1  763.6    8.2   96.0   50.7  444.0
2018  76  3 17 0900  -46.2  763.6    8.3  102.0   48.2  444.0
2018  76  3 17 1200  -46.5  763.5    9.2   93.0   47.9  444.0
2018  76  3 17 1500  -45.5  763.8    8.8   91.0   48.9  444.0
2018  76  3 17 1800  -46.5  763.5   10.5   90.0   47.7  444.0
2018  76  3 17 2100  -47.4  763.9   10.9   90.0   46.9  444.0
2018  77  3 18 0000  -47.2  764.1    9.8   96.0   47.0  444.0
2018  77  3 18 0300  -46.8  763.1   11.8   93.0   47.4  444.0
2018  77  3 18 0600  -46.3  762.9   10.9   84.0   48.0  444.0
2018  77  3 18 0900  -44.8  762.5   11.6   89.0   49.5  444.0
2018  77  3 18 1200  -40.2  761.4   12.3   82.0   54.7  444.0
2018  77  3 18 1500  -41.4  760.5   11.7   84.0   53.4  444.0
2018  77  3 18 1800  -42.9  760.7   12.3   88.0   51.9  444.0
2018  77  3 18 2100  -42.5  759.8   12.8   81.0   52.4  444.0
2018  78  3 19 0000  -42.9  759.4   13.5   80.0   52.0  444.0
2018  78  3 19 0300  -42.4  758.9   12.4   82.0   52.6  444.0
2018  78  3 19 0600  -42.8  758.4   12.4   90.0   51.9  444.0
2018  78  3 19 0900  -43.3  758.0   11.3   91.0   51.4  444.0
2018  78  3 19 1200  -41.7  757.2   11.3   90.0   53.1  444.0
2018  78  3 19 1500  -41.0  757.0   10.7   85.0   54.1  444.0
2018  78  3 19 1800  -40.8  756.5   10.6   87.0   54.4  444.0
2018  78  3 19 2100  -41.0  756.5    9.9   82.0   54.2  444.0
2018  79  3 20 0000  -41.4  756.6    8.3   81.0   53.8  444.0
2018  79  3 20 0300  -40.2  756.7    6.7   86.0   55.1  444.0
2018  79  3 20 0600  -34.3  756.7    5.8   89.0   61.7  444.0
2018  79  3 20 0900  -31.1  757.3    6.7   67.0   65.5  444.0
2018  79  3 20 1200  -28.9  757.6    7.0   57.0   68.0  444.0
2018  79  3 20 1500  -28.2  758.3    5.5   57.0   69.1  444.0
2018  79  3 20 1800  -28.2  759.1    4.3   90.0   69.2  444.0
2018  79  3 20 2100  -27.8  759.6    5.3   73.0   69.6  444.0
2018  80  3 21 0000  -27.1  760.3    6.4   80.0   70.5  444.0
2018  80  3 21 0300  -27.7  760.8    8.2   69.0   69.9  444.0
2018  80  3 21 0600  -26.6  761.6    9.0   68.0   71.1  444.0
2018  80  3 21 0900  -28.8  762.3    6.6   68.0   68.9  444.0
2018  80  3 21 1200  -26.9  762.8    8.3   81.0   70.8  444.0
2018  80  3 21 1500  -32.9  762.1   10.9  101.0   63.9  444.0
2018  80  3 21 1800  -31.8  760.7   14.1   92.0   65.5  444.0
2018  80  3 21 2100  -35.5  759.5   14.5   92.0   61.5  444.0
2018  81  3 22 0000  -37.0  757.9   16.3   94.0   59.8  444.0
2018  81  3 22 0300  -35.3  757.2   15.4   88.0   61.8  444.0
2018  81  3 22 0600  -30.9  757.4   15.7   84.0   66.4  444.0
2018  81  3 22 0900  -26.2  757.9   12.6   83.0   71.4  444.0
2018  81  3 22 1200  -22.9  760.0   12.1   71.0   74.9  444.0
2018  81  3 22 1500  -21.1  761.6    9.8   74.0   76.8  444.0
2018  81  3 22 1800  -19.6  763.5    6.8   74.0   78.4  444.0
2018  81  3 22 2100  -15.2  766.2    9.8   30.0   82.8  444.0
2018  82  3 23 0000  -16.2  770.5    4.9   23.0   82.0  444.0
2018  82  3 23 0300  -21.0  773.0    6.9   72.0   77.4  444.0
2018  82  3 23 0600  -22.7  774.4    6.4   85.0   75.8  444.0
2018  82  3 23 0900  -24.9  775.3    9.0   81.0   73.4  444.0
2018  82  3 23 1200  -23.6  776.1    9.0   82.0   74.6  444.0
2018  82  3 23 1500  -26.3  776.2   11.8   83.0   71.8  444.0
2018  82  3 23 1800  -28.7  776.1   14.0   73.0   69.5  444.0
2018  82  3 23 2100  -30.0  777.1   14.3   77.0   67.7  444.0
2018  83  3 24 0000  -32.8  779.3   12.3   72.0   64.9  444.0
2018  83  3 24 0300  -33.7  778.9   15.3   79.0   63.8  444.0
2018  83  3 24 0600  -33.4  778.2   14.8   85.0   64.0  444.0
2018  83  3 24 0900  -35.1  777.4   14.5   95.0   62.1  444.0
2018  83  3 24 1200  -37.2  774.5   18.7   91.0   59.7  444.0
2018  83  3 24 1500  -38.9  773.2   15.5  100.0   57.8  444.0
2018  83  3 24 1800  -40.6  769.4   15.7   97.0   55.9  444.0
2018  83  3 24 2100  -41.8  766.3   16.0  101.0   54.6  444.0
2018  84  3 25 0000  -42.9  763.8   15.1   97.0   53.2  444.0
2018  84  3 25 0300  -42.7  762.1   13.4   88.0   53.3  444.0
2018  84  3 25 0600  -41.7  762.1   12.4   74.0   54.4  444.0
2018  84  3 25 0900  -38.1  763.6    9.1   73.0   58.1  444.0
2018  84  3 25 1200  -30.7  765.3    8.1   54.0   66.5  444.0
2018  84  3 25 1500  -26.3  767.1    8.4   38.0   71.5  444.0
2018  84  3 25 1800  -25.3  768.7    9.4   38.0   72.8  444.0
2018  84  3 25 2100  -27.7  770.6   10.1   48.0   70.5  444.0
2018  85  3 26 0000  -33.8  771.5   11.4   70.0   63.9  444.0
2018  85  3 26 0300  -36.4  771.1   10.2   84.0   60.9  444.0
2018  85  3 26 0600  -37.2  770.3   13.1   80.0   59.9  444.0
2018  85  3 26 0900  -36.2  770.4   13.3   75.0   60.9  444.0
2018  85  3 26 1200  -32.6  771.5   10.2   70.0   64.7  444.0
2018  85  3 26 1500  -26.9  772.4    8.3   60.0   71.0  444.0
2018  85  3 26 1800  -26.1  772.6   10.0   60.0   72.0  444.0
2018  85  3 26 2100  -27.4  773.4    8.1   59.0   70.6  444.0
2018  86  3 27 0000  -23.0  774.5    9.4   39.0   75.1  444.0
2018  86  3 27 0300  -25.5  775.0    8.0   58.0   72.8  444.0
2018  86  3 27 0600  -25.2  774.2    9.5   67.0   73.1  444.0
2018  86  3 27 0900  -27.3  773.1   12.5   78.0   70.9  444.0
2018  86  3 27 1200  -29.6  772.0   13.2   79.0   68.4  444.0
2018  86  3 27 1500  -28.8  771.9   11.1   79.0   69.2  444.0
2018  86  3 27 1800  -28.0  771.5   11.6   75.0   70.1  444.0
2018  86  3 27 2100  -28.4  771.7    9.0   78.0   69.7  444.0
2018  87  3 28 0000  -26.5  772.8    7.5   81.0   71.6  444.0
2018  87  3 28 0300  -24.9  773.0    9.2   89.0   73.3  444.0
2018  87  3 28 0600  -23.5  774.3    4.8   80.0   74.7  444.0
2018  87  3 28 0900  -25.0  774.9    7.8   80.0   73.2  444.0
2018  87  3 28 1200  -23.4  775.6    7.8   75.0   74.8  444.0
2018  87  3 28 1500  -25.2  776.1    7.0   83.0   73.1  444.0
2018  87  3 28 1800  -25.0  775.7    9.7   73.0   73.3  444.0
2018  87  3 28 2100  -27.1  776.1    9.4   75.0   71.1  444.0
2018  88  3 29 0000  -26.0  776.4    9.5   81.0   72.3  444.0
2018  88  3 29 0300  -28.8  776.0    9.5   82.0   69.3  444.0
2018  88  3 29 0600  -31.1  775.7    9.2   85.0   66.7  444.0
2018  88  3 29 0900  -28.4  775.5   10.3   82.0   69.6  444.0
2018  88  3 29 1200  -32.3  775.6   10.7   86.0   65.3  444.0
2018  88  3 29 1500  -33.5  775.3   11.2   92.0   64.0  444.0
2018  88  3 29 1800  -34.6  774.8   11.8   95.0   62.8  444.0
2018  88  3 29 2100  -35.3  774.4   12.6   92.0   62.0  444.0
2018  89  3 30 0000  -35.8  774.4   13.8   93.0   61.3  444.0
2018  89  3 30 0300  -36.2  775.3   12.7   89.0   60.8  444.0
2018  89  3 30 0600  -37.0  776.3   10.9   85.0   60.0  444.0
2018  89  3 30 0900  -34.9  777.0    9.8   82.0   62.1  444.0
2018  89  3 30 1200  -33.6  778.0    7.6   81.0   63.5  444.0
2018  89  3 30 1500  -33.8  778.4    7.3   80.0   63.3  444.0
2018  89  3 30 1800  -31.7  778.7    7.5   80.0   65.7  444.0
2018  89  3 30 2100  -31.3  778.7    7.6   84.0   66.2  444.0
2018  90  3 31 0000  -30.3  778.4    7.6   85.0   67.3  444.0
2018  90  3 31 0300  -31.1  777.5    8.3   84.0   66.4  444.0
2018  90  3 31 0600  -31.3  776.7    8.8   89.0   66.2  444.0
2018  90  3 31 0900  -29.1  775.5   10.2   87.0   68.6  444.0
2018  90  3 31 1200  -27.8  774.1   10.5   91.0   69.9  444.0
2018  90  3 31 1500  -27.2  772.8   10.6   87.0   70.7  444.0
2018  90  3 31 1800  -27.6  772.0   12.0   81.0   70.4  444.0
2018  90  3 31 2100  -27.4  771.4   11.0   75.0   70.6  444.0
