Year: 2018  Month: 11  ID: BYD  ARGOS:  8903  Name: Byrd                
Lat: 80.01S  Lon: 119.41W  Elev: 1530m
2018 305 11  1 0000  -22.3  801.9    9.1    2.0   73.0  444.0
2018 305 11  1 0300  -23.5  802.4    8.0    7.0   76.0  444.0
2018 305 11  1 0600  -26.0  803.1    7.8    3.0   77.0  444.0
2018 305 11  1 0900  -26.8  803.7    8.7  357.0   77.0  444.0
2018 305 11  1 1200  -28.7  803.9    8.9    5.0   74.4  444.0
2018 305 11  1 1500  -26.4  804.0    9.8    2.0   74.0  444.0
2018 305 11  1 1800  -24.7  804.1    9.1  352.0   73.0  444.0
2018 305 11  1 2100  -23.7  804.1    7.8  341.0   74.0  444.0
2018 306 11  2 0000  -23.6  804.3    7.2  330.0   76.0  444.0
2018 306 11  2 0300  -22.2  804.1    4.3  334.0   81.0  444.0
2018 306 11  2 0600  -22.8  804.4    4.4  347.0   82.0  444.0
2018 306 11  2 0900  -21.8  804.5    4.6  352.0   82.6  444.0
2018 306 11  2 1200  -21.0  804.6    4.5  337.0   83.0  444.0
2018 306 11  2 1500  -20.1  804.5    6.0  334.0   80.6  444.0
2018 306 11  2 1800  -18.9  804.8    8.1  330.0   81.0  444.0
2018 306 11  2 2100  -18.5  805.3    6.8  334.0   82.0  444.0
2018 307 11  3 0000  -19.6  805.6    6.0  330.0   82.0  444.0
2018 307 11  3 0300  -22.3  805.7    4.8   14.0   80.0  444.0
2018 307 11  3 0600  -24.3  805.7    5.8   11.0   80.0  444.0
2018 307 11  3 0900  -24.7  805.4    8.4    2.0   80.0  444.0
2018 307 11  3 1200  -28.3  805.4    9.5    8.0   76.0  444.0
2018 307 11  3 1500  -27.4  805.4    9.2    3.0   75.0  444.0
2018 307 11  3 1800  -24.5  805.4    7.2  359.0   75.0  444.0
2018 307 11  3 2100  -22.2  805.8    7.8  360.0   76.0  444.0
2018 308 11  4 0000  -21.5  806.3    5.6    2.0   77.0  444.0
2018 308 11  4 0300  -21.9  806.6    5.6    8.0   78.0  444.0
2018 308 11  4 0600  -25.9  806.9    6.4   13.0   77.0  444.0
2018 308 11  4 0900  -27.1  807.4    6.8    6.0   77.0  444.0
2018 308 11  4 1200  -26.4  807.9    6.7  360.0   77.0  444.0
2018 308 11  4 1500  -21.5  808.1    6.3  352.0   80.0  444.0
2018 308 11  4 1800  -18.2  808.5    5.8  340.0   82.0  444.0
2018 308 11  4 2100  -15.3  808.3    4.7    6.0   83.0  444.0
2018 309 11  5 0000  -16.2  808.2    5.7   20.0   85.0  444.0
2018 309 11  5 0300  -19.3  806.9    5.7   25.0   83.0  444.0
2018 309 11  5 0600  -22.0  805.6    8.6   18.0   81.0  444.0
2018 309 11  5 0900  -25.4  804.5   10.4   14.0   77.0  444.0
2018 309 11  5 1200  -23.6  803.0   12.4   20.0   78.5  444.0
2018 309 11  5 1500  -22.0  801.5   14.9   15.0   80.0  444.0
2018 309 11  5 1800  -21.3  800.5   15.3   12.0   79.9  444.0
2018 309 11  5 2100  -21.1  799.8   15.2   15.0   79.0  444.0
2018 310 11  6 0000  -21.0  799.3   14.6   17.0   80.0  444.0
2018 310 11  6 0300  -20.8  799.1   14.9   15.0   82.0  444.0
2018 310 11  6 0600  -20.7  799.4   10.1    8.0   83.0  444.0
2018 310 11  6 0900  -17.4  801.2    6.2  345.0   86.0  444.0
2018 310 11  6 1200  -17.5  803.0    6.9  345.0   84.4  444.0
2018 310 11  6 1500  -17.9  804.8    7.7  327.0   81.0  444.0
2018 310 11  6 1800  -16.2  806.9    7.1  295.0   82.0  444.0
2018 310 11  6 2100  -16.0  809.2    4.5  295.0   83.0  444.0
2018 311 11  7 0000  -15.9  810.2    4.8  306.0   85.0  444.0
2018 311 11  7 0300  -16.2  810.1    4.8  358.0   85.8  444.0
2018 311 11  7 0600  -17.5  809.3    5.3   10.0   84.0  444.0
2018 311 11  7 0900  -23.1  807.9   11.0   19.0   80.0  444.0
2018 311 11  7 1200  -20.9  805.6   14.0   17.0   81.0  444.0
2018 311 11  7 1500  -19.2  803.9   16.5   12.0   81.5  444.0
2018 311 11  7 1800  -18.2  802.7   14.8    9.0   81.0  444.0
2018 311 11  7 2100  -16.7  802.1   14.2   11.0   80.0  444.0
2018 312 11  8 0000  -15.1  801.3   15.6   11.0   82.0  444.0
2018 312 11  8 0300  -14.2  800.6   13.2    5.0   87.0  444.0
2018 312 11  8 0600  -15.8  800.8   15.5    6.0   86.0  444.0
2018 312 11  8 0900  -16.0  800.6   17.4    8.0   86.0  444.0
2018 312 11  8 1200  -17.1  800.5   17.3    7.0   85.0  444.0
2018 312 11  8 1500  -16.2  800.8   15.6   14.0   84.0  444.0
2018 312 11  8 1800  -15.4  800.7   16.8   18.0   83.1  444.0
2018 312 11  8 2100  -15.4  800.4   15.1   22.0   80.0  444.0
2018 313 11  9 0000  -15.6  800.0   14.7   23.0   81.0  444.0
2018 313 11  9 0300  -15.5  798.9   15.3   25.0   85.0  444.0
2018 313 11  9 0600  -16.4  798.1   15.3   28.0   85.0  444.0
2018 313 11  9 0900  -17.7  797.1   15.8   32.0   84.0  444.0
2018 313 11  9 1200  -18.5  797.1   12.5   40.0   80.4  444.0
2018 313 11  9 1500  -16.4  796.7   10.0   41.0   81.0  444.0
2018 313 11  9 1800  -15.5  797.1    9.4   20.0   76.0  444.0
2018 313 11  9 2100  -15.0  797.1   10.7   28.0   77.0  444.0
2018 314 11 10 0000  -14.7  797.3    9.3   30.0   80.3  444.0
2018 314 11 10 0300  -15.6  797.9    5.1  354.0   84.0  444.0
2018 314 11 10 0600  -20.0  799.0    4.7   13.0   81.0  444.0
2018 314 11 10 0900  -20.2  799.5    4.3   13.0   84.0  444.0
2018 314 11 10 1200  -22.6  799.9    6.7  346.0   79.3  444.0
2018 314 11 10 1500  -20.2  800.6    5.1  340.0   82.0  444.0
2018 314 11 10 1800  -21.1  801.3    6.5  336.0   79.0  444.0
2018 314 11 10 2100  -19.6  801.5    6.1  343.0   79.0  444.0
2018 315 11 11 0000  -20.2  801.1    4.6   19.0   77.5  444.0
2018 315 11 11 0300  -22.2  800.5    4.5   22.0   77.0  444.0
2018 315 11 11 0600  -24.0  799.7    6.0  344.0   79.0  444.0
2018 315 11 11 0900  -26.5  799.1    4.6  358.0   80.0  444.0
2018 315 11 11 1200  -21.3  798.2    2.3  324.0   83.0  444.0
2018 315 11 11 1500  -20.1  797.3    3.2  325.0   82.4  444.0
2018 315 11 11 1800  -19.3  796.2    4.1  327.0   81.6  444.0
2018 315 11 11 2100  -15.2  795.1    1.9  320.0   85.0  444.0
2018 316 11 12 0000  -14.8  794.1    2.5  351.0   86.0  444.0
2018 316 11 12 0300  -17.5  793.3    4.1  356.0   83.0  444.0
2018 316 11 12 0600  -20.1  792.6    4.7  338.0   83.0  444.0
2018 316 11 12 0900  -21.2  792.3    5.4  340.0   84.0  444.0
2018 316 11 12 1200  -19.6  791.9    4.6  341.0   84.0  444.0
2018 316 11 12 1500  -20.1  792.0    5.8   27.0   79.5  444.0
2018 316 11 12 1800  -20.0  791.9    5.7   10.0   78.0  444.0
2018 316 11 12 2100  -22.8  791.6    8.3   23.0   75.0  444.0
2018 317 11 13 0000  -21.8  791.8    6.7   13.0   74.0  444.0
2018 317 11 13 0300  -22.9  792.1    6.7   18.0   74.0  444.0
2018 317 11 13 0600  -25.7  792.5    7.5   16.0   75.0  444.0
2018 317 11 13 0900  -27.9  792.8    8.4    7.0   74.5  444.0
2018 317 11 13 1200  -28.6  793.5    7.6   18.0   73.0  444.0
2018 317 11 13 1500  -26.7  793.8    7.2   23.0   74.0  444.0
2018 317 11 13 1800  -23.7  794.0    7.6   20.0   72.0  444.0
2018 317 11 13 2100  -22.5  794.4    4.0   18.0   68.6  444.0
2018 318 11 14 0000  -22.1  794.5    5.2   36.0   71.0  444.0
2018 318 11 14 0300  -21.2  794.7    2.7   27.0   75.0  444.0
2018 318 11 14 0600  -21.1  795.1    3.4   20.0   78.0  444.0
2018 318 11 14 0900  -20.7  795.1    5.2   14.0   78.0  444.0
2018 318 11 14 1200  -19.5  795.5    5.7   22.0   78.3  444.0
2018 318 11 14 1500  -19.0  795.6    6.5   12.0   77.0  444.0
2018 318 11 14 1800  -18.2  796.0    8.1  360.0   77.0  444.0
2018 318 11 14 2100  -18.5  796.3   10.6    5.0   76.0  444.0
2018 319 11 15 0000  -18.3  796.4   11.8  358.0   75.2  444.0
2018 319 11 15 0300  -21.0  796.4    6.6  358.0   73.0  444.0
2018 319 11 15 0600  -21.7  796.7    6.1  354.0   81.0  444.0
2018 319 11 15 0900  -25.4  797.2    5.1  350.0   79.0  444.0
2018 319 11 15 1200  -28.2  797.7    5.0  357.0   74.0  444.0
2018 319 11 15 1500  -26.4  797.7    6.1    8.0   73.4  444.0
2018 319 11 15 1800  -22.7  797.6    8.4    3.0   72.0  444.0
2018 319 11 15 2100  -18.7  797.7    9.1  357.0   74.0  444.0
2018 320 11 16 0000  -19.4  797.8   10.0    3.0   74.6  444.0
2018 320 11 16 0300  -17.8  797.8    9.2  358.0   80.0  444.0
2018 320 11 16 0600  -17.1  798.3    7.8  346.0   83.0  444.0
2018 320 11 16 0900  -18.2  799.1    9.5  334.0   82.0  444.0
2018 320 11 16 1200  -17.9  800.3    8.3  325.0   83.0  444.0
2018 320 11 16 1500  -18.9  801.5    7.1  348.0   80.0  444.0
2018 320 11 16 1800  -17.0  802.5    7.2  348.0   79.0  444.0
2018 320 11 16 2100  -15.5  803.4    7.7  345.0   77.7  444.0
2018 321 11 17 0000  -14.8  804.1    8.1  347.0   77.0  444.0
2018 321 11 17 0300  -16.8  804.3    6.7    3.0   79.7  444.0
2018 321 11 17 0600  -17.9  804.9    7.0  349.0   83.0  444.0
2018 321 11 17 0900  -18.5  805.4    4.3  351.0   84.0  444.0
2018 321 11 17 1200  -22.7  805.5    6.6   13.0   78.0  444.0
2018 321 11 17 1500  -20.4  805.2    5.7    4.0   78.0  444.0
2018 321 11 17 1800  -17.5  805.0    5.1  338.0   78.6  444.0
2018 321 11 17 2100  -16.8  805.3    4.4  279.0   79.0  444.0
2018 322 11 18 0000  -17.2  805.6    4.6  228.0   80.0  444.0
2018 322 11 18 0300  -17.4  805.7    3.2  223.0   86.0  444.0
2018 322 11 18 0600  -16.9  805.4    2.5  221.0   86.9  444.0
2018 322 11 18 0900  -18.1  804.8    2.0  306.0   86.0  444.0
2018 322 11 18 1200  -19.1  803.8    3.3  358.0   85.0  444.0
2018 322 11 18 1500  -23.2  802.5    4.8   15.0   77.0  444.0
2018 322 11 18 1800  -22.1  801.1    4.2   12.0   78.0  444.0
2018 322 11 18 2100  -19.8  799.9    3.1  349.0   79.0  444.0
2018 323 11 19 0000  -19.1  798.8    2.2    2.0   81.0  444.0
2018 323 11 19 0300  -19.5  797.5    2.0  324.0   80.0  444.0
2018 323 11 19 0600  -23.6  796.8    3.5   29.0   80.0  444.0
2018 323 11 19 0900  -24.6  795.9    3.4   24.0   78.1  444.0
2018 323 11 19 1200  -25.2  794.9    3.1   34.0   79.0  444.0
2018 323 11 19 1500  -24.6  794.2    1.6  140.0   75.0  444.0
2018 323 11 19 1800  -23.2  792.9    2.7  138.0   77.0  444.0
2018 323 11 19 2100  -21.2  791.6    1.5  135.0   75.0  444.0
2018 324 11 20 0000  -20.4  790.5    1.1   52.0   79.0  444.0
2018 324 11 20 0300  -23.2  789.4    3.7   31.0   77.0  444.0
2018 324 11 20 0600  -27.8  788.8    5.9   25.0   75.0  444.0
2018 324 11 20 0900  -28.2  788.8    7.5   30.0   75.0  444.0
2018 324 11 20 1200  -28.1  788.8   10.0   37.0   73.0  444.0
2018 324 11 20 1500  -27.1  788.8   11.6   38.0   73.1  444.0
2018 324 11 20 1800  -22.9  788.5    9.7   37.0   72.0  444.0
2018 324 11 20 2100  -21.3  788.5   10.1   47.0   71.0  444.0
2018 325 11 21 0000  -20.5  788.8    8.7   48.0   71.0  444.0
2018 325 11 21 0300  -20.5  788.9    9.1   55.0   71.7  444.0
2018 325 11 21 0600  -22.6  790.1    7.6   34.0   74.0  444.0
2018 325 11 21 0900  -23.3  792.1   10.1   41.0   73.0  444.0
2018 325 11 21 1200  -25.6  793.9    8.3   38.0   72.0  444.0
2018 325 11 21 1500  -24.1  795.9    9.5   37.0   70.0  444.0
2018 325 11 21 1800  -21.9  797.8   11.6   28.0   71.0  444.0
2018 325 11 21 2100  -19.4  799.5    9.3   34.0   68.0  444.0
2018 326 11 22 0000  -17.8  800.9    7.3   48.0   73.0  444.0
2018 326 11 22 0300  -18.2  801.9    7.6   44.0   74.0  444.0
2018 326 11 22 0600  -20.1  803.3    7.9   52.0   74.0  444.0
2018 326 11 22 0900  -20.9  804.1    8.1   56.0   73.0  444.0
2018 326 11 22 1200  -21.9  804.4    5.9   65.0   69.8  444.0
2018 326 11 22 1500  -19.9  804.4    7.7   47.0   71.0  444.0
2018 326 11 22 1800  -18.4  804.2    9.5   48.0   72.0  444.0
2018 326 11 22 2100  -16.9  804.1    7.4   54.0   71.0  444.0
2018 327 11 23 0000  -17.2  803.9    6.7   62.0   71.8  444.0
2018 327 11 23 0300  -19.0  803.6    5.8   51.0   73.0  444.0
2018 327 11 23 0600  -21.7  803.3    5.8   42.0   74.0  444.0
2018 327 11 23 0900  -24.6  803.5    5.3   29.0   76.0  444.0
2018 327 11 23 1200  -25.4  803.3    5.0   14.0   70.0  444.0
2018 327 11 23 1500  -22.9  802.5    6.0   45.0   71.2  444.0
2018 327 11 23 1800  -20.6  802.0    5.3   53.0   68.0  444.0
2018 327 11 23 2100  -18.8  801.0    4.1   51.0   67.0  444.0
2018 328 11 24 0000  -18.1  800.3    3.7   84.0   70.2  444.0
2018 328 11 24 0300  -18.3  798.9    1.6  137.0   74.2  444.0
2018 328 11 24 0600  -20.3  797.6    3.0   94.0   80.0  444.0
2018 328 11 24 0900  -19.2  796.3    1.8   29.0   66.0  444.0
2018 328 11 24 1200  -22.3  795.4    4.4  343.0   72.0  444.0
2018 328 11 24 1500  -24.3  795.1    4.5   17.0   73.0  444.0
2018 328 11 24 1800  -21.4  796.2    5.5   20.0   72.0  444.0
2018 328 11 24 2100  -19.8  797.8    9.9    5.0   73.0  444.0
2018 329 11 25 0000  -17.5  799.3    6.9   21.0   73.0  444.0
2018 329 11 25 0300  -16.5  800.2    9.2   27.0   74.0  444.0
2018 329 11 25 0600  -16.7  801.6    9.0   33.0   77.0  444.0
2018 329 11 25 0900  -17.3  802.4    8.5   31.0   77.0  444.0
2018 329 11 25 1200  -17.6  802.8    8.9   37.0   77.0  444.0
2018 329 11 25 1500  -17.2  803.4    9.0   19.0   76.0  444.0
2018 329 11 25 1800  -16.7  803.7    7.8   17.0   76.0  444.0
2018 329 11 25 2100  -16.3  804.1    8.1   24.0   73.1  444.0
2018 330 11 26 0000  -15.8  804.3    8.1   19.0   72.0  444.0
2018 330 11 26 0300  -16.2  804.0    7.0   17.0   76.0  444.0
2018 330 11 26 0600  -17.1  804.3    6.4   17.0   77.0  444.0
2018 330 11 26 0900  -18.8  804.3    6.5   14.0   77.0  444.0
2018 330 11 26 1200  -18.9  804.1    9.5   14.0   79.3  444.0
2018 330 11 26 1500  -18.2  804.1    9.4   15.0   75.3  444.0
2018 330 11 26 1800  -16.3  804.4   10.7    2.0   77.0  444.0
2018 330 11 26 2100  -15.9  804.9   10.4  356.0   74.0  444.0
2018 331 11 27 0000  -15.9  805.7    8.3  359.0   73.0  444.0
2018 331 11 27 0300  -16.9  806.1    5.8    7.0   77.0  444.0
2018 331 11 27 0600  -19.4  806.8    4.7    6.0   78.0  444.0
2018 331 11 27 0900  -22.0  807.5    4.5  358.0   79.0  444.0
2018 331 11 27 1200  -21.9  807.9    4.3  342.0   81.0  444.0
2018 331 11 27 1500  -20.7  808.3    2.2  340.0   79.0  444.0
2018 331 11 27 1800  -17.7  809.0    1.8  250.0   79.2  444.0
2018 331 11 27 2100  -16.2  809.5    1.2  220.0   80.0  444.0
2018 332 11 28 0000  -15.8  809.6    3.5  195.0   79.0  444.0
2018 332 11 28 0300  -16.0  809.8    3.5  157.0   74.0  444.0
2018 332 11 28 0600  -16.5  810.3    3.0  168.0   73.9  444.0
2018 332 11 28 0900  -17.0  810.6    3.5  168.0   77.0  444.0
2018 332 11 28 1200  -19.1  810.8    3.1  210.0   85.0  444.0
2018 332 11 28 1500  -21.5  811.1    3.7  178.0   80.8  444.0
2018 332 11 28 1800  -18.7  811.3    4.5  181.0   81.0  444.0
2018 332 11 28 2100  -17.4  810.7    4.9  137.0   83.3  444.0
2018 333 11 29 0000  -16.5  810.2    5.0  195.0   85.0  444.0
2018 333 11 29 0300  -17.1  808.9    7.6  184.0   85.0  444.0
2018 333 11 29 0600  -17.9  808.2    6.2  172.0   85.0  444.0
2018 333 11 29 0900  -18.5  807.1    6.3  187.0   84.8  444.0
2018 333 11 29 1200  -18.4  806.0    6.0  164.0   83.0  444.0
2018 333 11 29 1500  -18.2  804.4    5.1  184.0   77.0  444.0
2018 333 11 29 1800  -17.7  802.9    5.3  186.0   73.0  444.0
2018 333 11 29 2100  -17.8  801.3    6.1  183.0   71.0  444.0
2018 334 11 30 0000  -17.2  800.2    3.6  150.0   68.3  444.0
2018 334 11 30 0300  -16.8  799.2    2.8  157.0   66.0  444.0
2018 334 11 30 0600  -19.2  798.4    1.4  166.0   80.0  444.0
2018 334 11 30 0900  -18.0  797.4    4.1   98.0   74.0  444.0
2018 334 11 30 1200  -22.5  797.2    6.4   65.0   73.8  444.0
2018 334 11 30 1500  -21.6  797.0    5.1   38.0   72.0  444.0
2018 334 11 30 1800  -18.8  796.6    3.7   78.0   72.0  444.0
2018 334 11 30 2100  -16.0  796.5    7.1   62.0   71.0  444.0
