Year: 2018  Month: 03  ID: BYD  ARGOS:  8903  Name: Byrd                
Lat: 80.01S  Lon: 119.41W  Elev: 1530m
2018  60  3  1 0000  -19.8  807.4    3.9  350.0   83.0  444.0
2018  60  3  1 0300  -20.3  806.8    5.1  317.0   83.0  444.0
2018  60  3  1 0600  -25.6  806.7    4.7  315.0   80.4  444.0
2018  60  3  1 0900  -23.9  806.8    2.9  330.0   81.0  444.0
2018  60  3  1 1200  -21.4  806.3    2.5  316.0   83.0  444.0
2018  60  3  1 1500  -20.8  805.5    1.1  347.0   83.0  444.0
2018  60  3  1 1800  -20.0  804.5    1.5   29.0   83.0  444.0
2018  60  3  1 2100  -19.0  803.5    1.3   37.0   83.0  444.0
2018  61  3  2 0000  -20.8  802.9    2.2   24.0   82.0  444.0
2018  61  3  2 0300  -29.2  802.1    2.5   25.0   77.0  444.0
2018  61  3  2 0600  -29.5  801.8    2.8   22.0   77.0  444.0
2018  61  3  2 0900  -32.8  801.3    6.0   19.0   75.0  444.0
2018  61  3  2 1200  -33.5  801.2    6.3   19.0   75.0  444.0
2018  61  3  2 1500  -31.7  801.0    5.2   22.0   74.0  444.0
2018  61  3  2 1800  -29.1  800.7    5.3   29.0   76.0  444.0
2018  61  3  2 2100  -24.5  800.2    6.6   26.0   78.3  444.0
2018  62  3  3 0000  -22.4  800.1   10.5   19.0   81.0  444.0
2018  62  3  3 0300  -20.3  800.1   12.8   10.0   84.0  444.0
2018  62  3  3 0600  -22.8  801.2   12.5   10.0   82.0  444.0
2018  62  3  3 0900  -27.3  802.1   12.8   12.0   79.0  444.0
2018  62  3  3 1200  -28.0  802.5   13.4   12.0   78.0  444.0
2018  62  3  3 1500  -27.1  803.9   12.9   13.0   77.0  444.0
2018  62  3  3 1800  -24.4  805.4   12.1   14.0   79.0  444.0
2018  62  3  3 2100  -21.3  806.5   11.6   18.0   81.0  444.0
2018  63  3  4 0000  -20.7  808.0   11.8   11.0   82.0  444.0
2018  63  3  4 0300  -20.3  809.2   11.3   10.0   83.0  444.0
2018  63  3  4 0600  -20.5  810.8   12.0   13.0   83.4  444.0
2018  63  3  4 0900  -22.9  812.3   11.5   11.0   80.0  444.0
2018  63  3  4 1200  -24.1  813.4   11.2    8.0   76.5  444.0
2018  63  3  4 1500  -23.3  814.3   13.4    7.0   72.0  444.0
2018  63  3  4 1800  -22.5  815.6   10.0   10.0   69.0  444.0
2018  63  3  4 2100  -21.2  816.3    8.7    4.0   74.0  444.0
2018  64  3  5 0000  -17.9  816.8    8.7  337.0   78.7  444.0
2018  64  3  5 0300  -18.3  816.9    7.7  358.0   77.0  444.0
2018  64  3  5 0600  -18.4  816.8    5.8  352.0   81.0  444.0
2018  64  3  5 0900  -17.9  816.3    4.9  320.0   85.0  444.0
2018  64  3  5 1200  -19.0  815.9    4.4  302.0   85.0  444.0
2018  64  3  5 1500  -19.4  815.5    3.7  300.0   84.7  444.0
2018  64  3  5 1800  -17.4  814.9    3.6  306.0   85.0  444.0
2018  64  3  5 2100  -18.5  814.2    5.6  283.0   84.0  444.0
2018  65  3  6 0000  -17.6  813.3    6.4  268.0   85.0  444.0
2018  65  3  6 0300  -18.1  812.1    4.5  269.0   85.7  444.0
2018  65  3  6 0600  -18.8  810.6    2.7  299.0   86.0  444.0
2018  65  3  6 0900  -18.7  808.5    3.2  335.0   86.0  444.0
2018  65  3  6 1200  -19.5  806.5    3.8   12.0   85.0  444.0
2018  65  3  6 1500  -20.6  804.1    6.9  335.0   83.0  444.0
2018  65  3  6 1800  -20.1  802.9    6.8  344.0   81.5  444.0
2018  65  3  6 2100  -21.6  801.4    7.1    1.0   77.0  444.0
2018  66  3  7 0000  -24.4  800.0    7.8    3.0   74.0  444.0
2018  66  3  7 0300  -24.7  798.0    7.3   12.0   77.0  444.0
2018  66  3  7 0600  -25.5  797.3   10.4    7.0   77.7  444.0
2018  66  3  7 0900  -26.2  796.3   10.3   13.0   76.0  444.0
2018  66  3  7 1200  -23.6  796.2    8.8   11.0   81.0  444.0
2018  66  3  7 1500  -21.0  795.1   14.9   13.0   81.0  444.0
2018  66  3  7 1800  -21.8  795.1   15.5    2.0   81.0  444.0
2018  66  3  7 2100  -22.8  795.5   15.6   12.0   79.0  444.0
2018  67  3  8 0000  -23.3  795.8   12.1    9.0   79.0  444.0
2018  67  3  8 0300  -23.6  795.8   10.2   17.0   80.0  444.0
2018  67  3  8 0600  -25.2  796.4   10.7   14.0   80.0  444.0
2018  67  3  8 0900  -24.2  796.8   13.1   12.0   80.0  444.0
2018  67  3  8 1200  -25.8  797.4   13.4   18.0   78.5  444.0
2018  67  3  8 1500  -27.4  797.8   12.9   12.0   77.0  444.0
2018  67  3  8 1800  -28.1  798.5   13.2   13.0   74.0  444.0
2018  67  3  8 2100  -26.9  799.4   11.7   14.0   72.6  444.0
2018  68  3  9 0000  -27.4  800.4    9.3   12.0   71.8  444.0
2018  68  3  9 0300  -30.0  800.8    7.7   22.0   74.0  444.0
2018  68  3  9 0600  -31.4  801.2    8.0   19.0   73.5  444.0
2018  68  3  9 0900  -33.5  801.3    8.5   22.0   72.0  444.0
2018  68  3  9 1200  -33.5  801.2    8.8   25.0   72.0  444.0
2018  68  3  9 1500  -33.8  800.7    6.4   22.0   71.1  444.0
2018  68  3  9 1800  -29.4  800.1    7.6   22.0   70.0  444.0
2018  68  3  9 2100  -29.0  799.9    8.7   24.0   69.0  444.0
2018  69  3 10 0000  -29.6  799.5    8.5   30.0   73.0  444.0
2018  69  3 10 0300  -30.3  799.3   10.2   26.0   71.3  444.0
2018  69  3 10 0600  -31.4  799.7    8.4   20.0   75.0  444.0
2018  69  3 10 0900  -31.9  800.3    8.6   19.0   73.8  444.0
2018  69  3 10 1200  -32.8  801.3    8.2   29.0   74.0  444.0
2018  69  3 10 1500  -31.7  801.9    8.4   22.0   73.0  444.0
2018  69  3 10 1800  -29.3  802.2    7.6   24.0   73.0  444.0
2018  69  3 10 2100  -24.9  803.0    8.7   42.0   75.4  444.0
2018  70  3 11 0000  -23.2  803.5    8.1   47.0   76.0  444.0
2018  70  3 11 0300  -23.5  803.4   10.7   59.0   78.0  444.0
2018  70  3 11 0600  -24.0  803.6   10.6   59.0   77.0  444.0
2018  70  3 11 0900  -27.2  803.6    8.9   52.0   77.0  444.0
2018  70  3 11 1200  -28.6  803.7    9.1   62.0   76.9  444.0
2018  70  3 11 1500  -27.2  804.0   11.3   57.0   75.0  444.0
2018  70  3 11 1800  -24.7  804.7   12.2   58.0   75.8  444.0
2018  70  3 11 2100  -23.1  805.6   11.5   54.0   78.0  444.0
2018  71  3 12 0000  -22.7  806.2   12.7   48.0   78.7  444.0
2018  71  3 12 0300  -25.4  807.2    9.1   43.0   77.0  444.0
2018  71  3 12 0600  -27.8  808.1    9.1   35.0   78.0  444.0
2018  71  3 12 0900  -27.5  809.1    8.4   37.0   77.0  444.0
2018  71  3 12 1200  -27.1  809.9    9.2   28.0   79.0  444.0
2018  71  3 12 1500  -28.5  810.6    6.6   27.0   74.0  444.0
2018  71  3 12 1800  -29.6  811.3    7.7   25.0   71.0  444.0
2018  71  3 12 2100  -29.8  811.6    6.5   23.0   70.0  444.0
2018  72  3 13 0000  -29.0  811.1    8.1   22.0   71.0  444.0
2018  72  3 13 0300  -31.2  810.4    9.7   19.0   73.0  444.0
2018  72  3 13 0600  -31.9  809.8   11.1   17.0   75.0  444.0
2018  72  3 13 0900  -32.6  809.1   11.2   20.0   75.0  444.0
2018  72  3 13 1200  -33.2  808.5    9.3   11.0   74.2  444.0
2018  72  3 13 1500  -34.0  807.6   10.3   19.0   72.0  444.0
2018  72  3 13 1800  -29.8  807.4   11.8   16.0   75.0  444.0
2018  72  3 13 2100  -26.4  807.3   11.5   15.0   75.0  444.0
2018  73  3 14 0000  -25.4  807.0   13.9  360.0   76.5  444.0
2018  73  3 14 0300  -27.3  807.5   10.0   14.0   77.0  444.0
2018  73  3 14 0600  -28.4  808.0   10.7  356.0   77.0  444.0
2018  73  3 14 0900  -32.3  808.4   10.7  356.0   74.0  444.0
2018  73  3 14 1200  -34.3  809.1   10.0    1.0   73.0  444.0
2018  73  3 14 1500  -33.8  809.2   10.0    2.0   72.0  444.0
2018  73  3 14 1800  -30.8  808.9   10.5    4.0   71.0  444.0
2018  73  3 14 2100  -28.6  807.7   10.3    4.0   71.8  444.0
2018  74  3 15 0000  -26.9  805.6   11.7   15.0   77.0  444.0
2018  74  3 15 0300  -20.7  801.4   14.8   13.0   82.1  444.0
2018  74  3 15 0600  -20.7  797.3   20.4   11.0   82.0  444.0
2018  74  3 15 0900  -21.0  794.6   22.8    6.0   82.1  444.0
2018  74  3 15 1200  -21.4  794.6   18.6  358.0   82.0  444.0
2018  74  3 15 1500  -21.8  793.8   17.8  359.0   81.0  444.0
2018  74  3 15 1800  -18.6  794.6   14.5  357.0   83.5  444.0
2018  74  3 15 2100  -17.4  794.4   14.8  357.0   83.0  444.0
2018  75  3 16 0000  -16.2  795.2   12.5  353.0   86.0  444.0
2018  75  3 16 0300  -15.8  796.1   11.9  356.0   88.0  444.0
2018  75  3 16 0600  -15.4  797.6   10.7  350.0   88.9  444.0
2018  75  3 16 0900  -14.9  799.5    9.5  336.0   89.0  444.0
2018  75  3 16 1200  -14.8  802.1    7.8  330.0   89.6  444.0
2018  75  3 16 1500  -16.0  806.0    7.4  276.0   88.0  444.0
2018  75  3 16 1800  -17.8  809.7    6.7  292.0   84.0  444.0
2018  75  3 16 2100  -18.2  811.9    6.3  310.0   86.0  444.0
2018  76  3 17 0000  -22.0  812.0    8.2    8.0   82.0  444.0
2018  76  3 17 0300  -20.6  809.4   13.5   18.0   83.0  444.0
2018  76  3 17 0600  -16.8  806.0   17.1   14.0   86.7  444.0
2018  76  3 17 0900  -15.9  804.5   17.1  360.0   88.0  444.0
2018  76  3 17 1200  -10.6  805.5   10.2  335.0   94.0  444.0
2018  76  3 17 1500  -11.2  807.3    7.1  323.0   88.0  444.0
2018  76  3 17 1800  -13.8  807.8    5.7    2.0   82.0  444.0
2018  76  3 17 2100  -14.6  806.8    6.9   12.0   88.0  444.0
2018  77  3 18 0000  -13.0  804.1    6.7  346.0   90.0  444.0
2018  77  3 18 0300  -14.5  801.3    5.1  251.0   92.0  444.0
2018  77  3 18 0600  -17.2  803.0   10.5  231.0   88.0  444.0
2018  77  3 18 0900  -20.0  805.7    9.8  241.0   86.0  444.0
2018  77  3 18 1200  -21.3  807.6    9.5  240.0   85.0  444.0
2018  77  3 18 1500  -24.8  809.0    4.8  260.0   82.0  444.0
2018  77  3 18 1800  -22.8  809.6    5.0  250.0   82.0  444.0
2018  77  3 18 2100  -21.3  810.6    5.3  235.0   84.0  444.0
2018  78  3 19 0000  -22.7  811.2    4.2  247.0   83.0  444.0
2018  78  3 19 0300  -24.4  811.2    4.6  213.0   82.0  444.0
2018  78  3 19 0600  -23.0  811.4    6.5  209.0   83.0  444.0
2018  78  3 19 0900  -23.4  811.6    7.2  223.0   83.0  444.0
2018  78  3 19 1200  -23.7  811.7    7.1  213.0   82.5  444.0
2018  78  3 19 1500  -24.1  812.3    8.7  207.0   82.0  444.0
2018  78  3 19 1800  -24.2  812.7    9.1  218.0   81.0  444.0
2018  78  3 19 2100  -23.4  813.4   10.1  225.0   81.5  444.0
2018  79  3 20 0000  -25.3  812.6    9.8  225.0   80.0  444.0
2018  79  3 20 0300  -25.2  812.2    8.4  223.0   81.0  444.0
2018  79  3 20 0600  -25.6  810.2    9.6  229.0   80.0  444.0
2018  79  3 20 0900  -25.5  809.0    4.9  199.0   80.5  444.0
2018  79  3 20 1200  -25.3  807.6    2.7  186.0   81.0  444.0
2018  79  3 20 1500  -24.8  806.0    2.4  162.0   81.0  444.0
2018  79  3 20 1800  -25.5  804.1    1.8  130.0   80.0  444.0
2018  79  3 20 2100  -26.4  802.0    1.6   63.0   79.0  444.0
2018  80  3 21 0000  -33.0  799.5    3.3   30.0   72.9  444.0
2018  80  3 21 0300  -37.6  797.1    4.1    4.0   73.0  444.0
2018  80  3 21 0600  -36.4  796.1    5.6  352.0   73.1  444.0
2018  80  3 21 0900  -41.1  795.8    5.9   14.0   70.0  444.0
2018  80  3 21 1200  -41.7  795.5    5.4   13.0   70.3  444.0
2018  80  3 21 1500  -39.8  795.8    8.7   18.0   71.0  444.0
2018  80  3 21 1800  -36.9  796.1    9.0   18.0   72.0  444.0
2018  80  3 21 2100  -35.0  796.1    7.9   25.0   72.0  444.0
2018  81  3 22 0000  -34.8  795.3    8.2   31.0   72.0  444.0
2018  81  3 22 0300  -35.6  795.3    6.3   23.0   73.0  444.0
2018  81  3 22 0600  -35.8  794.9    7.3   26.0   73.0  444.0
2018  81  3 22 0900  -37.4  794.7    8.3   35.0   72.0  444.0
2018  81  3 22 1200  -38.0  793.9    7.9   31.0   72.0  444.0
2018  81  3 22 1500  -38.2  792.9    6.8   23.0   71.0  444.0
2018  81  3 22 1800  -39.0  792.2    6.2   25.0   70.0  444.0
2018  81  3 22 2100  -37.6  792.0    6.5   22.0   70.2  444.0
2018  82  3 23 0000  -37.4  791.7    7.8   30.0   71.0  444.0
2018  82  3 23 0300  -37.4  792.3    8.1   27.0   71.8  444.0
2018  82  3 23 0600  -35.6  793.2    7.0   28.0   73.0  444.0
2018  82  3 23 0900  -36.5  793.4    7.6   19.0   72.4  444.0
2018  82  3 23 1200  -34.9  793.6    7.4   32.0   74.0  444.0
2018  82  3 23 1500  -34.3  793.4   10.0   43.0   73.0  444.0
2018  82  3 23 1800  -31.0  794.7   12.6   37.0   76.0  444.0
2018  82  3 23 2100  -31.4  797.8   11.5   50.0   74.0  444.0
2018  83  3 24 0000  -28.0  799.4    9.2   52.0   77.0  444.0
2018  83  3 24 0300  -28.1  801.3   10.4   65.0   78.0  444.0
2018  83  3 24 0600  -29.1  802.8    8.3   77.0   76.9  444.0
2018  83  3 24 0900  -28.6  802.5    9.9   71.0   78.0  444.0
2018  83  3 24 1200  -29.3  802.2   11.3   66.0   77.0  444.0
2018  83  3 24 1500  -29.0  802.0    9.6   70.0   77.2  444.0
2018  83  3 24 1800  -26.6  802.2    9.9   65.0   78.0  444.0
2018  83  3 24 2100  -26.1  802.3    9.0   64.0   78.0  444.0
2018  84  3 25 0000  -25.6  802.0   10.6   64.0   78.0  444.0
2018  84  3 25 0300  -30.0  801.3    9.0   60.0   76.8  444.0
2018  84  3 25 0600  -29.5  800.6   10.2   59.0   77.0  444.0
2018  84  3 25 0900  -29.3  800.6    9.1   54.0   77.0  444.0
2018  84  3 25 1200  -27.6  800.2    6.5   23.0   78.0  444.0
2018  84  3 25 1500  -31.1  799.9    6.5   24.0   76.0  444.0
2018  84  3 25 1800  -30.5  799.7    6.9   47.0   75.8  444.0
2018  84  3 25 2100  -27.3  799.6    6.3   42.0   78.0  444.0
2018  85  3 26 0000  -26.9  800.2    6.5   57.0   78.7  444.0
2018  85  3 26 0300  -32.2  800.2    7.4   62.0   75.0  444.0
2018  85  3 26 0600  -35.1  800.4    8.9   54.0   73.2  444.0
2018  85  3 26 0900  -34.4  801.1    9.7   48.0   74.0  444.0
2018  85  3 26 1200  -34.5  801.7    6.6   52.0   74.0  444.0
2018  85  3 26 1500  -35.3  801.6    8.2   54.0   73.0  444.0
2018  85  3 26 1800  -35.9  801.1    7.9   51.0   72.4  444.0
2018  85  3 26 2100  -35.0  801.1    9.5   40.0   72.2  444.0
2018  86  3 27 0000  -34.2  802.2    7.6   35.0   73.0  444.0
2018  86  3 27 0300  -32.2  802.7    7.8   32.0   75.0  444.0
2018  86  3 27 0600  -30.4  802.7    9.3   63.0   76.2  444.0
2018  86  3 27 0900  -28.4  802.4    7.7   64.0   77.3  444.0
2018  86  3 27 1200  -26.6  803.1   10.1   56.0   79.0  444.0
2018  86  3 27 1500  -27.1  803.8   10.3   59.0   79.0  444.0
2018  86  3 27 1800  -28.8  804.7    8.1   68.0   75.0  444.0
2018  86  3 27 2100  -24.1  805.2   10.1   51.0   80.2  444.0
2018  87  3 28 0000  -21.5  806.3    7.9   65.0   83.0  444.0
2018  87  3 28 0300  -26.5  806.8    6.1   89.0   79.0  444.0
2018  87  3 28 0600  -23.7  806.3    8.5   78.0   81.0  444.0
2018  87  3 28 0900  -28.0  806.9    8.8   66.0   78.0  444.0
2018  87  3 28 1200  -26.9  807.7    8.4   52.0   79.2  444.0
2018  87  3 28 1500  -23.8  809.0    8.9   56.0   81.0  444.0
2018  87  3 28 1800  -24.8  809.6    9.1   61.0   79.0  444.0
2018  87  3 28 2100  -24.9  810.4    7.5   69.0   78.0  444.0
2018  88  3 29 0000  -22.8  811.0   10.7   67.0   80.4  444.0
2018  88  3 29 0300  -26.2  811.4    9.3   61.0   79.0  444.0
2018  88  3 29 0600  -27.4  811.6    8.7   67.0   79.0  444.0
2018  88  3 29 0900  -25.3  811.4    6.0   85.0   79.0  444.0
2018  88  3 29 1200  -23.3  810.4    4.9   77.0   78.0  444.0
2018  88  3 29 1500  -23.9  809.4    2.6  123.0   78.0  444.0
2018  88  3 29 1800  -23.8  808.4    3.9   78.0   79.0  444.0
2018  88  3 29 2100  -24.0  807.8    4.6   71.0   83.0  444.0
2018  89  3 30 0000  -20.1  807.5    3.1   89.0   85.0  444.0
2018  89  3 30 0300  -17.4  806.6    8.7   86.0   85.0  444.0
2018  89  3 30 0600  -19.3  805.6   10.2   88.0   83.0  444.0
2018  89  3 30 0900  -20.7  806.1    8.4   74.0   81.0  444.0
2018  89  3 30 1200  -24.8  806.5   10.5   66.0   80.0  444.0
2018  89  3 30 1500  -25.4  808.5    9.8   68.0   79.0  444.0
2018  89  3 30 1800  -24.8  809.2    6.7   86.0   81.0  444.0
2018  89  3 30 2100  -24.6  810.6    6.3   76.0   78.0  444.0
2018  90  3 31 0000  -25.7  812.0    8.2   62.0   76.0  444.0
2018  90  3 31 0300  -27.8  812.6    7.4   50.0   79.0  444.0
2018  90  3 31 0600  -29.0  814.2    8.2   58.0   77.0  444.0
2018  90  3 31 0900  -31.8  814.8    5.7   17.0   76.0  444.0
2018  90  3 31 1200  -34.2  814.2    6.6   15.0   74.0  444.0
2018  90  3 31 1500  -31.3  814.2    4.1   14.0   77.0  444.0
2018  90  3 31 1800  -33.3  813.4    2.8   11.0   74.0  444.0
2018  90  3 31 2100  -31.1  812.8    1.5   37.0   76.0  444.0
