Year: 2018  Month: 05  ID: CHA  ARGOS: 99602  Name: Cape Hallett        
Lat: 72.19S  Lon: 170.17E  Elev:    1m
2018 121  5  1 0000  -16.8  983.9    6.5  150.5   69.4  444.0
2018 121  5  1 0300  -15.4  983.4    5.1  182.1   61.2  444.0
2018 121  5  1 0600  -17.0  982.8    3.5  167.2   62.9  444.0
2018 121  5  1 0900  -17.8  983.0    4.6  136.9   57.4  444.0
2018 121  5  1 1200  -18.0  983.9    4.5  232.4   61.2  444.0
2018 121  5  1 1500  -18.6  983.0    5.9  231.9   61.0  444.0
2018 121  5  1 1800  -19.7  982.4    5.8  242.4   64.3  444.0
2018 121  5  1 2100  -19.2  981.7    3.0  232.4   60.2  444.0
2018 122  5  2 0000  -19.2  981.2    2.3  237.0   60.0  444.0
2018 122  5  2 0300  -19.6  980.5    1.5  227.4   75.1  444.0
2018 122  5  2 0600  -19.9  979.8    0.0    0.0   79.2  444.0
2018 122  5  2 0900  -20.5  979.5    1.8  239.6   81.9  444.0
2018 122  5  2 1200  -21.1  979.5    1.6  144.2   76.9  444.0
2018 122  5  2 1500  -26.7  979.7    0.7  233.9   77.5  444.0
2018 122  5  2 1800  -24.5  980.0    1.9  226.2   76.8  444.0
2018 122  5  2 2100  -24.2  980.5    0.3  265.9   72.2  444.0
2018 123  5  3 0000  -23.9  981.1    0.4  224.8   77.4  444.0
2018 123  5  3 0300  -22.2  981.1    0.0    0.0   78.8  444.0
2018 123  5  3 0600  -22.1  981.5    0.9  201.7   78.2  444.0
2018 123  5  3 0900  -24.4  982.0    0.7  243.8   78.6  444.0
2018 123  5  3 1200  -24.3  983.1    0.3  211.8   78.2  444.0
2018 123  5  3 1500  -27.9  984.5    0.0    0.0   77.1  444.0
2018 123  5  3 1800  -29.0  985.3    0.4  219.9   74.0  444.0
2018 123  5  3 2100  -28.2  987.7    0.8  248.5   68.2  444.0
2018 124  5  4 0000  -30.6  989.7    0.3  276.9   67.3  444.0
2018 124  5  4 0300  -31.8  990.9    0.8  243.9   70.5  444.0
2018 124  5  4 0600  -29.6  991.4    0.0    0.0   69.9  444.0
2018 124  5  4 0900  -30.8  991.6    1.2  243.1   71.2  444.0
2018 124  5  4 1200  -28.6  992.1    2.0  230.7   72.0  444.0
2018 124  5  4 1500  -25.0  993.1    1.5  208.6   67.2  444.0
2018 124  5  4 1800  -24.0  995.2    1.2  250.4   73.8  444.0
2018 124  5  4 2100  -23.3  997.3    2.3  253.0   79.2  444.0
2018 125  5  5 0000  -26.6  998.6    1.8  222.3   80.5  444.0
2018 125  5  5 0300  -28.0  998.8    2.6  235.5   78.2  444.0
2018 125  5  5 0600  -27.6  997.4    2.1   68.4   76.0  444.0
2018 125  5  5 0900  -29.9  996.0    0.6   74.7   75.5  444.0
2018 125  5  5 1200  -31.2  995.2    1.2  228.0   72.0  444.0
2018 125  5  5 1500  -29.7  994.5    0.0  209.6   74.4  444.0
2018 125  5  5 1800  -23.6  993.7    0.2  246.0   79.4  444.0
2018 125  5  5 2100  -23.5  993.1    1.8  243.8   79.8  444.0
2018 126  5  6 0000  -20.6  991.3    0.1  219.4   74.2  444.0
2018 126  5  6 0300  -20.5  989.8    3.4  230.1   73.2  444.0
2018 126  5  6 0600  -22.3  988.3    4.6  245.9   72.1  444.0
2018 126  5  6 0900  -23.0  987.4    3.4  209.2   67.2  444.0
2018 126  5  6 1200  -23.4  986.7    0.7  229.0   61.5  444.0
2018 126  5  6 1500  -25.8  985.6    0.6  243.6   68.0  444.0
2018 126  5  6 1800  -23.7  985.7    0.4   85.6   61.6  444.0
2018 126  5  6 2100  -23.7  986.3    2.7  151.4   56.6  444.0
2018 127  5  7 0000  -24.7  985.6    1.1  158.1   59.6  444.0
2018 127  5  7 0300  -27.7  985.8    0.1  254.1   65.6  444.0
2018 127  5  7 0600  -25.8  986.0    0.0  182.1   63.8  444.0
2018 127  5  7 0900  -24.9  986.3    0.0    0.0   72.9  444.0
2018 127  5  7 1200  -25.5  986.3    0.3  294.1   65.9  444.0
2018 127  5  7 1500  -26.0  986.2    1.7  164.5   60.2  444.0
2018 127  5  7 1800  -27.7  986.1    0.1  180.1   61.8  444.0
2018 127  5  7 2100  -26.2  986.9    2.0  146.4   56.5  444.0
2018 128  5  8 0000  -25.6  988.2    1.2  217.3   56.6  444.0
2018 128  5  8 0300  -25.1  988.9    1.3  230.9   58.7  444.0
2018 128  5  8 0600  -24.1  990.4    3.1  100.4   56.3  444.0
2018 128  5  8 0900  -24.1  992.0    1.6   67.6   56.7  444.0
2018 128  5  8 1200  -23.5  992.9    2.3  241.5   48.0  444.0
2018 128  5  8 1500  -24.4  994.1    0.8  287.7   62.3  444.0
2018 128  5  8 1800  -24.2  994.1    1.3  335.2   65.2  444.0
2018 128  5  8 2100  -25.2  994.5    1.2  203.9   73.7  444.0
2018 129  5  9 0000  -26.2  994.1    0.7  158.3   72.8  444.0
2018 129  5  9 0300  -26.4  993.8    0.0    0.0   72.5  444.0
2018 129  5  9 0600  -26.0  993.4    0.5  153.1   66.5  444.0
2018 129  5  9 0900  -27.9  992.4    0.3  229.1   74.5  444.0
2018 129  5  9 1200  -30.4  991.4    1.1  255.8   73.0  444.0
2018 129  5  9 1500  -29.2  989.9    0.2  249.0   73.6  444.0
2018 129  5  9 1800  -29.5  988.4    0.7  247.1   73.3  444.0
2018 129  5  9 2100  -31.0  986.5    1.5  227.0   73.7  444.0
2018 130  5 10 0000  -31.3  984.4    1.1  239.2   71.4  444.0
2018 130  5 10 0300  -30.8  981.8    1.2  244.9   72.1  444.0
2018 130  5 10 0600  -30.6  980.2    0.5  254.6   71.7  444.0
2018 130  5 10 0900  -30.0  978.5    1.1  253.5   72.3  444.0
2018 130  5 10 1200  -30.4  977.3    0.9  212.1   72.7  444.0
2018 130  5 10 1500  -29.7  976.5    1.5  239.1   74.2  444.0
2018 130  5 10 1800  -28.4  975.1    1.7  252.6   70.2  444.0
2018 130  5 10 2100  -26.8  974.6    0.7   79.9   66.2  444.0
2018 131  5 11 0000  -27.2  973.5    0.1   86.9   69.8  444.0
2018 131  5 11 0300  -24.3  972.1    0.8   74.1   56.1  444.0
2018 131  5 11 0600  -19.7  972.3    6.6  225.9   52.8  444.0
2018 131  5 11 0900  -22.2  971.2    6.0   13.8   52.3  444.0
2018 131  5 11 1200  -22.5  971.8    4.2   42.2   43.5  444.0
2018 131  5 11 1500  -22.4  972.0    2.4   79.1   44.7  444.0
2018 131  5 11 1800  -21.7  971.3    2.7  158.8   40.0  444.0
2018 131  5 11 2100  -25.8  971.0    1.5  249.4   59.6  444.0
2018 132  5 12 0000  -24.8  971.6    0.8  219.0   52.8  444.0
2018 132  5 12 0300  -24.1  972.4    1.4  318.7   49.8  444.0
2018 132  5 12 0600  -25.1  973.4    1.5  168.2   55.6  444.0
2018 132  5 12 0900  -28.1  972.6    2.4  220.0   69.3  444.0
2018 132  5 12 1200  -28.1  972.4    2.2  242.6   69.0  444.0
2018 132  5 12 1500  -25.7  971.9    3.2  217.4   58.8  444.0
2018 132  5 12 1800  -26.1  972.6    0.0    0.0   58.4  444.0
2018 132  5 12 2100  -29.2  974.8    0.5  230.7   66.5  444.0
2018 133  5 13 0000  -29.0  977.2    0.0    0.0   69.2  444.0
2018 133  5 13 0300  -26.1  978.9    0.4  212.3   62.1  444.0
2018 133  5 13 0600  -28.1  980.6    1.4  236.4   69.2  444.0
2018 133  5 13 0900  -26.8  981.9    1.0  219.2   64.1  444.0
2018 133  5 13 1200  -26.7  982.2    1.1  268.8   60.5  444.0
2018 133  5 13 1500  -25.6  982.5    1.3  212.3   59.1  444.0
2018 133  5 13 1800  -24.3  982.6    0.7  249.3   52.3  444.0
2018 133  5 13 2100  -22.9  982.3    0.3   55.5   54.7  444.0
2018 134  5 14 0000  -23.8  983.4    1.6  224.1   57.1  444.0
2018 134  5 14 0300  -24.9  983.2    2.0  256.1   57.3  444.0
2018 134  5 14 0600  -20.4  982.1    2.5  219.8   46.3  444.0
2018 134  5 14 0900  -21.2  981.3    1.7  229.9   47.0  444.0
2018 134  5 14 1200  -25.9  980.6    0.5  104.4   62.9  444.0
2018 134  5 14 1500  -25.9  979.5    0.0    0.0   68.0  444.0
2018 134  5 14 1800  -28.3  978.8    0.2  224.1   70.8  444.0
2018 134  5 14 2100  -28.4  978.6    2.2  236.0   70.6  444.0
2018 135  5 15 0000  -27.5  979.7    0.2   59.8   71.5  444.0
2018 135  5 15 0300  -26.3  979.6    1.0   61.7   68.9  444.0
2018 135  5 15 0600  -28.7  980.0    0.2  226.7   74.5  444.0
2018 135  5 15 0900  -29.7  980.5    0.9  241.0   70.3  444.0
2018 135  5 15 1200  -29.9  980.9    0.0    0.0   71.0  444.0
2018 135  5 15 1500  -26.8  981.9    1.0  223.7   68.7  444.0
2018 135  5 15 1800  -26.5  982.6    0.1  205.8   74.7  444.0
2018 135  5 15 2100  -21.9  984.9    1.1  244.1   72.3  444.0
2018 136  5 16 0000  -18.7  987.0    0.6  186.2   63.1  444.0
2018 136  5 16 0300  -18.7  989.7    1.1  224.0   72.0  444.0
2018 136  5 16 0600  -15.3  992.5    4.1  155.1   64.2  444.0
2018 136  5 16 0900  -17.9  995.2    4.1  340.1   69.7  444.0
2018 136  5 16 1200  -19.1  996.5    1.2  149.8   73.2  444.0
2018 136  5 16 1500  -21.9  996.4    1.4  218.4   72.7  444.0
2018 136  5 16 1800  -24.0  996.2    3.0  224.0   76.8  444.0
2018 136  5 16 2100  -24.4  995.8    1.8  265.2   70.4  444.0
2018 137  5 17 0000  -26.5  994.9    0.9  264.4   75.3  444.0
2018 137  5 17 0300  -27.0  993.7    2.0  235.7   71.5  444.0
2018 137  5 17 0600  -26.3  993.9    0.1  243.8   73.9  444.0
2018 137  5 17 0900  -28.4  995.0    0.0  142.3   75.4  444.0
2018 137  5 17 1200  -29.8  997.5    1.2  229.3   75.4  444.0
2018 137  5 17 1500  -26.6 1000.6    1.0  287.7   83.9  444.0
2018 137  5 17 1800  -25.2 1003.6    1.9  224.4   81.7  444.0
2018 137  5 17 2100  -24.7 1006.5    1.6  237.9   78.3  444.0
2018 138  5 18 0000  -26.6 1008.3    1.2  237.2   74.2  444.0
2018 138  5 18 0300  -28.2 1009.2    1.4  231.2   73.9  444.0
2018 138  5 18 0600  -28.2 1010.1    0.8  238.3   75.9  444.0
2018 138  5 18 0900  -30.5 1010.2    0.0    0.0   73.5  444.0
2018 138  5 18 1200  -29.7 1009.3    0.0    0.0   77.9  444.0
2018 138  5 18 1500  -28.7 1007.6    0.9  256.2   74.8  444.0
2018 138  5 18 1800  -27.8 1006.3    0.5  231.0   74.5  444.0
2018 138  5 18 2100  -28.4 1004.8    0.1  204.2   74.4  444.0
2018 139  5 19 0000  -29.7 1002.3    1.8  232.1   73.1  444.0
2018 139  5 19 0300  -29.1 1000.0    1.8  229.9   73.7  444.0
2018 139  5 19 0600  -28.1  998.6    1.5  230.6   71.7  444.0
2018 139  5 19 0900  -29.0  997.0    1.7  245.2   72.7  444.0
2018 139  5 19 1200  -26.6  996.2    0.5   51.7   75.1  444.0
2018 139  5 19 1500  -28.8  995.3    0.0    0.0   75.4  444.0
2018 139  5 19 1800  -29.4  994.7    0.2  242.8   74.0  444.0
2018 139  5 19 2100  -26.5  995.1    0.5  249.1   73.8  444.0
2018 140  5 20 0000  -25.5  994.9    0.4  238.7   77.2  444.0
2018 140  5 20 0300  -24.4  994.5    0.6  233.7   78.9  444.0
2018 140  5 20 0600  -24.7  994.7    1.4  223.6   80.0  444.0
2018 140  5 20 0900  -24.4  994.6    1.9  236.4   78.9  444.0
2018 140  5 20 1200  -25.1  995.3    0.3  261.6   76.9  444.0
2018 140  5 20 1500  -23.3  995.3    1.0   58.3   79.4  444.0
2018 140  5 20 1800  -23.1  996.1    1.3  155.5   74.5  444.0
2018 140  5 20 2100  -23.2  997.1    1.8  146.6   70.6  444.0
2018 141  5 21 0000  -23.2  998.3    1.0  220.8   70.9  444.0
2018 141  5 21 0300  -22.8  999.2    1.4   39.4   66.4  444.0
2018 141  5 21 0600  -22.6 1000.0    1.5   56.9   68.9  444.0
2018 141  5 21 0900  -22.5 1000.3    2.0   22.2   69.1  444.0
2018 141  5 21 1200  -22.5 1000.2    0.9   40.3   68.5  444.0
2018 141  5 21 1500  -22.2  999.3    1.7  243.3   62.9  444.0
2018 141  5 21 1800  -22.8  998.3    6.7  234.4   77.1  444.0
2018 141  5 21 2100  -22.1  997.5    9.5  233.9   80.0  444.0
2018 142  5 22 0000  -23.0  996.0   20.8  237.9   79.3  444.0
2018 142  5 22 0300  -19.8  995.0   18.7  223.1   82.9  444.0
2018 142  5 22 0600  -17.9  995.0   21.9  213.4   78.0  444.0
2018 142  5 22 0900  -19.1  995.6   21.8  206.2   79.1  444.0
2018 142  5 22 1200  -19.0  997.3   19.3  219.9   81.4  444.0
2018 142  5 22 1500  -18.2  997.2   21.6  212.2   73.2  444.0
2018 142  5 22 1800  -17.1  996.8   21.4  211.3   63.6  444.0
2018 142  5 22 2100  -16.1  998.4   14.9  209.6   55.4  444.0
2018 143  5 23 0000  -15.8  998.7   10.5  198.5   44.7  444.0
2018 143  5 23 0300  -16.8  999.4   10.6  219.3   45.2  444.0
2018 143  5 23 0600  -17.7 1000.5    3.2  255.5   53.0  444.0
2018 143  5 23 0900  -19.0 1001.0    5.3  238.3   50.5  444.0
2018 143  5 23 1200  -22.0  999.8    2.5  218.5   56.8  444.0
2018 143  5 23 1500  -20.2  998.3    2.8  227.4   42.6  444.0
2018 143  5 23 1800  -25.5  996.5    0.3  288.4   65.1  444.0
2018 143  5 23 2100  -25.3  993.9    2.6   45.9   66.7  444.0
2018 144  5 24 0000  -26.0  991.6    1.4  239.2   61.1  444.0
2018 144  5 24 0300  -27.8  988.8    0.0    0.0   65.2  444.0
2018 144  5 24 0600  -27.5  987.7    1.0  194.8   67.1  444.0
2018 144  5 24 0900  -28.3  986.3    1.2  232.3   66.2  444.0
2018 144  5 24 1200  -28.9  986.7    2.0  239.3   66.6  444.0
2018 144  5 24 1500  -29.3  986.8    0.0    0.0   68.2  444.0
2018 144  5 24 1800  -29.2  987.6    0.0    0.0   67.9  444.0
2018 144  5 24 2100  -28.4  988.5    0.9  240.9   64.5  444.0
2018 145  5 25 0000  -28.9  989.3    0.4  280.8   66.4  444.0
2018 145  5 25 0300  -30.0  989.5    1.0  266.5   68.6  444.0
2018 145  5 25 0600  -29.9  989.6    0.6  213.5   67.9  444.0
2018 145  5 25 0900  -29.5  989.0    0.9  183.7   68.0  444.0
2018 145  5 25 1200  -29.7  988.6    1.8  238.6   69.4  444.0
2018 145  5 25 1500  -26.6  986.7    2.3  215.0   66.0  444.0
2018 145  5 25 1800  -27.3  985.9    0.7  214.8   68.7  444.0
2018 145  5 25 2100  -27.4  985.4    0.7  201.0   70.3  444.0
2018 146  5 26 0000  -25.6  984.9    1.7  262.5   67.9  444.0
2018 146  5 26 0300  -25.7  984.1    0.0    0.0   74.6  444.0
2018 146  5 26 0600  -23.4  984.4    2.5  222.8   77.2  444.0
2018 146  5 26 0900  -21.0  984.2    1.3  209.7   82.0  444.0
2018 146  5 26 1200  -19.1  983.5    1.8   67.9   83.1  444.0
2018 146  5 26 1500  -17.7  983.5    1.0  155.9   80.4  444.0
2018 146  5 26 1800  -18.5  984.8    1.2   32.4   81.5  444.0
2018 146  5 26 2100  -18.2  987.5    3.0  107.6   77.6  444.0
2018 147  5 27 0000  -17.0  990.1    3.1  141.7   68.4  444.0
2018 147  5 27 0300  -16.4  992.1    3.0   88.0   71.1  444.0
2018 147  5 27 0600  -17.4  995.3    6.6   73.7   66.2  444.0
2018 147  5 27 0900  -17.8  997.8    8.5  241.0   62.5  444.0
2018 147  5 27 1200  -18.3 1000.5    4.3  211.5   52.9  444.0
2018 147  5 27 1500  -21.4 1001.2    0.5  171.8   63.5  444.0
2018 147  5 27 1800  -23.6 1002.3    0.4   98.1   71.8  444.0
2018 147  5 27 2100  -21.3 1003.0    1.8  175.1   61.1  444.0
2018 148  5 28 0000  -23.7 1003.2    0.1    1.1   75.2  444.0
2018 148  5 28 0300  -22.5 1003.5    0.0  210.3   74.5  444.0
2018 148  5 28 0600  -22.3 1003.9    1.0   27.6   75.2  444.0
2018 148  5 28 0900  -22.8 1003.7    3.0  155.1   62.0  444.0
2018 148  5 28 1200  -23.9 1003.3    1.9  206.8   65.0  444.0
2018 148  5 28 1500  -26.2 1004.1    0.1  161.6   65.2  444.0
2018 148  5 28 1800  -24.4 1004.4    0.7  149.2   66.0  444.0
2018 148  5 28 2100  -29.9 1005.5    0.0  295.9   71.4  444.0
2018 149  5 29 0000  -29.9 1006.3    0.0    0.0   74.0  444.0
2018 149  5 29 0300  -24.6 1006.0    1.8  157.4   69.7  444.0
2018 149  5 29 0600  -25.5 1003.4    0.0    0.0   76.0  444.0
2018 149  5 29 0900  -23.1  998.9    3.4   77.0   65.4  444.0
2018 149  5 29 1200  -25.5  995.3    0.6  220.9   76.1  444.0
2018 149  5 29 1500  -28.3  992.8    1.2  243.1   74.6  444.0
2018 149  5 29 1800  -27.8  992.0    0.9  260.8   65.4  444.0
2018 149  5 29 2100  -28.4  992.9    0.7  161.9   68.1  444.0
2018 150  5 30 0000  -28.6  994.6    1.2  232.0   63.9  444.0
2018 150  5 30 0300  -29.8  996.8    0.7  218.2   63.9  444.0
2018 150  5 30 0600  -30.8  999.4    0.0    0.0   62.1  444.0
2018 150  5 30 0900  -32.6 1001.5    0.0    0.0   67.9  444.0
2018 150  5 30 1200  -30.9 1002.7    0.0    0.0   69.1  444.0
2018 150  5 30 1500  -31.9 1002.9    0.5  240.5   64.2  444.0
2018 150  5 30 1800  -29.2 1003.1    2.3   63.3   75.1  444.0
2018 150  5 30 2100  -28.3 1002.6    0.4  244.2   70.5  444.0
2018 151  5 31 0000  -28.0 1002.3    0.5  219.3   70.2  444.0
2018 151  5 31 0300  -28.0 1002.0    0.3  235.8   73.3  444.0
2018 151  5 31 0600  -29.2 1002.4    1.5  241.2   70.8  444.0
2018 151  5 31 0900  -26.0 1001.9    0.3  193.5   66.6  444.0
2018 151  5 31 1200  -20.6 1002.0    4.7  233.3   68.9  444.0
2018 151  5 31 1500  -18.9 1003.8    1.8  150.6   51.4  444.0
2018 151  5 31 1800  -20.0 1004.9    3.0  173.7   52.5  444.0
2018 151  5 31 2100  -26.0 1005.8    0.6   70.8   68.1  444.0
