Year: 2018  Month: 10  ID: D10  ARGOS:  8914  Name: D-10                
Lat: 66.71S  Lon: 139.84E  Elev:  243m
2018 274 10  1 0000  -22.4  925.9    5.5  169.0   23.0  444.0
2018 274 10  1 0300  444.0  925.9    0.4  189.0   14.0  444.0
2018 274 10  1 0600  -20.6  926.9    1.6  181.0   21.0  444.0
2018 274 10  1 0900  -21.9  929.4    2.1  192.0   22.3  444.0
2018 274 10  1 1200  -24.3  931.5    5.5  166.0   19.0  444.0
2018 274 10  1 1500  -26.6  933.1    7.4  183.0   32.0  444.0
2018 274 10  1 1800  -27.0  934.1    9.6  176.0   37.0  444.0
2018 274 10  1 2100  -26.2  934.3    8.6  150.0   36.0  444.0
2018 275 10  2 0000  -24.8  933.4   11.0  148.0   40.0  444.0
2018 275 10  2 0300  -23.5  931.7   12.6  143.0   46.0  444.0
2018 275 10  2 0600  -22.9  930.2   13.1  147.0   50.0  444.0
2018 275 10  2 0900  -22.8  931.6   11.9  146.0   56.0  444.0
2018 275 10  2 1200  -22.0  933.6   10.1  140.0   44.8  444.0
2018 275 10  2 1500  -23.6  935.5    9.7  159.0   48.0  444.0
2018 275 10  2 1800  -23.1  937.0    7.3  186.0   33.4  444.0
2018 275 10  2 2100  -23.9  937.8    7.1  194.0   30.0  444.0
2018 276 10  3 0000  -22.5  937.8    6.0  187.0   27.5  444.0
2018 276 10  3 0300  -20.8  937.5    2.1  100.0   32.8  444.0
2018 276 10  3 0600  -21.3  936.8    1.8  207.0   31.0  444.0
2018 276 10  3 0900  -22.8  936.9    3.6  157.0   26.0  444.0
2018 276 10  3 1200  -26.0  937.0    6.8  182.0   28.9  444.0
2018 276 10  3 1500  -26.5  936.7    6.3  194.0   28.8  444.0
2018 276 10  3 1800  -27.6  936.9    4.1  207.0   25.0  444.0
2018 276 10  3 2100  -28.8  937.5    4.5  205.0   28.2  444.0
2018 277 10  4 0000  -24.2  937.4    3.2  182.0   23.0  444.0
2018 277 10  4 0300  444.0  937.6    0.8  335.0   19.6  444.0
2018 277 10  4 0600  -22.6  937.4    0.5  323.0   22.0  444.0
2018 277 10  4 0900  -26.4  937.6    5.6  226.0   31.0  444.0
2018 277 10  4 1200  -27.5  937.0    6.2  206.0   27.0  444.0
2018 277 10  4 1500  -26.7  936.4    5.0  196.0   21.8  444.0
2018 277 10  4 1800  -27.4  935.9    4.0  200.0   25.1  444.0
2018 277 10  4 2100  -26.1  934.9    4.6  205.0   25.0  444.0
2018 278 10  5 0000  -22.4  934.1    6.1  177.0   30.0  444.0
2018 278 10  5 0300  -19.2  933.0    0.4  190.0   21.9  444.0
2018 278 10  5 0600  -20.5  932.6    2.6  188.0   23.6  444.0
2018 278 10  5 0900  -24.0  932.8    5.3  216.0   27.0  444.0
2018 278 10  5 1200  -25.7  933.4    5.6  194.0   24.0  444.0
2018 278 10  5 1500  -25.4  934.3    7.1  186.0   26.0  444.0
2018 278 10  5 1800  -26.7  934.7    4.2  207.0   28.0  444.0
2018 278 10  5 2100  -25.9  936.3    5.9  195.0   26.0  444.0
2018 279 10  6 0000  -21.2  937.4    0.7  206.0   16.0  444.0
2018 279 10  6 0300  -19.2  938.7    2.1  286.0   27.0  444.0
2018 279 10  6 0600  -18.1  941.0    2.5  178.0   26.0  444.0
2018 279 10  6 0900  -20.4  943.4    4.4  193.0   26.0  444.0
2018 279 10  6 1200  -19.8  946.0    5.1  184.0   20.0  444.0
2018 279 10  6 1500  -19.4  945.5    6.9  162.0   25.0  444.0
2018 279 10  6 1800  -18.4  944.3    7.4  132.0   25.0  444.0
2018 279 10  6 2100  -21.8  943.1    3.6  141.0   35.0  444.0
2018 280 10  7 0000  -16.0  942.0    8.6  141.0   29.0  444.0
2018 280 10  7 0300  -14.7  941.6    3.4  109.0   27.2  444.0
2018 280 10  7 0600  -14.9  942.5    8.9  152.0   34.4  444.0
2018 280 10  7 0900  -15.2  944.3    8.9  151.0   23.0  444.0
2018 280 10  7 1200  -16.8  946.4    9.3  157.0   25.8  444.0
2018 280 10  7 1500  -17.2  948.5    7.1  182.0   24.0  444.0
2018 280 10  7 1800  -17.4  949.8    6.7  170.0   21.0  444.0
2018 280 10  7 2100  -17.7  951.3    7.0  186.0   20.0  444.0
2018 281 10  8 0000  -15.5  951.9    4.0  186.0   18.0  444.0
2018 281 10  8 0300  -15.0  952.1    3.9  152.0   25.0  444.0
2018 281 10  8 0600  -16.1  951.7    2.2  165.0   26.4  444.0
2018 281 10  8 0900  -17.5  951.9    3.8  164.0   24.4  444.0
2018 281 10  8 1200  -19.5  952.1    6.3  182.0   25.0  444.0
2018 281 10  8 1500  -21.3  952.1    7.2  198.0   29.5  444.0
2018 281 10  8 1800  -24.0  952.8    6.7  194.0   35.0  444.0
2018 281 10  8 2100  -24.7  952.6    9.9  187.0   43.3  444.0
2018 282 10  9 0000  -21.2  951.1   14.2  204.0   47.0  444.0
2018 282 10  9 0300  -17.5  951.5   11.2  109.0   32.0  444.0
2018 282 10  9 0600  -14.5  951.6    5.7  194.0   23.0  444.0
2018 282 10  9 0900  -15.7  950.5    2.9  130.0   25.6  444.0
2018 282 10  9 1200  -16.9  946.4    9.1  149.0   31.0  444.0
2018 282 10  9 1500  -17.7  944.1    6.1  144.0   25.5  444.0
2018 282 10  9 1800  -17.6  943.6    6.1  137.0   26.0  444.0
2018 282 10  9 2100  -17.8  944.3    8.8  135.0   25.0  444.0
2018 283 10 10 0000  -16.8  943.9    9.5  148.0   24.7  444.0
2018 283 10 10 0300  -15.1  943.8    7.5  129.0   32.4  444.0
2018 283 10 10 0600  -15.2  944.4    7.2  140.0   28.0  444.0
2018 283 10 10 0900  -17.3  945.7    7.8  160.0   29.0  444.0
2018 283 10 10 1200  -19.4  947.7    5.8  204.0   25.5  444.0
2018 283 10 10 1500  -22.4  948.8    6.7  216.0   30.0  444.0
2018 283 10 10 1800  -21.7  948.3    7.7  187.0   25.5  444.0
2018 283 10 10 2100  -21.1  949.0    6.3  204.0   27.0  444.0
2018 284 10 11 0000  -16.4  950.5   10.9  167.0   24.0  444.0
2018 284 10 11 0300  -14.4  952.4   10.8  192.0   27.9  444.0
2018 284 10 11 0600  -13.4  954.3    9.8  178.0   23.1  444.0
2018 284 10 11 0900  -15.5  955.1    5.9  198.0   25.0  444.0
2018 284 10 11 1200  -15.1  953.7    6.2  186.0   30.0  444.0
2018 284 10 11 1500  -14.7  950.1    4.1  144.0   27.9  444.0
2018 284 10 11 1800  -14.6  947.3    9.6  150.0   30.0  444.0
2018 284 10 11 2100  -15.0  944.9    8.4  140.0   48.4  444.0
2018 285 10 12 0000  -13.5  944.3    8.9  150.0   35.0  444.0
2018 285 10 12 0300  -11.6  945.8    6.7  156.0   22.0  444.0
2018 285 10 12 0600  -11.3  949.5    3.0  306.0   30.1  444.0
2018 285 10 12 0900  -14.3  951.6    5.7  219.0   29.0  444.0
2018 285 10 12 1200  -18.0  952.9    6.6  210.0   28.0  444.0
2018 285 10 12 1500  -19.1  954.3    8.4  200.0   26.0  444.0
2018 285 10 12 1800  -19.6  957.3    8.6  188.0   30.0  444.0
2018 285 10 12 2100  -18.0  960.8    8.0  192.0   25.0  444.0
2018 286 10 13 0000  -14.8  964.0    4.3  174.0   21.0  444.0
2018 286 10 13 0300  -11.6  965.2    4.6  170.0   17.5  444.0
2018 286 10 13 0600  -11.7  964.6    4.8  103.0   22.2  444.0
2018 286 10 13 0900  -13.5  964.4    3.4  133.0   26.0  444.0
2018 286 10 13 1200  -12.4  965.0    7.4  142.0   22.0  444.0
2018 286 10 13 1500  -12.8  965.1    5.9  155.0   24.5  444.0
2018 286 10 13 1800  -11.9  965.9    5.8  144.0   19.0  444.0
2018 286 10 13 2100  -11.8  967.2    3.7  151.0   23.0  444.0
2018 287 10 14 0000  -11.1  967.2    4.3  145.0   25.0  444.0
2018 287 10 14 0300  -11.1  966.1    8.1  129.0   58.0  444.0
2018 287 10 14 0600  -10.9  963.7   11.4  136.0   77.0  444.0
2018 287 10 14 0900  -10.7  961.5   11.7  134.0   92.3  444.0
2018 287 10 14 1200  -10.8  960.9   12.6  150.0   93.0  444.0
2018 287 10 14 1500  -12.4  962.8   12.0  172.0   82.0  444.0
2018 287 10 14 1800  -14.1  965.8   11.7  177.0   62.6  444.0
2018 287 10 14 2100  -13.1  969.0    8.7  194.0   42.0  444.0
2018 288 10 15 0000  -11.1  971.7    4.6  135.0   36.8  444.0
2018 288 10 15 0300   -9.3  973.2    2.6  139.0   28.0  444.0
2018 288 10 15 0600   -9.3  973.7    2.4  166.0   30.8  444.0
2018 288 10 15 0900  -10.1  974.4    1.3  149.0   29.0  444.0
2018 288 10 15 1200  -10.8  974.9    1.2  124.0   27.6  444.0
2018 288 10 15 1500  -11.1  975.0    5.0  140.0   25.0  444.0
2018 288 10 15 1800  -12.8  974.7    3.4  140.0   33.8  444.0
2018 288 10 15 2100  -11.9  974.2    4.8  140.0   32.1  444.0
2018 289 10 16 0000  -12.8  973.6    3.0  168.0   43.0  444.0
2018 289 10 16 0300  -13.2  970.7    4.4  137.0   43.2  444.0
2018 289 10 16 0600  -13.1  967.0    6.0  111.0   45.5  444.0
2018 289 10 16 0900  -13.6  962.5    5.5  136.0   60.0  444.0
2018 289 10 16 1200  -12.9  958.6    6.2  143.0   86.0  444.0
2018 289 10 16 1500  -12.1  954.3    9.4  163.0   70.8  444.0
2018 289 10 16 1800  -12.1  952.9    7.1  176.0   55.0  444.0
2018 289 10 16 2100  -12.6  951.2    5.5  186.0   35.0  444.0
2018 290 10 17 0000  -10.9  949.9    4.7  178.0   31.0  444.0
2018 290 10 17 0300   -9.4  948.5    3.8  189.0   25.0  444.0
2018 290 10 17 0600   -9.9  947.9    4.7  239.0   30.2  444.0
2018 290 10 17 0900  -13.5  945.8    6.1  215.0   31.7  444.0
2018 290 10 17 1200  -12.9  944.2    4.5  251.0   20.0  444.0
2018 290 10 17 1500  -17.5  942.3   14.4  220.0   49.0  444.0
2018 290 10 17 1800  -19.3  940.9    9.6  134.0   48.0  444.0
2018 290 10 17 2100  -20.0  938.2   12.7  183.0   52.0  444.0
2018 291 10 18 0000  -15.4  936.4    7.2  167.0   40.0  444.0
2018 291 10 18 0300  -12.2  934.9    5.1  169.0   29.0  444.0
2018 291 10 18 0600  -13.0  936.0    1.4  241.0   30.0  444.0
2018 291 10 18 0900  -16.5  938.0    3.7  192.0   24.4  444.0
2018 291 10 18 1200  -20.2  941.3    4.8  220.0   29.4  444.0
2018 291 10 18 1500  -22.0  944.2    6.9  209.0   29.0  444.0
2018 291 10 18 1800  -23.2  946.9    6.5  200.0   30.1  444.0
2018 291 10 18 2100  -21.7  949.2    5.7  187.0   38.0  444.0
2018 292 10 19 0000  -17.4  952.4    5.3  179.0   31.0  444.0
2018 292 10 19 0300  444.0  953.6    0.2   25.0   23.8  444.0
2018 292 10 19 0600  -13.4  953.6    3.5  150.0   25.0  444.0
2018 292 10 19 0900  -16.1  952.0    6.9  126.0   35.0  444.0
2018 292 10 19 1200  -17.1  947.6    6.4  127.0   46.0  444.0
2018 292 10 19 1500  -13.6  940.4   17.5  131.0   79.0  444.0
2018 292 10 19 1800  -13.6  932.4   20.8  133.0   80.8  444.0
2018 292 10 19 2100  -12.6  934.5   17.9  128.0   78.0  444.0
2018 293 10 20 0000  -13.7  938.4   12.1  142.0   70.0  444.0
2018 293 10 20 0300  -13.1  941.3    9.9  151.0   66.0  444.0
2018 293 10 20 0600  -13.1  943.1   11.2  156.0   68.6  444.0
2018 293 10 20 0900  -12.9  943.6   12.2  149.0   74.0  444.0
2018 293 10 20 1200  -13.1  940.0   15.0  147.0   79.0  444.0
2018 293 10 20 1500  -13.7  934.9   19.8  146.0   77.2  444.0
2018 293 10 20 1800  -14.0  931.7   17.1  136.0   73.0  444.0
2018 293 10 20 2100  -14.6  928.4   19.6  137.0   75.4  444.0
2018 294 10 21 0000  -14.0  927.5   20.8  152.0   72.0  444.0
2018 294 10 21 0300  -12.6  928.7   20.0  168.0   68.9  444.0
2018 294 10 21 0600  -11.9  931.1   16.8  173.0   65.6  444.0
2018 294 10 21 0900  -11.9  933.7   11.9  183.0   49.9  444.0
2018 294 10 21 1200  -13.8  935.4    8.8  192.0   50.0  444.0
2018 294 10 21 1500  -16.2  937.1    9.9  195.0   45.0  444.0
2018 294 10 21 1800  -17.7  939.1    9.6  190.0   42.0  444.0
2018 294 10 21 2100  -17.3  941.5    8.8  186.0   37.0  444.0
2018 295 10 22 0000  -14.3  944.3    5.1  192.0   33.4  444.0
2018 295 10 22 0300  -12.7  946.5    1.6  223.0   34.0  444.0
2018 295 10 22 0600  444.0  947.9    0.7  147.0   24.0  444.0
2018 295 10 22 0900  -13.9  949.4    3.8  184.0   29.0  444.0
2018 295 10 22 1200  -16.5  950.8   12.0  186.0   28.0  444.0
2018 295 10 22 1500  -18.5  951.3   13.0  180.0   36.7  444.0
2018 295 10 22 1800  -19.6  952.4   11.3  195.0   44.0  444.0
2018 295 10 22 2100  -18.0  953.6   13.1  183.0   43.0  444.0
2018 296 10 23 0000  -15.9  954.1   12.0  194.0   38.0  444.0
2018 296 10 23 0300  -13.4  954.1   11.8  184.0   35.8  444.0
2018 296 10 23 0600  -13.4  953.5    9.1  196.0   35.1  444.0
2018 296 10 23 0900  -16.1  953.3   12.5  178.0   33.0  444.0
2018 296 10 23 1200  -17.7  953.4   13.0  184.0   30.3  444.0
2018 296 10 23 1500  -18.4  952.8    8.7  194.0   25.0  444.0
2018 296 10 23 1800  -19.2  952.6    7.0  193.0   23.0  444.0
2018 296 10 23 2100  -18.5  952.4    5.7  203.0   27.0  444.0
2018 297 10 24 0000  -15.5  951.8    4.1  219.0   28.0  444.0
2018 297 10 24 0300  -13.2  950.0    0.9  200.0   18.8  444.0
2018 297 10 24 0600  -13.5  947.9    5.5  305.0   37.0  444.0
2018 297 10 24 0900  -15.1  946.2    6.5  184.0   22.0  444.0
2018 297 10 24 1200  -20.2  946.6    9.9  204.0   30.0  444.0
2018 297 10 24 1500  -23.8  947.1   11.8  176.0   45.0  444.0
2018 297 10 24 1800  -22.9  947.2   11.0  177.0   43.0  444.0
2018 297 10 24 2100  -21.6  948.5    8.5  198.0   39.9  444.0
2018 298 10 25 0000  -17.5  949.4    4.3  166.0   28.0  444.0
2018 298 10 25 0300  -13.9  950.5    0.1   50.0   15.0  444.0
2018 298 10 25 0600  -14.2  951.7    1.8  291.0   32.0  444.0
2018 298 10 25 0900  -15.1  952.8    6.2  178.0   18.8  444.0
2018 298 10 25 1200  -18.5  953.3    9.4  176.0   38.0  444.0
2018 298 10 25 1500  -17.8  952.6    7.0  148.0   31.9  444.0
2018 298 10 25 1800  -15.5  951.0    9.8  154.0   34.0  444.0
2018 298 10 25 2100  -14.8  948.8   10.7  143.0   36.6  444.0
2018 299 10 26 0000  -14.5  945.4   14.5  150.0   55.0  444.0
2018 299 10 26 0300  -13.5  941.5   15.1  138.0   67.8  444.0
2018 299 10 26 0600  -12.1  941.3   14.6  132.0   72.0  444.0
2018 299 10 26 0900  -12.5  941.0   13.5  136.0   77.0  444.0
2018 299 10 26 1200  -13.4  941.7   14.1  149.0   70.0  444.0
2018 299 10 26 1500  -13.5  942.6   12.5  159.0   57.0  444.0
2018 299 10 26 1800  -14.3  945.3    8.5  180.0   41.2  444.0
2018 299 10 26 2100  -15.0  946.2    9.9  182.0   38.0  444.0
2018 300 10 27 0000  -11.7  947.5    5.9  174.0   26.4  444.0
2018 300 10 27 0300   -9.7  948.4    4.9  163.0   23.6  444.0
2018 300 10 27 0600   -9.3  949.5    1.6  112.0   30.0  444.0
2018 300 10 27 0900  -11.5  950.3    6.5  137.0   29.0  444.0
2018 300 10 27 1200  -13.8  950.4    9.1  150.0   33.2  444.0
2018 300 10 27 1500  -13.9  950.1   11.9  153.0   41.0  444.0
2018 300 10 27 1800  -12.3  949.8   11.1  151.0   51.0  444.0
2018 300 10 27 2100  -11.1  949.1   13.3  155.0   48.0  444.0
2018 301 10 28 0000   -9.9  949.0   13.5  152.0   47.0  444.0
2018 301 10 28 0300   -8.4  948.7   11.2  149.0   49.0  444.0
2018 301 10 28 0600   -7.7  948.4   10.7  150.0   43.0  444.0
2018 301 10 28 0900   -9.7  948.4   10.9  167.0   36.0  444.0
2018 301 10 28 1200  -10.3  948.9   10.1  173.0   33.0  444.0
2018 301 10 28 1500  -11.1  949.7    9.6  184.0   32.0  444.0
2018 301 10 28 1800  -12.2  951.0    8.8  180.0   30.0  444.0
2018 301 10 28 2100  -11.8  953.0    6.7  173.0   29.0  444.0
2018 302 10 29 0000   -9.9  954.8    5.6  150.0   24.5  444.0
2018 302 10 29 0300   -8.9  955.4    4.0  116.0   29.2  444.0
2018 302 10 29 0600  -11.1  955.6    4.6  100.0   43.7  444.0
2018 302 10 29 0900  -12.4  955.7    3.4  127.0   51.0  444.0
2018 302 10 29 1200  -14.1  954.3    4.1  108.0   47.5  444.0
2018 302 10 29 1500  -11.7  952.3    6.8  122.0   45.0  444.0
2018 302 10 29 1800  -11.1  951.0   13.7  148.0   43.0  444.0
2018 302 10 29 2100  -10.9  949.2   13.7  143.0   55.0  444.0
2018 303 10 30 0000   -9.8  947.2   16.0  140.0   54.0  444.0
2018 303 10 30 0300   -9.1  944.6   17.7  146.0   52.8  444.0
2018 303 10 30 0600   -9.1  943.7   16.0  140.0   82.0  444.0
2018 303 10 30 0900   -8.5  943.8   16.6  140.0   62.8  444.0
2018 303 10 30 1200   -9.0  943.0   16.9  139.0   81.0  444.0
2018 303 10 30 1500   -9.6  942.5   15.5  152.0   75.3  444.0
2018 303 10 30 1800  -10.8  942.2   14.9  154.0   77.0  444.0
2018 303 10 30 2100  -10.3  941.9   14.0  152.0   64.0  444.0
2018 304 10 31 0000  -10.1  941.4   13.6  157.0   50.6  444.0
2018 304 10 31 0300   -9.4  940.9   14.0  158.0   48.0  444.0
2018 304 10 31 0600   -9.4  940.9   12.8  157.0   47.2  444.0
2018 304 10 31 0900   -9.8  941.0   13.9  155.0   42.0  444.0
2018 304 10 31 1200  -11.5  941.5   11.4  159.0   40.0  444.0
2018 304 10 31 1500  -12.1  941.7   11.8  163.0   38.0  444.0
2018 304 10 31 1800  -13.1  942.0   11.1  157.0   34.7  444.0
2018 304 10 31 2100  -12.8  942.7    9.8  162.0   35.0  444.0
