Year: 2018  Month: 03  ID: D10  ARGOS:  8914  Name: D-10                
Lat: 66.71S  Lon: 139.84E  Elev:  243m
2018  60  3  1 0000  -12.6  946.4    9.4  172.0   43.0  444.0
2018  60  3  1 0300  -10.0  946.8    6.9  161.0   37.5  444.0
2018  60  3  1 0600  -10.6  948.1    8.1  174.0   39.1  444.0
2018  60  3  1 0900  -12.2  950.0    7.6  184.0   41.8  444.0
2018  60  3  1 1200  -14.0  951.9    8.2  190.0   41.0  444.0
2018  60  3  1 1500  -14.5  953.1    6.2  188.0   41.0  444.0
2018  60  3  1 1800  -13.7  954.7    6.4  172.0   32.0  444.0
2018  60  3  1 2100  -15.4  955.7    8.3  184.0   38.0  444.0
2018  61  3  2 0000  -13.5  957.6    7.3  184.0   34.2  444.0
2018  61  3  2 0300  -11.0  958.8    4.4  166.0   35.0  444.0
2018  61  3  2 0600  -10.7  959.6    3.3  168.0   38.0  444.0
2018  61  3  2 0900  -13.0  960.5    5.4  185.0   35.0  444.0
2018  61  3  2 1200  -14.4  961.5    5.6  210.0   43.0  444.0
2018  61  3  2 1500  -15.5  961.3    6.8  194.0   39.0  444.0
2018  61  3  2 1800  -16.5  960.8    7.7  194.0   37.0  444.0
2018  61  3  2 2100  -16.8  961.0    9.7  190.0   39.6  444.0
2018  62  3  3 0000  -14.8  960.7    8.3  188.0   41.0  444.0
2018  62  3  3 0300  -12.1  959.7    7.2  164.0   40.0  444.0
2018  62  3  3 0600  -11.2  957.9    6.5  159.0   33.2  444.0
2018  62  3  3 0900  -13.2  956.9    7.9  154.0   40.7  444.0
2018  62  3  3 1200  -14.8  955.9    7.5  164.0   43.0  444.0
2018  62  3  3 1500  -15.3  954.9    9.4  169.0   42.0  444.0
2018  62  3  3 1800  -16.9  953.6    9.2  174.0   49.0  444.0
2018  62  3  3 2100  -17.1  953.4    9.2  169.0   55.0  444.0
2018  63  3  4 0000  -15.2  953.2    9.5  179.0   48.0  444.0
2018  63  3  4 0300  -13.2  952.8    8.8  155.0   41.0  444.0
2018  63  3  4 0600  -13.1  952.4    7.8  170.0   35.0  444.0
2018  63  3  4 0900  -14.0  952.3    7.3  166.0   40.0  444.0
2018  63  3  4 1200  -16.1  952.4    9.5  188.0   42.0  444.0
2018  63  3  4 1500  -17.5  951.5   10.8  196.0   44.0  444.0
2018  63  3  4 1800  -18.0  951.9   11.3  178.0   43.0  444.0
2018  63  3  4 2100  -17.1  952.6    8.5  203.0   39.0  444.0
2018  64  3  5 0000  -15.2  952.9    8.8  186.0   39.0  444.0
2018  64  3  5 0300  -12.7  951.9    7.6  182.0   35.0  444.0
2018  64  3  5 0600  -11.4  950.2    6.4  149.0   37.0  444.0
2018  64  3  5 0900  -12.6  947.8   10.1  151.0   48.0  444.0
2018  64  3  5 1200  -13.6  945.1   12.5  172.0   60.3  444.0
2018  64  3  5 1500  -13.6  942.7   13.8  167.0   67.5  444.0
2018  64  3  5 1800  -13.0  942.2   15.3  157.0   69.0  444.0
2018  64  3  5 2100  -12.8  944.1   15.0  161.0   67.8  444.0
2018  65  3  6 0000  -13.3  946.3   16.0  174.0   66.0  444.0
2018  65  3  6 0300  -11.3  949.1   14.1  192.0   59.7  444.0
2018  65  3  6 0600  -10.3  952.5   11.1  188.0   54.0  444.0
2018  65  3  6 0900  -10.6  955.0    8.4  192.0   46.0  444.0
2018  65  3  6 1200  -11.0  956.3    5.0  167.0   47.0  444.0
2018  65  3  6 1500  -12.8  956.4    7.7  194.0   50.9  444.0
2018  65  3  6 1800  -13.1  956.5    7.4  183.0   47.6  444.0
2018  65  3  6 2100  -13.5  956.7    9.5  188.0   45.0  444.0
2018  66  3  7 0000  -11.4  957.2    8.5  182.0   37.0  444.0
2018  66  3  7 0300  -10.3  956.6    8.1  194.0   38.8  444.0
2018  66  3  7 0600   -9.7  956.1    2.5  179.0   37.5  444.0
2018  66  3  7 0900  -12.4  954.7    5.4  218.0   42.0  444.0
2018  66  3  7 1200  -15.3  953.8    6.9  207.0   37.0  444.0
2018  66  3  7 1500  -18.0  953.0    8.1  210.0   41.0  444.0
2018  66  3  7 1800  -18.1  953.3   12.1  214.0   53.7  444.0
2018  66  3  7 2100  -16.7  953.8   10.8  194.0   45.0  444.0
2018  67  3  8 0000  -12.0  953.4    4.9  202.0   33.0  444.0
2018  67  3  8 0300  -10.7  949.9    3.2  151.0   38.0  444.0
2018  67  3  8 0600  -10.0  948.1    0.7  166.0   37.5  444.0
2018  67  3  8 0900  -11.1  946.5    3.5  160.0   67.0  444.0
2018  67  3  8 1200  -11.7  945.6    4.6  172.0   55.0  444.0
2018  67  3  8 1500  -13.3  944.6    4.9  182.0   52.0  444.0
2018  67  3  8 1800  -16.2  943.6    6.5  212.0   48.0  444.0
2018  67  3  8 2100  -18.9  943.5    8.2  209.0   51.0  444.0
2018  68  3  9 0000  -16.7  943.5    6.7  189.0   46.7  444.0
2018  68  3  9 0300  -14.1  943.2    3.4  168.0   36.0  444.0
2018  68  3  9 0600  -13.3  943.1    1.2  312.0   39.3  444.0
2018  68  3  9 0900  -13.9  944.1    1.2  187.0   47.0  444.0
2018  68  3  9 1200  -15.5  944.8    5.0  192.0   43.0  444.0
2018  68  3  9 1500  -17.6  944.4    6.1  207.0   46.0  444.0
2018  68  3  9 1800  -19.0  943.8    5.7  205.0   44.6  444.0
2018  68  3  9 2100  -18.0  942.9    8.6  182.0   44.0  444.0
2018  69  3 10 0000  -17.2  942.8   11.1  184.0   48.0  444.0
2018  69  3 10 0300  -14.0  942.8    9.9  186.0   40.6  444.0
2018  69  3 10 0600  -12.2  944.1    6.1  185.0   41.2  444.0
2018  69  3 10 0900  -12.8  945.8    4.0  189.0   44.4  444.0
2018  69  3 10 1200  -12.7  946.9    4.2  165.0   39.0  444.0
2018  69  3 10 1500  -12.7  947.7    5.6  140.0   43.7  444.0
2018  69  3 10 1800  -12.4  947.9    6.4  130.0   52.0  444.0
2018  69  3 10 2100  -12.8  949.5    6.0  124.0   66.0  444.0
2018  70  3 11 0000  -12.3  950.8    7.2  125.0   65.4  444.0
2018  70  3 11 0300  -11.4  951.1    7.4  125.0   65.0  444.0
2018  70  3 11 0600  -10.9  951.9    8.3  139.0   62.3  444.0
2018  70  3 11 0900  -10.7  953.0    6.9  140.0   55.3  444.0
2018  70  3 11 1200  -11.3  953.8    8.6  152.0   57.2  444.0
2018  70  3 11 1500  -11.6  954.8    8.5  150.0   57.0  444.0
2018  70  3 11 1800  -12.6  955.8    9.5  167.0   54.4  444.0
2018  70  3 11 2100  -13.2  956.9   12.6  158.0   59.0  444.0
2018  71  3 12 0000  -12.8  957.5   13.3  166.0   59.0  444.0
2018  71  3 12 0300  -11.5  957.5   12.4  167.0   57.0  444.0
2018  71  3 12 0600  -11.1  957.6   12.0  166.0   54.8  444.0
2018  71  3 12 0900  -11.9  959.3   10.9  173.0   53.0  444.0
2018  71  3 12 1200  -13.3  960.1    9.2  181.0   48.0  444.0
2018  71  3 12 1500  -15.3  959.6   13.0  176.0   54.0  444.0
2018  71  3 12 1800  -15.3  960.1   10.3  162.0   56.0  444.0
2018  71  3 12 2100  -14.2  961.0    9.2  157.0   45.0  444.0
2018  72  3 13 0000  -13.0  961.3    9.3  146.0   45.1  444.0
2018  72  3 13 0300  -11.6  960.2    7.4  144.0   40.8  444.0
2018  72  3 13 0600  -11.7  959.4    8.9  136.0   38.6  444.0
2018  72  3 13 0900  -15.8  958.7   11.1  165.0   52.0  444.0
2018  72  3 13 1200  -16.7  958.8   13.1  148.0   54.0  444.0
2018  72  3 13 1500  -17.3  956.9   13.8  169.0   60.7  444.0
2018  72  3 13 1800  -16.8  956.2   13.9  165.0   63.0  444.0
2018  72  3 13 2100  -17.7  956.9   12.8  154.0   63.0  444.0
2018  73  3 14 0000  -16.1  957.7   13.3  181.0   60.0  444.0
2018  73  3 14 0300  -14.8  957.1   12.7  175.0   56.0  444.0
2018  73  3 14 0600  -12.7  957.2   10.3  170.0   46.0  444.0
2018  73  3 14 0900  -15.1  956.9   11.0  174.0   47.0  444.0
2018  73  3 14 1200  -15.8  956.9    9.3  177.0   48.0  444.0
2018  73  3 14 1500  -16.3  957.0   10.8  161.0   50.0  444.0
2018  73  3 14 1800  -16.4  957.0   10.1  184.0   52.0  444.0
2018  73  3 14 2100  -17.5  959.2    7.9  180.0   56.2  444.0
2018  74  3 15 0000  -18.3  959.5   13.1  174.0   58.0  444.0
2018  74  3 15 0300  -13.8  958.7   10.9  175.0   48.8  444.0
2018  74  3 15 0600  -12.7  958.0   11.8  181.0   57.0  444.0
2018  74  3 15 0900  -15.1  957.6   15.2  196.0   57.3  444.0
2018  74  3 15 1200  -14.1  958.9    7.2  183.0   34.0  444.0
2018  74  3 15 1500  -14.7  958.2    8.0  180.0   37.0  444.0
2018  74  3 15 1800  -15.9  955.5   10.0  184.0   37.7  444.0
2018  74  3 15 2100  -17.9  955.0    8.6  183.0   44.0  444.0
2018  75  3 16 0000  -15.7  954.2    8.3  181.0   35.6  444.0
2018  75  3 16 0300  -13.4  952.6    8.1  177.0   29.9  444.0
2018  75  3 16 0600  -12.4  951.1    0.9  134.0   29.6  444.0
2018  75  3 16 0900  -14.9  950.1    4.8  168.0   30.0  444.0
2018  75  3 16 1200  -16.3  949.3    6.6  178.0   29.0  444.0
2018  75  3 16 1500  -17.8  948.3    5.4  194.0   28.0  444.0
2018  75  3 16 1800  -18.7  947.2    5.6  188.0   27.0  444.0
2018  75  3 16 2100  -18.6  946.2    5.1  177.0   28.7  444.0
2018  76  3 17 0000  -17.1  946.5    5.4  181.0   27.0  444.0
2018  76  3 17 0300  -15.1  946.5    2.5  125.0   30.4  444.0
2018  76  3 17 0600  -15.0  946.9    0.2   84.0   35.2  444.0
2018  76  3 17 0900  -17.2  948.1    0.8  207.0   41.0  444.0
2018  76  3 17 1200  -19.2  949.5    4.0  166.0   39.0  444.0
2018  76  3 17 1500  -23.2  948.5    7.5  192.0   37.0  444.0
2018  76  3 17 1800  -22.1  947.0    5.7  179.0   33.0  444.0
2018  76  3 17 2100  -18.2  940.8   13.0  153.0   55.6  444.0
2018  77  3 18 0000  -15.6  939.1   12.8  157.0   62.5  444.0
2018  77  3 18 0300  -14.3  931.4   19.1  138.0   68.3  444.0
2018  77  3 18 0600  -13.4  930.4   17.3  143.0   71.0  444.0
2018  77  3 18 0900  -11.9  931.4   16.6  156.0   78.4  444.0
2018  77  3 18 1200  -10.1  926.4   17.1  143.0   84.0  444.0
2018  77  3 18 1500   -8.1  923.3   18.9  146.0   91.0  444.0
2018  77  3 18 1800   -7.5  920.5   17.0  149.0  100.0  444.0
2018  77  3 18 2100   -6.1  918.2   11.6  141.0   91.0  444.0
2018  78  3 19 0000   -4.5  920.2    5.6  126.0   88.7  444.0
2018  78  3 19 0300   -3.4  922.7    7.5  104.0  100.0  444.0
2018  78  3 19 0600   -2.3  928.0    9.9   89.0  100.0  444.0
2018  78  3 19 0900   -5.4  935.7    1.0   11.0  100.0  444.0
2018  78  3 19 1200   -5.8  941.3    0.5  130.0   99.0  444.0
2018  78  3 19 1500   -5.6  945.2    1.2  120.0  100.0  444.0
2018  78  3 19 1800   -4.7  947.8    1.3  182.0  100.0  444.0
2018  78  3 19 2100   -3.7  949.1    2.3  142.0  100.0  444.0
2018  79  3 20 0000   -4.6  949.4    1.7  196.0   99.0  444.0
2018  79  3 20 0300   -3.3  948.8    2.8  177.0   76.8  444.0
2018  79  3 20 0600   -2.7  947.6    3.3  271.0   49.4  444.0
2018  79  3 20 0900   -5.1  947.7    7.4  172.0   37.3  444.0
2018  79  3 20 1200   -6.4  947.4    7.3  182.0   46.0  444.0
2018  79  3 20 1500   -7.9  948.0    6.3  198.0   46.0  444.0
2018  79  3 20 1800   -8.7  948.5    7.2  200.0   50.0  444.0
2018  79  3 20 2100   -8.6  950.4    5.0  205.0   46.0  444.0
2018  80  3 21 0000   -6.4  952.8    6.7  196.0   43.7  444.0
2018  80  3 21 0300   -6.4  955.1    6.6  199.0   43.0  444.0
2018  80  3 21 0600   -7.5  956.7    6.5  215.0   46.0  444.0
2018  80  3 21 0900   -9.9  958.8    6.3  219.0   47.0  444.0
2018  80  3 21 1200  -12.5  960.2    7.7  212.0   49.2  444.0
2018  80  3 21 1500  -14.3  961.5    9.4  210.0   51.0  444.0
2018  80  3 21 1800  -14.3  963.1    9.0  221.0   49.0  444.0
2018  80  3 21 2100  -14.9  963.7    8.7  209.0   48.0  444.0
2018  81  3 22 0000  -12.9  964.1    7.7  210.0   48.0  444.0
2018  81  3 22 0300   -9.8  963.1    5.0  192.0   43.0  444.0
2018  81  3 22 0600  -10.4  962.3    3.3  210.0   41.1  444.0
2018  81  3 22 0900  -13.7  962.2    6.6  214.0   46.0  444.0
2018  81  3 22 1200  -15.9  962.6    7.3  211.0   48.0  444.0
2018  81  3 22 1500  -14.9  963.1    6.4  208.0   42.3  444.0
2018  81  3 22 1800  -15.1  962.5   10.2  183.0   47.0  444.0
2018  81  3 22 2100  -13.1  963.0    8.2  198.0   41.0  444.0
2018  82  3 23 0000  -11.2  964.0    1.7  212.0   35.0  444.0
2018  82  3 23 0300   -9.3  962.6    4.6  215.0   26.0  444.0
2018  82  3 23 0600  -11.1  962.0    3.9  189.0   30.0  444.0
2018  82  3 23 0900  -15.4  959.9    5.9  192.0   36.7  444.0
2018  82  3 23 1200  -17.5  956.7    8.1  198.0   43.9  444.0
2018  82  3 23 1500  -18.6  954.2    6.1  187.0   41.0  444.0
2018  82  3 23 1800  -19.3  950.5   14.7  184.0   53.7  444.0
2018  82  3 23 2100  -19.1  950.3   11.0  190.0   51.0  444.0
2018  83  3 24 0000  -16.9  951.4    6.6  192.0   42.0  444.0
2018  83  3 24 0300  -15.2  953.6    6.3  131.0   37.0  444.0
2018  83  3 24 0600  -14.6  955.7    0.6  245.0   26.0  444.0
2018  83  3 24 0900  -17.4  957.3    5.4  185.0   30.2  444.0
2018  83  3 24 1200  -19.9  959.2    6.4  200.0   33.0  444.0
2018  83  3 24 1500  -20.6  960.6    7.3  214.0   38.0  444.0
2018  83  3 24 1800  -21.0  961.8    6.1  212.0   37.0  444.0
2018  83  3 24 2100  -21.3  963.5    6.5  190.0   38.0  444.0
2018  84  3 25 0000  -18.6  965.8    6.8  193.0   37.0  444.0
2018  84  3 25 0300  -16.8  967.6    4.8  187.0   36.0  444.0
2018  84  3 25 0600  -17.7  968.1   10.4  158.0   44.0  444.0
2018  84  3 25 0900  -17.2  969.2    9.7  168.0   50.0  444.0
2018  84  3 25 1200  -16.8  969.6   11.2  180.0   46.0  444.0
2018  84  3 25 1500  -16.2  968.6    9.1  192.0   43.4  444.0
2018  84  3 25 1800  -17.2  967.2   12.4  186.0   51.9  444.0
2018  84  3 25 2100  -15.1  966.0    9.6  184.0   49.0  444.0
2018  85  3 26 0000  -13.3  965.4    9.3  171.0   44.6  444.0
2018  85  3 26 0300  -10.2  963.9    6.9  141.0   36.3  444.0
2018  85  3 26 0600   -9.3  962.2    7.7  127.0   32.7  444.0
2018  85  3 26 0900  -10.0  961.4    8.0  155.0   40.0  444.0
2018  85  3 26 1200   -9.9  960.9    8.3  156.0   39.0  444.0
2018  85  3 26 1500   -9.7  960.6    6.5  142.0   36.0  444.0
2018  85  3 26 1800   -9.8  960.8    7.0  148.0   41.0  444.0
2018  85  3 26 2100  -10.3  961.8    8.4  150.0   43.8  444.0
2018  86  3 27 0000  -10.8  963.1    9.6  154.0   52.0  444.0
2018  86  3 27 0300  -10.2  964.2   10.1  152.0   56.0  444.0
2018  86  3 27 0600   -9.9  964.6   10.2  151.0   58.7  444.0
2018  86  3 27 0900  -10.3  965.1   10.8  151.0   69.2  444.0
2018  86  3 27 1200   -9.6  965.8   11.0  145.0   76.0  444.0
2018  86  3 27 1500   -9.6  965.5   13.9  148.0   78.0  444.0
2018  86  3 27 1800   -9.2  964.9   16.0  152.0   80.0  444.0
2018  86  3 27 2100   -8.6  964.4   16.9  151.0   81.4  444.0
2018  87  3 28 0000   -7.7  964.4   17.2  145.0   82.6  444.0
2018  87  3 28 0300   -7.6  964.7   18.5  146.0   80.0  444.0
2018  87  3 28 0600   -6.8  966.5   15.6  141.0   83.0  444.0
2018  87  3 28 0900   -6.8  968.8   12.9  156.0   88.0  444.0
2018  87  3 28 1200   -6.7  969.3   15.3  149.0   79.4  444.0
2018  87  3 28 1500   -7.7  968.8   16.6  166.0   78.0  444.0
2018  87  3 28 1800   -8.1  966.5   17.1  154.0   81.0  444.0
2018  87  3 28 2100   -7.5  964.6   18.6  153.0   80.0  444.0
2018  88  3 29 0000   -6.9  963.3   16.8  157.0   85.8  444.0
2018  88  3 29 0300   -6.6  959.7   21.8  152.0   81.8  444.0
2018  88  3 29 0600   -6.8  959.0   21.0  160.0   85.2  444.0
2018  88  3 29 0900   -7.0  959.8   20.2  155.0   84.5  444.0
2018  88  3 29 1200   -6.2  959.4   21.3  152.0   87.2  444.0
2018  88  3 29 1500   -6.7  957.1   21.9  157.0   86.0  444.0
2018  88  3 29 1800   -7.1  955.4   23.9  161.0   88.0  444.0
2018  88  3 29 2100   -7.1  953.6   24.8  160.0   95.0  444.0
2018  89  3 30 0000   -7.5  954.1   24.3  158.0   95.0  444.0
2018  89  3 30 0300   -7.5  955.8   22.4  158.0   96.0  444.0
2018  89  3 30 0600   -8.6  956.1   20.7  157.0   91.8  444.0
2018  89  3 30 0900   -8.8  958.2   19.2  157.0   86.0  444.0
2018  89  3 30 1200   -9.6  958.9   17.7  150.0   84.0  444.0
2018  89  3 30 1500   -9.8  959.2   14.8  150.0   76.3  444.0
2018  89  3 30 1800  -11.3  958.8   15.2  165.0   65.0  444.0
2018  89  3 30 2100  -12.0  959.3   14.0  165.0   65.0  444.0
2018  90  3 31 0000  -11.3  959.0   11.9  150.0   59.3  444.0
2018  90  3 31 0300  -13.3  958.6   16.4  158.0   64.1  444.0
2018  90  3 31 0600  -15.2  957.1   17.5  153.0   69.0  444.0
2018  90  3 31 0900  -15.5  957.5   15.3  171.0   70.0  444.0
2018  90  3 31 1200  -15.4  955.5   17.9  169.0   73.1  444.0
2018  90  3 31 1500  -14.6  952.9   17.4  158.0   75.0  444.0
2018  90  3 31 1800  -13.4  950.0   18.0  159.0   71.0  444.0
2018  90  3 31 2100  -11.8  948.9   21.0  160.0   73.2  444.0
