Year: 2018  Month: 04  ID: D10  ARGOS:  8914  Name: D-10                
Lat: 66.71S  Lon: 139.84E  Elev:  243m
2018  91  4  1 0000   -9.4  947.7   18.8  157.0   81.0  444.0
2018  91  4  1 0300   -8.5  946.9   21.1  153.0   81.6  444.0
2018  91  4  1 0600   -8.6  945.6   24.0  157.0   78.0  444.0
2018  91  4  1 0900   -8.9  945.1   24.5  154.0   81.2  444.0
2018  91  4  1 1200   -9.0  945.3   23.4  163.0   74.0  444.0
2018  91  4  1 1500   -9.7  944.5   22.9  159.0   82.0  444.0
2018  91  4  1 1800   -8.9  945.5   20.1  154.0   80.0  444.0
2018  91  4  1 2100   -9.4  947.3   18.3  156.0   81.0  444.0
2018  92  4  2 0000   -9.9  947.2   20.2  159.0   77.0  444.0
2018  92  4  2 0300   -9.6  947.1   19.8  165.0   64.0  444.0
2018  92  4  2 0600   -9.8  946.5   18.8  157.0   73.0  444.0
2018  92  4  2 0900   -9.8  945.9   20.4  155.0   77.2  444.0
2018  92  4  2 1200   -9.4  945.5   22.3  154.0   75.0  444.0
2018  92  4  2 1500   -9.0  946.5   22.0  161.0   70.0  444.0
2018  92  4  2 1800   -9.4  947.4   22.3  161.0   72.8  444.0
2018  92  4  2 2100   -8.5  948.6   21.1  162.0   62.0  444.0
2018  93  4  3 0000   -8.9  949.2   20.4  159.0   75.0  444.0
2018  93  4  3 0300   -8.8  951.0   20.8  153.0   70.0  444.0
2018  93  4  3 0600   -8.7  950.7   20.8  153.0   61.0  444.0
2018  93  4  3 0900   -8.2  954.9   15.7  152.0   52.0  444.0
2018  93  4  3 1200   -8.4  955.8   14.7  148.0   60.0  444.0
2018  93  4  3 1500   -8.7  955.4   17.1  160.0   54.0  444.0
2018  93  4  3 1800   -9.1  956.2   17.8  158.0   53.0  444.0
2018  93  4  3 2100   -8.7  957.9   14.0  146.0   50.0  444.0
2018  94  4  4 0000   -8.4  958.4   15.0  160.0   50.1  444.0
2018  94  4  4 0300   -8.2  959.4   13.4  162.0   42.8  444.0
2018  94  4  4 0600   -8.1  959.4   11.4  162.0   38.6  444.0
2018  94  4  4 0900   -8.5  960.2    7.9  172.0   35.0  444.0
2018  94  4  4 1200  -10.4  959.9    9.0  170.0   36.0  444.0
2018  94  4  4 1500  -11.9  959.1   10.4  178.0   34.0  444.0
2018  94  4  4 1800  -11.5  959.5    7.8  156.0   30.2  444.0
2018  94  4  4 2100  -12.4  960.1    7.9  144.0   32.0  444.0
2018  95  4  5 0000  -12.3  960.1    6.8  142.0   28.0  444.0
2018  95  4  5 0300  -12.1  960.8    5.6  131.0   29.1  444.0
2018  95  4  5 0600  -13.1  960.9    6.0  142.0   33.8  444.0
2018  95  4  5 0900  -14.4  961.7    8.5  134.0   31.9  444.0
2018  95  4  5 1200  -15.6  962.3    7.4  153.0   32.0  444.0
2018  95  4  5 1500  -15.6  962.9    6.0  141.0   31.3  444.0
2018  95  4  5 1800  -16.0  962.9    8.3  150.0   33.0  444.0
2018  95  4  5 2100  -16.6  963.9    8.1  145.0   33.6  444.0
2018  96  4  6 0000  -16.2  964.4    5.9  140.0   32.0  444.0
2018  96  4  6 0300  -15.7  964.5    7.1  140.0   29.0  444.0
2018  96  4  6 0600  -16.0  964.4    4.6  138.0   29.0  444.0
2018  96  4  6 0900  -17.8  964.5    4.4  163.0   29.2  444.0
2018  96  4  6 1200  -18.7  964.6    4.6  167.0   30.0  444.0
2018  96  4  6 1500  -18.6  964.4    1.2  188.0   25.0  444.0
2018  96  4  6 1800  -18.5  964.2    3.3  197.0   28.0  444.0
2018  96  4  6 2100  -18.5  964.5    3.1  201.0   24.0  444.0
2018  97  4  7 0000  -17.8  964.5    4.3  161.0   28.2  444.0
2018  97  4  7 0300  -16.4  964.4    4.2  184.0   29.0  444.0
2018  97  4  7 0600  -18.2  963.4    2.6  189.0   33.9  444.0
2018  97  4  7 0900  -17.6  963.5    2.5  213.0   39.0  444.0
2018  97  4  7 1200  -20.0  962.9    7.3  194.0   35.0  444.0
2018  97  4  7 1500  -22.1  963.1    7.4  204.0   32.0  444.0
2018  97  4  7 1800  -22.7  963.4    7.3  196.0   28.6  444.0
2018  97  4  7 2100  -22.8  963.7    9.1  184.0   30.0  444.0
2018  98  4  8 0000  -21.8  964.7   11.5  182.0   32.0  444.0
2018  98  4  8 0300  -20.2  966.1    8.6  184.0   31.5  444.0
2018  98  4  8 0600  -19.4  967.4    7.4  180.0   31.3  444.0
2018  98  4  8 0900  -20.2  968.9    6.9  188.0   34.0  444.0
2018  98  4  8 1200  -20.2  970.1    5.1  173.0   33.4  444.0
2018  98  4  8 1500  -19.0  970.3    5.9  177.0   30.0  444.0
2018  98  4  8 1800  -16.1  970.8    6.9  182.0   27.0  444.0
2018  98  4  8 2100  -16.5  972.6    7.2  177.0   30.0  444.0
2018  99  4  9 0000  -14.4  974.8    3.4  188.0   25.0  444.0
2018  99  4  9 0300  -13.1  975.7    5.6  146.0   26.0  444.0
2018  99  4  9 0600  -12.4  975.8    8.7  134.0   34.0  444.0
2018  99  4  9 0900  -12.8  976.1    9.2   66.0   63.0  444.0
2018  99  4  9 1200  -12.3  975.7    9.6  121.0   69.8  444.0
2018  99  4  9 1500  -11.9  973.4   11.1  124.0   77.0  444.0
2018  99  4  9 1800  -10.3  971.8   11.8  130.0   81.0  444.0
2018  99  4  9 2100  -11.1  970.8   12.1  143.0   79.6  444.0
2018 100  4 10 0000  -10.2  969.4   11.2  145.0   81.0  444.0
2018 100  4 10 0300   -9.4  966.5   11.5  146.0   79.9  444.0
2018 100  4 10 0600   -7.8  964.7   11.5  139.0   88.0  444.0
2018 100  4 10 0900   -5.7  962.5   12.6  122.0   97.0  444.0
2018 100  4 10 1200   -4.8  960.8   11.1  118.0  100.0  444.0
2018 100  4 10 1500   -3.9  957.8   11.8  119.0  100.0  444.0
2018 100  4 10 1800   -3.9  954.6   12.1  123.0  100.0  444.0
2018 100  4 10 2100   -4.8  950.5   13.7  140.0   95.0  444.0
2018 101  4 11 0000   -4.7  946.8   15.4  148.0   80.6  444.0
2018 101  4 11 0300   -4.5  943.2   16.7  140.0   82.7  444.0
2018 101  4 11 0600   -4.4  942.7   14.2  140.0   89.1  444.0
2018 101  4 11 0900   -3.4  946.3    6.5   77.0  100.0  444.0
2018 101  4 11 1200   -3.2  950.3    5.7   97.0  100.0  444.0
2018 101  4 11 1500   -3.1  953.2    4.5   86.0  100.0  444.0
2018 101  4 11 1800   -3.5  956.8    2.6   42.0  100.0  444.0
2018 101  4 11 2100   -4.0  960.3    3.8  346.0  100.0  444.0
2018 102  4 12 0000   -4.6  962.8    2.7  125.0   97.4  444.0
2018 102  4 12 0300   -4.4  962.9    6.1  126.0   98.0  444.0
2018 102  4 12 0600   -4.3  962.1    8.2  115.0  100.0  444.0
2018 102  4 12 0900   -4.0  962.9    9.1  127.0  100.0  444.0
2018 102  4 12 1200   -4.6  963.6    8.6  136.0  100.0  444.0
2018 102  4 12 1500   -5.5  963.6    8.5  144.0   87.0  444.0
2018 102  4 12 1800   -6.3  963.2   11.6  151.0   87.0  444.0
2018 102  4 12 2100   -7.0  962.1   13.8  148.0   88.4  444.0
2018 103  4 13 0000   -7.8  962.0   15.4  154.0   85.0  444.0
2018 103  4 13 0300   -8.1  963.1   14.2  157.0   81.9  444.0
2018 103  4 13 0600   -8.2  963.9   11.8  152.0   81.0  444.0
2018 103  4 13 0900   -8.2  965.0   10.4  145.0   73.7  444.0
2018 103  4 13 1200   -8.5  965.5   10.6  144.0   70.0  444.0
2018 103  4 13 1500   -8.1  963.7   11.7  149.0   69.7  444.0
2018 103  4 13 1800   -7.0  962.9    9.6  141.0   80.0  444.0
2018 103  4 13 2100   -6.6  962.0    8.9  140.0   80.0  444.0
2018 104  4 14 0000   -7.0  960.3    6.3  128.0   88.7  444.0
2018 104  4 14 0300   -7.8  959.7    4.4  103.0   83.4  444.0
2018 104  4 14 0600   -8.7  959.5    4.3  122.0   81.5  444.0
2018 104  4 14 0900   -7.9  959.3    3.3  127.0   86.0  444.0
2018 104  4 14 1200   -6.8  958.4    7.7  137.0   61.7  444.0
2018 104  4 14 1500   -5.7  956.2    9.3  146.0   65.0  444.0
2018 104  4 14 1800   -5.9  954.1    8.8  156.0   69.1  444.0
2018 104  4 14 2100   -6.9  951.8   12.8  148.0   82.5  444.0
2018 105  4 15 0000   -6.8  950.2   14.2  149.0   88.0  444.0
2018 105  4 15 0300   -6.2  947.8   15.6  155.0   84.7  444.0
2018 105  4 15 0600   -6.2  945.9   18.5  155.0   90.2  444.0
2018 105  4 15 0900   -6.1  945.3   17.5  156.0   89.2  444.0
2018 105  4 15 1200   -6.0  944.5   19.2  149.0   90.0  444.0
2018 105  4 15 1500   -6.8  943.5   22.7  151.0   83.0  444.0
2018 105  4 15 1800   -6.6  940.1   24.0  153.0   87.6  444.0
2018 105  4 15 2100   -6.9  934.5   26.7  159.0   98.0  444.0
2018 106  4 16 0000   -6.6  934.9   27.2  146.0  100.0  444.0
2018 106  4 16 0300   -6.8  937.8   25.5  148.0  100.0  444.0
2018 106  4 16 0600   -6.4  940.1   19.9  156.0  100.0  444.0
2018 106  4 16 0900   -6.5  940.9   21.4  158.0  100.0  444.0
2018 106  4 16 1200   -5.9  942.9   22.7  170.0  100.0  444.0
2018 106  4 16 1500   -6.3  944.2   20.0  166.0  100.0  444.0
2018 106  4 16 1800   -6.0  945.6   21.0  164.0  100.0  444.0
2018 106  4 16 2100   -6.1  946.9   21.1  162.0  100.0  444.0
2018 107  4 17 0000   -6.5  947.3   19.9  170.0  100.0  444.0
2018 107  4 17 0300   -6.4  946.3   19.3  177.0  100.0  444.0
2018 107  4 17 0600   -5.4  947.9   14.6  174.0   83.0  444.0
2018 107  4 17 0900   -5.6  949.6   16.7  160.0  100.0  444.0
2018 107  4 17 1200   -4.8  952.5   14.3  164.0   98.9  444.0
2018 107  4 17 1500   -4.8  954.1   14.8  161.0   96.7  444.0
2018 107  4 17 1800   -4.5  956.6   14.9  166.0   89.0  444.0
2018 107  4 17 2100   -5.1  958.2   15.5  166.0   86.0  444.0
2018 108  4 18 0000   -5.6  959.7   13.3  174.0   74.0  444.0
2018 108  4 18 0300   -5.5  958.7   11.4  189.0   63.6  444.0
2018 108  4 18 0600   -7.5  956.6   14.8  189.0   54.0  444.0
2018 108  4 18 0900   -8.7  954.5   15.0  192.0   63.4  444.0
2018 108  4 18 1200   -7.6  952.1    9.5  189.0   47.0  444.0
2018 108  4 18 1500   -7.6  949.3    7.3  195.0   43.1  444.0
2018 108  4 18 1800   -8.3  946.5    8.9  176.0   53.0  444.0
2018 108  4 18 2100   -8.9  945.4   10.0  184.0   66.0  444.0
2018 109  4 19 0000   -7.2  946.0   10.6  172.0   66.0  444.0
2018 109  4 19 0300   -5.4  947.1    9.7  174.0   64.3  444.0
2018 109  4 19 0600   -4.6  948.6   10.6  171.0   59.0  444.0
2018 109  4 19 0900   -5.0  950.7    9.9  178.0   60.0  444.0
2018 109  4 19 1200   -5.9  952.8   10.9  182.0   53.0  444.0
2018 109  4 19 1500   -9.0  954.8   12.5  202.0   61.0  444.0
2018 109  4 19 1800  -10.1  957.2   11.7  198.0   62.0  444.0
2018 109  4 19 2100   -8.6  959.3   10.5  154.0   60.0  444.0
2018 110  4 20 0000   -6.9  961.6   10.0  204.0   59.0  444.0
2018 110  4 20 0300   -7.5  963.1    7.9  170.0   77.9  444.0
2018 110  4 20 0600   -6.5  965.1    5.7  152.0   58.8  444.0
2018 110  4 20 0900   -8.9  966.2    6.4  188.0   47.0  444.0
2018 110  4 20 1200  -10.7  966.7    6.2  198.0   40.0  444.0
2018 110  4 20 1500  -10.6  965.7    3.6  215.0   42.0  444.0
2018 110  4 20 1800   -9.2  964.1    2.7  219.0   44.0  444.0
2018 110  4 20 2100  -11.6  962.8    3.9  221.0   43.0  444.0
2018 111  4 21 0000  -13.0  961.5    5.0  208.0   40.0  444.0
2018 111  4 21 0300  -11.7  961.0   11.7  183.0   33.0  444.0
2018 111  4 21 0600  -12.8  960.9    6.9  191.0   31.8  444.0
2018 111  4 21 0900  -14.2  961.3    6.9  192.0   33.0  444.0
2018 111  4 21 1200  -14.7  961.1    9.3  183.0   33.4  444.0
2018 111  4 21 1500  -13.9  961.0    4.3  170.0   35.0  444.0
2018 111  4 21 1800  -13.5  959.1    4.0  119.0   49.0  444.0
2018 111  4 21 2100  -12.8  957.2    8.9  119.0   45.0  444.0
2018 112  4 22 0000  -15.3  956.1    6.2  130.0   99.9  444.0
2018 112  4 22 0300  -15.1  953.9    5.8  127.0  100.0  444.0
2018 112  4 22 0600  -14.8  952.5    7.8  136.0   69.0  444.0
2018 112  4 22 0900  -15.8  952.9    9.3  152.0   63.8  444.0
2018 112  4 22 1200  -17.6  952.9   10.6  165.0   50.0  444.0
2018 112  4 22 1500  -18.3  953.2    8.9  191.0   46.1  444.0
2018 112  4 22 1800  -18.4  953.2   11.7  193.0   42.0  444.0
2018 112  4 22 2100  -17.4  954.7    2.7  161.0   44.4  444.0
2018 113  4 23 0000  -16.2  956.1    8.1  159.0   52.0  444.0
2018 113  4 23 0300  -13.8  958.2    8.0  172.0   26.2  444.0
2018 113  4 23 0600  -12.0  960.1    6.3  132.0   18.0  444.0
2018 113  4 23 0900  -13.0  961.4   13.7  164.0   22.0  444.0
2018 113  4 23 1200  -14.2  963.7    2.3  133.0   24.0  444.0
2018 113  4 23 1500  -16.4  964.5    4.1   68.0   30.0  444.0
2018 113  4 23 1800  -16.9  965.4    5.7  166.0   33.0  444.0
2018 113  4 23 2100  -16.3  966.8    2.7  155.0   28.0  444.0
2018 114  4 24 0000  -17.1  967.6    3.7   48.0   32.2  444.0
2018 114  4 24 0300  -14.2  967.2    5.0   24.0   24.0  444.0
2018 114  4 24 0600  -14.4  966.8    1.6   22.0   26.2  444.0
2018 114  4 24 0900  -15.9  966.1    2.6  176.0   30.0  444.0
2018 114  4 24 1200  -15.3  964.7    4.1  214.0   31.9  444.0
2018 114  4 24 1500  -14.6  962.9    2.5  231.0   37.0  444.0
2018 114  4 24 1800  -14.9  960.8    4.0  192.0   31.9  444.0
2018 114  4 24 2100  -14.6  959.6    4.4  188.0   33.0  444.0
2018 115  4 25 0000  -14.8  958.5    5.0  186.0   33.0  444.0
2018 115  4 25 0300  -14.9  957.7    4.4  197.0   35.0  444.0
2018 115  4 25 0600  -13.9  956.0    2.7  204.0   41.4  444.0
2018 115  4 25 0900  -13.8  955.0    2.9  205.0   39.0  444.0
2018 115  4 25 1200  -14.3  954.3    3.3  198.0   41.0  444.0
2018 115  4 25 1500  -15.3  953.5    6.3  194.0   39.3  444.0
2018 115  4 25 1800  -16.3  952.6    8.5  194.0   37.0  444.0
2018 115  4 25 2100  -16.6  952.3    7.8  193.0   34.0  444.0
2018 116  4 26 0000  -19.1  951.8    9.6  193.0   38.0  444.0
2018 116  4 26 0300  -17.8  950.7    8.9  174.0   31.0  444.0
2018 116  4 26 0600  -19.7  950.0    5.8  205.0   35.2  444.0
2018 116  4 26 0900  -22.6  950.3    5.9  192.0   51.0  444.0
2018 116  4 26 1200  -22.6  951.2    7.7  193.0   52.3  444.0
2018 116  4 26 1500  -21.0  952.1   10.1  182.0   52.0  444.0
2018 116  4 26 1800  -20.6  954.0    4.0  179.0   38.0  444.0
2018 116  4 26 2100  -20.1  955.9    3.2  174.0   34.0  444.0
2018 117  4 27 0000  -19.4  958.1    3.8  134.0   37.0  444.0
2018 117  4 27 0300  -18.8  959.3    3.8  122.0   38.8  444.0
2018 117  4 27 0600  -18.4  959.6    5.8  127.0   47.0  444.0
2018 117  4 27 0900  -17.7  959.4    4.4  135.0   60.5  444.0
2018 117  4 27 1200  -17.4  958.1    4.7  148.0   63.0  444.0
2018 117  4 27 1500  -13.7  955.9    7.2  122.0   48.0  444.0
2018 117  4 27 1800  -12.6  955.4    5.3   98.0   45.0  444.0
2018 117  4 27 2100  -10.8  955.7   10.6  135.0   38.0  444.0
2018 118  4 28 0000  -11.3  957.1    9.2  140.0   33.0  444.0
2018 118  4 28 0300  -12.0  957.5    7.7  142.0   33.0  444.0
2018 118  4 28 0600  -13.2  956.9    6.3  136.0   39.0  444.0
2018 118  4 28 0900  -14.6  956.1    4.0  128.0   49.2  444.0
2018 118  4 28 1200  -14.1  954.8    4.9  118.0   39.0  444.0
2018 118  4 28 1500  -13.2  952.7   12.0  151.0   29.0  444.0
2018 118  4 28 1800  -13.8  950.6   10.2  160.0   32.4  444.0
2018 118  4 28 2100  -12.9  948.6   12.3  151.0   26.0  444.0
2018 119  4 29 0000  -12.1  946.4    9.6  137.0   25.3  444.0
2018 119  4 29 0300  -15.1  944.5   12.5  169.0   41.0  444.0
2018 119  4 29 0600  -15.3  942.0   13.8  170.0   35.0  444.0
2018 119  4 29 0900  -15.6  941.6   12.3  163.0   35.0  444.0
2018 119  4 29 1200  -16.0  941.2    9.7  174.0   37.2  444.0
2018 119  4 29 1500  -16.4  941.3    9.5  166.0   37.0  444.0
2018 119  4 29 1800  -17.4  940.1   11.9  174.0   50.0  444.0
2018 119  4 29 2100  -14.8  940.9    5.4   92.0   17.7  444.0
2018 120  4 30 0000  -15.6  941.5    7.4  145.0   19.0  444.0
2018 120  4 30 0300  -15.2  940.4    9.8  177.0   21.6  444.0
2018 120  4 30 0600  -16.0  940.5    7.7  184.0   25.5  444.0
2018 120  4 30 0900  -16.5  941.1    5.1  175.0   23.0  444.0
2018 120  4 30 1200  -17.3  942.3    6.4  155.0   26.0  444.0
2018 120  4 30 1500  -18.7  943.8    8.2  161.0   33.0  444.0
2018 120  4 30 1800  -19.5  945.9    4.8  142.0   33.0  444.0
2018 120  4 30 2100  -18.3  948.4    1.4  172.0   30.0  444.0
