Year: 2018  Month: 02  ID: D10  ARGOS:  8914  Name: D-10                
Lat: 66.71S  Lon: 139.84E  Elev:  243m
2018  32  2  1 0000   -9.0  962.6    5.0  171.0   36.0  444.0
2018  32  2  1 0300   -7.5  962.6    8.0  139.0   40.0  444.0
2018  32  2  1 0600   -6.0  962.3    6.9  128.0   43.0  444.0
2018  32  2  1 0900   -6.4  963.1    3.9  114.0   40.0  444.0
2018  32  2  1 1200   -9.0  963.3    7.8  153.0   42.0  444.0
2018  32  2  1 1500   -9.9  963.1    5.1  138.0   44.0  444.0
2018  32  2  1 1800  -10.5  962.8    7.3  160.0   39.0  444.0
2018  32  2  1 2100   -9.5  962.2    8.0  163.0   43.5  444.0
2018  33  2  2 0000   -7.6  961.3    6.4  146.0   43.0  444.0
2018  33  2  2 0300   -5.9  960.1    6.2  136.0   46.3  444.0
2018  33  2  2 0600   -5.4  959.0    8.0  137.0   45.3  444.0
2018  33  2  2 0900   -6.1  957.9    7.1  134.0   40.0  444.0
2018  33  2  2 1200   -8.2  957.4    8.9  161.0   45.0  444.0
2018  33  2  2 1500   -9.9  955.6   11.3  168.0   43.0  444.0
2018  33  2  2 1800  -10.0  955.1    9.8  171.0   40.6  444.0
2018  33  2  2 2100  -10.3  954.4   10.6  170.0   41.0  444.0
2018  34  2  3 0000  -10.9  954.0   13.4  184.0   47.8  444.0
2018  34  2  3 0300   -8.8  953.8   12.2  177.0   42.0  444.0
2018  34  2  3 0600   -7.6  954.0    9.8  178.0   39.4  444.0
2018  34  2  3 0900   -8.3  953.8   12.2  176.0   43.6  444.0
2018  34  2  3 1200  -11.2  955.4   13.8  179.0   45.0  444.0
2018  34  2  3 1500  -13.2  956.6   17.2  186.0   51.0  444.0
2018  34  2  3 1800  -14.1  957.9   16.5  189.0   57.0  444.0
2018  34  2  3 2100  -12.7  961.1   13.6  190.0   50.0  444.0
2018  35  2  4 0000   -9.8  963.3   11.3  186.0   47.0  444.0
2018  35  2  4 0300   -8.1  964.2   11.2  181.0   43.0  444.0
2018  35  2  4 0600   -6.5  963.8   10.6  180.0   37.8  444.0
2018  35  2  4 0900   -8.0  962.6   13.3  189.0   38.8  444.0
2018  35  2  4 1200   -8.9  962.1   12.5  192.0   33.5  444.0
2018  35  2  4 1500  -10.1  961.5   12.5  182.0   35.0  444.0
2018  35  2  4 1800  -11.2  962.3   10.5  183.0   33.0  444.0
2018  35  2  4 2100  -11.0  959.8   13.4  181.0   38.9  444.0
2018  36  2  5 0000   -6.1  960.7    5.2  153.0   25.0  444.0
2018  36  2  5 0300   -4.6  959.0    6.6  180.0   29.2  444.0
2018  36  2  5 0600   -3.5  957.4    2.5  141.0   30.7  444.0
2018  36  2  5 0900   -4.5  957.1    1.5  156.0   35.0  444.0
2018  36  2  5 1200   -7.1  957.7    5.4  178.0   34.0  444.0
2018  36  2  5 1500   -9.5  957.0    6.3  180.0   32.0  444.0
2018  36  2  5 1800   -7.9  957.4    6.0  164.0   28.8  444.0
2018  36  2  5 2100   -7.1  957.4    6.9  154.0   28.0  444.0
2018  37  2  6 0000   -5.6  957.7    7.7  135.0   32.0  444.0
2018  37  2  6 0300   -4.9  958.7    7.9  130.0   35.0  444.0
2018  37  2  6 0600   -5.1  958.2    9.6  137.0   34.7  444.0
2018  37  2  6 0900   -6.0  957.6   10.0  141.0   40.0  444.0
2018  37  2  6 1200   -7.6  955.8   13.3  142.0   40.0  444.0
2018  37  2  6 1500   -8.5  955.3   12.9  134.0   71.5  444.0
2018  37  2  6 1800   -8.7  952.5   13.2  136.0   65.0  444.0
2018  37  2  6 2100   -8.4  952.0   10.5  141.0   66.0  444.0
2018  38  2  7 0000   -8.1  951.5   10.7  136.0   72.0  444.0
2018  38  2  7 0300   -7.3  950.1   12.0  136.0   66.0  444.0
2018  38  2  7 0600   -7.5  948.4   12.8  141.0   64.0  444.0
2018  38  2  7 0900   -7.2  949.1    8.7  139.0   63.0  444.0
2018  38  2  7 1200   -7.7  949.2    8.2  135.0   70.0  444.0
2018  38  2  7 1500   -8.3  949.4    6.5  139.0   71.0  444.0
2018  38  2  7 1800   -8.6  949.1    4.7  150.0   58.0  444.0
2018  38  2  7 2100   -8.8  949.1    5.0  154.0   55.0  444.0
2018  39  2  8 0000   -7.7  949.6    5.9  134.0   43.0  444.0
2018  39  2  8 0300   -6.0  949.6    3.0   95.0   36.0  444.0
2018  39  2  8 0600  444.0  949.4    0.0   86.0   37.0  444.0
2018  39  2  8 0900   -6.6  949.9    1.4  156.0   53.0  444.0
2018  39  2  8 1200   -9.2  950.6    3.5  187.0   54.0  444.0
2018  39  2  8 1500   -9.5  949.7    5.7  173.0   41.0  444.0
2018  39  2  8 1800  -10.2  948.3    9.8  172.0   54.0  444.0
2018  39  2  8 2100   -9.6  946.7   10.6  170.0   54.0  444.0
2018  40  2  9 0000   -8.7  944.8   11.7  152.0   70.0  444.0
2018  40  2  9 0300   -7.3  941.1   10.4  146.0   70.5  444.0
2018  40  2  9 0600   -7.4  935.4   15.1  140.0   77.1  444.0
2018  40  2  9 0900   -7.6  933.2   15.1  142.0   78.0  444.0
2018  40  2  9 1200   -8.8  934.5   12.5  138.0   78.0  444.0
2018  40  2  9 1500   -9.1  937.0    9.1  142.0   76.1  444.0
2018  40  2  9 1800   -8.7  938.3    7.5  151.0   68.0  444.0
2018  40  2  9 2100   -8.6  938.4    9.2  168.0   66.0  444.0
2018  41  2 10 0000   -6.7  939.8    6.7  154.0   58.0  444.0
2018  41  2 10 0300   -6.9  939.7    7.6  161.0   68.0  444.0
2018  41  2 10 0600   -6.7  940.2    8.4  144.0   69.6  444.0
2018  41  2 10 0900   -6.8  941.8    7.2  142.0   76.0  444.0
2018  41  2 10 1200   -7.4  944.0    5.6  178.0   69.0  444.0
2018  41  2 10 1500   -8.7  945.0    8.6  171.0   69.0  444.0
2018  41  2 10 1800  -10.2  947.1   10.9  178.0   66.5  444.0
2018  41  2 10 2100  -10.3  950.1    8.6  190.0   67.6  444.0
2018  42  2 11 0000   -7.6  952.8    7.1  174.0   51.0  444.0
2018  42  2 11 0300   -4.7  954.6    5.9  131.0   45.7  444.0
2018  42  2 11 0600   -4.4  956.1    6.5  128.0   50.0  444.0
2018  42  2 11 0900   -5.1  957.7    7.6  142.0   51.6  444.0
2018  42  2 11 1200   -7.1  958.0   11.6  147.0   69.0  444.0
2018  42  2 11 1500   -8.0  956.4   14.8  156.0   77.0  444.0
2018  42  2 11 1800   -7.6  955.5   15.8  160.0   79.0  444.0
2018  42  2 11 2100   -6.1  954.3   17.6  145.0   80.3  444.0
2018  43  2 12 0000   -5.9  952.6   17.7  137.0   80.5  444.0
2018  43  2 12 0300   -5.8  952.5   18.5  143.0   78.9  444.0
2018  43  2 12 0600   -5.2  951.5   18.0  141.0   82.6  444.0
2018  43  2 12 0900   -4.5  952.3   14.5  143.0   83.8  444.0
2018  43  2 12 1200   -3.6  952.7   12.8  134.0   77.0  444.0
2018  43  2 12 1500   -3.0  953.2    9.8  132.0   73.4  444.0
2018  43  2 12 1800   -3.2  954.3   10.0  134.0   86.0  444.0
2018  43  2 12 2100   -3.0  955.3    9.9  138.0   84.0  444.0
2018  44  2 13 0000   -2.8  955.4   11.0  136.0   72.0  444.0
2018  44  2 13 0300   -2.7  954.5   13.3  131.0   76.4  444.0
2018  44  2 13 0600   -3.1  953.2   13.0  123.0   87.7  444.0
2018  44  2 13 0900   -3.1  952.0   14.4  127.0   90.0  444.0
2018  44  2 13 1200   -2.8  951.2   12.9  125.0   94.5  444.0
2018  44  2 13 1500   -3.2  950.2   12.6  127.0   96.0  444.0
2018  44  2 13 1800   -3.4  949.1   12.1  138.0   96.0  444.0
2018  44  2 13 2100   -3.0  947.5   11.4  131.0   96.0  444.0
2018  45  2 14 0000   -1.8  946.3   12.3  112.0   97.0  444.0
2018  45  2 14 0300   -1.1  945.2   11.0  106.0   98.0  444.0
2018  45  2 14 0600   -0.9  945.3    8.0   94.0   98.0  444.0
2018  45  2 14 0900   -1.1  948.0    4.0   97.0   98.0  444.0
2018  45  2 14 1200   -1.4  950.8    2.4  148.0   98.0  444.0
2018  45  2 14 1500   -1.5  953.1    1.6  160.0   97.9  444.0
2018  45  2 14 1800   -4.0  955.1    1.9  160.0   83.0  444.0
2018  45  2 14 2100   -2.4  955.9    3.5  198.0   67.0  444.0
2018  46  2 15 0000    0.3  955.8    4.5  150.0   55.9  444.0
2018  46  2 15 0300    1.2  955.3    2.5  129.0   48.8  444.0
2018  46  2 15 0600   -0.2  954.0   11.8  158.0   66.2  444.0
2018  46  2 15 0900   -1.2  952.2   14.2  155.0   77.0  444.0
2018  46  2 15 1200   -1.4  951.4   12.7  146.0   86.0  444.0
2018  46  2 15 1500   -1.9  950.6   10.8  148.0   95.0  444.0
2018  46  2 15 1800   -2.1  948.6    9.5  148.0   96.0  444.0
2018  46  2 15 2100   -2.8  948.6   10.8  149.0   86.0  444.0
2018  47  2 16 0000   -2.1  947.6    9.9  158.0   70.0  444.0
2018  47  2 16 0300   -2.3  945.6   11.5  160.0   67.1  444.0
2018  47  2 16 0600   -3.2  944.0   11.7  170.0   76.0  444.0
2018  47  2 16 0900   -3.2  942.7   12.3  169.0   74.0  444.0
2018  47  2 16 1200   -2.9  942.1   12.3  171.0   72.0  444.0
2018  47  2 16 1500   -2.8  941.3   11.8  170.0   70.2  444.0
2018  47  2 16 1800   -3.1  940.9   11.8  167.0   72.0  444.0
2018  47  2 16 2100   -3.1  941.3   12.1  166.0   69.7  444.0
2018  48  2 17 0000   -3.0  942.4   11.9  158.0   72.0  444.0
2018  48  2 17 0300   -2.6  943.7   10.6  166.0   71.0  444.0
2018  48  2 17 0600   -2.2  944.9    9.3  160.0   80.0  444.0
2018  48  2 17 0900   -1.9  946.9    8.3  147.0   79.5  444.0
2018  48  2 17 1200   -2.7  949.3    7.9  154.0   86.0  444.0
2018  48  2 17 1500   -2.9  951.2    7.8  159.0   76.0  444.0
2018  48  2 17 1800   -3.0  953.3    7.1  142.0   90.0  444.0
2018  48  2 17 2100   -3.1  955.9    5.6  139.0   87.0  444.0
2018  49  2 18 0000   -2.9  958.4    5.4  144.0   85.2  444.0
2018  49  2 18 0300   -2.1  960.6    5.3  140.0   65.8  444.0
2018  49  2 18 0600   -1.5  963.3    1.9   98.0   72.8  444.0
2018  49  2 18 0900   -2.1  966.2    1.4  278.0   83.0  444.0
2018  49  2 18 1200   -2.7  968.8    1.4  299.0   91.0  444.0
2018  49  2 18 1500   -7.7  970.6    5.8  221.0   54.4  444.0
2018  49  2 18 1800   -8.6  971.5    5.4  219.0   53.0  444.0
2018  49  2 18 2100   -4.8  972.7    2.5  208.0   51.0  444.0
2018  50  2 19 0000   -4.6  973.4    4.2  170.0   73.0  444.0
2018  50  2 19 0300   -4.6  973.1    2.4  130.0   76.0  444.0
2018  50  2 19 0600   -4.8  971.8    4.5  133.0   84.1  444.0
2018  50  2 19 0900   -5.2  969.6    7.1  110.0   87.0  444.0
2018  50  2 19 1200   -4.5  965.4    8.0  111.0   90.0  444.0
2018  50  2 19 1500   -4.4  961.8    7.2  117.0   91.0  444.0
2018  50  2 19 1800   -4.2  962.5    0.7  139.0   91.5  444.0
2018  50  2 19 2100   -7.8  965.1    4.5  270.0   84.0  444.0
2018  51  2 20 0000   -3.7  964.3    0.5  267.0   52.9  444.0
2018  51  2 20 0300   -3.2  961.6    2.1  217.0   43.0  444.0
2018  51  2 20 0600   -2.2  959.5    0.8  254.0   53.5  444.0
2018  51  2 20 0900   -4.5  957.1    4.7  214.0   49.0  444.0
2018  51  2 20 1200   -3.1  955.6    4.0  173.0   46.0  444.0
2018  51  2 20 1500   -2.0  953.8    4.2  164.0   38.0  444.0
2018  51  2 20 1800   -7.0  952.5   11.1  185.0   58.0  444.0
2018  51  2 20 2100   -7.2  951.0   14.0  166.0   60.1  444.0
2018  52  2 21 0000   -8.1  951.8   14.0  157.0   61.0  444.0
2018  52  2 21 0300   -6.9  951.5   11.7  142.0   57.3  444.0
2018  52  2 21 0600   -7.2  952.5   12.0  145.0   57.3  444.0
2018  52  2 21 0900   -8.6  953.9   12.6  147.0   58.0  444.0
2018  52  2 21 1200   -9.4  954.8   11.5  148.0   53.0  444.0
2018  52  2 21 1500  -10.3  954.4   12.0  159.0   54.0  444.0
2018  52  2 21 1800  -10.8  954.8   12.1  157.0   53.0  444.0
2018  52  2 21 2100  -10.5  955.3    8.4  161.0   51.0  444.0
2018  53  2 22 0000   -9.4  955.4    9.2  160.0   45.6  444.0
2018  53  2 22 0300   -7.6  955.0    6.1  142.0   39.0  444.0
2018  53  2 22 0600   -7.5  955.5    2.9  345.0   49.5  444.0
2018  53  2 22 0900   -9.1  956.1    3.2  145.0   40.7  444.0
2018  53  2 22 1200  -10.9  956.5    3.0  141.0   32.0  444.0
2018  53  2 22 1500  -11.6  956.2    3.2  129.0   34.0  444.0
2018  53  2 22 1800  -12.4  955.8    5.3  154.0   40.9  444.0
2018  53  2 22 2100  -12.6  956.0    3.5  156.0   35.0  444.0
2018  54  2 23 0000  -10.4  955.7    1.7   80.0   33.6  444.0
2018  54  2 23 0300  -10.4  954.7    3.7  324.0   43.0  444.0
2018  54  2 23 0600   -9.9  953.9    2.5  229.0   46.8  444.0
2018  54  2 23 0900  -10.2  953.3    1.6  201.0   38.1  444.0
2018  54  2 23 1200  -15.0  953.3   10.5  184.0   48.4  444.0
2018  54  2 23 1500  -14.5  952.6   10.1  187.0   48.0  444.0
2018  54  2 23 1800  -14.7  952.2    8.8  189.0   48.0  444.0
2018  54  2 23 2100  -14.9  951.8   11.5  183.0   53.0  444.0
2018  55  2 24 0000  -12.0  953.0    9.0  184.0   42.0  444.0
2018  55  2 24 0300   -8.9  952.8    5.5  128.0   39.8  444.0
2018  55  2 24 0600   -9.3  952.7    3.0  112.0   45.3  444.0
2018  55  2 24 0900  -12.0  952.1    3.0  194.0   49.0  444.0
2018  55  2 24 1200  -12.5  951.2    3.8  133.0   43.0  444.0
2018  55  2 24 1500  -12.1  949.9    4.5  148.0   48.6  444.0
2018  55  2 24 1800  -10.7  946.9    7.8  139.0   50.0  444.0
2018  55  2 24 2100  -10.9  945.0    6.5  129.0   59.0  444.0
2018  56  2 25 0000   -8.9  943.1   12.2  150.0   58.0  444.0
2018  56  2 25 0300   -8.3  942.0   13.4  156.0   60.3  444.0
2018  56  2 25 0600   -8.2  943.2   12.6  156.0   56.0  444.0
2018  56  2 25 0900   -8.4  945.7    9.1  170.0   48.0  444.0
2018  56  2 25 1200   -9.9  946.8    8.6  182.0   48.6  444.0
2018  56  2 25 1500  -12.1  948.4    8.0  190.0   46.0  444.0
2018  56  2 25 1800  -13.5  949.3    8.1  191.0   45.9  444.0
2018  56  2 25 2100  -14.3  950.1   10.7  186.0   46.0  444.0
2018  57  2 26 0000  -12.0  950.7    8.9  191.0   42.0  444.0
2018  57  2 26 0300   -8.8  950.5    5.2  171.0   37.0  444.0
2018  57  2 26 0600   -8.6  949.4    4.9  146.0   45.0  444.0
2018  57  2 26 0900   -9.2  948.7    7.6  152.0   42.0  444.0
2018  57  2 26 1200   -9.8  949.0    8.3  159.0   45.0  444.0
2018  57  2 26 1500  -10.7  949.7    9.3  148.0   54.8  444.0
2018  57  2 26 1800  -10.7  949.9    8.7  162.0   46.8  444.0
2018  57  2 26 2100  -10.2  949.7    8.5  148.0   41.0  444.0
2018  58  2 27 0000  -10.1  949.6    9.0  157.0   47.6  444.0
2018  58  2 27 0300   -8.1  949.6    5.5  132.0   37.3  444.0
2018  58  2 27 0600   -8.5  949.5    7.2  140.0   39.0  444.0
2018  58  2 27 0900  -10.3  949.9    7.3  154.0   43.0  444.0
2018  58  2 27 1200  -12.6  950.0    8.5  167.0   42.0  444.0
2018  58  2 27 1500  -13.3  950.1    6.7  172.0   39.0  444.0
2018  58  2 27 1800  -14.2  949.5    7.4  176.0   44.1  444.0
2018  58  2 27 2100  -14.2  948.1    9.7  179.0   49.0  444.0
2018  59  2 28 0000  -12.0  948.6    7.8  171.0   40.7  444.0
2018  59  2 28 0300  -10.9  947.7    8.4  161.0   38.9  444.0
2018  59  2 28 0600  -10.4  947.0    8.1  163.0   42.4  444.0
2018  59  2 28 0900  -11.9  947.1    8.2  165.0   45.0  444.0
2018  59  2 28 1200  -13.6  947.0    8.9  174.0   44.0  444.0
2018  59  2 28 1500  -14.5  946.6   10.4  172.0   46.0  444.0
2018  59  2 28 1800  -15.2  945.4   10.6  177.0   52.0  444.0
2018  59  2 28 2100  -15.9  945.6   11.4  186.0   60.6  444.0
