Year: 2018  Month: 05  ID: D10  ARGOS:  8914  Name: D-10                
Lat: 66.71S  Lon: 139.84E  Elev:  243m
2018 121  5  1 0000  -18.9  950.6    4.3  160.0   34.0  444.0
2018 121  5  1 0300  -17.0  952.2    3.1  129.0   36.0  444.0
2018 121  5  1 0600  -15.9  953.6    1.8  176.0   26.5  444.0
2018 121  5  1 0900  -15.1  955.1    3.3  136.0   21.8  444.0
2018 121  5  1 1200  -16.1  955.9    3.0  169.0   26.0  444.0
2018 121  5  1 1500  -17.4  955.4    2.9  185.0   21.0  444.0
2018 121  5  1 1800  -19.1  954.7    3.8  198.0   24.0  444.0
2018 121  5  1 2100  -19.9  953.5    5.7  199.0   31.0  444.0
2018 122  5  2 0000  -21.3  952.4    6.2  227.0   32.0  444.0
2018 122  5  2 0300  -20.5  951.0    3.2  219.0   31.0  444.0
2018 122  5  2 0600  -18.7  949.5    1.9  228.0   31.0  444.0
2018 122  5  2 0900  -21.0  949.1    4.7  208.0   35.8  444.0
2018 122  5  2 1200  -22.0  949.2    5.3  209.0   31.2  444.0
2018 122  5  2 1500  -23.0  949.3    4.9  201.0   31.0  444.0
2018 122  5  2 1800  -23.9  948.8    4.9  216.0   30.0  444.0
2018 122  5  2 2100  -24.8  949.0    4.8  211.0   33.0  444.0
2018 123  5  3 0000  -23.2  948.8    4.0  199.0   33.8  444.0
2018 123  5  3 0300  -22.0  947.5    4.7  183.0   37.0  444.0
2018 123  5  3 0600  -21.7  945.6    2.6  141.0   70.6  444.0
2018 123  5  3 0900  -19.9  943.9    1.5  149.0   86.8  444.0
2018 123  5  3 1200  -20.9  945.6    1.3  269.0   84.0  444.0
2018 123  5  3 1500  -21.6  948.2    0.7  165.0   79.0  444.0
2018 123  5  3 1800  -24.0  951.3    1.0  271.0   79.0  444.0
2018 123  5  3 2100  -23.7  953.7    3.3  185.0   73.0  444.0
2018 124  5  4 0000  -23.5  956.2    4.7  181.0   43.0  444.0
2018 124  5  4 0300  -23.0  957.9    2.8  161.0   48.0  444.0
2018 124  5  4 0600  -20.6  958.5    3.4  170.0   51.2  444.0
2018 124  5  4 0900  -21.2  959.0    4.8   95.0   86.0  444.0
2018 124  5  4 1200  -17.7  960.2    8.2  118.0   98.5  444.0
2018 124  5  4 1500  -15.0  959.8   11.2  144.0  100.0  444.0
2018 124  5  4 1800  -14.4  957.9   13.8  155.0  100.0  444.0
2018 124  5  4 2100  -13.5  959.7   13.4  147.0   99.8  444.0
2018 125  5  5 0000  -14.4  962.0   13.4  149.0  100.0  444.0
2018 125  5  5 0300  -14.7  961.4   12.6  158.0  100.0  444.0
2018 125  5  5 0600  -14.6  960.6   13.4  176.0  100.0  444.0
2018 125  5  5 0900  -14.6  959.6   16.5  169.0  100.0  444.0
2018 125  5  5 1200  -14.2  958.6   15.1  175.0  100.0  444.0
2018 125  5  5 1500  -14.1  956.0   14.6  173.0   99.8  444.0
2018 125  5  5 1800  -14.4  953.3   20.5  186.0  100.0  444.0
2018 125  5  5 2100  -14.9  953.2   21.1  181.0  100.0  444.0
2018 126  5  6 0000  -15.1  953.9   20.9  171.0   97.0  444.0
2018 126  5  6 0300  -16.1  955.0   19.1  178.0   86.3  444.0
2018 126  5  6 0600  -15.8  954.7   20.4  179.0   85.0  444.0
2018 126  5  6 0900  -15.8  956.5   18.3  170.0   84.0  444.0
2018 126  5  6 1200  -17.6  958.0   19.1  182.0   79.0  444.0
2018 126  5  6 1500  -16.5  958.2   15.1  198.0   66.0  444.0
2018 126  5  6 1800  -15.7  956.5   15.4  186.0   68.0  444.0
2018 126  5  6 2100  -13.8  958.7    3.3  202.0   41.0  444.0
2018 127  5  7 0000  -14.7  957.5   11.9  187.0   37.0  444.0
2018 127  5  7 0300  -15.5  955.7    8.9  189.0   35.0  444.0
2018 127  5  7 0600  -16.8  954.3    6.4  214.0   32.7  444.0
2018 127  5  7 0900  -16.9  953.6    8.6  200.0   33.0  444.0
2018 127  5  7 1200  -18.6  952.0   10.2  194.0   39.0  444.0
2018 127  5  7 1500  -17.8  951.3    6.5  177.0   36.0  444.0
2018 127  5  7 1800  -18.9  951.4    3.9  110.0   51.0  444.0
2018 127  5  7 2100  -22.3  952.4    3.1  123.0   73.0  444.0
2018 128  5  8 0000  -23.0  952.8    1.9   51.0   74.2  444.0
2018 128  5  8 0300  -23.9  952.9    0.9  250.0   73.0  444.0
2018 128  5  8 0600  -24.2  954.1    1.8  224.0   75.1  444.0
2018 128  5  8 0900  -26.4  956.1    2.2  222.0   70.0  444.0
2018 128  5  8 1200  -27.4  957.5    2.6  236.0   68.3  444.0
2018 128  5  8 1500  -28.8  959.2    4.7  216.0   66.0  444.0
2018 128  5  8 1800  -29.6  960.2    4.0  210.0   61.0  444.0
2018 128  5  8 2100  -30.1  961.6    4.4  211.0   39.0  444.0
2018 129  5  9 0000  -30.2  962.4    4.2  201.0   32.0  444.0
2018 129  5  9 0300  -28.0  962.7    2.1  191.0   26.5  444.0
2018 129  5  9 0600  -30.0  962.9    4.1  215.0   34.4  444.0
2018 129  5  9 0900  -28.2  962.2    3.5  210.0   30.0  444.0
2018 129  5  9 1200  -28.5  961.9    3.9  179.0   35.0  444.0
2018 129  5  9 1500  -26.5  960.6    1.3  182.0   50.5  444.0
2018 129  5  9 1800  -26.3  958.3    3.9  177.0   59.0  444.0
2018 129  5  9 2100  -23.6  955.4    2.6  142.0   52.0  444.0
2018 130  5 10 0000  -23.4  950.8    3.7  102.0   70.1  444.0
2018 130  5 10 0300  -22.0  946.6    3.8   77.0   59.0  444.0
2018 130  5 10 0600  -19.8  944.1    9.0  152.0   49.2  444.0
2018 130  5 10 0900  -22.3  945.1    8.9  180.0   49.9  444.0
2018 130  5 10 1200  -25.0  947.2    7.1  183.0   40.0  444.0
2018 130  5 10 1500  -26.3  948.1    4.6  212.0   34.0  444.0
2018 130  5 10 1800  -25.0  949.0    5.2  190.0   29.0  444.0
2018 130  5 10 2100  -22.3  949.9    3.4  197.0   25.0  444.0
2018 131  5 11 0000  -22.2  950.0    4.8  200.0   26.0  444.0
2018 131  5 11 0300  -21.7  949.8    6.9  155.0   32.0  444.0
2018 131  5 11 0600  -22.9  950.0    5.2  300.0   31.5  444.0
2018 131  5 11 0900  -24.7  950.3    3.6  263.0   52.0  444.0
2018 131  5 11 1200  -24.5  948.6    9.0  186.0   67.5  444.0
2018 131  5 11 1500  -25.0  946.3    4.5  183.0   54.0  444.0
2018 131  5 11 1800  -24.4  944.1    9.4  158.0   67.0  444.0
2018 131  5 11 2100  -21.6  941.8    9.4  158.0   58.0  444.0
2018 132  5 12 0000  -20.9  943.3    4.7  139.0   44.0  444.0
2018 132  5 12 0300  -19.9  944.4    5.7  170.0   40.0  444.0
2018 132  5 12 0600  -20.4  945.7    6.9  143.0   40.6  444.0
2018 132  5 12 0900  -21.9  948.4    2.8  151.0   36.0  444.0
2018 132  5 12 1200  -21.1  950.6    5.7  187.0   24.0  444.0
2018 132  5 12 1500  -21.2  950.1    9.7  184.0   23.0  444.0
2018 132  5 12 1800  -23.2  950.1    8.3  210.0   28.0  444.0
2018 132  5 12 2100  -22.4  948.2    7.5  205.0   34.0  444.0
2018 133  5 13 0000  -23.0  947.5    6.9  211.0   34.3  444.0
2018 133  5 13 0300  -22.4  948.5    6.1  173.0   36.8  444.0
2018 133  5 13 0600  -22.5  949.5    4.8  189.0   35.2  444.0
2018 133  5 13 0900  -21.4  951.1    5.5  186.0   31.0  444.0
2018 133  5 13 1200  -20.4  952.3    4.8  154.0   30.0  444.0
2018 133  5 13 1500  -22.9  953.1    4.5  110.0   57.0  444.0
2018 133  5 13 1800  -23.5  951.3    5.7  147.0   61.0  444.0
2018 133  5 13 2100  -22.9  951.1    5.4  125.0   58.8  444.0
2018 134  5 14 0000  -18.4  951.3   12.3  138.0   52.0  444.0
2018 134  5 14 0300  -19.6  949.7   12.3  160.0   70.0  444.0
2018 134  5 14 0600  -19.0  949.5   14.0  159.0   58.0  444.0
2018 134  5 14 0900  -19.4  950.6    8.8  167.0   42.5  444.0
2018 134  5 14 1200  -19.5  952.0    6.7  163.0   36.0  444.0
2018 134  5 14 1500  -19.9  953.4    6.9  177.0   29.0  444.0
2018 134  5 14 1800  -19.1  953.7    5.1  165.0   27.0  444.0
2018 134  5 14 2100  -19.0  954.2    3.6  162.0   24.1  444.0
2018 135  5 15 0000  -18.5  954.8    3.0  182.0   21.0  444.0
2018 135  5 15 0300  -17.7  955.2    5.9  183.0   25.0  444.0
2018 135  5 15 0600  -18.5  955.2    7.6  174.0   23.0  444.0
2018 135  5 15 0900  -19.7  955.1    3.8  170.0   21.9  444.0
2018 135  5 15 1200  -20.1  953.4    5.0  151.0   26.0  444.0
2018 135  5 15 1500  -20.8  951.1    4.5  119.0   47.0  444.0
2018 135  5 15 1800  -18.1  947.7    5.8  141.0   37.0  444.0
2018 135  5 15 2100  -16.8  945.9   12.9  143.0   54.0  444.0
2018 136  5 16 0000  -17.0  945.3   15.8  152.0   73.0  444.0
2018 136  5 16 0300  -17.2  947.1   14.9  152.0   81.0  444.0
2018 136  5 16 0600  -16.3  949.1   15.6  156.0   51.9  444.0
2018 136  5 16 0900  -16.2  951.5   19.4  166.0   52.0  444.0
2018 136  5 16 1200  -17.6  955.0   14.5  173.0   44.1  444.0
2018 136  5 16 1500  -18.1  958.7   12.0  192.0   40.0  444.0
2018 136  5 16 1800  -19.2  960.9   10.9  186.0   42.0  444.0
2018 136  5 16 2100  -20.7  961.9   12.3  199.0   42.7  444.0
2018 137  5 17 0000  -20.1  962.4   10.9  196.0   38.0  444.0
2018 137  5 17 0300  -21.0  962.3   11.3  190.0   37.3  444.0
2018 137  5 17 0600  -21.5  962.4    8.8  191.0   32.7  444.0
2018 137  5 17 0900  -21.7  962.1    9.3  184.0   33.0  444.0
2018 137  5 17 1200  -22.0  961.4    8.2  190.0   33.0  444.0
2018 137  5 17 1500  -22.1  961.2    8.9  184.0   38.0  444.0
2018 137  5 17 1800  -22.4  960.9    8.2  181.0   37.1  444.0
2018 137  5 17 2100  -22.4  961.5    9.5  168.0   33.0  444.0
2018 138  5 18 0000  -22.9  962.0   10.7  183.0   38.0  444.0
2018 138  5 18 0300  -21.3  962.4    9.0  160.0   31.4  444.0
2018 138  5 18 0600  -20.5  963.1    9.1  163.0   30.0  444.0
2018 138  5 18 0900  -21.9  963.4   10.4  194.0   38.0  444.0
2018 138  5 18 1200  -21.3  963.7   11.6  188.0   38.0  444.0
2018 138  5 18 1500  -20.9  963.7   13.3  191.0   44.0  444.0
2018 138  5 18 1800  -18.8  963.9   10.0  184.0   56.0  444.0
2018 138  5 18 2100  -18.1  964.7    9.9  170.0   50.1  444.0
2018 139  5 19 0000  -18.3  964.4   10.4  185.0   91.7  444.0
2018 139  5 19 0300  -17.6  964.5    7.6  175.0   54.9  444.0
2018 139  5 19 0600  -19.7  964.7   10.7  195.0   47.3  444.0
2018 139  5 19 0900  -19.6  964.2    7.7  179.0   32.6  444.0
2018 139  5 19 1200  -21.3  963.6    9.4  194.0   37.0  444.0
2018 139  5 19 1500  -21.4  961.8   10.2  190.0   37.0  444.0
2018 139  5 19 1800  -21.1  960.8    5.5  190.0   34.0  444.0
2018 139  5 19 2100  -21.0  959.5    8.9  189.0   34.0  444.0
2018 140  5 20 0000  -21.2  958.8    8.2  183.0   40.0  444.0
2018 140  5 20 0300  -21.0  957.7    7.3  174.0   29.0  444.0
2018 140  5 20 0600  -21.5  957.2    8.9  160.0   25.9  444.0
2018 140  5 20 0900  -21.7  956.3    5.1  144.0   26.1  444.0
2018 140  5 20 1200  -22.8  955.3    5.7  123.0   36.4  444.0
2018 140  5 20 1500  -24.3  954.2    3.7  150.0   39.0  444.0
2018 140  5 20 1800  -22.7  953.4    7.3  125.0   30.2  444.0
2018 140  5 20 2100  -22.4  953.4    8.9  144.0   28.0  444.0
2018 141  5 21 0000  -23.4  953.7    7.4  154.0   33.1  444.0
2018 141  5 21 0300  -22.9  954.4    9.5  149.0   32.0  444.0
2018 141  5 21 0600  -23.9  955.0    9.5  156.0   33.0  444.0
2018 141  5 21 0900  -25.0  956.7   10.1  166.0   34.0  444.0
2018 141  5 21 1200  -24.8  959.0    9.5  167.0   31.0  444.0
2018 141  5 21 1500  -25.2  960.4    9.4  176.0   30.3  444.0
2018 141  5 21 1800  -25.5  961.7    8.4  146.0   36.0  444.0
2018 141  5 21 2100  -25.6  962.9    8.3  153.0   37.2  444.0
2018 142  5 22 0000  -25.5  964.0    7.4  149.0   33.6  444.0
2018 142  5 22 0300  -25.1  963.8    7.2  147.0   29.3  444.0
2018 142  5 22 0600  -24.4  963.4    6.8  150.0   24.5  444.0
2018 142  5 22 0900  -25.6  962.6    5.3  127.0   32.0  444.0
2018 142  5 22 1200  -26.0  962.9    4.3  128.0   30.0  444.0
2018 142  5 22 1500  -25.0  962.2    7.3  132.0   34.0  444.0
2018 142  5 22 1800  -23.6  961.9    6.6  137.0   34.0  444.0
2018 142  5 22 2100  -22.9  962.9    5.1  131.0   36.0  444.0
2018 143  5 23 0000  -22.8  964.5    4.8  114.0   35.0  444.0
2018 143  5 23 0300  -23.2  965.8    1.6  153.0   33.2  444.0
2018 143  5 23 0600  -22.1  967.6    5.6  125.0   30.0  444.0
2018 143  5 23 0900  -22.9  969.4    1.2   97.0   37.0  444.0
2018 143  5 23 1200  -22.0  971.1    5.9  131.0   26.0  444.0
2018 143  5 23 1500  -22.6  971.7    4.1  146.0   30.0  444.0
2018 143  5 23 1800  -21.9  971.6    9.1  170.0   23.0  444.0
2018 143  5 23 2100  -23.2  971.4    5.9  164.0   24.0  444.0
2018 144  5 24 0000  -22.2  969.9    4.6  194.0   21.0  444.0
2018 144  5 24 0300  -24.8  967.2    4.9  212.0   33.0  444.0
2018 144  5 24 0600  -23.1  963.9    3.3  189.0   32.0  444.0
2018 144  5 24 0900  -22.9  959.9    2.3  126.0   36.6  444.0
2018 144  5 24 1200  -22.0  955.8    3.8  134.0   39.0  444.0
2018 144  5 24 1500  -18.6  950.1   10.6  149.0   90.0  444.0
2018 144  5 24 1800  -19.3  944.4   13.5  149.0   94.0  444.0
2018 144  5 24 2100  -19.2  941.5   18.9  157.0   94.0  444.0
2018 145  5 25 0000  -18.9  941.8   16.4  165.0   84.2  444.0
2018 145  5 25 0300  -18.7  943.8   16.4  165.0   92.0  444.0
2018 145  5 25 0600  -17.1  946.6   14.2  183.0   96.6  444.0
2018 145  5 25 0900  -19.4  950.6   13.4  194.0   67.0  444.0
2018 145  5 25 1200  -19.6  953.4   11.6  191.0   39.0  444.0
2018 145  5 25 1500  -19.8  955.2   11.7  192.0   40.0  444.0
2018 145  5 25 1800  -19.6  956.5    7.7  205.0   30.3  444.0
2018 145  5 25 2100  -20.5  958.3    8.2  190.0   27.0  444.0
2018 146  5 26 0000  -20.7  960.0    6.1  196.0   25.3  444.0
2018 146  5 26 0300  -19.7  962.7    6.3  206.0   24.4  444.0
2018 146  5 26 0600  -18.6  964.9   10.3  191.0   33.3  444.0
2018 146  5 26 0900  -17.2  965.5    6.1  183.0   47.8  444.0
2018 146  5 26 1200  -16.3  967.8    8.5  192.0   37.3  444.0
2018 146  5 26 1500  -14.5  968.0    5.5  172.0   38.0  444.0
2018 146  5 26 1800  -13.7  967.3    3.9  151.0   34.0  444.0
2018 146  5 26 2100  -15.4  965.9    4.5  135.0   64.9  444.0
2018 147  5 27 0000  -16.5  963.1    7.3  124.0  100.0  444.0
2018 147  5 27 0300  -11.3  959.3   11.7  146.0  100.0  444.0
2018 147  5 27 0600  -11.1  958.5   11.2  146.0   99.7  444.0
2018 147  5 27 0900  -11.5  960.3    9.9  143.0   99.7  444.0
2018 147  5 27 1200  -11.9  962.8    8.7  126.0  100.0  444.0
2018 147  5 27 1500  -13.3  964.2    3.1  137.0   99.7  444.0
2018 147  5 27 1800  -13.8  963.7   10.6  164.0   79.0  444.0
2018 147  5 27 2100  -12.8  963.2    9.2  160.0   84.0  444.0
2018 148  5 28 0000  -12.7  961.8   10.3  164.0   75.7  444.0
2018 148  5 28 0300  -12.3  961.2   10.9  162.0   81.5  444.0
2018 148  5 28 0600  -12.9  960.0   13.4  162.0   90.5  444.0
2018 148  5 28 0900  -12.6  959.1   11.5  156.0   84.0  444.0
2018 148  5 28 1200  -12.4  956.1   15.2  156.0   99.7  444.0
2018 148  5 28 1500  -12.2  950.7   18.4  157.0  100.0  444.0
2018 148  5 28 1800  -13.1  946.6   17.8  152.0   99.7  444.0
2018 148  5 28 2100  -13.5  941.9   18.3  147.0  100.0  444.0
2018 149  5 29 0000  -14.8  938.2   20.7  148.0   95.0  444.0
2018 149  5 29 0300  -14.2  938.5   16.9  169.0   96.0  444.0
2018 149  5 29 0600  -14.2  942.6   16.0  183.0   89.8  444.0
2018 149  5 29 0900  -14.5  950.6   10.7  210.0   67.2  444.0
2018 149  5 29 1200  -15.7  955.9    9.5  193.0   46.0  444.0
2018 149  5 29 1500  -17.6  960.3    7.4  201.0   42.0  444.0
2018 149  5 29 1800  -18.0  963.4    6.6  213.0   43.7  444.0
2018 149  5 29 2100  -17.0  966.0    6.9  222.0   47.0  444.0
2018 150  5 30 0000  -20.2  968.6    9.9  220.0   52.0  444.0
2018 150  5 30 0300  -22.1  969.9    8.1  210.0   40.0  444.0
2018 150  5 30 0600  -20.3  969.3    6.9  144.0   64.6  444.0
2018 150  5 30 0900  -18.2  969.5    4.9  254.0   55.0  444.0
2018 150  5 30 1200  -15.3  970.3    2.1   18.0   39.8  444.0
2018 150  5 30 1500  -16.1  970.8    3.0    4.0   40.0  444.0
2018 150  5 30 1800  -15.4  971.2    4.6  215.0   35.0  444.0
2018 150  5 30 2100  -15.6  971.7    7.5  217.0   40.8  444.0
2018 151  5 31 0000  -16.6  972.6    7.2  196.0   48.0  444.0
2018 151  5 31 0300  -15.3  973.1    6.0  172.0   44.5  444.0
2018 151  5 31 0600  -17.2  973.6    4.8  202.0   39.0  444.0
2018 151  5 31 0900  -18.3  974.3    6.5  204.0   38.5  444.0
2018 151  5 31 1200  -14.6  975.4    4.0  183.0   27.2  444.0
2018 151  5 31 1500  -14.5  974.2    4.7  154.0   31.6  444.0
2018 151  5 31 1800  -15.5  972.6    6.0  103.0   53.0  444.0
2018 151  5 31 2100  -16.9  971.7    6.2  114.0   95.0  444.0
