Year: 2018  Month: 11  ID: D10  ARGOS:  8914  Name: D-10                
Lat: 66.71S  Lon: 139.84E  Elev:  243m
2018 305 11  1 0000  -11.2  943.0    8.2  164.0   35.0  444.0
2018 305 11  1 0300   -9.2  943.4    5.8  137.0   35.0  444.0
2018 305 11  1 0600   -9.0  943.0    0.7   84.0   36.3  444.0
2018 305 11  1 0900  -10.7  943.5    2.9  162.0   39.0  444.0
2018 305 11  1 1200  -14.6  944.0    5.7  196.0   35.0  444.0
2018 305 11  1 1500  -15.2  944.7    8.2  198.0   27.0  444.0
2018 305 11  1 1800  -16.0  945.4    8.8  193.0   29.0  444.0
2018 305 11  1 2100  -14.4  946.2    6.4  196.0   32.0  444.0
2018 306 11  2 0000  -11.8  947.1    5.2  171.0   28.0  444.0
2018 306 11  2 0300  -10.0  947.7    6.0  168.0   30.9  444.0
2018 306 11  2 0600   -9.6  948.4    3.7  144.0   31.2  444.0
2018 306 11  2 0900  -10.9  949.2    4.9  172.0   27.5  444.0
2018 306 11  2 1200  -14.5  950.2    8.8  182.0   33.0  444.0
2018 306 11  2 1500  -15.5  950.2   10.7  170.0   27.8  444.0
2018 306 11  2 1800  -16.1  950.4   12.1  182.0   31.0  444.0
2018 306 11  2 2100  -15.0  951.4   11.4  173.0   26.0  444.0
2018 307 11  3 0000  -11.7  951.3    8.9  160.0   22.0  444.0
2018 307 11  3 0300   -8.9  950.9    9.0  142.0   23.0  444.0
2018 307 11  3 0600   -7.7  950.5    8.9  138.0   21.0  444.0
2018 307 11  3 0900   -9.2  951.0    9.5  140.0   27.0  444.0
2018 307 11  3 1200  -10.2  951.1   10.5  149.0   20.0  444.0
2018 307 11  3 1500  -10.1  950.5    9.7  154.0   22.0  444.0
2018 307 11  3 1800  -10.7  949.9   13.0  152.0   23.0  444.0
2018 307 11  3 2100  -10.0  949.0   13.4  138.0   23.0  444.0
2018 308 11  4 0000   -9.5  949.0   15.5  143.0   24.0  444.0
2018 308 11  4 0300   -8.4  947.2   16.5  147.0   24.1  444.0
2018 308 11  4 0600   -7.7  946.1   14.1  140.0   20.0  444.0
2018 308 11  4 0900   -8.3  945.6   14.9  138.0   18.0  444.0
2018 308 11  4 1200  -10.0  944.6   14.5  130.0   19.0  444.0
2018 308 11  4 1500  -10.7  943.8   15.2  140.0   19.7  444.0
2018 308 11  4 1800  -11.5  943.0   14.4  134.0   18.0  444.0
2018 308 11  4 2100  -11.3  944.0   14.3  123.0   21.0  444.0
2018 309 11  5 0000  -10.0  944.6   15.6  136.0   20.0  444.0
2018 309 11  5 0300   -9.3  944.5   16.0  134.0   23.7  444.0
2018 309 11  5 0600   -9.2  945.5   14.3  134.0   17.0  444.0
2018 309 11  5 0900  -13.7  947.2    3.0   47.0   42.3  444.0
2018 309 11  5 1200  -12.6  948.4   14.1  138.0   17.0  444.0
2018 309 11  5 1500  -14.0  949.2   12.6  135.0   15.0  444.0
2018 309 11  5 1800  -15.7  950.1   14.1  131.0   20.4  444.0
2018 309 11  5 2100  -14.5  951.2   11.1  124.0   24.0  444.0
2018 310 11  6 0000  -12.8  952.0   14.2  135.0   24.0  444.0
2018 310 11  6 0300  -11.4  952.3   15.0  134.0   24.2  444.0
2018 310 11  6 0600  -10.3  952.5   12.8  136.0   24.8  444.0
2018 310 11  6 0900  -11.5  953.5    6.2  133.0   25.0  444.0
2018 310 11  6 1200  -13.8  953.8    9.1  154.0   22.3  444.0
2018 310 11  6 1500  -15.4  953.0    9.6  148.0   22.4  444.0
2018 310 11  6 1800  -16.5  952.1   11.6  168.0   22.0  444.0
2018 310 11  6 2100  -14.1  952.1   10.1  174.0   15.3  444.0
2018 311 11  7 0000  -13.3  951.5   11.7  174.0   22.0  444.0
2018 311 11  7 0300  -10.8  951.2   10.0  134.0   24.0  444.0
2018 311 11  7 0600  -11.4  950.8    1.1  156.0   22.0  444.0
2018 311 11  7 0900  -10.8  951.0    3.4  116.0   20.0  444.0
2018 311 11  7 1200  -13.1  952.0    5.0   96.0   19.0  444.0
2018 311 11  7 1500  -15.0  952.1   11.7  161.0   18.2  444.0
2018 311 11  7 1800  -17.0  952.0   10.1  158.0   21.0  444.0
2018 311 11  7 2100  -14.3  952.3    8.9  182.0   16.0  444.0
2018 312 11  8 0000  -13.6  952.7    9.6  157.0   25.6  444.0
2018 312 11  8 0300  -11.3  953.0    7.1  128.0   24.7  444.0
2018 312 11  8 0600  -11.4  952.5    3.5   87.0   26.8  444.0
2018 312 11  8 0900  -13.5  952.3    1.5  124.0   33.0  444.0
2018 312 11  8 1200  -15.0  952.5    5.6  116.0   24.0  444.0
2018 312 11  8 1500  -15.5  952.3    6.2  143.0   28.0  444.0
2018 312 11  8 1800  -16.4  952.1    6.4  148.0   26.5  444.0
2018 312 11  8 2100  -15.1  951.8    6.7  160.0   24.0  444.0
2018 313 11  9 0000  -11.9  950.5    7.6  123.0   27.0  444.0
2018 313 11  9 0300  -11.7  949.0    3.1  138.0   34.2  444.0
2018 313 11  9 0600  -11.7  947.2    3.9  114.0   35.4  444.0
2018 313 11  9 0900  -12.8  945.0    5.9  136.0   36.0  444.0
2018 313 11  9 1200  -12.6  942.7    7.5  119.0   40.0  444.0
2018 313 11  9 1500  -10.8  938.9   12.3  135.0   26.0  444.0
2018 313 11  9 1800  -11.1  935.6   13.4  132.0   26.0  444.0
2018 313 11  9 2100  -12.3  933.0   15.1  147.0   65.0  444.0
2018 314 11 10 0000  -11.5  931.1   14.5  143.0   72.2  444.0
2018 314 11 10 0300  -10.8  930.8   13.9  151.0   76.0  444.0
2018 314 11 10 0600  -10.0  929.4   12.2  137.0   75.0  444.0
2018 314 11 10 0900   -9.5  930.9   13.4  144.0   75.0  444.0
2018 314 11 10 1200   -9.5  931.2   14.6  143.0   62.1  444.0
2018 314 11 10 1500   -9.9  932.5   13.9  145.0   60.0  444.0
2018 314 11 10 1800  -10.0  934.2   12.9  148.0   60.0  444.0
2018 314 11 10 2100  -10.4  935.5   14.2  166.0   52.0  444.0
2018 315 11 11 0000   -9.5  936.8   12.2  166.0   44.0  444.0
2018 315 11 11 0300   -8.2  938.1   10.6  159.0   43.7  444.0
2018 315 11 11 0600   -7.9  937.7   11.1  155.0   43.0  444.0
2018 315 11 11 0900   -8.0  937.4   10.7  150.0   38.0  444.0
2018 315 11 11 1200   -9.2  937.0   11.6  153.0   38.0  444.0
2018 315 11 11 1500   -8.7  937.1   12.8  155.0   37.4  444.0
2018 315 11 11 1800   -8.2  938.8    9.6  159.0   38.0  444.0
2018 315 11 11 2100   -7.7  941.0    6.2  168.0   36.0  444.0
2018 316 11 12 0000   -6.3  942.2    4.2  194.0   34.0  444.0
2018 316 11 12 0300   -3.9  943.0    0.4    4.0   25.2  444.0
2018 316 11 12 0600   -4.8  943.4    3.5  185.0   32.4  444.0
2018 316 11 12 0900   -7.7  943.8    5.3  225.0   40.0  444.0
2018 316 11 12 1200   -9.3  944.9    7.5  192.0   27.0  444.0
2018 316 11 12 1500  -11.2  946.1    8.2  194.0   25.5  444.0
2018 316 11 12 1800  -12.3  946.1   10.5  197.0   27.0  444.0
2018 316 11 12 2100  -10.7  945.1    8.6  186.0   23.1  444.0
2018 317 11 13 0000   -7.3  943.9    6.2  129.0   26.0  444.0
2018 317 11 13 0300   -6.4  942.6    2.7  145.0   30.0  444.0
2018 317 11 13 0600   -7.7  940.9    7.0  110.0   42.0  444.0
2018 317 11 13 0900   -9.3  939.3    4.5  120.0   51.6  444.0
2018 317 11 13 1200   -9.3  936.9   10.8  144.0   25.0  444.0
2018 317 11 13 1500  -10.1  934.5   13.0  135.0   30.0  444.0
2018 317 11 13 1800  -10.1  932.9   12.6  141.0   29.0  444.0
2018 317 11 13 2100   -9.9  932.5   11.9  143.0   35.0  444.0
2018 318 11 14 0000   -8.7  932.4   14.7  147.0   34.9  444.0
2018 318 11 14 0300   -7.1  932.9   12.6  146.0   37.0  444.0
2018 318 11 14 0600   -6.5  934.2   14.4  150.0   35.2  444.0
2018 318 11 14 0900   -7.1  936.0   12.1  152.0   31.0  444.0
2018 318 11 14 1200   -8.4  938.6    9.5  156.0   30.0  444.0
2018 318 11 14 1500  -10.4  940.6    9.8  177.0   29.0  444.0
2018 318 11 14 1800  -11.7  942.7    8.9  180.0   29.0  444.0
2018 318 11 14 2100  -10.7  945.1    6.4  198.0   31.0  444.0
2018 319 11 15 0000   -8.8  947.2    6.1  162.0   32.4  444.0
2018 319 11 15 0300   -7.3  948.2    6.0  130.0   39.1  444.0
2018 319 11 15 0600   -7.0  949.1    2.9   93.0   46.0  444.0
2018 319 11 15 0900   -7.7  949.4    0.9  169.0   64.0  444.0
2018 319 11 15 1200   -9.4  949.5    5.4  140.0   40.1  444.0
2018 319 11 15 1500  -10.4  949.1    5.3  156.0   38.0  444.0
2018 319 11 15 1800  -11.7  949.0    5.8  183.0   39.0  444.0
2018 319 11 15 2100  -11.3  949.2    4.1  206.0   34.0  444.0
2018 320 11 16 0000   -8.3  949.4    0.9  164.0   24.5  444.0
2018 320 11 16 0300   -8.0  949.6    0.4  121.0   23.0  444.0
2018 320 11 16 0600  444.0  949.1    0.4  348.0   19.9  444.0
2018 320 11 16 0900   -9.6  949.4    1.6  251.0   42.0  444.0
2018 320 11 16 1200  -15.0  949.9    4.4  232.0   45.0  444.0
2018 320 11 16 1500  -13.7  949.9   11.1  195.0   24.0  444.0
2018 320 11 16 1800  -16.0  950.2   10.4  196.0   26.4  444.0
2018 320 11 16 2100  -13.9  951.0    7.6  192.0   22.0  444.0
2018 321 11 17 0000   -9.6  952.5    1.3  182.0   14.0  444.0
2018 321 11 17 0300   -8.2  953.5    2.3  298.0   23.4  444.0
2018 321 11 17 0600   -8.3  954.3    4.2  292.0   42.1  444.0
2018 321 11 17 0900   -9.7  955.5    2.2  259.0   35.0  444.0
2018 321 11 17 1200  -12.6  956.6    4.5  221.0   33.0  444.0
2018 321 11 17 1500  -15.9  958.2    9.2  208.0   33.1  444.0
2018 321 11 17 1800  -15.8  960.7    9.7  199.0   24.9  444.0
2018 321 11 17 2100  -12.6  962.1    7.1  190.0   27.0  444.0
2018 322 11 18 0000   -9.0  962.8    6.3  146.0   27.0  444.0
2018 322 11 18 0300   -8.4  961.9    6.5  110.0   37.3  444.0
2018 322 11 18 0600   -8.9  960.2    9.2  134.0   79.5  444.0
2018 322 11 18 0900   -7.4  958.6   10.6  131.0   92.0  444.0
2018 322 11 18 1200   -6.6  958.2   11.2  105.0   99.0  444.0
2018 322 11 18 1500   -6.3  960.0    7.5  102.0   99.0  444.0
2018 322 11 18 1800   -5.7  961.6    3.5  120.0  100.0  444.0
2018 322 11 18 2100   -5.1  963.5    4.3  109.0   99.9  444.0
2018 323 11 19 0000   -5.4  964.4    4.0  153.0   94.0  444.0
2018 323 11 19 0300   -4.7  964.7    2.1  139.0   92.0  444.0
2018 323 11 19 0600   -4.3  964.7    0.8  188.0   91.1  444.0
2018 323 11 19 0900   -5.1  964.3    1.4  253.0   84.0  444.0
2018 323 11 19 1200   -6.3  964.7    1.5  274.0   97.4  444.0
2018 323 11 19 1500   -6.3  963.8    1.7  308.0   77.0  444.0
2018 323 11 19 1800  -12.8  963.1    8.2  234.0   53.0  444.0
2018 323 11 19 2100  -10.7  962.6    7.7  222.0   45.0  444.0
2018 324 11 20 0000   -6.3  962.0    5.6  211.0   38.0  444.0
2018 324 11 20 0300   -2.4  961.3    1.9  211.0   28.6  444.0
2018 324 11 20 0600   -2.5  961.0    6.8  236.0   29.0  444.0
2018 324 11 20 0900   -5.9  961.3    9.8  243.0   39.0  444.0
2018 324 11 20 1200  -11.2  961.1   11.6  238.0   44.0  444.0
2018 324 11 20 1500  -14.1  960.2   11.3  232.0   49.6  444.0
2018 324 11 20 1800  -14.6  958.6    7.9  224.0   43.0  444.0
2018 324 11 20 2100  -12.5  956.5    8.4  214.0   40.0  444.0
2018 325 11 21 0000   -7.4  954.9    5.9  188.0   32.0  444.0
2018 325 11 21 0300   -3.6  953.7    0.9  111.0   19.5  444.0
2018 325 11 21 0600   -4.6  952.3    2.6  173.0   37.0  444.0
2018 325 11 21 0900   -6.0  951.0    3.4  144.0   43.8  444.0
2018 325 11 21 1200   -7.3  950.4    5.1  137.0   62.0  444.0
2018 325 11 21 1500   -8.5  948.4    9.1  143.0   65.8  444.0
2018 325 11 21 1800  -10.5  947.9   15.2  156.0   72.0  444.0
2018 325 11 21 2100  -11.8  948.8   14.2  166.0   65.0  444.0
2018 326 11 22 0000  -10.0  950.8   12.1  167.0   46.0  444.0
2018 326 11 22 0300   -8.1  952.5   10.7  178.0   39.3  444.0
2018 326 11 22 0600   -6.6  954.8    6.7  158.0   33.5  444.0
2018 326 11 22 0900   -7.7  957.2    5.4  161.0   24.0  444.0
2018 326 11 22 1200  -10.4  959.3    7.9  197.0   29.0  444.0
2018 326 11 22 1500  -11.8  961.2    8.2  193.0   30.0  444.0
2018 326 11 22 1800  -11.1  962.6    7.2  192.0   28.0  444.0
2018 326 11 22 2100  -10.3  963.7    7.8  184.0   36.0  444.0
2018 327 11 23 0000   -6.2  964.8    5.3  136.0   27.0  444.0
2018 327 11 23 0300   -4.3  965.4    4.7  129.0   29.1  444.0
2018 327 11 23 0600   -3.5  966.4    3.0  152.0   31.0  444.0
2018 327 11 23 0900   -5.1  967.8    4.7  142.0   32.0  444.0
2018 327 11 23 1200   -6.8  969.6    3.6  135.0   26.0  444.0
2018 327 11 23 1500   -9.5  969.8    6.4  190.0   25.1  444.0
2018 327 11 23 1800  -12.7  969.5    7.7  216.0   36.0  444.0
2018 327 11 23 2100  -10.7  969.1    6.3  211.0   33.0  444.0
2018 328 11 24 0000   -7.1  967.7    5.8  174.0   28.7  444.0
2018 328 11 24 0300   -4.0  966.4    4.3  206.0   28.2  444.0
2018 328 11 24 0600   -2.8  965.1    1.7  273.0   34.3  444.0
2018 328 11 24 0900   -5.5  964.2    2.8  260.0   36.0  444.0
2018 328 11 24 1200   -7.4  962.4    4.3  209.0   32.0  444.0
2018 328 11 24 1500   -8.6  959.0    6.0  190.0   35.0  444.0
2018 328 11 24 1800   -8.4  955.6    6.2  176.0   41.0  444.0
2018 328 11 24 2100   -8.6  953.0    6.8  174.0   69.0  444.0
2018 329 11 25 0000   -7.4  951.8    8.2  173.0   56.0  444.0
2018 329 11 25 0300   -4.1  952.5    3.5  112.0   36.6  444.0
2018 329 11 25 0600   -5.7  953.6    3.3  329.0   75.2  444.0
2018 329 11 25 0900   -5.7  954.6    4.9  304.0   84.0  444.0
2018 329 11 25 1200   -6.2  954.9    1.9  334.0   71.0  444.0
2018 329 11 25 1500   -9.7  955.4    6.1  199.0   39.7  444.0
2018 329 11 25 1800  -13.7  955.9   10.5  209.0   46.0  444.0
2018 329 11 25 2100  -11.5  956.3    9.1  214.0   41.0  444.0
2018 330 11 26 0000   -8.4  956.5   10.0  217.0   36.0  444.0
2018 330 11 26 0300   -5.9  955.6    8.8  210.0   34.0  444.0
2018 330 11 26 0600   -4.6  955.8    5.3  200.0   29.0  444.0
2018 330 11 26 0900   -5.7  956.2    4.1  196.0   29.3  444.0
2018 330 11 26 1200   -9.2  957.2    5.9  208.0   28.0  444.0
2018 330 11 26 1500  -11.0  958.4    7.0  202.0   28.0  444.0
2018 330 11 26 1800  -11.3  959.1    7.7  196.0   30.0  444.0
2018 330 11 26 2100   -9.0  960.4    6.5  152.0   29.0  444.0
2018 331 11 27 0000   -7.7  961.5    4.6  124.0   37.1  444.0
2018 331 11 27 0300   -8.2  961.2    5.9  120.0   38.3  444.0
2018 331 11 27 0600   -8.2  960.2    7.1  117.0   48.0  444.0
2018 331 11 27 0900   -7.7  958.9    6.9  128.0   54.0  444.0
2018 331 11 27 1200   -8.2  958.4    4.8  135.0   90.9  444.0
2018 331 11 27 1500   -7.5  958.9    4.5  126.0   92.0  444.0
2018 331 11 27 1800   -6.1  960.1    5.2  136.0   69.1  444.0
2018 331 11 27 2100   -5.6  961.4    5.2  143.0   44.0  444.0
2018 332 11 28 0000   -4.0  961.8    2.8  122.0   42.0  444.0
2018 332 11 28 0300   -2.6  960.0    0.6   85.0   26.8  444.0
2018 332 11 28 0600   -3.1  958.5    1.9  182.0   40.5  444.0
2018 332 11 28 0900   -4.6  956.1    3.4  173.0   46.0  444.0
2018 332 11 28 1200   -6.1  954.1    5.6  130.0   47.0  444.0
2018 332 11 28 1500   -6.8  951.0   10.1  137.0   49.3  444.0
2018 332 11 28 1800   -7.3  947.7   15.7  150.0   74.0  444.0
2018 332 11 28 2100   -7.8  945.6   15.0  151.0   75.9  444.0
2018 333 11 29 0000   -7.9  944.5   13.3  139.0   82.0  444.0
2018 333 11 29 0300   -6.5  943.0   15.8  150.0   78.0  444.0
2018 333 11 29 0600   -5.2  943.3   14.1  139.0   74.0  444.0
2018 333 11 29 0900   -5.2  944.2   12.5  143.0   67.5  444.0
2018 333 11 29 1200   -4.4  945.0   10.9  135.0   56.0  444.0
2018 333 11 29 1500   -4.9  945.8   11.9  147.0   61.0  444.0
2018 333 11 29 1800   -5.3  947.1   12.1  156.0   50.0  444.0
2018 333 11 29 2100   -5.5  949.4   11.2  154.0   47.0  444.0
2018 334 11 30 0000   -5.1  950.7   12.1  154.0   46.1  444.0
2018 334 11 30 0300   -3.7  952.0    9.1  148.0   44.6  444.0
2018 334 11 30 0600   -2.5  953.8    6.4  133.0   41.0  444.0
2018 334 11 30 0900   -4.0  955.3    4.4  116.0   47.0  444.0
2018 334 11 30 1200   -5.5  956.9    4.2  164.0   43.0  444.0
2018 334 11 30 1500   -6.3  958.0    5.1  170.0   40.0  444.0
2018 334 11 30 1800   -6.1  959.2    6.3  182.0   33.0  444.0
2018 334 11 30 2100   -7.4  959.8    6.4  193.0   36.0  444.0
