Year: 2018  Month: 06  ID: D10  ARGOS:  8914  Name: D-10                
Lat: 66.71S  Lon: 139.84E  Elev:  243m
2018 152  6  1 0000  -15.9  972.7    5.8  137.0   92.0  444.0
2018 152  6  1 0300  -14.0  971.3   11.9  148.0   94.4  444.0
2018 152  6  1 0600  -14.8  969.1   16.2  154.0   94.0  444.0
2018 152  6  1 0900  -14.9  968.5   15.7  149.0   88.0  444.0
2018 152  6  1 1200  -14.5  968.5   17.8  159.0   87.0  444.0
2018 152  6  1 1500  -14.8  971.4   16.6  164.0   88.0  444.0
2018 152  6  1 1800  -14.7  974.0   13.3  163.0   65.9  444.0
2018 152  6  1 2100  -13.9  976.6    8.3  168.0   50.0  444.0
2018 153  6  2 0000  -16.6  977.6   10.5  171.0   52.0  444.0
2018 153  6  2 0300  -16.2  978.0   10.4  160.0   47.1  444.0
2018 153  6  2 0600  -15.2  976.3   10.1  148.0   51.1  444.0
2018 153  6  2 0900  -14.9  973.7   12.6  154.0   55.0  444.0
2018 153  6  2 1200  -14.5  972.7    9.8  147.0   54.0  444.0
2018 153  6  2 1500  -14.3  970.8    9.3  136.0   53.0  444.0
2018 153  6  2 1800  -15.5  968.5    5.1  132.0   64.8  444.0
2018 153  6  2 2100  -15.6  966.4    9.3  149.0   62.0  444.0
2018 154  6  3 0000  -17.8  964.1   11.2  159.0   62.0  444.0
2018 154  6  3 0300  -18.9  962.1   12.5  167.0   60.8  444.0
2018 154  6  3 0600  -19.5  958.8   14.5  169.0   67.0  444.0
2018 154  6  3 0900  -19.3  955.9   11.2  178.0   56.0  444.0
2018 154  6  3 1200  -20.0  953.3    9.8  196.0   46.0  444.0
2018 154  6  3 1500  -19.7  949.3    4.8  180.0   36.0  444.0
2018 154  6  3 1800  -18.9  944.9    6.6  177.0   36.0  444.0
2018 154  6  3 2100  -17.0  941.2    5.4  145.0   21.0  444.0
2018 155  6  4 0000  -20.3  940.0    7.3  191.0   31.8  444.0
2018 155  6  4 0300  -23.4  939.7   11.2  208.0   42.3  444.0
2018 155  6  4 0600  -24.6  940.0   11.8  185.0   56.0  444.0
2018 155  6  4 0900  -25.4  941.5    9.0  188.0   49.0  444.0
2018 155  6  4 1200  -25.1  944.4   12.4  195.0   48.5  444.0
2018 155  6  4 1500  -23.1  948.8    6.8  182.0   29.0  444.0
2018 155  6  4 1800  -25.5  951.9    9.7  181.0   43.0  444.0
2018 155  6  4 2100  -27.1  952.8   12.8  148.0   58.0  444.0
2018 156  6  5 0000  -24.7  951.0   12.3  141.0   51.0  444.0
2018 156  6  5 0300  -23.8  945.9   15.7  134.0   63.9  444.0
2018 156  6  5 0600  -22.9  943.6   15.2  154.0   61.7  444.0
2018 156  6  5 0900  -23.2  944.9   14.4  156.0   65.0  444.0
2018 156  6  5 1200  -24.1  946.7   15.1  154.0   64.0  444.0
2018 156  6  5 1500  -23.9  948.7   11.7  157.0   56.0  444.0
2018 156  6  5 1800  -24.7  950.1   10.1  175.0   53.0  444.0
2018 156  6  5 2100  -25.3  951.6   10.6  176.0   52.0  444.0
2018 157  6  6 0000  -24.8  952.7    6.3  169.0   41.0  444.0
2018 157  6  6 0300  -25.0  953.5    4.8  200.0   37.4  444.0
2018 157  6  6 0600  -26.3  953.9    9.6  190.0   46.0  444.0
2018 157  6  6 0900  -26.6  955.4   12.8  188.0   50.0  444.0
2018 157  6  6 1200  -25.8  957.7   11.6  179.0   49.0  444.0
2018 157  6  6 1500  -25.8  959.5   11.9  185.0   52.0  444.0
2018 157  6  6 1800  -24.3  961.3    8.4  184.0   47.0  444.0
2018 157  6  6 2100  -21.7  962.2    7.8  173.0   31.0  444.0
2018 158  6  7 0000  -23.4  962.9    3.6  207.0   28.0  444.0
2018 158  6  7 0300  -21.8  961.9    8.2  206.0   31.0  444.0
2018 158  6  7 0600  -22.5  961.1    5.0  237.0   34.0  444.0
2018 158  6  7 0900  -19.6  960.8    6.7  180.0   32.0  444.0
2018 158  6  7 1200  -19.7  960.0    8.8  208.0   33.0  444.0
2018 158  6  7 1500  -19.6  959.5    5.0  190.0   28.0  444.0
2018 158  6  7 1800  -21.2  959.2    5.3  211.0   32.0  444.0
2018 158  6  7 2100  -20.4  959.8    7.3  191.0   32.0  444.0
2018 159  6  8 0000  -19.7  959.8    7.9  175.0   29.1  444.0
2018 159  6  8 0300  -18.8  958.8   10.0  176.0   19.1  444.0
2018 159  6  8 0600  -20.7  957.5    6.7  195.0   27.4  444.0
2018 159  6  8 0900  -19.5  956.5    6.2  181.0   21.0  444.0
2018 159  6  8 1200  -21.6  957.2    8.4  179.0   32.9  444.0
2018 159  6  8 1500  -22.5  956.7    6.3  190.0   38.0  444.0
2018 159  6  8 1800  -21.9  956.9    7.9  188.0   36.0  444.0
2018 159  6  8 2100  -22.5  958.1    4.9  183.0   34.0  444.0
2018 160  6  9 0000  -24.9  958.8    4.3  203.0   35.0  444.0
2018 160  6  9 0300  -24.9  958.5    4.4  234.0   34.0  444.0
2018 160  6  9 0600  -24.2  958.6    5.4  220.0   33.0  444.0
2018 160  6  9 0900  -23.0  959.0    4.5  213.0   28.0  444.0
2018 160  6  9 1200  -20.3  959.1    2.9  178.0   22.0  444.0
2018 160  6  9 1500  -24.8  958.8    6.4  224.0   30.5  444.0
2018 160  6  9 1800  -26.2  958.2    6.8  224.0   33.0  444.0
2018 160  6  9 2100  -25.5  957.1    4.4  224.0   28.6  444.0
2018 161  6 10 0000  -24.0  956.4    5.5  210.0   34.0  444.0
2018 161  6 10 0300  -23.5  955.9    3.7  212.0   28.3  444.0
2018 161  6 10 0600  -23.1  955.4    5.5  201.0   30.0  444.0
2018 161  6 10 0900  -24.4  956.0    4.8  212.0   29.0  444.0
2018 161  6 10 1200  -24.7  955.4    5.7  210.0   27.0  444.0
2018 161  6 10 1500  -26.0  955.6    6.7  202.0   31.4  444.0
2018 161  6 10 1800  -23.4  955.7    9.7  186.0   35.1  444.0
2018 161  6 10 2100  -22.0  956.3    8.0  156.0   38.0  444.0
2018 162  6 11 0000  -23.0  956.8    5.0  188.0   48.0  444.0
2018 162  6 11 0300  -21.4  957.0   10.1  184.0   49.1  444.0
2018 162  6 11 0600  -21.2  957.7    7.0  170.0   47.3  444.0
2018 162  6 11 0900  -21.1  958.1    6.4  179.0   33.0  444.0
2018 162  6 11 1200  -21.0  958.8    4.4  188.0   27.1  444.0
2018 162  6 11 1500  -21.7  958.3    4.0  196.0   24.0  444.0
2018 162  6 11 1800  -21.8  958.1    3.9  198.0   27.1  444.0
2018 162  6 11 2100  -23.0  958.6    6.6  214.0   32.9  444.0
2018 163  6 12 0000  -21.9  959.3    6.8  204.0   34.0  444.0
2018 163  6 12 0300  -21.4  959.9    7.1  207.0   33.0  444.0
2018 163  6 12 0600  -20.5  960.6    4.8  201.0   31.1  444.0
2018 163  6 12 0900  -19.7  961.2    7.0  207.0   32.0  444.0
2018 163  6 12 1200  -17.1  961.1    4.9  188.0   29.0  444.0
2018 163  6 12 1500  -17.1  960.4    1.0   97.0   26.0  444.0
2018 163  6 12 1800  -18.0  958.7    2.9  132.0   28.0  444.0
2018 163  6 12 2100  -18.8  958.9    3.3  168.0   36.0  444.0
2018 164  6 13 0000  -20.4  960.8    5.5  209.0   32.9  444.0
2018 164  6 13 0300  -21.5  962.4    7.6  204.0   33.8  444.0
2018 164  6 13 0600  -22.0  964.1    8.6  194.0   35.3  444.0
2018 164  6 13 0900  -21.5  965.4   11.8  183.0   37.0  444.0
2018 164  6 13 1200  -20.8  967.3    7.5  179.0   28.0  444.0
2018 164  6 13 1500  -20.0  969.0    3.2  160.0   30.0  444.0
2018 164  6 13 1800  -20.7  969.0    5.9  180.0   29.0  444.0
2018 164  6 13 2100  -19.4  969.7    2.1  158.0   22.0  444.0
2018 165  6 14 0000  -20.1  971.4    1.2  151.0   22.1  444.0
2018 165  6 14 0300  -20.3  972.4    0.5  180.0   25.1  444.0
2018 165  6 14 0600  -21.5  972.9    2.1  171.0   26.9  444.0
2018 165  6 14 0900  -21.5  974.0    1.0  147.0   27.0  444.0
2018 165  6 14 1200  -24.3  974.2    1.9  179.0   68.0  444.0
2018 165  6 14 1500  -24.0  973.9    0.5  135.0   61.0  444.0
2018 165  6 14 1800  -22.0  973.3    1.5  160.0   41.0  444.0
2018 165  6 14 2100  -22.4  973.3    1.0  271.0   39.0  444.0
2018 166  6 15 0000  -19.8  973.5    5.5  130.0   29.0  444.0
2018 166  6 15 0300  -17.5  973.7   12.2  163.0   21.0  444.0
2018 166  6 15 0600  -18.7  974.8   10.5  175.0   33.1  444.0
2018 166  6 15 0900  -20.5  975.5   13.2  190.0   39.5  444.0
2018 166  6 15 1200  -17.1  976.8   11.0  156.0   11.0  444.0
2018 166  6 15 1500  -18.2  976.6   10.0  182.0   17.0  444.0
2018 166  6 15 1800  -19.4  978.0   12.3  179.0   19.0  444.0
2018 166  6 15 2100  -17.4  979.8    8.5  170.0   11.0  444.0
2018 167  6 16 0000  -18.1  979.7    6.8  170.0   14.9  444.0
2018 167  6 16 0300  -18.5  979.0    7.1  186.0   16.0  444.0
2018 167  6 16 0600  -18.9  978.0    0.4  260.0   17.0  444.0
2018 167  6 16 0900  -20.0  976.5    4.7  130.0   22.0  444.0
2018 167  6 16 1200  -21.0  975.8    3.6  117.0   29.0  444.0
2018 167  6 16 1500  -22.4  974.4    5.9  129.0   45.0  444.0
2018 167  6 16 1800  -23.2  971.9    3.5  144.0   67.0  444.0
2018 167  6 16 2100  -22.4  970.3    5.7  118.0   60.0  444.0
2018 168  6 17 0000  -20.4  969.4   10.5  148.0   71.0  444.0
2018 168  6 17 0300  -22.8  968.0   12.3  177.0   62.3  444.0
2018 168  6 17 0600  -23.4  969.0   12.0  188.0   56.9  444.0
2018 168  6 17 0900  -21.9  968.6    9.3  186.0   44.0  444.0
2018 168  6 17 1200  -17.4  968.5   10.7  158.0   16.0  444.0
2018 168  6 17 1500  -20.4  969.0    3.4  170.0   26.7  444.0
2018 168  6 17 1800  -19.8  970.1    9.3  176.0   39.0  444.0
2018 168  6 17 2100  -19.8  969.6   13.5  175.0   55.3  444.0
2018 169  6 18 0000  -18.6  970.8   14.8  154.0   35.0  444.0
2018 169  6 18 0300  -17.2  970.9   14.9  156.0   29.0  444.0
2018 169  6 18 0600  -15.7  970.4   13.1  141.0   25.0  444.0
2018 169  6 18 0900  -15.2  969.2   14.5  138.0   26.9  444.0
2018 169  6 18 1200  -15.8  967.1   14.3  119.0   27.0  444.0
2018 169  6 18 1500  -16.8  960.9   15.4  118.0   89.0  444.0
2018 169  6 18 1800  -16.8  955.8   15.8  128.0   91.7  444.0
2018 169  6 18 2100  -16.8  956.1    8.6  112.0   95.0  444.0
2018 170  6 19 0000  -17.8  956.9    7.0  138.0   66.6  444.0
2018 170  6 19 0300  -18.0  956.9    6.9  130.0   53.0  444.0
2018 170  6 19 0600  -17.7  956.1    8.2  150.0   62.0  444.0
2018 170  6 19 0900  -19.3  956.3    9.8  171.0   75.9  444.0
2018 170  6 19 1200  -21.1  956.7   11.4  169.0   74.0  444.0
2018 170  6 19 1500  -21.1  959.0   10.3  187.0   64.0  444.0
2018 170  6 19 1800  -21.3  961.9    3.3  156.0   51.0  444.0
2018 170  6 19 2100  -20.0  965.9    1.4  252.0   45.0  444.0
2018 171  6 20 0000  -18.5  967.7    5.6  146.0   43.0  444.0
2018 171  6 20 0300  -18.6  970.1    1.3  207.0   40.6  444.0
2018 171  6 20 0600  -19.2  971.5    3.8  129.0   55.5  444.0
2018 171  6 20 0900  -18.2  971.9    4.2  141.0   38.0  444.0
2018 171  6 20 1200  -18.8  972.4    5.2  112.0   44.0  444.0
2018 171  6 20 1500  -18.3  971.9    4.0  142.0   37.0  444.0
2018 171  6 20 1800  -17.5  971.1    1.4  148.0   36.0  444.0
2018 171  6 20 2100  -19.1  970.9    1.4  158.0   41.0  444.0
2018 172  6 21 0000  -18.8  971.4    2.5  134.0   40.0  444.0
2018 172  6 21 0300  -21.3  971.0    2.7  138.0   46.7  444.0
2018 172  6 21 0600  -19.3  970.3    5.3  130.0   38.9  444.0
2018 172  6 21 0900  -20.2  969.3    3.4  148.0   41.0  444.0
2018 172  6 21 1200  -19.5  967.6    3.2  138.0   39.5  444.0
2018 172  6 21 1500  -18.5  966.9    3.0  122.0   39.0  444.0
2018 172  6 21 1800  -16.5  964.9    6.3  128.0   42.0  444.0
2018 172  6 21 2100  -16.5  963.4   10.4  154.0   56.2  444.0
2018 173  6 22 0000  -17.2  963.6    6.1  141.0   36.0  444.0
2018 173  6 22 0300  -17.9  962.6    3.1  159.0   30.0  444.0
2018 173  6 22 0600  -17.3  962.1    4.2  157.0   25.0  444.0
2018 173  6 22 0900  -18.9  962.3    4.6  183.0   29.1  444.0
2018 173  6 22 1200  -21.7  962.9    3.7  196.0   31.0  444.0
2018 173  6 22 1500  -22.9  964.0    3.8  170.0   28.2  444.0
2018 173  6 22 1800  -23.5  965.2    1.1  167.0   27.0  444.0
2018 173  6 22 2100  -25.4  966.6    3.4  179.0   31.5  444.0
2018 174  6 23 0000  -27.0  968.0    5.0  192.0   33.6  444.0
2018 174  6 23 0300  -27.1  969.8    3.5  204.0   30.0  444.0
2018 174  6 23 0600  -25.9  971.2    1.2    2.0   33.1  444.0
2018 174  6 23 0900  -25.9  972.2    1.5  263.0   30.0  444.0
2018 174  6 23 1200  -25.5  972.4    2.7  248.0   27.8  444.0
2018 174  6 23 1500  -26.6  972.6    0.9  189.0   33.0  444.0
2018 174  6 23 1800  -24.7  972.2    2.6  278.0   28.7  444.0
2018 174  6 23 2100  -24.8  970.6    6.9  184.0   47.0  444.0
2018 175  6 24 0000  -24.1  969.5    8.1  175.0   41.2  444.0
2018 175  6 24 0300  -24.3  968.5    6.7  165.0   38.0  444.0
2018 175  6 24 0600  -24.0  968.4    8.8  184.0   40.5  444.0
2018 175  6 24 0900  -25.3  968.5    9.4  186.0   50.0  444.0
2018 175  6 24 1200  -25.1  967.7    9.1  173.0   46.6  444.0
2018 175  6 24 1500  -24.8  967.6    9.9  189.0   39.0  444.0
2018 175  6 24 1800  -23.6  966.2    9.9  174.0   54.0  444.0
2018 175  6 24 2100  -23.3  966.4    7.2  157.0   42.0  444.0
2018 176  6 25 0000  -22.8  966.5    5.6  141.0   39.0  444.0
2018 176  6 25 0300  -22.6  964.9    6.8  147.0   41.0  444.0
2018 176  6 25 0600  -21.8  963.2    8.4  140.0   42.7  444.0
2018 176  6 25 0900  -20.4  960.2    9.7  134.0   45.0  444.0
2018 176  6 25 1200  -20.2  958.3   10.6  141.0   70.0  444.0
2018 176  6 25 1500  -20.5  957.5   10.5  147.0   76.3  444.0
2018 176  6 25 1800  -19.8  957.2    9.0  143.0   78.0  444.0
2018 176  6 25 2100  -19.4  957.7    8.6  141.0   72.0  444.0
2018 177  6 26 0000  -19.9  958.1    8.8  148.0   73.0  444.0
2018 177  6 26 0300  -20.2  958.1    9.2  142.0   75.3  444.0
2018 177  6 26 0600  -20.1  958.4    8.9  146.0   68.2  444.0
2018 177  6 26 0900  -20.5  958.9    9.8  157.0   68.0  444.0
2018 177  6 26 1200  -20.3  960.1    9.6  154.0   64.0  444.0
2018 177  6 26 1500  -21.4  962.1    9.6  168.0   66.0  444.0
2018 177  6 26 1800  -21.8  965.2    8.2  178.0   60.0  444.0
2018 177  6 26 2100  -21.8  968.5    9.5  183.0   51.0  444.0
2018 178  6 27 0000  -22.2  970.9    9.1  194.0   47.0  444.0
2018 178  6 27 0300  -23.2  972.1    6.8  191.0   41.0  444.0
2018 178  6 27 0600  -24.7  973.0    4.9  211.0   34.0  444.0
2018 178  6 27 0900  -25.0  972.6    5.2  195.0   33.8  444.0
2018 178  6 27 1200  -25.4  972.4    5.1  197.0   32.0  444.0
2018 178  6 27 1500  -24.2  971.4    4.2  135.0   31.0  444.0
2018 178  6 27 1800  -25.3  970.1    5.5  173.0   31.6  444.0
2018 178  6 27 2100  -24.0  968.0    7.1  164.0   33.0  444.0
2018 179  6 28 0000  -23.9  965.9    6.7  150.0   54.2  444.0
2018 179  6 28 0300  -22.7  963.2    9.0  167.0   55.0  444.0
2018 179  6 28 0600  -22.1  961.3   10.9  167.0   48.0  444.0
2018 179  6 28 0900  -23.1  960.4    9.9  165.0   57.7  444.0
2018 179  6 28 1200  -23.3  959.9    9.2  173.0   49.6  444.0
2018 179  6 28 1500  -23.4  959.6    6.9  164.0   46.0  444.0
2018 179  6 28 1800  -24.5  959.0    9.3  177.0   46.3  444.0
2018 179  6 28 2100  -25.3  958.5   10.7  161.0   56.0  444.0
2018 180  6 29 0000  -24.8  958.6    8.9  170.0   51.0  444.0
2018 180  6 29 0300  -25.1  959.0    9.9  177.0   56.9  444.0
2018 180  6 29 0600  -26.3  959.1    9.9  157.0   60.4  444.0
2018 180  6 29 0900  -25.7  960.6    9.8  158.0   57.0  444.0
2018 180  6 29 1200  -25.3  961.6    8.9  153.0   47.3  444.0
2018 180  6 29 1500  -24.6  962.6    5.2  164.0   35.0  444.0
2018 180  6 29 1800  -24.1  962.6    5.7  165.0   30.6  444.0
2018 180  6 29 2100  -24.1  962.6    5.1  137.0   32.0  444.0
2018 181  6 30 0000  -23.4  962.7    6.7  137.0   34.8  444.0
2018 181  6 30 0300  -22.8  960.9    8.4  156.0   37.1  444.0
2018 181  6 30 0600  -23.7  959.3   10.3  152.0   44.0  444.0
2018 181  6 30 0900  -24.3  957.8   10.1  157.0   46.7  444.0
2018 181  6 30 1200  -25.1  956.3   10.4  152.0   53.0  444.0
2018 181  6 30 1500  -25.3  955.0    9.9  151.0   57.0  444.0
2018 181  6 30 1800  -25.5  953.7   10.9  162.0   64.0  444.0
2018 181  6 30 2100  -25.4  952.1   12.1  164.0   62.1  444.0
