Year: 2018  Month: 02  ID: D47  ARGOS:  8916  Name: D-47                
Lat: 67.40S  Lon: 138.73E  Elev: 1550m
2018  32  2  1 0000  -21.6  813.8   12.0  152.0   76.0  444.0
2018  32  2  1 0300  -19.2  814.1   12.1  141.0   77.0  444.0
2018  32  2  1 0600  -18.4  815.0   10.8  141.0   77.0  444.0
2018  32  2  1 0900  -19.4  815.6    9.0  150.0   74.0  444.0
2018  32  2  1 1200  -22.1  815.7    9.8  158.0   73.0  444.0
2018  32  2  1 1500  -24.6  815.5    9.4  158.0   72.0  444.0
2018  32  2  1 1800  -25.0  815.1    9.4  163.0   73.0  444.0
2018  32  2  1 2100  -23.1  814.8    9.6  156.0   74.0  444.0
2018  33  2  2 0000  -18.9  814.0    9.2  137.0   73.0  444.0
2018  33  2  2 0300  -16.2  813.4    8.3  130.0   73.0  444.0
2018  33  2  2 0600  -15.6  812.5    7.7  129.0   74.0  444.0
2018  33  2  2 0900  -17.4  811.7    7.6  143.0   74.0  444.0
2018  33  2  2 1200  -20.4  811.1    9.8  147.0   76.0  444.0
2018  33  2  2 1500  -23.8  810.1   11.2  157.0   73.0  444.0
2018  33  2  2 1800  -25.3  809.6   12.1  158.0   75.0  444.0
2018  33  2  2 2100  -25.5  809.1   12.0  147.0   69.0  444.0
2018  34  2  3 0000  -22.9  808.4   12.8  148.0   75.0  444.0
2018  34  2  3 0300  -20.4  807.7   13.7  148.0   77.0  444.0
2018  34  2  3 0600  -19.9  807.9   14.3  151.0   79.0  444.0
2018  34  2  3 0900  -20.9  809.6   13.2  153.0   78.0  444.0
2018  34  2  3 1200  -23.6  810.7   14.6  157.0   78.0  444.0
2018  34  2  3 1500  -25.1  812.0   15.2  157.0   77.0  444.0
2018  34  2  3 1800  -25.7  813.8   14.8  160.0   76.0  444.0
2018  34  2  3 2100  -25.1  816.0   14.5  160.0   76.0  444.0
2018  35  2  4 0000  -21.7  817.1   14.8  158.0   80.0  444.0
2018  35  2  4 0300  -18.7  816.8   14.9  160.0   82.0  444.0
2018  35  2  4 0600  -18.1  817.3   13.4  164.0   82.0  444.0
2018  35  2  4 0900  -19.0  817.0   13.1  172.0   80.0  444.0
2018  35  2  4 1200  -20.7  816.5   13.7  178.0   78.0  444.0
2018  35  2  4 1500  -22.1  815.9   14.1  172.0   78.0  444.0
2018  35  2  4 1800  -23.8  816.1   12.3  177.0   74.0  444.0
2018  35  2  4 2100  -22.5  814.8   14.7  175.0   78.0  444.0
2018  36  2  5 0000  -20.0  814.4   13.6  167.0   77.0  444.0
2018  36  2  5 0300  -16.6  813.5   12.7  172.0   75.0  444.0
2018  36  2  5 0600  -15.3  812.0   11.1  167.0   73.0  444.0
2018  36  2  5 0900  -16.5  811.5    9.6  162.0   72.0  444.0
2018  36  2  5 1200  -19.5  811.2   11.4  160.0   71.0  444.0
2018  36  2  5 1500  -20.5  810.4   12.2  155.0   70.0  444.0
2018  36  2  5 1800  -19.5  811.2   11.0  150.0   69.0  444.0
2018  36  2  5 2100  -18.9  811.4   11.1  141.0   71.0  444.0
2018  37  2  6 0000  -16.8  812.0   10.5  140.0   68.0  444.0
2018  37  2  6 0300  -15.1  812.7    9.8  131.0   72.0  444.0
2018  37  2  6 0600  -14.7  812.5    9.8  123.0   73.0  444.0
2018  37  2  6 0900  -17.2  812.0   12.9  125.0   78.0  444.0
2018  37  2  6 1200  -18.8  810.0   15.3  125.0   82.0  444.0
2018  37  2  6 1500  -18.3  809.4   15.2  118.0   83.0  444.0
2018  37  2  6 1800  -18.2  806.7   16.4  121.0   84.0  444.0
2018  37  2  6 2100  -18.7  806.1   16.6  121.0   83.0  444.0
2018  38  2  7 0000  -17.9  806.0   15.5  118.0   84.0  444.0
2018  38  2  7 0300  -17.1  804.8   15.0  118.0   85.0  444.0
2018  38  2  7 0600  -16.6  804.3   13.9  122.0   85.0  444.0
2018  38  2  7 0900  -16.8  803.7   13.0  128.0   85.0  444.0
2018  38  2  7 1200  -17.8  803.8   12.9  127.0   84.0  444.0
2018  38  2  7 1500  -18.6  803.6   11.5  127.0   83.0  444.0
2018  38  2  7 1800  -19.0  803.1   10.2  129.0   83.0  444.0
2018  38  2  7 2100  -18.9  803.0   10.5  131.0   79.0  444.0
2018  39  2  8 0000  -17.6  803.1   10.1  131.0   84.0  444.0
2018  39  2  8 0300  -15.7  803.8    7.4  113.0   85.0  444.0
2018  39  2  8 0600  -14.7  803.9    4.0  119.0   86.0  444.0
2018  39  2  8 0900  -15.8  804.1    2.1  157.0   85.0  444.0
2018  39  2  8 1200  -20.8  805.0    3.4  181.0   81.0  444.0
2018  39  2  8 1500  -23.1  804.5    5.1  162.0   79.0  444.0
2018  39  2  8 1800  -24.2  803.8    8.4  163.0   77.0  444.0
2018  39  2  8 2100  -21.2  802.8    9.9  151.0   80.0  444.0
2018  40  2  9 0000  -18.0  801.2   12.1  138.0   83.0  444.0
2018  40  2  9 0300  -16.2  798.4   14.5  127.0   85.0  444.0
2018  40  2  9 0600  -16.5  793.7   18.5  124.0   85.0  444.0
2018  40  2  9 0900  -17.0  791.4   18.8  120.0   85.0  444.0
2018  40  2  9 1200  -18.1  791.5   15.9  114.0   84.0  444.0
2018  40  2  9 1500  -19.2  792.8   13.4  111.0   83.0  444.0
2018  40  2  9 1800  -19.9  794.1   10.7  117.0   82.0  444.0
2018  40  2  9 2100  -19.6  795.0    9.5  122.0   82.0  444.0
2018  41  2 10 0000  -18.6  796.2   10.0  129.0   83.0  444.0
2018  41  2 10 0300  -16.4  796.5    9.5  131.0   85.0  444.0
2018  41  2 10 0600  -15.7  797.1   10.2  124.0   85.0  444.0
2018  41  2 10 0900  -17.1  798.3   11.0  125.0   85.0  444.0
2018  41  2 10 1200  -18.8  800.1   10.4  136.0   83.0  444.0
2018  41  2 10 1500  -21.5  801.4   10.0  143.0   81.0  444.0
2018  41  2 10 1800  -22.2  803.0    9.3  151.0   80.0  444.0
2018  41  2 10 2100  -22.7  805.2    9.6  156.0   79.0  444.0
2018  42  2 11 0000  -18.0  807.5    9.0  141.0   83.0  444.0
2018  42  2 11 0300  -15.4  809.4    8.0  131.0   85.0  444.0
2018  42  2 11 0600  -14.7  811.1    8.0  131.0   86.0  444.0
2018  42  2 11 0900  -15.7  812.5    9.4  120.0   86.0  444.0
2018  42  2 11 1200  -17.6  813.5   11.4  128.0   84.0  444.0
2018  42  2 11 1500  -18.9  812.7   14.4  128.0   83.0  444.0
2018  42  2 11 1800  -18.5  812.5   16.0  125.0   83.0  444.0
2018  42  2 11 2100  -17.2  811.4   17.3  121.0   85.0  444.0
2018  43  2 12 0000  -16.1  810.5   18.7  120.0   86.0  444.0
2018  43  2 12 0300  -15.8  809.4   18.8  112.0   86.0  444.0
2018  43  2 12 0600  -14.8  809.7   17.4  115.0   87.0  444.0
2018  43  2 12 0900  -14.5  810.4   14.9  112.0   87.0  444.0
2018  43  2 12 1200  -13.6  810.8   15.4  113.0   88.0  444.0
2018  43  2 12 1500  -13.2  810.9   13.4  113.0   89.0  444.0
2018  43  2 12 1800  -13.5  811.3   13.1  115.0   89.0  444.0
2018  43  2 12 2100  -14.0  812.3   12.3  120.0   88.0  444.0
2018  44  2 13 0000  -13.9  812.3   13.0  116.0   88.0  444.0
2018  44  2 13 0300  -13.3  811.7   13.1  112.0   88.0  444.0
2018  44  2 13 0600  -12.7  809.9   14.6  106.0   89.0  444.0
2018  44  2 13 0900  -13.2  809.0   15.6  104.0   88.0  444.0
2018  44  2 13 1200  -13.8  809.3   15.2  110.0   88.0  444.0
2018  44  2 13 1500  -14.0  808.2   15.5  105.0   88.0  444.0
2018  44  2 13 1800  -14.0  807.2   13.6  115.0   88.0  444.0
2018  44  2 13 2100  -13.7  806.0   14.4  115.0   88.0  444.0
2018  45  2 14 0000  -12.8  804.5   15.6  104.0   89.0  444.0
2018  45  2 14 0300  -11.2  803.1   14.9   90.0   90.0  444.0
2018  45  2 14 0600   -8.5  803.2   11.8   63.0   93.0  444.0
2018  45  2 14 0900   -8.0  805.8    8.8   25.0   94.0  444.0
2018  45  2 14 1200   -8.3  808.3  444.0  444.0   94.0  444.0
2018  45  2 14 1500  -13.4  810.6  444.0  444.0   88.0  444.0
2018  45  2 14 1800  -14.2  812.4  444.0  444.0   87.0  444.0
2018  45  2 14 2100  -14.3  813.8  444.0  444.0   88.0  444.0
2018  46  2 15 0000   -9.7  814.3    6.9  138.0   91.0  444.0
2018  46  2 15 0300   -8.0  814.1    8.6  129.0   91.0  444.0
2018  46  2 15 0600   -9.2  813.7   10.3  129.0   92.0  444.0
2018  46  2 15 0900  -10.4  812.7   12.6  133.0   91.0  444.0
2018  46  2 15 1200  -11.0  810.8   14.1  134.0   90.0  444.0
2018  46  2 15 1500  -11.2  809.6   14.3  127.0   91.0  444.0
2018  46  2 15 1800  -11.7  808.4   14.2  125.0   90.0  444.0
2018  46  2 15 2100  -12.8  807.6   15.1  125.0   88.0  444.0
2018  47  2 16 0000  -12.9  806.7   15.2  116.0   89.0  444.0
2018  47  2 16 0300  -13.4  805.8   12.9  132.0   88.0  444.0
2018  47  2 16 0600  -13.4  804.9   13.8  139.0   88.0  444.0
2018  47  2 16 0900  -13.2  803.7   12.4  137.0   88.0  444.0
2018  47  2 16 1200  -13.3  802.9   12.3  141.0   88.0  444.0
2018  47  2 16 1500  -12.8  802.2   12.7  132.0   89.0  444.0
2018  47  2 16 1800  -12.9  801.7   12.6  138.0   88.0  444.0
2018  47  2 16 2100  -13.1  802.0   13.5  134.0   89.0  444.0
2018  48  2 17 0000  -12.9  802.8   13.3  133.0   89.0  444.0
2018  48  2 17 0300  -12.1  803.2   12.1  128.0   89.0  444.0
2018  48  2 17 0600  -11.2  804.3   10.8  125.0   90.0  444.0
2018  48  2 17 0900  -11.8  805.9   10.1  128.0   90.0  444.0
2018  48  2 17 1200  -12.5  807.7    9.2  123.0   89.0  444.0
2018  48  2 17 1500  -12.8  808.9    8.3  122.0   88.0  444.0
2018  48  2 17 1800  -12.7  810.4    7.2  123.0   89.0  444.0
2018  48  2 17 2100  -12.9  812.2    8.2  125.0   88.0  444.0
2018  49  2 18 0000  -11.8  814.6    6.1  132.0   89.0  444.0
2018  49  2 18 0300  -10.0  816.3    5.3  143.0   90.0  444.0
2018  49  2 18 0600   -8.1  818.7  444.0  444.0   91.0  444.0
2018  49  2 18 0900  -14.6  820.9  444.0  444.0   87.0  444.0
2018  49  2 18 1200  -19.2  822.9  444.0  444.0   83.0  444.0
2018  49  2 18 1500  -15.5  824.0  444.0  444.0   86.0  444.0
2018  49  2 18 1800  -16.9  824.5  444.0  444.0   85.0  444.0
2018  49  2 18 2100  -12.9  825.3  444.0  444.0   88.0  444.0
2018  50  2 19 0000   -9.7  825.8  444.0  444.0   90.0  444.0
2018  50  2 19 0300   -8.3  825.4  444.0  444.0   91.0  444.0
2018  50  2 19 0600   -9.5  823.7  444.0  444.0   91.0  444.0
2018  50  2 19 0900  -10.4  821.5  444.0  444.0   90.0  444.0
2018  50  2 19 1200  -11.1  818.2  444.0  444.0   90.0  444.0
2018  50  2 19 1500  -11.1  817.0  444.0  444.0   91.0  444.0
2018  50  2 19 1800  -13.9  817.3  444.0  444.0   86.0  444.0
2018  50  2 19 2100  -14.5  817.5  444.0  444.0   87.0  444.0
2018  51  2 20 0000  -11.8  818.0  444.0  444.0   86.0  444.0
2018  51  2 20 0300   -8.9  817.4  444.0  444.0   85.0  444.0
2018  51  2 20 0600   -8.4  816.3  444.0  444.0   78.0  444.0
2018  51  2 20 0900  -11.1  814.9  444.0  444.0   63.0  444.0
2018  51  2 20 1200  -14.4  813.7  444.0  444.0   65.0  444.0
2018  51  2 20 1500  -15.7  811.9   11.3  163.0   74.0  444.0
2018  51  2 20 1800  -18.9  809.8   14.5  162.0   82.0  444.0
2018  51  2 20 2100  -17.9  809.0   14.6  152.0   83.0  444.0
2018  52  2 21 0000  -18.4  808.4   15.7  146.0   84.0  444.0
2018  52  2 21 0300  -16.6  807.7   15.8  140.0   85.0  444.0
2018  52  2 21 0600  -16.6  808.1   15.1  132.0   85.0  444.0
2018  52  2 21 0900  -17.7  808.4   14.1  134.0   84.0  444.0
2018  52  2 21 1200  -19.3  809.1   13.4  134.0   82.0  444.0
2018  52  2 21 1500  -19.8  808.6   13.4  138.0   82.0  444.0
2018  52  2 21 1800  -20.1  808.3   13.2  141.0   82.0  444.0
2018  52  2 21 2100  -20.6  808.7   12.0  148.0   81.0  444.0
2018  53  2 22 0000  -19.7  809.0   12.1  146.0   82.0  444.0
2018  53  2 22 0300  -18.2  808.7   11.6  142.0   83.0  444.0
2018  53  2 22 0600  -18.3  808.7   10.8  145.0   83.0  444.0
2018  53  2 22 0900  -19.3  808.9   10.9  152.0   82.0  444.0
2018  53  2 22 1200  -22.0  808.8   11.3  156.0   79.0  444.0
2018  53  2 22 1500  -22.7  808.5   11.6  159.0   78.0  444.0
2018  53  2 22 1800  -23.3  808.1   11.9  160.0   77.0  444.0
2018  53  2 22 2100  -23.5  808.1   11.4  167.0   77.0  444.0
2018  54  2 23 0000  -22.1  807.6   12.4  166.0   79.0  444.0
2018  54  2 23 0300  -19.7  806.8   11.4  166.0   80.0  444.0
2018  54  2 23 0600  -19.9  806.5   11.7  168.0   80.0  444.0
2018  54  2 23 0900  -22.9  806.0   13.0  169.0   79.0  444.0
2018  54  2 23 1200  -26.7  806.0   14.5  165.0   75.0  444.0
2018  54  2 23 1500  -27.0  805.4   14.8  163.0   75.0  444.0
2018  54  2 23 1800  -26.3  805.2   13.8  152.0   76.0  444.0
2018  54  2 23 2100  -26.1  805.3   13.0  158.0   76.0  444.0
2018  55  2 24 0000  -24.2  805.6   11.7  164.0   78.0  444.0
2018  55  2 24 0300  -20.4  805.3   10.2  154.0   81.0  444.0
2018  55  2 24 0600  -19.8  805.3    9.3  148.0   79.0  444.0
2018  55  2 24 0900  -21.2  805.0    9.3  151.0   77.0  444.0
2018  55  2 24 1200  -23.2  803.6   11.0  140.0   79.0  444.0
2018  55  2 24 1500  -19.9  802.9    8.7  128.0   80.0  444.0
2018  55  2 24 1800  -19.3  801.0   10.9  131.0   82.0  444.0
2018  55  2 24 2100  -19.6  800.2   11.3  132.0   83.0  444.0
2018  56  2 25 0000  -19.3  799.7   12.4  132.0   82.0  444.0
2018  56  2 25 0300  -18.4  799.2   12.8  131.0   83.0  444.0
2018  56  2 25 0600  -18.2  799.5   12.5  135.0   84.0  444.0
2018  56  2 25 0900  -19.9  800.8    9.9  140.0   82.0  444.0
2018  56  2 25 1200  -22.7  801.7    9.3  151.0   80.0  444.0
2018  56  2 25 1500  -24.7  802.4    9.9  157.0   78.0  444.0
2018  56  2 25 1800  -26.4  803.3    9.9  163.0   75.0  444.0
2018  56  2 25 2100  -26.5  804.0    9.6  164.0   75.0  444.0
2018  57  2 26 0000  -23.6  804.4    9.1  160.0   78.0  444.0
2018  57  2 26 0300  -20.5  804.3    8.5  152.0   82.0  444.0
2018  57  2 26 0600  -19.3  804.0    8.3  143.0   82.0  444.0
2018  57  2 26 0900  -21.5  803.7    9.0  145.0   80.0  444.0
2018  57  2 26 1200  -22.8  803.9   10.3  151.0   79.0  444.0
2018  57  2 26 1500  -22.9  803.5   10.6  146.0   79.0  444.0
2018  57  2 26 1800  -23.0  803.6   10.4  145.0   79.0  444.0
2018  57  2 26 2100  -22.7  803.9   10.4  145.0   79.0  444.0
2018  58  2 27 0000  -21.1  803.9   10.1  143.0   78.0  444.0
2018  58  2 27 0300  -19.5  803.6   10.5  144.0   82.0  444.0
2018  58  2 27 0600  -19.4  803.9    9.9  145.0   80.0  444.0
2018  58  2 27 0900  -21.6  804.2    9.7  152.0   78.0  444.0
2018  58  2 27 1200  -24.8  804.2   10.9  158.0   75.0  444.0
2018  58  2 27 1500  -26.1  803.9   11.5  162.0   74.0  444.0
2018  58  2 27 1800  -27.1  803.1   11.9  162.0   74.0  444.0
2018  58  2 27 2100  -26.7  803.1   12.4  161.0   75.0  444.0
2018  59  2 28 0000  -24.4  802.6   12.8  161.0   77.0  444.0
2018  59  2 28 0300  -22.1  802.1   11.4  159.0   77.0  444.0
2018  59  2 28 0600  -21.4  801.6   10.7  157.0   77.0  444.0
2018  59  2 28 0900  -23.2  801.5   10.6  157.0   75.0  444.0
2018  59  2 28 1200  -25.7  801.6   12.2  158.0   72.0  444.0
2018  59  2 28 1500  -27.4  801.2   12.4  160.0   73.0  444.0
2018  59  2 28 1800  -28.2  800.9   12.6  159.0   73.0  444.0
2018  59  2 28 2100  -27.8  801.2   12.5  156.0   74.0  444.0
