Year: 2018  Month: 05  ID: D47  ARGOS:  8916  Name: D-47                
Lat: 67.40S  Lon: 138.73E  Elev: 1550m
2018 121  5  1 0000  -30.2  802.8   14.0  166.0   72.0  444.0
2018 121  5  1 0300  -29.2  804.0   14.4  158.0   72.0  444.0
2018 121  5  1 0600  -29.8  805.3   13.8  159.0   72.0  444.0
2018 121  5  1 0900  -30.0  806.1   14.3  162.0   72.0  444.0
2018 121  5  1 1200  -29.9  806.5   12.4  165.0   72.0  444.0
2018 121  5  1 1500  -30.6  806.3   11.3  168.0   71.0  444.0
2018 121  5  1 1800  -31.1  805.7    9.9  171.0   70.0  444.0
2018 121  5  1 2100  -31.8  804.2    8.5  177.0   69.0  444.0
2018 122  5  2 0000  -29.1  803.1    8.9  168.0   73.0  444.0
2018 122  5  2 0300  -25.7  802.0    1.4  150.0   77.0  444.0
2018 122  5  2 0600  -26.8  800.6    7.4  179.0   76.0  444.0
2018 122  5  2 0900  -32.7  800.1    8.4  173.0   68.0  444.0
2018 122  5  2 1200  -34.1  799.8    7.6  175.0   66.0  444.0
2018 122  5  2 1500  -36.8  799.4    6.8  180.0   64.0  444.0
2018 122  5  2 1800  -36.3  798.4    8.0  183.0   64.0  444.0
2018 122  5  2 2100  -36.1  797.8    8.0  179.0   64.0  444.0
2018 123  5  3 0000  -36.3  797.5    7.2  180.0   64.0  444.0
2018 123  5  3 0300  -33.3  797.0    7.3  182.0   67.0  444.0
2018 123  5  3 0600  -36.2  796.0    9.0  174.0   64.0  444.0
2018 123  5  3 0900  -31.9  796.0    7.5  178.0   69.0  444.0
2018 123  5  3 1200  -30.3  795.6    5.0  168.0   71.0  444.0
2018 123  5  3 1500  -29.6  797.1    3.9  192.0   71.0  444.0
2018 123  5  3 1800  -31.8  798.7    3.0  194.0   69.0  444.0
2018 123  5  3 2100  -37.8  800.8    9.0  183.0   62.0  444.0
2018 124  5  4 0000  -35.2  803.4    7.5  183.0   66.0  444.0
2018 124  5  4 0300  -30.0  805.5    7.3  177.0   71.0  444.0
2018 124  5  4 0600  -30.4  807.6    9.7  169.0   71.0  444.0
2018 124  5  4 0900  -30.2  809.1   11.2  158.0   71.0  444.0
2018 124  5  4 1200  -28.2  810.2   10.2  148.0   74.0  444.0
2018 124  5  4 1500  -26.0  810.8   11.5  125.0   76.0  444.0
2018 124  5  4 1800  -25.2  809.6   14.4  131.0   78.0  444.0
2018 124  5  4 2100  -25.4  810.8   13.7  122.0   77.0  444.0
2018 125  5  5 0000  -25.5  812.8   13.3  127.0   77.0  444.0
2018 125  5  5 0300  -25.4  813.5   12.8  131.0   77.0  444.0
2018 125  5  5 0600  -24.9  813.4   13.2  140.0   78.0  444.0
2018 125  5  5 0900  -24.4  813.3   13.4  148.0   79.0  444.0
2018 125  5  5 1200  -23.8  812.9   13.5  152.0   79.0  444.0
2018 125  5  5 1500  -23.2  811.6   16.3  160.0   81.0  444.0
2018 125  5  5 1800  -25.6  810.4   15.2  153.0   80.0  444.0
2018 125  5  5 2100  -25.4  809.5   17.9  153.0   77.0  444.0
2018 126  5  6 0000  -25.7  809.7   17.2  150.0   77.0  444.0
2018 126  5  6 0300  -25.7  810.2   17.9  151.0   76.0  444.0
2018 126  5  6 0600  -26.7  810.8   16.1  154.0   76.0  444.0
2018 126  5  6 0900  -28.3  810.1   17.5  161.0   73.0  444.0
2018 126  5  6 1200  -27.7  810.8   16.2  171.0   74.0  444.0
2018 126  5  6 1500  -27.7  810.9   14.4  172.0   74.0  444.0
2018 126  5  6 1800  -28.3  810.2   13.2  180.0   74.0  444.0
2018 126  5  6 2100  -27.8  809.0   14.2  172.0   74.0  444.0
2018 127  5  7 0000  -27.9  809.0   12.0  180.0   74.0  444.0
2018 127  5  7 0300  -28.0  807.6   12.9  176.0   74.0  444.0
2018 127  5  7 0600  -27.4  806.4   10.7  181.0   74.0  444.0
2018 127  5  7 0900  -29.3  805.3   12.1  176.0   72.0  444.0
2018 127  5  7 1200  -29.6  803.6   12.6  180.0   72.0  444.0
2018 127  5  7 1500  -30.2  802.7   11.6  179.0   71.0  444.0
2018 127  5  7 1800  -30.6  801.1   11.4  173.0   70.0  444.0
2018 127  5  7 2100  -31.2  800.8   10.4  176.0   70.0  444.0
2018 128  5  8 0000  -33.5  800.1   11.5  174.0   68.0  444.0
2018 128  5  8 0300  -33.7  800.3   10.4  171.0   67.0  444.0
2018 128  5  8 0600  -33.6  801.0    9.6  175.0   67.0  444.0
2018 128  5  8 0900  -35.0  802.2    9.3  175.0   66.0  444.0
2018 128  5  8 1200  -36.2  802.9    9.1  178.0   63.0  444.0
2018 128  5  8 1500  -37.9  803.6   10.5  175.0   62.0  444.0
2018 128  5  8 1800  -38.8  804.4   10.9  171.0   61.0  444.0
2018 128  5  8 2100  -38.5  805.4   10.2  176.0   61.0  444.0
2018 129  5  9 0000  -39.2  806.2   11.2  165.0   61.0  444.0
2018 129  5  9 0300  -39.2  806.6   10.8  168.0   60.0  444.0
2018 129  5  9 0600  -38.2  806.8   10.9  172.0   61.0  444.0
2018 129  5  9 0900  -37.1  806.7   11.5  176.0   63.0  444.0
2018 129  5  9 1200  -37.8  806.4   13.4  177.0   62.0  444.0
2018 129  5  9 1500  -38.7  806.2   13.4  160.0   61.0  444.0
2018 129  5  9 1800  -38.7  805.7   11.9  169.0   61.0  444.0
2018 129  5  9 2100  -36.7  803.9   12.0  160.0   63.0  444.0
2018 130  5 10 0000  -33.6  800.2   13.0  162.0   67.0  444.0
2018 130  5 10 0300  -32.8  796.9   13.2  156.0   68.0  444.0
2018 130  5 10 0600  -35.9  794.8   13.8  149.0   63.0  444.0
2018 130  5 10 0900  -38.8  794.8   13.9  165.0   61.0  444.0
2018 130  5 10 1200  -37.8  795.6   12.4  164.0   62.0  444.0
2018 130  5 10 1500  -36.6  796.7   11.8  172.0   63.0  444.0
2018 130  5 10 1800  -34.8  797.9   12.1  184.0   65.0  444.0
2018 130  5 10 2100  -35.4  799.5   11.0  190.0   65.0  444.0
2018 131  5 11 0000  -36.4  799.9   11.3  191.0   66.0  444.0
2018 131  5 11 0300  -36.0  799.7   13.9  190.0   64.0  444.0
2018 131  5 11 0600  -37.9  799.8   14.2  179.0   62.0  444.0
2018 131  5 11 0900  -38.1  799.0   13.7  184.0   62.0  444.0
2018 131  5 11 1200  -37.5  798.2   13.1  177.0   62.0  444.0
2018 131  5 11 1500  -38.3  795.9   14.5  170.0   61.0  444.0
2018 131  5 11 1800  -38.2  794.5   14.1  165.0   61.0  444.0
2018 131  5 11 2100  -37.1  794.0   13.0  157.0   63.0  444.0
2018 132  5 12 0000  -35.7  793.9   12.2  156.0   64.0  444.0
2018 132  5 12 0300  -34.8  795.3   12.9  161.0   65.0  444.0
2018 132  5 12 0600  -34.1  797.1   12.3  161.0   65.0  444.0
2018 132  5 12 0900  -34.8  799.1   11.3  158.0   65.0  444.0
2018 132  5 12 1200  -35.8  800.8   10.3  166.0   64.0  444.0
2018 132  5 12 1500  -36.5  801.2    9.4  172.0   63.0  444.0
2018 132  5 12 1800  -36.3  800.9    9.7  176.0   63.0  444.0
2018 132  5 12 2100  -35.2  799.7   10.3  174.0   64.0  444.0
2018 133  5 13 0000  -35.5  799.5   10.4  183.0   65.0  444.0
2018 133  5 13 0300  -34.8  800.2   10.3  175.0   65.0  444.0
2018 133  5 13 0600  -34.4  801.2   10.6  165.0   65.0  444.0
2018 133  5 13 0900  -33.0  802.2   11.3  166.0   67.0  444.0
2018 133  5 13 1200  -31.7  803.3   11.5  160.0   69.0  444.0
2018 133  5 13 1500  -31.8  802.2   13.9  155.0   69.0  444.0
2018 133  5 13 1800  -31.4  801.7   13.0  147.0   69.0  444.0
2018 133  5 13 2100  -30.5  802.1   12.3  145.0   70.0  444.0
2018 134  5 14 0000  -31.2  802.0   13.1  146.0   69.0  444.0
2018 134  5 14 0300  -31.8  801.6   13.0  147.0   68.0  444.0
2018 134  5 14 0600  -32.0  801.0   14.0  146.0   68.0  444.0
2018 134  5 14 0900  -31.8  801.5   12.4  152.0   68.0  444.0
2018 134  5 14 1200  -30.6  802.5   11.6  156.0   70.0  444.0
2018 134  5 14 1500  -30.1  803.5   11.4  154.0   70.0  444.0
2018 134  5 14 1800  -30.3  804.1   10.5  161.0   70.0  444.0
2018 134  5 14 2100  -31.2  805.1   10.2  162.0   69.0  444.0
2018 135  5 15 0000  -30.9  805.8    9.8  156.0   69.0  444.0
2018 135  5 15 0300  -31.2  806.3   10.1  158.0   69.0  444.0
2018 135  5 15 0600  -32.1  806.7    9.6  164.0   68.0  444.0
2018 135  5 15 0900  -32.7  806.2    9.0  164.0   68.0  444.0
2018 135  5 15 1200  -32.1  804.8   10.1  155.0   69.0  444.0
2018 135  5 15 1500  -31.9  802.4   11.2  149.0   69.0  444.0
2018 135  5 15 1800  -29.8  800.6   13.2  146.0   71.0  444.0
2018 135  5 15 2100  -28.8  800.1   14.0  143.0   72.0  444.0
2018 136  5 16 0000  -29.5  800.0   15.1  146.0   69.0  444.0
2018 136  5 16 0300  -28.7  801.4   15.1  142.0   72.0  444.0
2018 136  5 16 0600  -28.8  803.5   13.9  140.0   72.0  444.0
2018 136  5 16 0900  -30.2  806.2   12.5  148.0   71.0  444.0
2018 136  5 16 1200  -30.4  808.3   11.2  149.0   70.0  444.0
2018 136  5 16 1500  -30.3  809.7   10.3  156.0   71.0  444.0
2018 136  5 16 1800  -30.9  810.6    9.8  150.0   70.0  444.0
2018 136  5 16 2100  -31.0  811.3    9.6  148.0   69.0  444.0
2018 137  5 17 0000  -31.3  810.8    9.3  149.0   69.0  444.0
2018 137  5 17 0300  -32.6  810.8    7.5  150.0   66.0  444.0
2018 137  5 17 0600  -33.5  810.4    8.2  147.0   67.0  444.0
2018 137  5 17 0900  -33.7  809.8   10.9  149.0   70.0  444.0
2018 137  5 17 1200  -33.9  809.5   11.2  150.0   67.0  444.0
2018 137  5 17 1500  -34.8  809.1   11.1  157.0   65.0  444.0
2018 137  5 17 1800  -34.8  808.7   12.5  154.0   66.0  444.0
2018 137  5 17 2100  -33.9  809.0   11.8  141.0   66.0  444.0
2018 138  5 18 0000  -34.3  809.7   12.8  136.0   65.0  444.0
2018 138  5 18 0300  -34.8  810.3   11.6  146.0   65.0  444.0
2018 138  5 18 0600  -35.2  811.2   11.8  152.0   65.0  444.0
2018 138  5 18 0900  -35.0  811.8   10.7  150.0   65.0  444.0
2018 138  5 18 1200  -34.5  812.3   10.2  152.0   66.0  444.0
2018 138  5 18 1500  -33.5  812.6    9.6  140.0   66.0  444.0
2018 138  5 18 1800  -33.6  812.8   10.9  151.0   66.0  444.0
2018 138  5 18 2100  -32.6  813.4   10.3  150.0   68.0  444.0
2018 139  5 19 0000  -32.8  813.5   10.3  157.0   68.0  444.0
2018 139  5 19 0300  -32.4  813.1   10.2  160.0   68.0  444.0
2018 139  5 19 0600  -33.4  812.8    9.2  150.0   67.0  444.0
2018 139  5 19 0900  -34.8  812.4    9.8  158.0   65.0  444.0
2018 139  5 19 1200  -34.9  811.4   10.3  163.0   65.0  444.0
2018 139  5 19 1500  -35.0  810.2   11.0  160.0   65.0  444.0
2018 139  5 19 1800  -35.0  809.4   11.7  156.0   65.0  444.0
2018 139  5 19 2100  -34.5  808.6   11.4  155.0   65.0  444.0
2018 140  5 20 0000  -34.6  807.5   10.8  148.0   65.0  444.0
2018 140  5 20 0300  -33.5  806.5   11.2  152.0   67.0  444.0
2018 140  5 20 0600  -33.7  805.4   10.9  154.0   66.0  444.0
2018 140  5 20 0900  -32.8  803.7   12.7  153.0   67.0  444.0
2018 140  5 20 1200  -32.3  803.0   11.2  147.0   67.0  444.0
2018 140  5 20 1500  -33.2  802.0   11.6  146.0   67.0  444.0
2018 140  5 20 1800  -33.2  801.5   11.6  146.0   67.0  444.0
2018 140  5 20 2100  -34.0  801.5   10.8  133.0   66.0  444.0
2018 141  5 21 0000  -34.9  801.8   11.6  147.0   65.0  444.0
2018 141  5 21 0300  -35.6  801.8   12.4  142.0   64.0  444.0
2018 141  5 21 0600  -37.4  802.6   12.1  145.0   62.0  444.0
2018 141  5 21 0900  -38.6  803.9   11.6  148.0   61.0  444.0
2018 141  5 21 1200  -38.3  804.9   12.2  148.0   61.0  444.0
2018 141  5 21 1500  -38.1  806.1    9.3  135.0   61.0  444.0
2018 141  5 21 1800  -37.3  807.1   11.4  139.0   62.0  444.0
2018 141  5 21 2100  -37.1  808.0   12.7  141.0   62.0  444.0
2018 142  5 22 0000  -36.4  808.3   12.7  138.0   63.0  444.0
2018 142  5 22 0300  -35.6  808.6   12.5  147.0   64.0  444.0
2018 142  5 22 0600  -35.0  808.3   11.3  136.0   65.0  444.0
2018 142  5 22 0900  -35.6  808.0   11.7  136.0   64.0  444.0
2018 142  5 22 1200  -35.9  807.9   11.4  141.0   64.0  444.0
2018 142  5 22 1500  -35.5  807.9   12.1  148.0   64.0  444.0
2018 142  5 22 1800  -34.6  808.3   11.6  144.0   65.0  444.0
2018 142  5 22 2100  -34.4  809.6   11.1  138.0   65.0  444.0
2018 143  5 23 0000  -33.6  810.9   10.6  152.0   67.0  444.0
2018 143  5 23 0300  -32.8  812.2    9.7  153.0   67.0  444.0
2018 143  5 23 0600  -32.6  813.3   10.4  154.0   68.0  444.0
2018 143  5 23 0900  -33.0  814.9   10.1  160.0   67.0  444.0
2018 143  5 23 1200  -32.5  816.3    9.1  158.0   68.0  444.0
2018 143  5 23 1500  -34.2  817.0    9.8  151.0   66.0  444.0
2018 143  5 23 1800  -34.8  816.9    8.4  154.0   65.0  444.0
2018 143  5 23 2100  -37.0  816.2    8.3  161.0   63.0  444.0
2018 144  5 24 0000  -34.8  814.9    5.4  181.0   65.0  444.0
2018 144  5 24 0300  -35.4  812.8    6.7  178.0   64.0  444.0
2018 144  5 24 0600  -33.0  810.3    6.6  169.0   67.0  444.0
2018 144  5 24 0900  -31.4  807.6    6.9  164.0   69.0  444.0
2018 144  5 24 1200  -29.8  804.7    9.0  146.0   70.0  444.0
2018 144  5 24 1500  -28.1  801.1   11.1  140.0   72.0  444.0
2018 144  5 24 1800  -28.6  798.0   13.6  140.0   72.0  444.0
2018 144  5 24 2100  -29.6  797.3   14.0  142.0   71.0  444.0
2018 145  5 25 0000  -29.9  797.0   14.3  136.0   70.0  444.0
2018 145  5 25 0300  -30.8  798.3   13.4  141.0   70.0  444.0
2018 145  5 25 0600  -31.7  799.8   12.6  143.0   69.0  444.0
2018 145  5 25 0900  -32.1  802.2   12.4  143.0   68.0  444.0
2018 145  5 25 1200  -32.8  803.9   11.5  149.0   68.0  444.0
2018 145  5 25 1500  -32.8  805.3   10.7  151.0   68.0  444.0
2018 145  5 25 1800  -33.5  806.5   10.2  164.0   67.0  444.0
2018 145  5 25 2100  -34.6  808.3   11.2  176.0   65.0  444.0
2018 146  5 26 0000  -34.5  810.5    9.3  174.0   66.0  444.0
2018 146  5 26 0300  -33.6  812.9   10.5  180.0   66.0  444.0
2018 146  5 26 0600  -32.5  814.6   11.1  178.0   67.0  444.0
2018 146  5 26 0900  -30.1  815.3   10.1  175.0   70.0  444.0
2018 146  5 26 1200  -27.5  817.3    9.8  171.0   73.0  444.0
2018 146  5 26 1500  -26.8  817.5    9.7  169.0   74.0  444.0
2018 146  5 26 1800  -25.6  817.2    9.5  165.0   75.0  444.0
2018 146  5 26 2100  -23.7  816.1   10.1  155.0   78.0  444.0
2018 147  5 27 0000  -20.8  814.3   11.1  137.0   81.0  444.0
2018 147  5 27 0300  -19.9  812.2   13.2  127.0   83.0  444.0
2018 147  5 27 0600  -20.8  811.9   13.5  127.0   82.0  444.0
2018 147  5 27 0900  -21.0  812.1   12.1  118.0   82.0  444.0
2018 147  5 27 1200  -21.4  813.8    9.1  118.0   81.0  444.0
2018 147  5 27 1500  -22.1  815.3    7.8  146.0   80.0  444.0
2018 147  5 27 1800  -22.8  814.7   10.4  152.0   79.0  444.0
2018 147  5 27 2100  -22.5  815.1   11.2  149.0   79.0  444.0
2018 148  5 28 0000  -23.2  814.4   12.8  147.0   79.0  444.0
2018 148  5 28 0300  -23.5  813.3   13.8  148.0   78.0  444.0
2018 148  5 28 0600  -23.4  812.5   14.3  145.0   78.0  444.0
2018 148  5 28 0900  -23.4  812.0   14.9  143.0   78.0  444.0
2018 148  5 28 1200  -21.7  810.3   15.1  138.0   81.0  444.0
2018 148  5 28 1500  -21.3  806.3   17.3  134.0   81.0  444.0
2018 148  5 28 1800  -21.5  801.0   18.9  132.0   81.0  444.0
2018 148  5 28 2100  -23.3  798.4   19.0  131.0   79.0  444.0
2018 149  5 29 0000  -24.3  795.2   18.7  128.0   77.0  444.0
2018 149  5 29 0300  -24.6  795.9   17.4  132.0   77.0  444.0
2018 149  5 29 0600  -25.7  797.8   15.8  139.0   76.0  444.0
2018 149  5 29 0900  -25.6  802.8    9.1  149.0   76.0  444.0
2018 149  5 29 1200  -26.8  806.4    6.0  162.0   75.0  444.0
2018 149  5 29 1500  -30.1  809.2  444.0  444.0   71.0  444.0
2018 149  5 29 1800  -33.6  811.4  444.0  444.0   67.0  444.0
2018 149  5 29 2100  -34.5  813.3  444.0  444.0   66.0  444.0
2018 150  5 30 0000  -33.2  814.9    4.9  167.0   67.0  444.0
2018 150  5 30 0300  -32.9  816.3    8.3  174.0   67.0  444.0
2018 150  5 30 0600  -32.5  817.9   12.8  184.0   68.0  444.0
2018 150  5 30 0900  -30.9  819.2   13.9  188.0   70.0  444.0
2018 150  5 30 1200  -29.1  820.3   13.5  184.0   71.0  444.0
2018 150  5 30 1500  -29.4  820.6   13.4  182.0   71.0  444.0
2018 150  5 30 1800  -29.2  820.9   13.5  183.0   72.0  444.0
2018 150  5 30 2100  -29.1  821.7   12.3  184.0   71.0  444.0
2018 151  5 31 0000  -28.9  822.6   11.7  181.0   71.0  444.0
2018 151  5 31 0300  -27.3  822.9   11.4  178.0   73.0  444.0
2018 151  5 31 0600  -28.1  823.3   10.2  175.0   73.0  444.0
2018 151  5 31 0900  -29.5  823.7   11.1  173.0   72.0  444.0
2018 151  5 31 1200  -28.2  824.1   10.8  170.0   73.0  444.0
2018 151  5 31 1500  -25.5  823.6   10.0  161.0   75.0  444.0
2018 151  5 31 1800  -23.1  822.0    9.4  142.0   78.0  444.0
2018 151  5 31 2100  -21.7  821.8   10.4  129.0   80.0  444.0
