Year: 2018  Month: 11  ID: D47  ARGOS:  8916  Name: D-47                
Lat: 67.40S  Lon: 138.73E  Elev: 1550m
2018 305 11  1 0000  -22.6  796.3   11.2  144.0   78.0  444.0
2018 305 11  1 0300  -20.1  796.2    9.9  136.0   80.0  444.0
2018 305 11  1 0600  -19.2  796.4    7.5  134.0   80.0  444.0
2018 305 11  1 0900  -20.6  796.9    5.2  150.0   80.0  444.0
2018 305 11  1 1200  -25.4  797.4    7.0  152.0   76.0  444.0
2018 305 11  1 1500  -27.3  797.7  444.0  444.0   74.0  444.0
2018 305 11  1 1800  -28.8  798.1  444.0  444.0   72.0  444.0
2018 305 11  1 2100  -26.9  798.6  444.0  444.0   74.0  444.0
2018 306 11  2 0000  -23.6  799.6  444.0  444.0   77.0  444.0
2018 306 11  2 0300  -20.8  800.4  444.0  444.0   80.0  444.0
2018 306 11  2 0600  -20.1  801.4    7.9  158.0   79.0  444.0
2018 306 11  2 0900  -22.2  802.5    6.1  159.0   78.0  444.0
2018 306 11  2 1200  -26.5  803.6    9.8  160.0   74.0  444.0
2018 306 11  2 1500  -28.6  803.8   12.5  160.0   72.0  444.0
2018 306 11  2 1800  -29.3  803.9   12.2  163.0   71.0  444.0
2018 306 11  2 2100  -27.1  804.6   12.2  163.0   73.0  444.0
2018 307 11  3 0000  -22.2  805.0   12.1  153.0   76.0  444.0
2018 307 11  3 0300  -19.2  804.9   12.1  151.0   78.0  444.0
2018 307 11  3 0600  -18.5  805.2   11.8  146.0   80.0  444.0
2018 307 11  3 0900  -20.1  805.6   12.8  144.0   75.0  444.0
2018 307 11  3 1200  -21.8  805.4   14.0  145.0   71.0  444.0
2018 307 11  3 1500  -23.1  804.9   15.3  146.0   73.0  444.0
2018 307 11  3 1800  -23.1  804.5   16.2  142.0   76.0  444.0
2018 307 11  3 2100  -22.8  804.5   16.9  142.0   78.0  444.0
2018 308 11  4 0000  -20.4  804.3   16.2  140.0   76.0  444.0
2018 308 11  4 0300  -18.8  803.4   16.1  136.0   79.0  444.0
2018 308 11  4 0600  -18.6  802.5   16.1  138.0   78.0  444.0
2018 308 11  4 0900  -19.4  801.6   16.8  141.0   74.0  444.0
2018 308 11  4 1200  -21.7  801.3   16.9  143.0   76.0  444.0
2018 308 11  4 1500  -22.9  800.0   18.1  142.0   78.0  444.0
2018 308 11  4 1800  -23.9  799.8   17.3  142.0   77.0  444.0
2018 308 11  4 2100  -23.9  800.2   17.7  145.0   78.0  444.0
2018 309 11  5 0000  -21.5  799.8   17.9  143.0   79.0  444.0
2018 309 11  5 0300  -19.2  800.5   16.4  141.0   82.0  444.0
2018 309 11  5 0600  -19.0  800.5   15.9  140.0   81.0  444.0
2018 309 11  5 0900  -21.4  801.1   16.7  141.0   79.0  444.0
2018 309 11  5 1200  -25.2  802.2   16.5  147.0   76.0  444.0
2018 309 11  5 1500  -26.9  801.9   18.5  150.0   74.0  444.0
2018 309 11  5 1800  -28.0  802.9   17.9  135.0   72.0  444.0
2018 309 11  5 2100  -26.8  803.7   17.5  144.0   74.0  444.0
2018 310 11  6 0000  -23.7  804.0   18.2  145.0   77.0  444.0
2018 310 11  6 0300  -21.7  805.1   16.5  145.0   79.0  444.0
2018 310 11  6 0600  -21.4  805.0   15.6  147.0   79.0  444.0
2018 310 11  6 0900  -22.8  806.0   13.9  154.0   78.0  444.0
2018 310 11  6 1200  -25.8  806.0   13.7  155.0   75.0  444.0
2018 310 11  6 1500  -27.7  805.7   13.5  160.0   73.0  444.0
2018 310 11  6 1800  -28.4  804.8   14.2  157.0   73.0  444.0
2018 310 11  6 2100  -27.4  804.6   13.6  165.0   74.0  444.0
2018 311 11  7 0000  -24.0  802.8   16.2  158.0   77.0  444.0
2018 311 11  7 0300  -20.8  803.0   14.3  152.0   79.0  444.0
2018 311 11  7 0600  -20.0  803.2   12.5  161.0   81.0  444.0
2018 311 11  7 0900  -21.8  803.2   13.3  158.0   79.0  444.0
2018 311 11  7 1200  -25.5  803.8   13.1  156.0   76.0  444.0
2018 311 11  7 1500  -27.6  803.3   13.8  150.0   73.0  444.0
2018 311 11  7 1800  -29.0  802.9   14.1  157.0   71.0  444.0
2018 311 11  7 2100  -27.2  803.2   13.0  147.0   73.0  444.0
2018 312 11  8 0000  -23.7  803.4   13.9  148.0   77.0  444.0
2018 312 11  8 0300  -21.6  803.5   13.8  148.0   79.0  444.0
2018 312 11  8 0600  -21.2  803.5   11.6  143.0   79.0  444.0
2018 312 11  8 0900  -22.6  803.4   10.3  141.0   77.0  444.0
2018 312 11  8 1200  -25.9  803.3   13.0  140.0   75.0  444.0
2018 312 11  8 1500  -27.0  803.5   11.5  142.0   73.0  444.0
2018 312 11  8 1800  -27.6  803.2   11.0  146.0   71.0  444.0
2018 312 11  8 2100  -25.6  802.8   12.1  144.0   71.0  444.0
2018 313 11  9 0000  -22.1  801.9   12.2  139.0   72.0  444.0
2018 313 11  9 0300  -19.4  801.0   12.3  131.0   68.0  444.0
2018 313 11  9 0600  -19.0  800.1   12.5  128.0   70.0  444.0
2018 313 11  9 0900  -20.7  799.1   13.3  132.0   67.0  444.0
2018 313 11  9 1200  -22.5  796.6   15.3  133.0   66.0  444.0
2018 313 11  9 1500  -22.1  794.2   15.9  133.0   70.0  444.0
2018 313 11  9 1800  -21.9  792.0   17.0  129.0   65.0  444.0
2018 313 11  9 2100  -21.4  790.7   18.1  130.0   77.0  444.0
2018 314 11 10 0000  -20.0  789.2   18.1  132.0   81.0  444.0
2018 314 11 10 0300  -19.1  788.5   18.6  132.0   81.0  444.0
2018 314 11 10 0600  -18.8  788.6   17.8  133.0   82.0  444.0
2018 314 11 10 0900  -19.4  789.3   17.1  132.0   82.0  444.0
2018 314 11 10 1200  -20.6  789.9   16.6  136.0   81.0  444.0
2018 314 11 10 1500  -22.1  790.9   15.8  139.0   79.0  444.0
2018 314 11 10 1800  -23.0  791.8   15.0  140.0   78.0  444.0
2018 314 11 10 2100  -22.2  792.5   15.0  139.0   78.0  444.0
2018 315 11 11 0000  -20.0  793.5   13.8  136.0   81.0  444.0
2018 315 11 11 0300  -18.0  794.2   12.5  134.0   82.0  444.0
2018 315 11 11 0600  -17.1  794.4   12.1  133.0   84.0  444.0
2018 315 11 11 0900  -18.7  794.4   11.6  138.0   83.0  444.0
2018 315 11 11 1200  -19.6  794.5   11.5  143.0   81.0  444.0
2018 315 11 11 1500  -19.9  794.9   10.7  143.0   81.0  444.0
2018 315 11 11 1800  -19.2  795.6   11.2  149.0   82.0  444.0
2018 315 11 11 2100  -19.0  796.9   10.4  158.0   82.0  444.0
2018 316 11 12 0000  -18.2  797.5   10.2  163.0   83.0  444.0
2018 316 11 12 0300  -16.4  798.4  444.0  444.0   85.0  444.0
2018 316 11 12 0600  -15.5  798.9  444.0  444.0   86.0  444.0
2018 316 11 12 0900  -17.4  799.8  444.0  444.0   84.0  444.0
2018 316 11 12 1200  -20.9  800.8  444.0  444.0   80.0  444.0
2018 316 11 12 1500  -23.8  801.5  444.0  444.0   77.0  444.0
2018 316 11 12 1800  -25.6  801.3    9.5  166.0   75.0  444.0
2018 316 11 12 2100  -23.4  800.2   12.1  163.0   77.0  444.0
2018 317 11 13 0000  -18.8  799.2   11.7  145.0   81.0  444.0
2018 317 11 13 0300  -16.0  798.4   11.9  127.0   82.0  444.0
2018 317 11 13 0600  -16.0  796.8   11.7  126.0   80.0  444.0
2018 317 11 13 0900  -17.7  795.1   12.6  135.0   70.0  444.0
2018 317 11 13 1200  -20.9  793.6   14.4  140.0   58.0  444.0
2018 317 11 13 1500  -21.8  791.9   16.3  138.0   50.0  444.0
2018 317 11 13 1800  -22.5  790.5   15.9  140.0   53.0  444.0
2018 317 11 13 2100  -20.7  790.8   15.9  139.0   56.0  444.0
2018 318 11 14 0000  -18.7  790.9   15.1  136.0   67.0  444.0
2018 318 11 14 0300  -16.8  791.5   14.2  133.0   66.0  444.0
2018 318 11 14 0600  -16.3  792.6   13.3  137.0   71.0  444.0
2018 318 11 14 0900  -18.1  794.1   11.5  143.0   62.0  444.0
2018 318 11 14 1200  -20.7  795.4   11.2  148.0   57.0  444.0
2018 318 11 14 1500  -23.1  796.4   12.1  151.0   54.0  444.0
2018 318 11 14 1800  -23.7  797.6   11.7  155.0   52.0  444.0
2018 318 11 14 2100  -21.9  799.2   10.4  147.0   53.0  444.0
2018 319 11 15 0000  -19.2  800.5    9.8  139.0   56.0  444.0
2018 319 11 15 0300  -16.9  801.5    7.9  116.0   56.0  444.0
2018 319 11 15 0600  -16.5  802.2    5.8  115.0   63.0  444.0
2018 319 11 15 0900  -18.1  802.7    3.9  120.0   70.0  444.0
2018 319 11 15 1200  -20.4  802.7    4.5  131.0   68.0  444.0
2018 319 11 15 1500  -21.6  802.2    7.2  137.0   75.0  444.0
2018 319 11 15 1800  -22.7  801.8    7.6  150.0   71.0  444.0
2018 319 11 15 2100  -22.0  801.5    8.2  153.0   64.0  444.0
2018 320 11 16 0000  -19.9  801.6    7.7  142.0   56.0  444.0
2018 320 11 16 0300  -17.8  801.6    6.3  137.0   55.0  444.0
2018 320 11 16 0600  -16.6  801.8    4.2  148.0   51.0  444.0
2018 320 11 16 0900  -18.3  802.1    2.1  153.0   60.0  444.0
2018 320 11 16 1200  -24.4  802.7    2.6  152.0   67.0  444.0
2018 320 11 16 1500  -26.8  802.3    7.6  161.0   55.0  444.0
2018 320 11 16 1800  -28.2  802.5    8.6  163.0   55.0  444.0
2018 320 11 16 2100  -25.9  803.2    8.3  164.0   56.0  444.0
2018 321 11 17 0000  -21.4  803.7    7.2  160.0   55.0  444.0
2018 321 11 17 0300  -17.9  805.0    3.3  156.0   52.0  444.0
2018 321 11 17 0600  -16.4  806.0    0.1  157.0   48.0  444.0
2018 321 11 17 0900  -18.0  807.1    0.1  157.0   59.0  444.0
2018 321 11 17 1200  -23.2  808.9    5.3  173.0   53.0  444.0
2018 321 11 17 1500  -27.2  810.3    9.1  175.0   56.0  444.0
2018 321 11 17 1800  -27.8  811.7   11.0  169.0   57.0  444.0
2018 321 11 17 2100  -23.8  813.2   10.6  162.0   61.0  444.0
2018 322 11 18 0000  -19.4  814.2    9.1  137.0   60.0  444.0
2018 322 11 18 0300  -18.0  813.2   10.3  118.0   82.0  444.0
2018 322 11 18 0600  -17.9  812.5   11.8  108.0   83.0  444.0
2018 322 11 18 0900  -18.2  811.4   11.6  106.0   83.0  444.0
2018 322 11 18 1200  -17.9  811.8   10.3   97.0   83.0  444.0
2018 322 11 18 1500  -17.5  813.4    7.3   92.0   83.0  444.0
2018 322 11 18 1800  -16.8  814.6    5.3   96.0   85.0  444.0
2018 322 11 18 2100  -15.9  816.2    3.8  115.0   86.0  444.0
2018 323 11 19 0000  -14.9  817.3    5.0  112.0   86.0  444.0
2018 323 11 19 0300  -13.6  817.6    3.9  102.0   88.0  444.0
2018 323 11 19 0600  444.0  817.6    1.1   60.0   90.0  444.0
2018 323 11 19 0900  -15.0  817.3    1.5  289.0   88.0  444.0
2018 323 11 19 1200  -14.5  817.3    2.0  224.0   87.0  444.0
2018 323 11 19 1500  -19.3  816.3    4.2  211.0   82.0  444.0
2018 323 11 19 1800  -24.0  815.8    6.4  198.0   77.0  444.0
2018 323 11 19 2100  -21.6  815.8    5.8  186.0   79.0  444.0
2018 324 11 20 0000  -16.8  815.6    6.1  188.0   83.0  444.0
2018 324 11 20 0300  -13.4  815.3    4.9  183.0   84.0  444.0
2018 324 11 20 0600  -13.4  815.3    4.0  250.0   83.0  444.0
2018 324 11 20 0900  -17.2  814.9    3.6  247.0   80.0  444.0
2018 324 11 20 1200  -22.1  814.1    5.0  214.0   76.0  444.0
2018 324 11 20 1500  -25.8  813.1    6.5  186.0   72.0  444.0
2018 324 11 20 1800  -27.3  811.3    6.5  178.0   70.0  444.0
2018 324 11 20 2100  -24.8  810.0    6.2  179.0   71.0  444.0
2018 325 11 21 0000  -19.4  808.7    5.9  170.0   74.0  444.0
2018 325 11 21 0300  -15.0  807.7    4.3  152.0   77.0  444.0
2018 325 11 21 0600  -14.5  806.8    3.9  128.0   78.0  444.0
2018 325 11 21 0900  -17.3  805.8    4.6  136.0   68.0  444.0
2018 325 11 21 1200  -18.6  805.4    6.4  136.0   64.0  444.0
2018 325 11 21 1500  -19.5  804.0    9.6  134.0   72.0  444.0
2018 325 11 21 1800  -21.7  803.7   11.3  138.0   74.0  444.0
2018 325 11 21 2100  -22.1  804.6   13.0  141.0   75.0  444.0
2018 326 11 22 0000  -19.9  805.8   12.3  142.0   71.0  444.0
2018 326 11 22 0300  -18.0  807.1   11.8  147.0   70.0  444.0
2018 326 11 22 0600  -17.0  808.6   11.6  152.0   67.0  444.0
2018 326 11 22 0900  -18.5  810.7   10.7  162.0   67.0  444.0
2018 326 11 22 1200  -21.8  812.5   11.6  161.0   67.0  444.0
2018 326 11 22 1500  -23.6  814.2   11.3  157.0   68.0  444.0
2018 326 11 22 1800  -23.7  815.2   11.4  162.0   67.0  444.0
2018 326 11 22 2100  -20.3  816.6   10.7  150.0   67.0  444.0
2018 327 11 23 0000  -17.1  817.6   10.6  142.0   70.0  444.0
2018 327 11 23 0300  -14.7  818.8   10.0  137.0   67.0  444.0
2018 327 11 23 0600  -14.0  819.8    9.6  134.0   72.0  444.0
2018 327 11 23 0900  -15.8  821.1    8.8  141.0   65.0  444.0
2018 327 11 23 1200  -19.6  821.9    8.4  152.0   61.0  444.0
2018 327 11 23 1500  -23.4  821.9    8.3  168.0   61.0  444.0
2018 327 11 23 1800  -23.8  821.2    8.9  172.0   59.0  444.0
2018 327 11 23 2100  -21.5  820.5    7.9  177.0   57.0  444.0
2018 328 11 24 0000  -17.8  819.5    8.4  180.0   56.0  444.0
2018 328 11 24 0300  -14.9  818.6    6.5  192.0   51.0  444.0
2018 328 11 24 0600  -13.8  818.0    3.9  216.0   50.0  444.0
2018 328 11 24 0900  -15.9  816.8    4.5  202.0   56.0  444.0
2018 328 11 24 1200  -20.9  815.1    5.9  177.0   58.0  444.0
2018 328 11 24 1500  -23.5  812.5    7.8  171.0   59.0  444.0
2018 328 11 24 1800  -21.5  809.6    7.8  162.0   64.0  444.0
2018 328 11 24 2100  -19.8  807.7    8.2  157.0   70.0  444.0
2018 329 11 25 0000  -16.8  806.7    8.8  149.0   65.0  444.0
2018 329 11 25 0300  -14.8  806.8    7.4  152.0   56.0  444.0
2018 329 11 25 0600  -13.5  807.3    3.3  173.0   51.0  444.0
2018 329 11 25 0900  -14.1  808.3    1.3  256.0   65.0  444.0
2018 329 11 25 1200  -19.7  808.7    3.8  196.0   69.0  444.0
2018 329 11 25 1500  -24.2  808.9    8.5  184.0   59.0  444.0
2018 329 11 25 1800  -25.2  809.3    8.7  182.0   59.0  444.0
2018 329 11 25 2100  -22.4  809.3   10.6  181.0   59.0  444.0
2018 330 11 26 0000  -19.0  809.6    9.5  181.0   61.0  444.0
2018 330 11 26 0300  -17.0  809.5    9.9  182.0   68.0  444.0
2018 330 11 26 0600  -16.0  809.9    9.1  171.0   61.0  444.0
2018 330 11 26 0900  -17.0  810.5    8.0  168.0   62.0  444.0
2018 330 11 26 1200  -20.9  811.4    9.4  165.0   62.0  444.0
2018 330 11 26 1500  -23.5  812.3    9.8  164.0   62.0  444.0
2018 330 11 26 1800  -23.7  812.7   11.0  162.0   61.0  444.0
2018 330 11 26 2100  -19.9  813.4   11.1  148.0   57.0  444.0
2018 331 11 27 0000  -16.1  813.8   11.3  126.0   67.0  444.0
2018 331 11 27 0300  -15.2  813.8   11.2  122.0   69.0  444.0
2018 331 11 27 0600  -14.7  813.3   11.2  120.0   73.0  444.0
2018 331 11 27 0900  -15.1  812.7   12.1  117.0   87.0  444.0
2018 331 11 27 1200  -15.2  812.7   11.9  116.0   86.0  444.0
2018 331 11 27 1500  -15.7  813.2    9.7  119.0   86.0  444.0
2018 331 11 27 1800  -16.0  814.0    8.5  132.0   86.0  444.0
2018 331 11 27 2100  -15.1  814.9    7.7  139.0   86.0  444.0
2018 332 11 28 0000  -13.3  815.3    6.8  144.0   88.0  444.0
2018 332 11 28 0300  -11.6  814.3    7.3  138.0   89.0  444.0
2018 332 11 28 0600  -10.8  813.2    7.2  124.0   89.0  444.0
2018 332 11 28 0900  -12.4  811.6    7.5  129.0   88.0  444.0
2018 332 11 28 1200  -15.7  809.8    9.5  131.0   81.0  444.0
2018 332 11 28 1500  -17.0  807.1   12.9  132.0   81.0  444.0
2018 332 11 28 1800  -17.7  805.2   15.0  132.0   84.0  444.0
2018 332 11 28 2100  -17.2  803.5   15.8  132.0   85.0  444.0
2018 333 11 29 0000  -16.2  801.9   16.8  131.0   85.0  444.0
2018 333 11 29 0300  -14.5  801.3   16.7  129.0   87.0  444.0
2018 333 11 29 0600  -13.9  801.3   15.6  126.0   88.0  444.0
2018 333 11 29 0900  -13.9  801.7   14.4  126.0   88.0  444.0
2018 333 11 29 1200  -14.5  802.7   13.0  130.0   87.0  444.0
2018 333 11 29 1500  -15.7  803.5   12.2  136.0   87.0  444.0
2018 333 11 29 1800  -15.7  804.7   11.9  139.0   87.0  444.0
2018 333 11 29 2100  -15.6  806.1   11.0  139.0   86.0  444.0
2018 334 11 30 0000  -14.3  807.1   11.2  136.0   85.0  444.0
2018 334 11 30 0300  -13.2  807.5   12.0  133.0   88.0  444.0
2018 334 11 30 0600  -12.3  809.1   10.2  133.0   89.0  444.0
2018 334 11 30 0900  -13.3  810.4    8.6  125.0   88.0  444.0
2018 334 11 30 1200  -14.6  811.8    8.0  132.0   87.0  444.0
2018 334 11 30 1500  -16.4  812.6    6.3  142.0   84.0  444.0
2018 334 11 30 1800  -18.8  812.9    8.2  154.0   81.0  444.0
2018 334 11 30 2100  -18.4  813.0    9.1  157.0   80.0  444.0
