Year: 2018  Month: 08  ID: D47  ARGOS:  8916  Name: D-47                
Lat: 67.40S  Lon: 138.74E  Elev: 1550m
2018 213  8  1 0000  -26.0  804.2   20.5  134.0   74.0  444.0
2018 213  8  1 0300  -26.0  805.7   18.5  127.0   75.0  444.0
2018 213  8  1 0600  -26.0  807.5   17.8  134.0   75.0  444.0
2018 213  8  1 0900  -25.9  808.0   17.7  129.0   74.0  444.0
2018 213  8  1 1200  -26.3  808.5   17.3  135.0   74.0  444.0
2018 213  8  1 1500  -25.0  809.2   15.8  138.0   75.0  444.0
2018 213  8  1 1800  -24.8  809.6   14.5  138.0   76.0  444.0
2018 213  8  1 2100  -25.7  810.3   13.3  139.0   75.0  444.0
2018 214  8  2 0000  -24.8  811.4   12.7  139.0   75.0  444.0
2018 214  8  2 0300  -23.9  811.0   13.0  138.0   77.0  444.0
2018 214  8  2 0600  -24.2  809.6   14.1  133.0   77.0  444.0
2018 214  8  2 0900  -24.2  809.0   14.4  126.0   76.0  444.0
2018 214  8  2 1200  -24.9  807.4   16.7  128.0   75.0  444.0
2018 214  8  2 1500  -25.2  805.9   14.7  130.0   75.0  444.0
2018 214  8  2 1800  -26.1  804.0   17.6  131.0   75.0  444.0
2018 214  8  2 2100  -26.8  802.9   18.1  127.0   74.0  444.0
2018 215  8  3 0000  -28.1  802.4   18.9  127.0   75.0  444.0
2018 215  8  3 0300  -28.3  802.6   18.9  126.0   72.0  444.0
2018 215  8  3 0600  -29.6  802.8   18.7  134.0   71.0  444.0
2018 215  8  3 0900  -30.7  803.2   16.9  132.0   70.0  444.0
2018 215  8  3 1200  -29.8  804.2   14.9  133.0   70.0  444.0
2018 215  8  3 1500  -30.2  805.2   14.2  126.0   70.0  444.0
2018 215  8  3 1800  -30.3  806.6   10.9  140.0   70.0  444.0
2018 215  8  3 2100  -31.2  808.0   11.2  153.0   69.0  444.0
2018 216  8  4 0000  -31.3  809.7    8.6  152.0   69.0  444.0
2018 216  8  4 0300  -31.5  811.5    7.6  166.0   69.0  444.0
2018 216  8  4 0600  -32.5  812.9    6.0  165.0   68.0  444.0
2018 216  8  4 0900  -33.9  814.2    6.5  167.0   66.0  444.0
2018 216  8  4 1200  -34.8  815.0    5.9  176.0   65.0  444.0
2018 216  8  4 1500  -36.9  815.8    6.1  181.0   62.0  444.0
2018 216  8  4 1800  -38.6  815.8    4.4  183.0   61.0  444.0
2018 216  8  4 2100  -39.8  815.8    5.5  182.0   59.0  444.0
2018 217  8  5 0000  -39.8  815.5    8.4  172.0   60.0  444.0
2018 217  8  5 0300  -38.5  815.7   10.3  178.0   61.0  444.0
2018 217  8  5 0600  -38.3  815.2   10.1  173.0   61.0  444.0
2018 217  8  5 0900  -38.5  814.1   11.4  160.0   60.0  444.0
2018 217  8  5 1200  -38.3  812.9   10.9  160.0   61.0  444.0
2018 217  8  5 1500  -38.7  811.2   11.8  159.0   61.0  444.0
2018 217  8  5 1800  -39.1  809.1   10.3  156.0   60.0  444.0
2018 217  8  5 2100  -40.5  807.3   12.3  158.0   59.0  444.0
2018 218  8  6 0000  -40.8  806.3   13.0  151.0   58.0  444.0
2018 218  8  6 0300  -36.4  805.4   12.7  162.0   63.0  444.0
2018 218  8  6 0600  -35.6  804.4   10.8  149.0   64.0  444.0
2018 218  8  6 0900  -34.2  804.1   11.7  157.0   65.0  444.0
2018 218  8  6 1200  -36.3  804.1   12.6  143.0   63.0  444.0
2018 218  8  6 1500  -37.6  804.0   13.1  144.0   61.0  444.0
2018 218  8  6 1800  -38.7  803.8   12.0  149.0   61.0  444.0
2018 218  8  6 2100  -39.8  804.1   11.0  135.0   59.0  444.0
2018 219  8  7 0000  -40.4  804.8    9.5  141.0   59.0  444.0
2018 219  8  7 0300  -40.8  805.4    9.8  145.0   58.0  444.0
2018 219  8  7 0600  -41.9  805.2   11.6  150.0   56.0  444.0
2018 219  8  7 0900  -42.2  805.5   12.1  153.0   56.0  444.0
2018 219  8  7 1200  -42.1  806.1   11.9  142.0   57.0  444.0
2018 219  8  7 1500  -41.8  806.5   12.1  144.0   56.0  444.0
2018 219  8  7 1800  -40.8  807.0   12.8  157.0   58.0  444.0
2018 219  8  7 2100  -40.6  807.8   11.6  129.0   58.0  444.0
2018 220  8  8 0000  -37.7  808.3   13.3  141.0   61.0  444.0
2018 220  8  8 0300  -35.0  808.6   12.1  124.0   64.0  444.0
2018 220  8  8 0600  -33.2  808.6   15.4  136.0   66.0  444.0
2018 220  8  8 0900  -30.3  809.3   14.7  128.0   70.0  444.0
2018 220  8  8 1200  -29.4  810.4   16.4  135.0   71.0  444.0
2018 220  8  8 1500  -28.6  810.8   15.9  138.0   71.0  444.0
2018 220  8  8 1800  -27.4  811.0   15.8  134.0   73.0  444.0
2018 220  8  8 2100  -25.7  812.0   16.5  130.0   74.0  444.0
2018 221  8  9 0000  -24.9  813.8   15.8  128.0   75.0  444.0
2018 221  8  9 0300  -25.8  814.7   16.2  127.0   74.0  444.0
2018 221  8  9 0600  -25.4  814.8   16.6  128.0   75.0  444.0
2018 221  8  9 0900  -23.8  815.8   15.4  131.0   76.0  444.0
2018 221  8  9 1200  -24.1  816.7   14.2  134.0   77.0  444.0
2018 221  8  9 1500  -26.2  816.5   14.3  136.0   74.0  444.0
2018 221  8  9 1800  -27.2  816.1   14.9  134.0   73.0  444.0
2018 221  8  9 2100  -27.4  815.7   15.2  140.0   73.0  444.0
2018 222  8 10 0000  -27.7  815.9   12.9  133.0   75.0  444.0
2018 222  8 10 0300  -26.3  815.5   13.1  136.0   74.0  444.0
2018 222  8 10 0600  -27.0  815.0   12.8  142.0   73.0  444.0
2018 222  8 10 0900  -27.5  814.4   12.5  136.0   73.0  444.0
2018 222  8 10 1200  -27.5  813.5   11.9  131.0   72.0  444.0
2018 222  8 10 1500  -28.1  812.2   11.9  144.0   72.0  444.0
2018 222  8 10 1800  -29.7  810.5   13.1  142.0   71.0  444.0
2018 222  8 10 2100  -31.0  809.3   11.8  129.0   69.0  444.0
2018 223  8 11 0000  -31.1  807.6   15.7  136.0   70.0  444.0
2018 223  8 11 0300  -30.6  807.6   15.6  124.0   69.0  444.0
2018 223  8 11 0600  -30.1  808.3   16.2  134.0   69.0  444.0
2018 223  8 11 0900  -30.4  807.5   13.8  132.0   70.0  444.0
2018 223  8 11 1200  -31.0  806.4   12.6  150.0   69.0  444.0
2018 223  8 11 1500  -33.8  805.2   13.1  149.0   66.0  444.0
2018 223  8 11 1800  -32.1  804.1   13.5  154.0   68.0  444.0
2018 223  8 11 2100  -30.6  803.2   10.2  133.0   70.0  444.0
2018 224  8 12 0000  -31.3  803.4   13.5  139.0   69.0  444.0
2018 224  8 12 0300  -29.3  803.2   13.5  137.0   71.0  444.0
2018 224  8 12 0600  -29.4  803.1   11.9  139.0   70.0  444.0
2018 224  8 12 0900  -29.7  802.4   10.5  122.0   70.0  444.0
2018 224  8 12 1200  -30.8  801.9   12.9  134.0   69.0  444.0
2018 224  8 12 1500  -32.0  802.0    9.4  129.0   68.0  444.0
2018 224  8 12 1800  -32.3  801.4   11.1  141.0   67.0  444.0
2018 224  8 12 2100  -34.1  801.4   12.1  145.0   66.0  444.0
2018 225  8 13 0000  -35.9  801.4   12.6  146.0   63.0  444.0
2018 225  8 13 0300  -34.1  802.3   13.1  129.0   66.0  444.0
2018 225  8 13 0600  -36.0  802.2   17.8  129.0   64.0  444.0
2018 225  8 13 0900  -37.3  803.2   11.8  122.0   62.0  444.0
2018 225  8 13 1200  -37.6  802.8   12.8  129.0   62.0  444.0
2018 225  8 13 1500  -37.5  801.5   14.1  139.0   62.0  444.0
2018 225  8 13 1800  -37.4  801.2   11.6  113.0   62.0  444.0
2018 225  8 13 2100  -37.6  800.8   11.9  104.0   62.0  444.0
2018 226  8 14 0000  -37.5  800.4   12.6  115.0   62.0  444.0
2018 226  8 14 0300  -36.9  800.3   13.9  120.0   63.0  444.0
2018 226  8 14 0600  -34.9  799.6   15.8  119.0   64.0  444.0
2018 226  8 14 0900  -33.8  799.6   16.3  123.0   66.0  444.0
2018 226  8 14 1200  -31.5  799.9   16.0  124.0   68.0  444.0
2018 226  8 14 1500  -29.3  799.6   15.3  128.0   70.0  444.0
2018 226  8 14 1800  -27.2  799.7   17.1  122.0   73.0  444.0
2018 226  8 14 2100  -26.2  800.7   17.2  122.0   74.0  444.0
2018 227  8 15 0000  -25.5  803.0   17.2  122.0   75.0  444.0
2018 227  8 15 0300  -24.4  805.0   16.0  125.0   76.0  444.0
2018 227  8 15 0600  -23.3  805.9   16.1  125.0   77.0  444.0
2018 227  8 15 0900  -22.6  807.2   17.1  126.0   78.0  444.0
2018 227  8 15 1200  -22.1  808.3   16.8  130.0   79.0  444.0
2018 227  8 15 1500  -21.8  809.0   16.7  130.0   79.0  444.0
2018 227  8 15 1800  -21.1  809.0   17.8  128.0   79.0  444.0
2018 227  8 15 2100  -20.3  810.4   18.0  128.0   80.0  444.0
2018 228  8 16 0000  -19.9  811.5   16.6  136.0   81.0  444.0
2018 228  8 16 0300  -19.1  810.2   17.6  132.0   82.0  444.0
2018 228  8 16 0600  -18.5  807.8   20.8  127.0   82.0  444.0
2018 228  8 16 0900  -18.4  804.8   21.8  132.0   83.0  444.0
2018 228  8 16 1200  -17.5  804.0   23.1  123.0   84.0  444.0
2018 228  8 16 1500  -16.8  804.7   21.6  120.0   85.0  444.0
2018 228  8 16 1800  -16.5  805.9   19.6  125.0   85.0  444.0
2018 228  8 16 2100  -16.1  807.2   16.3  125.0   86.0  444.0
2018 229  8 17 0000  -15.7  808.1   17.3  121.0   87.0  444.0
2018 229  8 17 0300  -16.0  808.4   18.2  126.0   86.0  444.0
2018 229  8 17 0600  -15.6  809.4   16.0  126.0   87.0  444.0
2018 229  8 17 0900  -15.1  810.4   14.4  124.0   87.0  444.0
2018 229  8 17 1200  -15.0  810.5   14.0  124.0   88.0  444.0
2018 229  8 17 1500  -14.3  810.7   12.8  132.0   88.0  444.0
2018 229  8 17 1800  -14.9  810.4   12.9  133.0   88.0  444.0
2018 229  8 17 2100  -15.9  810.5   11.3  139.0   87.0  444.0
2018 230  8 18 0000  -14.9  810.6    9.3  134.0   88.0  444.0
2018 230  8 18 0300  -14.3  810.5    9.7  128.0   88.0  444.0
2018 230  8 18 0600  -14.3  811.3    8.8  120.0   89.0  444.0
2018 230  8 18 0900  -14.6  812.6    9.2  117.0   88.0  444.0
2018 230  8 18 1200  -15.3  814.4    9.8  110.0   88.0  444.0
2018 230  8 18 1500  -15.7  816.3    6.9  104.0   87.0  444.0
2018 230  8 18 1800  -17.1  817.2    6.2  111.0   85.0  444.0
2018 230  8 18 2100  -18.9  817.7    5.8  122.0   83.0  444.0
2018 231  8 19 0000  -19.2  817.9    6.3  113.0   82.0  444.0
2018 231  8 19 0300  -18.3  817.5    6.3  104.0   83.0  444.0
2018 231  8 19 0600  -18.4  816.6    6.4   99.0   83.0  444.0
2018 231  8 19 0900  -19.1  816.6    5.5  107.0   83.0  444.0
2018 231  8 19 1200  -20.6  815.5    6.0  123.0   81.0  444.0
2018 231  8 19 1500  -21.7  814.1    6.2  130.0   80.0  444.0
2018 231  8 19 1800  -26.1  812.7    6.5  150.0   75.0  444.0
2018 231  8 19 2100  -28.2  811.5    7.4  157.0   73.0  444.0
2018 232  8 20 0000  -27.8  811.2    8.5  159.0   73.0  444.0
2018 232  8 20 0300  -27.4  810.0   10.0  164.0   73.0  444.0
2018 232  8 20 0600  -29.7  809.0   10.5  165.0   71.0  444.0
2018 232  8 20 0900  -29.4  807.3   11.3  155.0   72.0  444.0
2018 232  8 20 1200  -27.5  805.4   12.9  147.0   74.0  444.0
2018 232  8 20 1500  -25.0  803.4   14.1  138.0   76.0  444.0
2018 232  8 20 1800  -23.3  800.6   15.1  130.0   78.0  444.0
2018 232  8 20 2100  -22.8  799.2   15.6  131.0   78.0  444.0
2018 233  8 21 0000  -23.4  798.4   15.2  131.0   78.0  444.0
2018 233  8 21 0300  -24.4  797.7   13.2  127.0   76.0  444.0
2018 233  8 21 0600  -25.5  797.6   12.2  125.0   76.0  444.0
2018 233  8 21 0900  -26.9  797.0   13.4  135.0   74.0  444.0
2018 233  8 21 1200  -27.9  798.0   13.0  132.0   73.0  444.0
2018 233  8 21 1500  -29.1  798.4   12.4  133.0   71.0  444.0
2018 233  8 21 1800  -30.2  798.8   12.7  131.0   70.0  444.0
2018 233  8 21 2100  -30.8  799.7   13.5  130.0   70.0  444.0
2018 234  8 22 0000  -31.3  800.8   12.8  134.0   69.0  444.0
2018 234  8 22 0300  -31.2  801.5   12.9  138.0   69.0  444.0
2018 234  8 22 0600  -32.9  802.3   12.4  144.0   68.0  444.0
2018 234  8 22 0900  -34.5  803.1   12.9  138.0   66.0  444.0
2018 234  8 22 1200  -33.6  803.3   13.8  141.0   66.0  444.0
2018 234  8 22 1500  -33.0  803.0   14.8  134.0   67.0  444.0
2018 234  8 22 1800  -31.2  802.5   15.3  136.0   69.0  444.0
2018 234  8 22 2100  -29.8  802.3   15.3  135.0   70.0  444.0
2018 235  8 23 0000  -29.5  801.9   16.9  127.0   71.0  444.0
2018 235  8 23 0300  -28.9  802.4   16.6  132.0   71.0  444.0
2018 235  8 23 0600  -29.1  802.0   16.1  124.0   71.0  444.0
2018 235  8 23 0900  -28.3  802.1   17.5  130.0   72.0  444.0
2018 235  8 23 1200  -27.6  801.5   17.8  132.0   73.0  444.0
2018 235  8 23 1500  -27.2  801.3   17.0  128.0   73.0  444.0
2018 235  8 23 1800  -27.0  801.4   16.3  129.0   74.0  444.0
2018 235  8 23 2100  -26.5  802.2   17.4  132.0   74.0  444.0
2018 236  8 24 0000  -26.7  803.3   16.7  132.0   74.0  444.0
2018 236  8 24 0300  -26.2  803.9   15.4  136.0   75.0  444.0
2018 236  8 24 0600  -26.5  804.0   14.9  135.0   74.0  444.0
2018 236  8 24 0900  -27.2  804.8   15.2  134.0   74.0  444.0
2018 236  8 24 1200  -27.2  803.8   16.4  135.0   73.0  444.0
2018 236  8 24 1500  -28.7  803.0   16.1  136.0   72.0  444.0
2018 236  8 24 1800  -30.3  801.8   14.8  129.0   70.0  444.0
2018 236  8 24 2100  -30.2  801.0   13.9  127.0   71.0  444.0
2018 237  8 25 0000  -30.7  800.4   14.5  141.0   70.0  444.0
2018 237  8 25 0300  -30.5  799.4   14.1  145.0   70.0  444.0
2018 237  8 25 0600  -31.6  798.4   13.6  153.0   68.0  444.0
2018 237  8 25 0900  -32.7  797.8   13.5  154.0   67.0  444.0
2018 237  8 25 1200  -33.6  797.0   12.6  152.0   67.0  444.0
2018 237  8 25 1500  -34.5  796.4   11.9  151.0   65.0  444.0
2018 237  8 25 1800  -35.0  795.7   12.1  150.0   65.0  444.0
2018 237  8 25 2100  -34.9  795.3   11.2  140.0   65.0  444.0
2018 238  8 26 0000  -35.6  795.0   10.8  156.0   64.0  444.0
2018 238  8 26 0300  -34.3  795.0    9.7  148.0   65.0  444.0
2018 238  8 26 0600  -35.2  795.4    9.2  149.0   65.0  444.0
2018 238  8 26 0900  -39.2  796.6    9.6  150.0   61.0  444.0
2018 238  8 26 1200  -41.3  797.5   13.5  134.0   58.0  444.0
2018 238  8 26 1500  -42.8  798.6    9.1  151.0   56.0  444.0
2018 238  8 26 1800  -43.3  799.3    9.1  150.0   55.0  444.0
2018 238  8 26 2100  -40.5  799.5   10.8  150.0   59.0  444.0
2018 239  8 27 0000  -37.1  798.9   11.5  142.0   63.0  444.0
2018 239  8 27 0300  -34.6  797.2   12.9  134.0   66.0  444.0
2018 239  8 27 0600  -32.1  796.3   14.3  135.0   68.0  444.0
2018 239  8 27 0900  -30.4  797.5   12.8  132.0   69.0  444.0
2018 239  8 27 1200  -29.6  798.2   11.0  129.0   71.0  444.0
2018 239  8 27 1500  -29.8  799.2    9.2  127.0   71.0  444.0
2018 239  8 27 1800  -29.3  798.7    9.1  126.0   71.0  444.0
2018 239  8 27 2100  -29.7  799.2    7.3  134.0   71.0  444.0
2018 240  8 28 0000  -30.0  798.3    8.9  137.0   71.0  444.0
2018 240  8 28 0300  -28.9  796.9    8.3  135.0   72.0  444.0
2018 240  8 28 0600  -28.4  794.5    8.1  125.0   72.0  444.0
2018 240  8 28 0900  -27.4  792.2    7.4  113.0   74.0  444.0
2018 240  8 28 1200  -28.3  790.8    6.6  132.0   72.0  444.0
2018 240  8 28 1500  -29.1  789.0    6.6  133.0   71.0  444.0
2018 240  8 28 1800  -29.4  787.1    5.9  132.0   71.0  444.0
2018 240  8 28 2100  -29.6  784.9    5.6  124.0   71.0  444.0
2018 241  8 29 0000  -30.2  782.9    8.2  128.0   70.0  444.0
2018 241  8 29 0300  -31.6  780.4   10.7  135.0   69.0  444.0
2018 241  8 29 0600  -31.7  778.3   13.4  135.0   69.0  444.0
2018 241  8 29 0900  -31.8  776.5   14.1  130.0   69.0  444.0
2018 241  8 29 1200  -30.8  775.2   15.6  133.0   70.0  444.0
2018 241  8 29 1500  -29.5  776.5   13.3  121.0   71.0  444.0
2018 241  8 29 1800  -28.7  778.7   10.1  132.0   72.0  444.0
2018 241  8 29 2100  -28.0  780.4   10.8  135.0   73.0  444.0
2018 242  8 30 0000  -27.6  782.0    9.8  127.0   70.0  444.0
2018 242  8 30 0300  -27.2  783.7    6.2  102.0   73.0  444.0
2018 242  8 30 0600  -27.3  784.8   10.8  127.0   73.0  444.0
2018 242  8 30 0900  -28.3  785.5   11.1  133.0   72.0  444.0
2018 242  8 30 1200  -28.5  787.0   10.2  127.0   72.0  444.0
2018 242  8 30 1500  -29.3  788.8    9.1  121.0   71.0  444.0
2018 242  8 30 1800  -32.0  790.4   10.1  127.0   68.0  444.0
2018 242  8 30 2100  -34.3  792.0   10.4  127.0   66.0  444.0
2018 243  8 31 0000  -34.5  793.7   12.0  127.0   65.0  444.0
2018 243  8 31 0300  -33.5  794.9   12.3  129.0   66.0  444.0
2018 243  8 31 0600  -31.8  794.9   14.2  132.0   68.0  444.0
2018 243  8 31 0900  -31.0  795.3   15.4  129.0   70.0  444.0
2018 243  8 31 1200  -30.7  795.7   14.9  134.0   69.0  444.0
2018 243  8 31 1500  -30.2  795.8   15.2  134.0   70.0  444.0
2018 243  8 31 1800  -30.3  795.2   15.6  132.0   70.0  444.0
2018 243  8 31 2100  -30.0  795.0   15.1  127.0   70.0  444.0
