Year: 2018  Month: 08  ID: D85  ARGOS:  8912  Name: D-85                
Lat: 70.43S  Lon: 134.15E  Elev: 2651m
2018 213  8  1 0000  -53.6  701.2   12.5  146.0  444.0  444.0
2018 213  8  1 0300  -53.1  702.5   11.1  152.0  444.0  444.0
2018 213  8  1 0600  -51.4  702.2   12.9  155.0  444.0  444.0
2018 213  8  1 0900  -50.1  703.0    9.2  148.0  444.0  444.0
2018 213  8  1 1200  -48.9  702.3   11.3  148.0  444.0  444.0
2018 213  8  1 1500  -47.5  701.8   10.5  156.0  444.0  444.0
2018 213  8  1 1800  -45.5  702.4    5.7  162.0  444.0  444.0
2018 213  8  1 2100  -47.2  702.0    7.2  156.0  444.0  444.0
2018 214  8  2 0000  -46.9  701.3    7.0  162.0  444.0  444.0
2018 214  8  2 0300  -48.2  700.9    4.7  166.0  444.0  444.0
2018 214  8  2 0600  -48.0  700.2    4.9  167.0  444.0  444.0
2018 214  8  2 0900  -49.5  699.4    7.0  153.0  444.0  444.0
2018 214  8  2 1200  -51.9  699.4    7.6  143.0  444.0  444.0
2018 214  8  2 1500  -52.2  698.4    8.0  148.0  444.0  444.0
2018 214  8  2 1800  -51.6  697.8    6.8  146.0  444.0  444.0
2018 214  8  2 2100  -50.4  697.4    6.8  141.0  444.0  444.0
2018 215  8  3 0000  -49.8  696.7    9.9  142.0  444.0  444.0
2018 215  8  3 0300  -49.2  696.1   11.1  148.0  444.0  444.0
2018 215  8  3 0600  -49.4  696.0    8.4  158.0  444.0  444.0
2018 215  8  3 0900  -49.4  696.2    9.2  155.0  444.0  444.0
2018 215  8  3 1200  -48.1  696.0    9.6  149.0  444.0  444.0
2018 215  8  3 1500  -47.0  696.1    8.0  158.0  444.0  444.0
2018 215  8  3 1800  -46.9  696.1    9.9  146.0  444.0  444.0
2018 215  8  3 2100  -45.6  696.6    7.2  158.0  444.0  444.0
2018 216  8  4 0000  -45.2  697.6    5.8  150.0  444.0  444.0
2018 216  8  4 0300  -45.1  697.4    7.4  149.0  444.0  444.0
2018 216  8  4 0600  -44.9  697.9    8.2  158.0  444.0  444.0
2018 216  8  4 0900  -46.2  698.2    6.2  156.0  444.0  444.0
2018 216  8  4 1200  -46.9  698.3    5.7  159.0  444.0  444.0
2018 216  8  4 1500  -49.4  698.5    5.5  172.0  444.0  444.0
2018 216  8  4 1800  -51.2  698.2    3.7  174.0  444.0  444.0
2018 216  8  4 2100  -54.4  698.7    2.7  174.0  444.0  444.0
2018 217  8  5 0000  -56.0  698.9    5.8  155.0  444.0  444.0
2018 217  8  5 0300  -56.5  699.0    5.5  180.0  444.0  444.0
2018 217  8  5 0600  -55.9  698.8    7.4  183.0  444.0  444.0
2018 217  8  5 0900  -55.4  698.8    5.7  183.0  444.0  444.0
2018 217  8  5 1200  -54.9  698.6    8.2  184.0  444.0  444.0
2018 217  8  5 1500  -53.1  697.6    9.8  191.0  444.0  444.0
2018 217  8  5 1800  -51.6  696.7    7.6  180.0  444.0  444.0
2018 217  8  5 2100  -50.5  696.3    8.8  174.0  444.0  444.0
2018 218  8  6 0000  -44.6  696.5   10.1  169.0  444.0  444.0
2018 218  8  6 0300  -45.0  696.2    6.2  179.0  444.0  444.0
2018 218  8  6 0600  -45.5  695.2    8.4  180.0  444.0  444.0
2018 218  8  6 0900  -47.0  694.5    8.2  179.0  444.0  444.0
2018 218  8  6 1200  -49.5  693.9    4.1  181.0  444.0  444.0
2018 218  8  6 1500  -50.8  693.0    4.9  177.0  444.0  444.0
2018 218  8  6 1800  -52.4  691.8    3.3  179.0  444.0  444.0
2018 218  8  6 2100  -54.0  691.6    5.7  176.0  444.0  444.0
2018 219  8  7 0000  -55.8  690.8    6.2  187.0  444.0  444.0
2018 219  8  7 0300  -54.9  690.4    6.2  176.0  444.0  444.0
2018 219  8  7 0600  -55.1  690.8    4.7  181.0  444.0  444.0
2018 219  8  7 0900  -55.1  690.6    6.0  180.0  444.0  444.0
2018 219  8  7 1200  -55.1  691.6    6.0  173.0  444.0  444.0
2018 219  8  7 1500  -55.1  692.8    4.7  184.0  444.0  444.0
2018 219  8  7 1800  -54.1  693.6    4.7  188.0  444.0  444.0
2018 219  8  7 2100  -54.4  694.9    3.7  191.0  444.0  444.0
2018 220  8  8 0000  -51.6  696.0    7.4  172.0  444.0  444.0
2018 220  8  8 0300  -52.0  697.2    7.2  169.0  444.0  444.0
2018 220  8  8 0600  -52.4  698.5    7.6  174.0  444.0  444.0
2018 220  8  8 0900  -51.9  699.7    8.8  162.0  444.0  444.0
2018 220  8  8 1200  -51.0  700.9    8.0  172.0  444.0  444.0
2018 220  8  8 1500  -49.4  701.6    6.6  160.0  444.0  444.0
2018 220  8  8 1800  -47.9  702.9    7.8  160.0  444.0  444.0
2018 220  8  8 2100  -47.4  704.1    7.8  152.0  444.0  444.0
2018 221  8  9 0000  -47.0  705.1    8.2  150.0  444.0  444.0
2018 221  8  9 0300  -45.6  706.2    6.8  158.0  444.0  444.0
2018 221  8  9 0600  -44.8  706.3    6.2  149.0  444.0  444.0
2018 221  8  9 0900  -45.9  707.2    8.2  156.0  444.0  444.0
2018 221  8  9 1200  -45.2  707.7    5.7  167.0  444.0  444.0
2018 221  8  9 1500  -45.8  707.5    4.9  172.0  444.0  444.0
2018 221  8  9 1800  -46.9  707.4    3.7  179.0  444.0  444.0
2018 221  8  9 2100  -48.0  707.1    3.7  181.0  444.0  444.0
2018 222  8 10 0000  -45.6  706.9    4.7  180.0  444.0  444.0
2018 222  8 10 0300  -45.1  706.2    4.5  190.0  444.0  444.0
2018 222  8 10 0600  -45.6  705.6    4.7  190.0  444.0  444.0
2018 222  8 10 0900  -47.1  704.8    4.5  193.0  444.0  444.0
2018 222  8 10 1200  -46.6  704.0    4.1  191.0  444.0  444.0
2018 222  8 10 1500  -46.4  702.9    3.9  169.0  444.0  444.0
2018 222  8 10 1800  -49.8  701.8    6.8  162.0  444.0  444.0
2018 222  8 10 2100  -51.1  701.2    9.2  159.0  444.0  444.0
2018 223  8 11 0000  -52.2  700.4    8.6  166.0  444.0  444.0
2018 223  8 11 0300  -51.0  700.6    8.4  160.0  444.0  444.0
2018 223  8 11 0600  -49.8  700.6    7.8  167.0  444.0  444.0
2018 223  8 11 0900  -47.6  699.7    7.6  167.0  444.0  444.0
2018 223  8 11 1200  -43.2  698.1   11.1  163.0  444.0  444.0
2018 223  8 11 1500  -40.1  697.6    9.0  155.0  444.0  444.0
2018 223  8 11 1800  -35.5  696.3   15.6  158.0  444.0  444.0
2018 223  8 11 2100  -34.1  696.1   13.1  153.0  444.0  444.0
2018 224  8 12 0000  -33.6  696.1   15.2  153.0  444.0  444.0
2018 224  8 12 0300  -34.6  696.6   10.1  153.0  444.0  444.0
2018 224  8 12 0600  -37.1  695.8   12.1  155.0  444.0  444.0
2018 224  8 12 0900  -39.1  695.0   15.8  163.0  444.0  444.0
2018 224  8 12 1200  -39.5  694.5   12.7  166.0  444.0  444.0
2018 224  8 12 1500  -40.1  693.8   14.0  165.0  444.0  444.0
2018 224  8 12 1800  -42.4  693.4   10.3  172.0  444.0  444.0
2018 224  8 12 2100  -42.8  693.0   10.5  162.0  444.0  444.0
2018 225  8 13 0000  -42.2  692.8   11.9  156.0  444.0  444.0
2018 225  8 13 0300  -43.0  693.5    9.9  156.0  444.0  444.0
2018 225  8 13 0600  -44.1  692.9   11.5  149.0  444.0  444.0
2018 225  8 13 0900  -44.1  692.5    9.4  166.0  444.0  444.0
2018 225  8 13 1200  -44.5  692.2    9.4  163.0  444.0  444.0
2018 225  8 13 1500  -45.8  691.6    9.6  156.0  444.0  444.0
2018 225  8 13 1800  -47.9  691.2   11.7  172.0  444.0  444.0
2018 225  8 13 2100  -49.6  690.8   14.8  160.0  444.0  444.0
2018 226  8 14 0000  -51.1  690.2   11.5  160.0  444.0  444.0
2018 226  8 14 0300  -51.2  690.2    9.2  146.0  444.0  444.0
2018 226  8 14 0600  -52.0  690.1    9.8  143.0  444.0  444.0
2018 226  8 14 0900  -52.6  691.0    9.9  148.0  444.0  444.0
2018 226  8 14 1200  -52.2  692.3   10.7  148.0  444.0  444.0
2018 226  8 14 1500  -51.1  693.6    9.8  143.0  444.0  444.0
2018 226  8 14 1800  -45.2  694.3   10.7  146.0  444.0  444.0
2018 226  8 14 2100  -42.4  695.6    9.2  139.0  444.0  444.0
2018 227  8 15 0000  -41.2  696.3   11.9  142.0  444.0  444.0
2018 227  8 15 0300  -41.6  697.4   12.9  138.0  444.0  444.0
2018 227  8 15 0600  -40.0  698.8   10.5  134.0  444.0  444.0
2018 227  8 15 0900  -39.5  700.4   10.7  143.0  444.0  444.0
2018 227  8 15 1200  -40.5  702.5    8.0  127.0  444.0  444.0
2018 227  8 15 1500  -40.6  703.1   10.5  125.0  444.0  444.0
2018 227  8 15 1800  -39.8  703.3   13.8  136.0  444.0  444.0
2018 227  8 15 2100  -39.5  704.7   10.7  138.0  444.0  444.0
2018 228  8 16 0000  -38.6  705.9   11.9  134.0  444.0  444.0
2018 228  8 16 0300  -38.1  707.0   10.5  138.0  444.0  444.0
2018 228  8 16 0600  -37.6  707.3   10.7  132.0  444.0  444.0
2018 228  8 16 0900  -36.1  707.1   12.3  132.0  444.0  444.0
2018 228  8 16 1200  -35.9  705.5   14.4  129.0  444.0  444.0
2018 228  8 16 1500  -33.2  703.2   12.9  125.0  444.0  444.0
2018 228  8 16 1800  -31.4  702.8   12.9  115.0  444.0  444.0
2018 228  8 16 2100  -30.2  702.9   11.7  112.0  444.0  444.0
2018 229  8 17 0000  -30.0  702.6   12.5  115.0  444.0  444.0
2018 229  8 17 0300  -29.5  702.7    9.4  117.0  444.0  444.0
2018 229  8 17 0600  -29.0  702.7   10.7  111.0  444.0  444.0
2018 229  8 17 0900  -28.9  703.2    8.2  125.0  444.0  444.0
2018 229  8 17 1200  -27.6  703.5    6.6  117.0  444.0  444.0
2018 229  8 17 1500  -28.9  703.4    8.2  122.0  444.0  444.0
2018 229  8 17 1800  -28.4  703.1    7.8  127.0  444.0  444.0
2018 229  8 17 2100  -28.6  702.9    6.8  117.0  444.0  444.0
2018 230  8 18 0000  -29.0  702.9    6.2  124.0  444.0  444.0
2018 230  8 18 0300  -27.5  702.7    7.2  128.0  444.0  444.0
2018 230  8 18 0600  -30.5  702.7    4.3  132.0  444.0  444.0
2018 230  8 18 0900  -31.4  703.2    5.7  131.0  444.0  444.0
2018 230  8 18 1200  -34.2  703.8  444.0  444.0  444.0  444.0
2018 230  8 18 1500  -31.8  704.0  444.0  444.0  444.0  444.0
2018 230  8 18 1800  -33.2  704.2  444.0  444.0  444.0  444.0
2018 230  8 18 2100  -35.0  704.4  444.0  444.0  444.0  444.0
2018 231  8 19 0000  -35.0  704.6  444.0  444.0  444.0  444.0
2018 231  8 19 0300  -37.4  704.3  444.0  444.0  444.0  444.0
2018 231  8 19 0600  -37.5  703.7  444.0  444.0  444.0  444.0
2018 231  8 19 0900  -37.6  703.3  444.0  444.0  444.0  444.0
2018 231  8 19 1200  -39.5  702.6  444.0  444.0  444.0  444.0
2018 231  8 19 1500  -41.0  701.1  444.0  444.0  444.0  444.0
2018 231  8 19 1800  -40.5  700.3  444.0  444.0  444.0  444.0
2018 231  8 19 2100  -44.5  699.5  444.0  444.0  444.0  444.0
2018 232  8 20 0000  -41.9  698.8    9.2  150.0  444.0  444.0
2018 232  8 20 0300  -39.8  698.5   13.3  139.0  444.0  444.0
2018 232  8 20 0600  -38.0  698.3    9.8  149.0  444.0  444.0
2018 232  8 20 0900  -38.9  697.9   10.5  152.0  444.0  444.0
2018 232  8 20 1200  -41.2  697.6   10.1  146.0  444.0  444.0
2018 232  8 20 1500  -42.4  695.6    7.4  158.0  444.0  444.0
2018 232  8 20 1800  -44.9  694.1    7.8  156.0  444.0  444.0
2018 232  8 20 2100  -45.1  692.8    7.8  159.0  444.0  444.0
2018 233  8 21 0000  -45.8  691.4    6.8  159.0  444.0  444.0
2018 233  8 21 0300  -46.6  690.2    7.6  149.0  444.0  444.0
2018 233  8 21 0600  -47.5  689.2    5.8  159.0  444.0  444.0
2018 233  8 21 0900  -49.2  688.8    7.0  162.0  444.0  444.0
2018 233  8 21 1200  -49.9  688.5    6.6  162.0  444.0  444.0
2018 233  8 21 1500  -49.9  688.2    6.0  160.0  444.0  444.0
2018 233  8 21 1800  -50.8  688.3    4.9  159.0  444.0  444.0
2018 233  8 21 2100  -52.8  688.6    5.7  165.0  444.0  444.0
2018 234  8 22 0000  -52.0  688.5    5.3  156.0  444.0  444.0
2018 234  8 22 0300  -51.9  689.0    3.3  158.0  444.0  444.0
2018 234  8 22 0600  -52.4  689.2  444.0  444.0  444.0  444.0
2018 234  8 22 0900  -54.4  689.5  444.0  444.0  444.0  444.0
2018 234  8 22 1200  -54.8  690.2  444.0  444.0  444.0  444.0
2018 234  8 22 1500  -55.5  690.3  444.0  444.0  444.0  444.0
2018 234  8 22 1800  -55.8  690.5  444.0  444.0  444.0  444.0
2018 234  8 22 2100  -56.0  691.3  444.0  444.0  444.0  444.0
2018 235  8 23 0000  -56.1  691.8    6.4  160.0  444.0  444.0
2018 235  8 23 0300  -54.8  692.2    6.4  149.0  444.0  444.0
2018 235  8 23 0600  -54.9  692.7    6.4  156.0  444.0  444.0
2018 235  8 23 0900  -55.4  693.2    5.8  153.0  444.0  444.0
2018 235  8 23 1200  -55.6  693.3    6.0  160.0  444.0  444.0
2018 235  8 23 1500  -53.6  693.5    7.2  153.0  444.0  444.0
2018 235  8 23 1800  -52.8  693.6    5.5  143.0  444.0  444.0
2018 235  8 23 2100  -52.0  693.7    6.4  159.0  444.0  444.0
2018 236  8 24 0000  -52.8  694.2    5.3  149.0  444.0  444.0
2018 236  8 24 0300  -51.9  694.0    5.8  145.0  444.0  444.0
2018 236  8 24 0600  -50.4  693.7    3.9  149.0  444.0  444.0
2018 236  8 24 0900  -51.0  693.5    4.7  158.0  444.0  444.0
2018 236  8 24 1200  -49.4  693.4    6.0  148.0  444.0  444.0
2018 236  8 24 1500  -50.5  692.7    5.8  135.0  444.0  444.0
2018 236  8 24 1800  -51.0  691.9    5.8  152.0  444.0  444.0
2018 236  8 24 2100  -51.9  691.5    4.5  153.0  444.0  444.0
2018 237  8 25 0000  -51.9  690.5    5.3  153.0  444.0  444.0
2018 237  8 25 0300  -49.8  689.4    6.8  143.0  444.0  444.0
2018 237  8 25 0600  -50.5  687.9    5.7  152.0  444.0  444.0
2018 237  8 25 0900  -51.9  687.0    4.9  162.0  444.0  444.0
2018 237  8 25 1200  -55.0  685.7    4.7  160.0  444.0  444.0
2018 237  8 25 1500  -56.4  684.4    7.8  160.0  444.0  444.0
2018 237  8 25 1800  -57.8  683.5    9.0  158.0  444.0  444.0
2018 237  8 25 2100  -59.1  683.3    8.0  152.0  444.0  444.0
2018 238  8 26 0000  -60.2  683.2    8.8  162.0  444.0  444.0
2018 238  8 26 0300  -58.1  682.9    9.0  153.0  444.0  444.0
2018 238  8 26 0600  -57.0  682.6    9.2  153.0  444.0  444.0
2018 238  8 26 0900  -56.5  683.0    8.0  150.0  444.0  444.0
2018 238  8 26 1200  -57.9  683.0    8.6  165.0  444.0  444.0
2018 238  8 26 1500  -58.4  683.0    8.6  163.0  444.0  444.0
2018 238  8 26 1800  -58.9  682.9    7.8  160.0  444.0  444.0
2018 238  8 26 2100  -59.4  683.2    7.4  155.0  444.0  444.0
2018 239  8 27 0000  -59.9  683.2    9.4  155.0  444.0  444.0
2018 239  8 27 0300  -59.0  683.3    7.2  146.0  444.0  444.0
2018 239  8 27 0600  -58.9  683.6    6.4  148.0  444.0  444.0
2018 239  8 27 0900  -57.6  683.7    7.2  141.0  444.0  444.0
2018 239  8 27 1200  -56.6  683.6    6.8  150.0  444.0  444.0
2018 239  8 27 1500  -55.1  683.4    4.7  149.0  444.0  444.0
2018 239  8 27 1800  -58.1  682.8    3.3  156.0  444.0  444.0
2018 239  8 27 2100  -57.8  682.6    3.7  159.0  444.0  444.0
2018 240  8 28 0000  -56.5  681.9    4.3  159.0  444.0  444.0
2018 240  8 28 0300  -54.9  680.6    4.7  162.0  444.0  444.0
2018 240  8 28 0600  -56.5  678.8    3.9  163.0  444.0  444.0
2018 240  8 28 0900  -59.4  677.1  444.0  444.0  444.0  444.0
2018 240  8 28 1200  -60.0  675.7  444.0  444.0  444.0  444.0
2018 240  8 28 1500  -60.8  673.7  444.0  444.0  444.0  444.0
2018 240  8 28 1800  -60.6  672.5  444.0  444.0  444.0  444.0
2018 240  8 28 2100  -62.6  671.1  444.0  444.0  444.0  444.0
2018 241  8 29 0000  -62.4  670.0    7.4  163.0  444.0  444.0
2018 241  8 29 0300  -60.8  669.3    7.6  153.0  444.0  444.0
2018 241  8 29 0600  -60.8  668.6    8.8  156.0  444.0  444.0
2018 241  8 29 0900  -60.2  669.0    8.4  149.0  444.0  444.0
2018 241  8 29 1200  -59.9  669.2   11.5  150.0  444.0  444.0
2018 241  8 29 1500  -60.0  669.8    8.6  155.0  444.0  444.0
2018 241  8 29 1800  -59.9  670.4    9.6  141.0  444.0  444.0
2018 241  8 29 2100  -58.2  671.2   11.5  134.0  444.0  444.0
2018 242  8 30 0000  -56.9  671.8    9.6  138.0  444.0  444.0
2018 242  8 30 0300  -54.1  673.1    5.7  131.0  444.0  444.0
2018 242  8 30 0600  -52.2  674.5    9.0  143.0  444.0  444.0
2018 242  8 30 0900  -54.0  676.0    6.8  138.0  444.0  444.0
2018 242  8 30 1200  -54.1  677.7    8.6  136.0  444.0  444.0
2018 242  8 30 1500  -54.4  678.8    8.0  155.0  444.0  444.0
2018 242  8 30 1800  -52.9  679.8    9.4  143.0  444.0  444.0
2018 242  8 30 2100  -50.8  680.6   10.9  149.0  444.0  444.0
2018 243  8 31 0000  -49.8  682.9    6.6  138.0  444.0  444.0
2018 243  8 31 0300  -49.2  683.2   11.9  152.0  444.0  444.0
2018 243  8 31 0600  -49.0  684.5    8.6  134.0  444.0  444.0
2018 243  8 31 0900  -49.8  685.6    8.4  132.0  444.0  444.0
2018 243  8 31 1200  -51.6  686.4    5.7  145.0  444.0  444.0
2018 243  8 31 1500  -53.2  687.0    6.0  153.0  444.0  444.0
2018 243  8 31 1800  -53.2  687.0    7.2  150.0  444.0  444.0
2018 243  8 31 2100  -52.9  686.7    8.2  145.0  444.0  444.0
