Year: 2018  Month: 06  ID: D85  ARGOS:  8912  Name: D-85                
Lat: 70.43S  Lon: 134.15E  Elev: 2651m
2018 152  6  1 0000  -46.5  710.0    7.4  149.0  444.0  444.0
2018 152  6  1 0300  -47.0  710.4    7.8  148.0  444.0  444.0
2018 152  6  1 0600  -47.6  710.2    7.4  153.0  444.0  444.0
2018 152  6  1 0900  -46.4  710.4    8.0  139.0  444.0  444.0
2018 152  6  1 1200  -44.9  710.4    8.2  150.0  444.0  444.0
2018 152  6  1 1500  -44.8  710.7    5.5  150.0  444.0  444.0
2018 152  6  1 1800  -46.2  711.2    6.0  150.0  444.0  444.0
2018 152  6  1 2100  -45.8  711.5    6.8  162.0  444.0  444.0
2018 153  6  2 0000  -48.2  711.5    3.5  179.0  444.0  444.0
2018 153  6  2 0300  -48.4  711.2    3.9  186.0  444.0  444.0
2018 153  6  2 0600  -49.4  710.5    3.7  191.0  444.0  444.0
2018 153  6  2 0900  -50.0  709.2    2.5  195.0  444.0  444.0
2018 153  6  2 1200  -49.4  707.4    4.7  198.0  444.0  444.0
2018 153  6  2 1500  -53.6  706.0    4.1  188.0  444.0  444.0
2018 153  6  2 1800  -54.5  705.1    6.2  179.0  444.0  444.0
2018 153  6  2 2100  -55.6  704.2    7.0  180.0  444.0  444.0
2018 154  6  3 0000  -54.2  703.1    6.8  180.0  444.0  444.0
2018 154  6  3 0300  -51.4  702.2    9.9  173.0  444.0  444.0
2018 154  6  3 0600  -50.1  700.9   10.1  162.0  444.0  444.0
2018 154  6  3 0900  -47.2  698.9    8.8  169.0  444.0  444.0
2018 154  6  3 1200  -43.2  697.4    7.6  167.0  444.0  444.0
2018 154  6  3 1500  -43.6  694.1    6.6  181.0  444.0  444.0
2018 154  6  3 1800  -43.5  689.8    5.1  208.0  444.0  444.0
2018 154  6  3 2100  -45.5  685.9    4.7  174.0  444.0  444.0
2018 155  6  4 0000  -47.2  683.2    8.4  184.0  444.0  444.0
2018 155  6  4 0300  -47.2  681.9    7.4  156.0  444.0  444.0
2018 155  6  4 0600  -46.5  681.7   10.5  169.0  444.0  444.0
2018 155  6  4 0900  -46.9  682.8   11.1  156.0  444.0  444.0
2018 155  6  4 1200  -47.5  683.7   12.7  160.0  444.0  444.0
2018 155  6  4 1500  -49.4  685.7   12.1  149.0  444.0  444.0
2018 155  6  4 1800  -49.0  687.0   10.9  160.0  444.0  444.0
2018 155  6  4 2100  -48.9  687.6   10.9  146.0  444.0  444.0
2018 156  6  5 0000  -49.6  687.2    9.8  152.0  444.0  444.0
2018 156  6  5 0300  -49.9  686.8    9.4  155.0  444.0  444.0
2018 156  6  5 0600  -50.4  687.1   11.1  159.0  444.0  444.0
2018 156  6  5 0900  -50.4  687.4   11.1  152.0  444.0  444.0
2018 156  6  5 1200  -51.4  688.3   11.1  163.0  444.0  444.0
2018 156  6  5 1500  -52.8  688.9    8.8  173.0  444.0  444.0
2018 156  6  5 1800  -54.5  689.3    5.8  160.0  444.0  444.0
2018 156  6  5 2100  -54.0  688.9    9.8  177.0  444.0  444.0
2018 157  6  6 0000  -51.6  689.1    9.6  167.0  444.0  444.0
2018 157  6  6 0300  -49.4  690.2    9.0  158.0  444.0  444.0
2018 157  6  6 0600  -49.2  691.2    9.4  174.0  444.0  444.0
2018 157  6  6 0900  -47.4  692.7    8.6  186.0  444.0  444.0
2018 157  6  6 1200  -45.2  694.8   10.7  188.0  444.0  444.0
2018 157  6  6 1500  -42.8  696.2    7.8  177.0  444.0  444.0
2018 157  6  6 1800  -43.1  698.1    7.4  198.0  444.0  444.0
2018 157  6  6 2100  -43.9  699.4    6.8  197.0  444.0  444.0
2018 158  6  7 0000  -44.5  700.0    7.0  222.0  444.0  444.0
2018 158  6  7 0300  -45.9  699.7    4.5  207.0  444.0  444.0
2018 158  6  7 0600  -44.8  699.5    5.8  211.0  444.0  444.0
2018 158  6  7 0900  -43.5  699.0    9.0  212.0  444.0  444.0
2018 158  6  7 1200  -44.0  698.8    7.4  212.0  444.0  444.0
2018 158  6  7 1500  -44.1  698.2    7.8  212.0  444.0  444.0
2018 158  6  7 1800  -45.4  697.4    6.6  215.0  444.0  444.0
2018 158  6  7 2100  -45.8  696.4    8.6  210.0  444.0  444.0
2018 159  6  8 0000  -46.5  696.2    9.8  207.0  444.0  444.0
2018 159  6  8 0300  -46.9  695.4    8.6  215.0  444.0  444.0
2018 159  6  8 0600  -44.8  694.5    8.4  197.0  444.0  444.0
2018 159  6  8 0900  -44.9  694.6    6.6  166.0  444.0  444.0
2018 159  6  8 1200  -45.9  695.0    7.0  204.0  444.0  444.0
2018 159  6  8 1500  -45.6  695.4    8.0  166.0  444.0  444.0
2018 159  6  8 1800  -45.6  695.3    7.2  183.0  444.0  444.0
2018 159  6  8 2100  -44.8  695.3    7.4  215.0  444.0  444.0
2018 160  6  9 0000  -43.9  695.1    7.0  219.0  444.0  444.0
2018 160  6  9 0300  -44.8  695.4    6.6  210.0  444.0  444.0
2018 160  6  9 0600  -45.9  695.7    5.5  202.0  444.0  444.0
2018 160  6  9 0900  -45.9  695.5    6.2  201.0  444.0  444.0
2018 160  6  9 1200  -47.0  695.8    5.7  219.0  444.0  444.0
2018 160  6  9 1500  -46.5  695.7    4.9  211.0  444.0  444.0
2018 160  6  9 1800  -46.9  695.4    6.0  202.0  444.0  444.0
2018 160  6  9 2100  -48.4  694.9    4.3  212.0  444.0  444.0
2018 161  6 10 0000  -49.6  694.5    4.5  215.0  444.0  444.0
2018 161  6 10 0300  -49.9  693.9    2.5  219.0  444.0  444.0
2018 161  6 10 0600  -49.0  693.1    3.7  195.0  444.0  444.0
2018 161  6 10 0900  -48.1  692.9    4.9  191.0  444.0  444.0
2018 161  6 10 1200  -47.8  693.5    5.7  197.0  444.0  444.0
2018 161  6 10 1500  -49.4  693.9    6.4  198.0  444.0  444.0
2018 161  6 10 1800  -50.4  694.6    4.3  211.0  444.0  444.0
2018 161  6 10 2100  -49.2  695.1    4.5  201.0  444.0  444.0
2018 162  6 11 0000  -49.6  695.8    3.9  211.0  444.0  444.0
2018 162  6 11 0300  -49.0  696.2    3.9  204.0  444.0  444.0
2018 162  6 11 0600  -49.9  696.3    4.5  204.0  444.0  444.0
2018 162  6 11 0900  -49.2  696.2    5.7  191.0  444.0  444.0
2018 162  6 11 1200  -49.2  696.6    5.3  207.0  444.0  444.0
2018 162  6 11 1500  -49.6  696.4    5.8  200.0  444.0  444.0
2018 162  6 11 1800  -50.0  695.8    4.5  211.0  444.0  444.0
2018 162  6 11 2100  -51.0  695.7    4.7  211.0  444.0  444.0
2018 163  6 12 0000  -51.4  695.5    3.7  215.0  444.0  444.0
2018 163  6 12 0300  -52.4  695.1    4.9  226.0  444.0  444.0
2018 163  6 12 0600  -53.2  694.7    6.0  222.0  444.0  444.0
2018 163  6 12 0900  -54.4  694.7    4.1  238.0  444.0  444.0
2018 163  6 12 1200  -54.9  694.3    4.7  239.0  444.0  444.0
2018 163  6 12 1500  -55.8  694.2    4.3  225.0  444.0  444.0
2018 163  6 12 1800  -55.2  694.0    3.7  205.0  444.0  444.0
2018 163  6 12 2100  -56.8  694.5    4.9  210.0  444.0  444.0
2018 164  6 13 0000  -56.4  696.0    6.0  205.0  444.0  444.0
2018 164  6 13 0300  -54.6  697.6    7.2  201.0  444.0  444.0
2018 164  6 13 0600  -53.2  699.6    7.6  207.0  444.0  444.0
2018 164  6 13 0900  -53.4  701.4    5.1  179.0  444.0  444.0
2018 164  6 13 1200  -53.5  703.1    6.0  188.0  444.0  444.0
2018 164  6 13 1500  -53.6  704.0    6.2  200.0  444.0  444.0
2018 164  6 13 1800  -53.0  704.3    6.6  198.0  444.0  444.0
2018 164  6 13 2100  -52.8  705.3    5.3  211.0  444.0  444.0
2018 165  6 14 0000  -52.8  705.3    7.0  188.0  444.0  444.0
2018 165  6 14 0300  -52.0  705.6    5.8  205.0  444.0  444.0
2018 165  6 14 0600  -53.1  706.3    4.9  218.0  444.0  444.0
2018 165  6 14 0900  -52.9  706.6    5.3  217.0  444.0  444.0
2018 165  6 14 1200  -52.6  706.9    5.3  204.0  444.0  444.0
2018 165  6 14 1500  -51.9  707.2    6.0  193.0  444.0  444.0
2018 165  6 14 1800  -55.1  707.7    5.8  202.0  444.0  444.0
2018 165  6 14 2100  -53.5  708.0    5.5  194.0  444.0  444.0
2018 166  6 15 0000  -52.8  708.8    4.9  210.0  444.0  444.0
2018 166  6 15 0300  -51.4  708.8    7.2  201.0  444.0  444.0
2018 166  6 15 0600  -52.0  709.0    7.0  200.0  444.0  444.0
2018 166  6 15 0900  -48.6  709.0    6.2  207.0  444.0  444.0
2018 166  6 15 1200  -49.4  709.1    6.6  225.0  444.0  444.0
2018 166  6 15 1500  -50.4  709.8    7.0  214.0  444.0  444.0
2018 166  6 15 1800  -49.8  708.7    8.0  198.0  444.0  444.0
2018 166  6 15 2100  -48.8  709.3    7.0  207.0  444.0  444.0
2018 167  6 16 0000  -48.1  708.0    7.8  202.0  444.0  444.0
2018 167  6 16 0300  -50.8  707.0    5.5  197.0  444.0  444.0
2018 167  6 16 0600  -53.5  706.3    4.5  190.0  444.0  444.0
2018 167  6 16 0900  -51.6  705.5    3.9  167.0  444.0  444.0
2018 167  6 16 1200  -51.6  704.3    4.3  160.0  444.0  444.0
2018 167  6 16 1500  -54.9  703.7    7.2  167.0  444.0  444.0
2018 167  6 16 1800  -55.2  703.4    6.0  167.0  444.0  444.0
2018 167  6 16 2100  -55.6  703.0    8.8  156.0  444.0  444.0
2018 168  6 17 0000  -54.6  703.5    9.2  167.0  444.0  444.0
2018 168  6 17 0300  -53.0  703.4    9.9  169.0  444.0  444.0
2018 168  6 17 0600  -52.4  704.3    7.8  165.0  444.0  444.0
2018 168  6 17 0900  -52.0  704.8    7.0  188.0  444.0  444.0
2018 168  6 17 1200  -51.1  704.6    5.1  200.0  444.0  444.0
2018 168  6 17 1500  -49.5  705.0    6.0  180.0  444.0  444.0
2018 168  6 17 1800  -49.5  705.6    5.1  170.0  444.0  444.0
2018 168  6 17 2100  -49.9  705.9    5.1  170.0  444.0  444.0
2018 169  6 18 0000  -50.6  705.5    7.0  167.0  444.0  444.0
2018 169  6 18 0300  -50.4  706.1    5.1  159.0  444.0  444.0
2018 169  6 18 0600  -50.5  705.6    6.8  150.0  444.0  444.0
2018 169  6 18 0900  -50.2  705.2    7.6  136.0  444.0  444.0
2018 169  6 18 1200  -47.6  703.3    8.2  134.0  444.0  444.0
2018 169  6 18 1500  -46.0  700.7   11.5  142.0  444.0  444.0
2018 169  6 18 1800  -43.6  698.7   11.3  153.0  444.0  444.0
2018 169  6 18 2100  -41.4  697.9   10.7  136.0  444.0  444.0
2018 170  6 19 0000  -40.9  696.8   13.8  125.0  444.0  444.0
2018 170  6 19 0300  -41.9  696.3   10.7  142.0  444.0  444.0
2018 170  6 19 0600  -43.9  696.4   11.5  142.0  444.0  444.0
2018 170  6 19 0900  -45.0  697.4   10.1  159.0  444.0  444.0
2018 170  6 19 1200  -46.4  698.9    8.2  173.0  444.0  444.0
2018 170  6 19 1500  -49.8  699.9    4.9  179.0  444.0  444.0
2018 170  6 19 1800  -52.4  701.9    2.9  173.0  444.0  444.0
2018 170  6 19 2100  -53.1  703.3    4.1  176.0  444.0  444.0
2018 171  6 20 0000  -53.6  705.1    4.1  167.0  444.0  444.0
2018 171  6 20 0300  -54.0  706.6    5.1  184.0  444.0  444.0
2018 171  6 20 0600  -54.0  707.7    5.3  179.0  444.0  444.0
2018 171  6 20 0900  -53.0  708.0    6.2  176.0  444.0  444.0
2018 171  6 20 1200  -51.8  708.5    6.2  166.0  444.0  444.0
2018 171  6 20 1500  -51.2  708.8    4.5  174.0  444.0  444.0
2018 171  6 20 1800  -50.5  707.8    5.1  166.0  444.0  444.0
2018 171  6 20 2100  -48.6  707.8    5.3  163.0  444.0  444.0
2018 172  6 21 0000  -48.1  707.4    5.3  156.0  444.0  444.0
2018 172  6 21 0300  -46.9  706.9    4.3  172.0  444.0  444.0
2018 172  6 21 0600  -46.9  706.2    5.8  163.0  444.0  444.0
2018 172  6 21 0900  -47.8  705.8    4.7  169.0  444.0  444.0
2018 172  6 21 1200  -48.5  705.3    4.1  173.0  444.0  444.0
2018 172  6 21 1500  -51.1  704.1    3.5  197.0  444.0  444.0
2018 172  6 21 1800  -51.1  702.7    3.3  200.0  444.0  444.0
2018 172  6 21 2100  -50.5  701.8    3.5  210.0  444.0  444.0
2018 173  6 22 0000  -49.2  700.5    4.3  212.0  444.0  444.0
2018 173  6 22 0300  -52.4  700.0    3.3  188.0  444.0  444.0
2018 173  6 22 0600  -54.0  699.6    4.5  197.0  444.0  444.0
2018 173  6 22 0900  -54.1  699.6    5.1  186.0  444.0  444.0
2018 173  6 22 1200  -53.4  699.5    6.0  183.0  444.0  444.0
2018 173  6 22 1500  -52.4  699.6    6.2  183.0  444.0  444.0
2018 173  6 22 1800  -51.4  699.7    7.6  190.0  444.0  444.0
2018 173  6 22 2100  -51.1  700.5    5.5  186.0  444.0  444.0
2018 174  6 23 0000  -50.5  701.1    6.4  188.0  444.0  444.0
2018 174  6 23 0300  -49.8  701.6    6.2  193.0  444.0  444.0
2018 174  6 23 0600  -49.5  702.2    6.0  183.0  444.0  444.0
2018 174  6 23 0900  -49.9  702.9    5.5  200.0  444.0  444.0
2018 174  6 23 1200  -50.8  703.1    5.3  202.0  444.0  444.0
2018 174  6 23 1500  -51.4  702.7    4.7  188.0  444.0  444.0
2018 174  6 23 1800  -52.5  702.6    5.8  183.0  444.0  444.0
2018 174  6 23 2100  -53.4  702.2    6.8  187.0  444.0  444.0
2018 175  6 24 0000  -52.8  702.0    6.4  195.0  444.0  444.0
2018 175  6 24 0300  -52.1  701.5    7.6  187.0  444.0  444.0
2018 175  6 24 0600  -52.0  701.5    5.1  200.0  444.0  444.0
2018 175  6 24 0900  -51.6  701.3    7.6  188.0  444.0  444.0
2018 175  6 24 1200  -52.0  701.3    6.6  193.0  444.0  444.0
2018 175  6 24 1500  -52.8  700.8    6.2  190.0  444.0  444.0
2018 175  6 24 1800  -54.0  700.5    6.8  190.0  444.0  444.0
2018 175  6 24 2100  -54.9  699.9    5.7  191.0  444.0  444.0
2018 176  6 25 0000  -55.9  699.4    5.8  194.0  444.0  444.0
2018 176  6 25 0300  -56.6  697.9    5.3  186.0  444.0  444.0
2018 176  6 25 0600  -58.0  696.6    5.3  194.0  444.0  444.0
2018 176  6 25 0900  -57.2  694.7    6.2  177.0  444.0  444.0
2018 176  6 25 1200  -57.9  693.7    5.8  179.0  444.0  444.0
2018 176  6 25 1500  -56.6  692.9    5.5  167.0  444.0  444.0
2018 176  6 25 1800  -56.4  692.0    5.7  163.0  444.0  444.0
2018 176  6 25 2100  -55.1  691.9    5.5  166.0  444.0  444.0
2018 177  6 26 0000  -54.0  692.0    8.4  155.0  444.0  444.0
2018 177  6 26 0300  -54.1  692.2    5.8  158.0  444.0  444.0
2018 177  6 26 0600  -54.8  692.4    6.0  163.0  444.0  444.0
2018 177  6 26 0900  -53.6  693.5    8.2  153.0  444.0  444.0
2018 177  6 26 1200  -54.0  694.8    7.0  146.0  444.0  444.0
2018 177  6 26 1500  -54.4  695.9    5.1  160.0  444.0  444.0
2018 177  6 26 1800  -54.9  697.2    4.9  163.0  444.0  444.0
2018 177  6 26 2100  -53.6  698.5    6.4  152.0  444.0  444.0
2018 178  6 27 0000  -54.6  699.5    6.0  158.0  444.0  444.0
2018 178  6 27 0300  -54.4  699.9    5.1  142.0  444.0  444.0
2018 178  6 27 0600  -56.6  699.9    4.1  158.0  444.0  444.0
2018 178  6 27 0900  -59.4  700.2    2.9  179.0  444.0  444.0
2018 178  6 27 1200  -60.0  700.0    4.5  197.0  444.0  444.0
2018 178  6 27 1500  -60.4  699.9    3.9  204.0  444.0  444.0
2018 178  6 27 1800  -60.9  699.3    4.3  205.0  444.0  444.0
2018 178  6 27 2100  -61.1  699.2    5.1  211.0  444.0  444.0
2018 179  6 28 0000  -61.1  698.5    4.5  210.0  444.0  444.0
2018 179  6 28 0300  -60.9  697.7    5.3  208.0  444.0  444.0
2018 179  6 28 0600  -60.9  697.3    5.1  201.0  444.0  444.0
2018 179  6 28 0900  -60.2  696.4    5.1  207.0  444.0  444.0
2018 179  6 28 1200  -60.0  696.3    5.7  195.0  444.0  444.0
2018 179  6 28 1500  -60.0  695.2    5.1  191.0  444.0  444.0
2018 179  6 28 1800  -60.0  694.9    5.1  205.0  444.0  444.0
2018 179  6 28 2100  -59.9  694.3    5.3  201.0  444.0  444.0
2018 180  6 29 0000  -59.8  694.1    4.5  195.0  444.0  444.0
2018 180  6 29 0300  -59.8  694.0    5.7  197.0  444.0  444.0
2018 180  6 29 0600  -59.1  694.4    5.7  193.0  444.0  444.0
2018 180  6 29 0900  -58.2  694.7    5.7  204.0  444.0  444.0
2018 180  6 29 1200  -57.8  695.2    6.2  201.0  444.0  444.0
2018 180  6 29 1500  -57.8  695.4    5.8  198.0  444.0  444.0
2018 180  6 29 1800  -57.8  695.8    4.5  195.0  444.0  444.0
2018 180  6 29 2100  -57.8  695.9    6.4  195.0  444.0  444.0
2018 181  6 30 0000  -57.2  695.6    7.0  194.0  444.0  444.0
2018 181  6 30 0300  -57.5  695.0    6.6  201.0  444.0  444.0
2018 181  6 30 0600  -57.9  694.4    6.4  194.0  444.0  444.0
2018 181  6 30 0900  -57.8  693.4    4.9  186.0  444.0  444.0
2018 181  6 30 1200  -58.4  692.1    6.2  176.0  444.0  444.0
2018 181  6 30 1500  -57.9  690.8    8.0  165.0  444.0  444.0
2018 181  6 30 1800  -57.5  689.3    9.2  162.0  444.0  444.0
2018 181  6 30 2100  -57.2  687.9    8.4  163.0  444.0  444.0
