Year: 2018  Month: 12  ID: D85  ARGOS:  8912  Name: D-85                
Lat: 70.43S  Lon: 134.15E  Elev: 2651m
2018 335 12  1 0000  -27.9  702.4    5.3  159.0  444.0  444.0
2018 335 12  1 0300  -24.3  701.8    7.0  152.0  444.0  444.0
2018 335 12  1 0600  -22.3  701.4    5.7  163.0  444.0  444.0
2018 335 12  1 0900  -23.5  700.8    4.7  176.0  444.0  444.0
2018 335 12  1 1200  -28.4  700.4    4.5  177.0  444.0  444.0
2018 335 12  1 1500  -32.6  700.4    4.7  174.0  444.0  444.0
2018 335 12  1 1800  -33.5  700.0    5.8  167.0  444.0  444.0
2018 335 12  1 2100  -30.5  699.9    8.0  152.0  444.0  444.0
2018 336 12  2 0000  -28.1  699.5    7.6  146.0  444.0  444.0
2018 336 12  2 0300  -25.1  698.9    9.2  141.0  444.0  444.0
2018 336 12  2 0600  -24.3  698.7    9.8  128.0  444.0  444.0
2018 336 12  2 0900  -25.3  698.4    6.8  135.0  444.0  444.0
2018 336 12  2 1200  -29.6  698.6    4.5  145.0  444.0  444.0
2018 336 12  2 1500  -33.8  697.6    5.1  152.0  444.0  444.0
2018 336 12  2 1800  -34.1  696.9    7.6  148.0  444.0  444.0
2018 336 12  2 2100  -31.4  696.2    8.4  149.0  444.0  444.0
2018 337 12  3 0000  -26.9  695.2   10.1  142.0  444.0  444.0
2018 337 12  3 0300  -24.3  693.9   10.3  141.0  444.0  444.0
2018 337 12  3 0600  -22.9  692.9   11.5  135.0  444.0  444.0
2018 337 12  3 0900  -22.6  692.3   10.3  131.0  444.0  444.0
2018 337 12  3 1200  -23.3  692.2    8.0  129.0  444.0  444.0
2018 337 12  3 1500  -24.0  692.1    8.2  128.0  444.0  444.0
2018 337 12  3 1800  -24.6  692.2    7.0  134.0  444.0  444.0
2018 337 12  3 2100  -24.3  692.8    6.8  113.0  444.0  444.0
2018 338 12  4 0000  -21.6  693.8    7.6   98.0  444.0  444.0
2018 338 12  4 0300  -18.6  694.9    7.0   83.0  444.0  444.0
2018 338 12  4 0600  -16.6  695.7    6.6   59.0  444.0  444.0
2018 338 12  4 0900  -16.8  696.8    7.4   41.0  444.0  444.0
2018 338 12  4 1200  -17.8  698.0    3.3   60.0  444.0  444.0
2018 338 12  4 1500  -19.8  698.6    4.3   62.0  444.0  444.0
2018 338 12  4 1800  -23.3  699.1    3.3   77.0  444.0  444.0
2018 338 12  4 2100  -22.0  699.9    3.7   76.0  444.0  444.0
2018 339 12  5 0000  -19.9  699.8    3.9   87.0  444.0  444.0
2018 339 12  5 0300  -18.9  699.3    5.8   77.0  444.0  444.0
2018 339 12  5 0600  -17.9  698.3    6.6   84.0  444.0  444.0
2018 339 12  5 0900  -19.0  697.4    5.5  100.0  444.0  444.0
2018 339 12  5 1200  -23.5  696.9    5.1  118.0  444.0  444.0
2018 339 12  5 1500  -26.9  696.3    3.1  127.0  444.0  444.0
2018 339 12  5 1800  -26.9  695.7    3.3  143.0  444.0  444.0
2018 339 12  5 2100  -25.9  695.2    3.9  143.0  444.0  444.0
2018 340 12  6 0000  -22.6  694.6    5.8  122.0  444.0  444.0
2018 340 12  6 0300  -20.5  693.5    6.8  120.0  444.0  444.0
2018 340 12  6 0600  -19.3  692.7    6.0   94.0  444.0  444.0
2018 340 12  6 0900  -19.6  692.3    3.3  107.0  444.0  444.0
2018 340 12  6 1200  -22.0  692.3    2.1   75.0  444.0  444.0
2018 340 12  6 1500  -22.4  692.3    3.1   84.0  444.0  444.0
2018 340 12  6 1800  -24.4  692.4    3.5  118.0  444.0  444.0
2018 340 12  6 2100  -27.9  692.9    5.7  150.0  444.0  444.0
2018 341 12  7 0000  -26.0  693.5    4.3  145.0  444.0  444.0
2018 341 12  7 0300  -23.5  693.6    4.9  128.0  444.0  444.0
2018 341 12  7 0600  -22.0  693.7    5.1  136.0  444.0  444.0
2018 341 12  7 0900  -22.6  694.1    5.7  114.0  444.0  444.0
2018 341 12  7 1200  -26.6  694.7    3.3  131.0  444.0  444.0
2018 341 12  7 1500  -29.1  694.9    3.3  156.0  444.0  444.0
2018 341 12  7 1800  -30.8  695.2    3.5  149.0  444.0  444.0
2018 341 12  7 2100  -27.3  695.5    5.7  111.0  444.0  444.0
2018 342 12  8 0000  -23.4  695.7    7.6  104.0  444.0  444.0
2018 342 12  8 0300  -20.9  695.7    8.2   91.0  444.0  444.0
2018 342 12  8 0600  -19.1  696.1    8.2   60.0  444.0  444.0
2018 342 12  8 0900  -20.4  696.8    6.4   44.0  444.0  444.0
2018 342 12  8 1200  -22.9  698.1    1.9   59.0  444.0  444.0
2018 342 12  8 1500  -23.3  699.0    2.3   55.0  444.0  444.0
2018 342 12  8 1800  -21.9  699.7    3.1   62.0  444.0  444.0
2018 342 12  8 2100  -24.8  700.7    2.1  100.0  444.0  444.0
2018 343 12  9 0000  -21.9  700.6    3.5   90.0  444.0  444.0
2018 343 12  9 0300  -20.1  700.8    3.9   60.0  444.0  444.0
2018 343 12  9 0600  -20.0  700.9    4.1   73.0  444.0  444.0
2018 343 12  9 0900  -20.6  700.7    1.8   72.0  444.0  444.0
2018 343 12  9 1200  -23.3  700.3    2.3  125.0  444.0  444.0
2018 343 12  9 1500  -26.8  700.0    2.5  145.0  444.0  444.0
2018 343 12  9 1800  -28.5  699.5    2.7  163.0  444.0  444.0
2018 343 12  9 2100  -26.9  698.8    4.7  145.0  444.0  444.0
2018 344 12 10 0000  -23.6  697.9    6.0  138.0  444.0  444.0
2018 344 12 10 0300  -20.9  697.0    7.8  120.0  444.0  444.0
2018 344 12 10 0600  -21.1  696.2    7.2  114.0  444.0  444.0
2018 344 12 10 0900  -21.4  695.6    7.2  138.0  444.0  444.0
2018 344 12 10 1200  -23.8  695.7    6.8  142.0  444.0  444.0
2018 344 12 10 1500  -29.8  695.0    6.8  162.0  444.0  444.0
2018 344 12 10 1800  -31.1  694.9    7.8  173.0  444.0  444.0
2018 344 12 10 2100  -29.6  695.1    6.6  155.0  444.0  444.0
2018 345 12 11 0000  -25.6  695.4    8.4  142.0  444.0  444.0
2018 345 12 11 0300  -23.9  695.6    9.2  124.0  444.0  444.0
2018 345 12 11 0600  -23.6  696.3    7.8  122.0  444.0  444.0
2018 345 12 11 0900  -24.5  696.9    5.8  129.0  444.0  444.0
2018 345 12 11 1200  -28.5  697.6    4.9  143.0  444.0  444.0
2018 345 12 11 1500  -32.3  698.0    5.1  153.0  444.0  444.0
2018 345 12 11 1800  -32.3  698.2    5.3  153.0  444.0  444.0
2018 345 12 11 2100  -28.0  698.4    7.2  122.0  444.0  444.0
2018 346 12 12 0000  -28.5  698.0    9.2  139.0  444.0  444.0
2018 346 12 12 0300  -25.9  697.7    9.4  120.0  444.0  444.0
2018 346 12 12 0600  -24.5  697.3    8.2  117.0  444.0  444.0
2018 346 12 12 0900  -25.3  696.8    7.0  122.0  444.0  444.0
2018 346 12 12 1200  -29.0  696.8    4.5  150.0  444.0  444.0
2018 346 12 12 1500  -28.5  696.3    4.5  155.0  444.0  444.0
2018 346 12 12 1800  -27.0  695.9    3.9  143.0  444.0  444.0
2018 346 12 12 2100  -27.0  696.0    4.5  145.0  444.0  444.0
2018 347 12 13 0000  -26.1  695.8    4.5  141.0  444.0  444.0
2018 347 12 13 0300  -25.0  695.2    5.3  115.0  444.0  444.0
2018 347 12 13 0600  -21.4  695.6    5.1  100.0  444.0  444.0
2018 347 12 13 0900  -24.5  695.9    4.9  134.0  444.0  444.0
2018 347 12 13 1200  -28.9  696.3    4.3  142.0  444.0  444.0
2018 347 12 13 1500  -30.9  696.7    5.8  148.0  444.0  444.0
2018 347 12 13 1800  -26.9  697.0    4.7  145.0  444.0  444.0
2018 347 12 13 2100  -25.6  697.6    6.4  125.0  444.0  444.0
2018 348 12 14 0000  -23.6  698.2    8.2  105.0  444.0  444.0
2018 348 12 14 0300  -22.8  698.0   10.3  114.0  444.0  444.0
2018 348 12 14 0600  -22.0  698.4    8.0  110.0  444.0  444.0
2018 348 12 14 0900  -22.5  699.0    6.6  115.0  444.0  444.0
2018 348 12 14 1200  -24.8  699.2    3.3  146.0  444.0  444.0
2018 348 12 14 1500  -32.1  698.7    3.1  207.0  444.0  444.0
2018 348 12 14 1800  -34.4  698.6    5.3  195.0  444.0  444.0
2018 348 12 14 2100  -32.6  698.3    4.7  203.0  444.0  444.0
2018 349 12 15 0000  -27.4  697.9    5.5  203.0  444.0  444.0
2018 349 12 15 0300  -23.1  697.2    4.9  204.0  444.0  444.0
2018 349 12 15 0600  -21.6  696.8    5.5  198.0  444.0  444.0
2018 349 12 15 0900  -22.6  696.4    2.7  191.0  444.0  444.0
2018 349 12 15 1200  -27.5  696.2    3.5  221.0  444.0  444.0
2018 349 12 15 1500  -32.9  695.7    4.3  212.0  444.0  444.0
2018 349 12 15 1800  -33.9  695.6    3.7  203.0  444.0  444.0
2018 349 12 15 2100  -31.8  696.0    3.1  188.0  444.0  444.0
2018 350 12 16 0000  -27.9  696.4    5.3  142.0  444.0  444.0
2018 350 12 16 0300  -25.9  696.5    3.7  121.0  444.0  444.0
2018 350 12 16 0600  -23.6  697.4    2.5  115.0  444.0  444.0
2018 350 12 16 0900  -23.8  698.1    2.3   90.0  444.0  444.0
2018 350 12 16 1200  -24.3  699.3    2.3  107.0  444.0  444.0
2018 350 12 16 1500  -24.3  700.5    2.9  111.0  444.0  444.0
2018 350 12 16 1800  -24.3  701.5    6.6   97.0  444.0  444.0
2018 350 12 16 2100  -22.8  703.2    1.8   84.0  444.0  444.0
2018 351 12 17 0000  -21.9  703.7    3.5  124.0  444.0  444.0
2018 351 12 17 0300  -21.6  704.7    3.9  111.0  444.0  444.0
2018 351 12 17 0600  -22.1  705.9    5.5  149.0  444.0  444.0
2018 351 12 17 0900  -24.0  706.7    6.8  159.0  444.0  444.0
2018 351 12 17 1200  -26.4  707.5    4.1  169.0  444.0  444.0
2018 351 12 17 1500  -30.6  707.5    4.7  187.0  444.0  444.0
2018 351 12 17 1800  -30.6  707.8    6.2  181.0  444.0  444.0
2018 351 12 17 2100  -25.5  708.3    8.0  152.0  444.0  444.0
2018 352 12 18 0000  -24.0  708.3    7.0  150.0  444.0  444.0
2018 352 12 18 0300  -20.8  707.9    7.8  152.0  444.0  444.0
2018 352 12 18 0600  -18.3  707.5    6.0  143.0  444.0  444.0
2018 352 12 18 0900  -18.5  707.3    2.9  167.0  444.0  444.0
2018 352 12 18 1200  -22.8  706.4    6.6  165.0  444.0  444.0
2018 352 12 18 1500  -26.0  705.8    6.8  162.0  444.0  444.0
2018 352 12 18 1800  -26.9  705.6    7.4  159.0  444.0  444.0
2018 352 12 18 2100  -25.0  705.7    8.0  163.0  444.0  444.0
2018 353 12 19 0000  -22.4  705.6   10.1  152.0  444.0  444.0
2018 353 12 19 0300  -19.0  706.0    9.0  132.0  444.0  444.0
2018 353 12 19 0600  -17.5  706.5    9.8  134.0  444.0  444.0
2018 353 12 19 0900  -18.4  707.7    8.6  117.0  444.0  444.0
2018 353 12 19 1200  -22.3  709.4    7.4  122.0  444.0  444.0
2018 353 12 19 1500  -26.6  711.0    5.3  145.0  444.0  444.0
2018 353 12 19 1800  -28.0  712.1    7.2  159.0  444.0  444.0
2018 353 12 19 2100  -25.5  712.9    6.8  162.0  444.0  444.0
2018 354 12 20 0000  -22.3  712.2    7.6  158.0  444.0  444.0
2018 354 12 20 0300  -17.5  711.1    9.2  150.0  444.0  444.0
2018 354 12 20 0600  -15.6  710.5    8.6  141.0  444.0  444.0
2018 354 12 20 0900  -16.4  709.8    8.0  150.0  444.0  444.0
2018 354 12 20 1200  -19.8  708.6    7.6  170.0  444.0  444.0
2018 354 12 20 1500  -23.9  707.8    7.2  176.0  444.0  444.0
2018 354 12 20 1800  -24.6  707.9    7.8  139.0  444.0  444.0
2018 354 12 20 2100  -24.6  708.0    8.6  150.0  444.0  444.0
2018 355 12 21 0000  -21.9  708.1    9.4  148.0  444.0  444.0
2018 355 12 21 0300  -18.6  707.4    7.2  136.0  444.0  444.0
2018 355 12 21 0600  -16.4  706.5   11.3  155.0  444.0  444.0
2018 355 12 21 0900  -16.0  706.0    9.6  136.0  444.0  444.0
2018 355 12 21 1200  -17.3  706.5    7.6  132.0  444.0  444.0
2018 355 12 21 1500  -21.4  706.9    8.0  150.0  444.0  444.0
2018 355 12 21 1800  -22.6  707.1    7.4  148.0  444.0  444.0
2018 355 12 21 2100  -19.9  706.7    8.2  153.0  444.0  444.0
2018 356 12 22 0000  -17.3  705.3    8.8  134.0  444.0  444.0
2018 356 12 22 0300  -17.8  704.8   13.3  124.0  444.0  444.0
2018 356 12 22 0600  -17.5  704.7   10.7  124.0  444.0  444.0
2018 356 12 22 0900  -17.4  704.0    8.0  105.0  444.0  444.0
2018 356 12 22 1200  -17.9  702.8    3.1  131.0  444.0  444.0
2018 356 12 22 1500  -22.5  701.3    5.5  165.0  444.0  444.0
2018 356 12 22 1800  -19.5  700.4   10.9  143.0  444.0  444.0
2018 356 12 22 2100  -18.6  700.6   10.9  125.0  444.0  444.0
2018 357 12 23 0000  -17.8  699.6   10.5  134.0  444.0  444.0
2018 357 12 23 0300  -15.9  698.2   10.7  104.0  444.0  444.0
2018 357 12 23 0600  -15.6  697.7   14.4  110.0  444.0  444.0
2018 357 12 23 0900  -16.9  697.6   10.7  121.0  444.0  444.0
2018 357 12 23 1200  -19.3  697.8    9.9  128.0  444.0  444.0
2018 357 12 23 1500  -20.1  697.7    7.4  122.0  444.0  444.0
2018 357 12 23 1800  -21.4  697.3    7.2  142.0  444.0  444.0
2018 357 12 23 2100  -20.9  696.7    9.2  143.0  444.0  444.0
2018 358 12 24 0000  -20.1  696.5   12.3  122.0  444.0  444.0
2018 358 12 24 0300  -19.6  696.5   14.2  118.0  444.0  444.0
2018 358 12 24 0600  -19.6  696.8   10.7  105.0  444.0  444.0
2018 358 12 24 0900  -20.0  697.3    8.6  122.0  444.0  444.0
2018 358 12 24 1200  -21.0  697.8    5.8  131.0  444.0  444.0
2018 358 12 24 1500  -21.9  698.3    7.2  118.0  444.0  444.0
2018 358 12 24 1800  -22.1  698.6    7.6  127.0  444.0  444.0
2018 358 12 24 2100  -22.3  699.0    7.6  110.0  444.0  444.0
2018 359 12 25 0000  -21.6  698.7    9.0  129.0  444.0  444.0
2018 359 12 25 0300  -20.0  698.6    8.2  110.0  444.0  444.0
2018 359 12 25 0600  -19.6  698.5    7.6  122.0  444.0  444.0
2018 359 12 25 0900  -20.3  698.1    7.0  104.0  444.0  444.0
2018 359 12 25 1200  -21.6  698.3    3.7  120.0  444.0  444.0
2018 359 12 25 1500  -22.6  698.2    2.7   97.0  444.0  444.0
2018 359 12 25 1800  -24.9  698.4    3.9  167.0  444.0  444.0
2018 359 12 25 2100  -26.3  698.7    3.5  179.0  444.0  444.0
2018 360 12 26 0000  -25.6  698.7    4.5  155.0  444.0  444.0
2018 360 12 26 0300  -22.6  698.8    4.5  122.0  444.0  444.0
2018 360 12 26 0600  -21.3  699.0    5.1  105.0  444.0  444.0
2018 360 12 26 0900  -20.8  699.0    5.8   96.0  444.0  444.0
2018 360 12 26 1200  -23.1  699.8    4.3  101.0  444.0  444.0
2018 360 12 26 1500  -29.1  700.6    2.9  149.0  444.0  444.0
2018 360 12 26 1800  -30.8  701.4    4.3  156.0  444.0  444.0
2018 360 12 26 2100  -28.9  701.9    4.3  153.0  444.0  444.0
2018 361 12 27 0000  -24.6  701.9    5.7  127.0  444.0  444.0
2018 361 12 27 0300  -21.4  701.6    9.9  114.0  444.0  444.0
2018 361 12 27 0600  -21.3  701.9    8.8  118.0  444.0  444.0
2018 361 12 27 0900  -20.9  701.9    7.0  111.0  444.0  444.0
2018 361 12 27 1200  -21.5  702.4    6.6  124.0  444.0  444.0
2018 361 12 27 1500  -22.5  702.3    6.2  143.0  444.0  444.0
2018 361 12 27 1800  -23.1  702.5    6.4  143.0  444.0  444.0
2018 361 12 27 2100  -22.9  702.8    6.4  131.0  444.0  444.0
2018 362 12 28 0000  -21.9  702.7    9.4  122.0  444.0  444.0
2018 362 12 28 0300  -20.3  702.5    6.2  122.0  444.0  444.0
2018 362 12 28 0600  -20.3  702.4    2.5  128.0  444.0  444.0
2018 362 12 28 0900  -21.5  702.0    3.5  170.0  444.0  444.0
2018 362 12 28 1200  -25.9  701.7    3.5  201.0  444.0  444.0
2018 362 12 28 1500  -29.0  701.7    5.7  162.0  444.0  444.0
2018 362 12 28 1800  -26.0  701.8    3.3  165.0  444.0  444.0
2018 362 12 28 2100  -23.9  701.5    5.5  148.0  444.0  444.0
2018 363 12 29 0000  -22.9  701.1    6.0  135.0  444.0  444.0
2018 363 12 29 0300  -22.8  700.5    8.2  115.0  444.0  444.0
2018 363 12 29 0600  -21.5  700.2    4.3  128.0  444.0  444.0
2018 363 12 29 0900  -22.0  699.7    4.5  160.0  444.0  444.0
2018 363 12 29 1200  -23.5  699.6    3.9  152.0  444.0  444.0
2018 363 12 29 1500  -27.4  699.2    1.8  184.0  444.0  444.0
2018 363 12 29 1800  -32.8  699.1    4.3  201.0  444.0  444.0
2018 363 12 29 2100  -30.6  699.0    2.3  179.0  444.0  444.0
2018 364 12 30 0000  -26.6  698.7    2.9  170.0  444.0  444.0
2018 364 12 30 0300  -23.8  698.5    1.8  149.0  444.0  444.0
2018 364 12 30 0600  -22.5  698.6    1.6  203.0  444.0  444.0
2018 364 12 30 0900  -22.6  698.3    1.4  231.0  444.0  444.0
2018 364 12 30 1200  -25.1  698.6    2.1  240.0  444.0  444.0
2018 364 12 30 1500  -32.0  698.8    2.5  229.0  444.0  444.0
2018 364 12 30 1800  -29.0  699.6    2.1  266.0  444.0  444.0
2018 364 12 30 2100  444.0  700.1    1.2  191.0  444.0  444.0
2018 365 12 31 0000  -24.3  700.2    1.8  204.0  444.0  444.0
2018 365 12 31 0300  -23.6  699.7    1.9  125.0  444.0  444.0
2018 365 12 31 0600  -23.4  699.8    3.9  105.0  444.0  444.0
2018 365 12 31 0900  -23.5  699.9    4.3  101.0  444.0  444.0
2018 365 12 31 1200  -25.3  700.4    4.9  111.0  444.0  444.0
2018 365 12 31 1500  -24.0  700.5    4.3   93.0  444.0  444.0
2018 365 12 31 1800  -24.5  700.6    5.7  108.0  444.0  444.0
2018 365 12 31 2100  -24.4  701.0    6.4  111.0  444.0  444.0
