Year: 2018  Month: 09  ID: D85  ARGOS:  8912  Name: D-85                
Lat: 70.43S  Lon: 134.15E  Elev: 2651m
2018 244  9  1 0000  -52.0  685.9    6.4  145.0  444.0  444.0
2018 244  9  1 0300  -51.4  684.4    6.6  149.0  444.0  444.0
2018 244  9  1 0600  -50.2  683.2    6.6  146.0  444.0  444.0
2018 244  9  1 0900  -50.1  681.3    7.8  150.0  444.0  444.0
2018 244  9  1 1200  -51.1  678.5    7.2  143.0  444.0  444.0
2018 244  9  1 1500  -50.4  675.8   10.1  153.0  444.0  444.0
2018 244  9  1 1800  -51.2  673.8    6.6  149.0  444.0  444.0
2018 244  9  1 2100  -52.8  672.2    7.6  153.0  444.0  444.0
2018 245  9  2 0000  -53.6  670.9    9.2  152.0  444.0  444.0
2018 245  9  2 0300  -53.4  670.0   10.3  160.0  444.0  444.0
2018 245  9  2 0600  -54.0  669.6   10.3  158.0  444.0  444.0
2018 245  9  2 0900  -55.5  669.5    9.6  150.0  444.0  444.0
2018 245  9  2 1200  -56.4  669.5   10.1  149.0  444.0  444.0
2018 245  9  2 1500  -56.6  669.8    9.6  156.0  444.0  444.0
2018 245  9  2 1800  -57.8  671.0    9.4  158.0  444.0  444.0
2018 245  9  2 2100  -59.0  673.0    5.5  162.0  444.0  444.0
2018 246  9  3 0000  -60.0  674.3    6.4  158.0  444.0  444.0
2018 246  9  3 0300  -59.4  674.6    7.4  146.0  444.0  444.0
2018 246  9  3 0600  -58.8  675.7    7.2  152.0  444.0  444.0
2018 246  9  3 0900  -59.4  676.4  444.0  444.0  444.0  444.0
2018 246  9  3 1200  -61.2  677.1  444.0  444.0  444.0  444.0
2018 246  9  3 1500  -63.0  678.0  444.0  444.0  444.0  444.0
2018 246  9  3 1800  -64.2  679.2  444.0  444.0  444.0  444.0
2018 246  9  3 2100  -63.6  679.8  444.0  444.0  444.0  444.0
2018 247  9  4 0000  -61.1  680.6  444.0  444.0  444.0  444.0
2018 247  9  4 0300  -55.4  680.6  444.0  444.0  444.0  444.0
2018 247  9  4 0600  -55.2  680.3  444.0  444.0  444.0  444.0
2018 247  9  4 0900  -58.0  679.3  444.0  444.0  444.0  444.0
2018 247  9  4 1200  -58.2  678.5  444.0  444.0  444.0  444.0
2018 247  9  4 1500  -54.4  677.8  444.0  444.0  444.0  444.0
2018 247  9  4 1800  -53.6  676.6  444.0  444.0  444.0  444.0
2018 247  9  4 2100  -51.9  677.0  444.0  444.0  444.0  444.0
2018 248  9  5 0000  -52.0  677.2  444.0  444.0  444.0  444.0
2018 248  9  5 0300  -49.4  677.4  444.0  444.0  444.0  444.0
2018 248  9  5 0600  -51.2  678.3  444.0  444.0  444.0  444.0
2018 248  9  5 0900  -57.5  679.8  444.0  444.0  444.0  444.0
2018 248  9  5 1200  -54.4  682.0  444.0  444.0  444.0  444.0
2018 248  9  5 1500  -56.1  684.2  444.0  444.0  444.0  444.0
2018 248  9  5 1800  -56.6  686.5  444.0  444.0  444.0  444.0
2018 248  9  5 2100  -55.8  688.3  444.0  444.0  444.0  444.0
2018 249  9  6 0000  -54.0  690.0  444.0  444.0  444.0  444.0
2018 249  9  6 0300  -48.4  691.0  444.0  444.0  444.0  444.0
2018 249  9  6 0600  -49.5  691.1  444.0  444.0  444.0  444.0
2018 249  9  6 0900  -47.1  691.5  444.0  444.0  444.0  444.0
2018 249  9  6 1200  -45.9  691.8  444.0  444.0  444.0  444.0
2018 249  9  6 1500  -43.5  691.9  444.0  444.0  444.0  444.0
2018 249  9  6 1800  -42.1  691.4  444.0  444.0  444.0  444.0
2018 249  9  6 2100  -40.6  691.1  444.0  444.0  444.0  444.0
2018 250  9  7 0000  -40.1  690.5  444.0  444.0  444.0  444.0
2018 250  9  7 0300  -38.8  690.8  444.0  444.0  444.0  444.0
2018 250  9  7 0600  -40.1  691.3  444.0  444.0  444.0  444.0
2018 250  9  7 0900  -48.0  691.3  444.0  444.0  444.0  444.0
2018 250  9  7 1200  -50.1  692.1  444.0  444.0  444.0  444.0
2018 250  9  7 1500  -51.0  691.9  444.0  444.0  444.0  444.0
2018 250  9  7 1800  -50.1  691.1    7.8  145.0  444.0  444.0
2018 250  9  7 2100  -46.9  689.5    9.6  142.0  444.0  444.0
2018 251  9  8 0000  -43.2  687.7   11.7  131.0  444.0  444.0
2018 251  9  8 0300  -41.5  687.3   10.9  124.0  444.0  444.0
2018 251  9  8 0600  -40.1  686.8   11.1  115.0  444.0  444.0
2018 251  9  8 0900  -38.6  687.2    9.9  110.0  444.0  444.0
2018 251  9  8 1200  -39.2  689.5    8.0  114.0  444.0  444.0
2018 251  9  8 1500  -42.9  691.5    5.7  118.0  444.0  444.0
2018 251  9  8 1800  -42.6  694.1    6.0  121.0  444.0  444.0
2018 251  9  8 2100  -44.1  696.7    4.7  122.0  444.0  444.0
2018 252  9  9 0000  -43.5  698.6    5.5  127.0  444.0  444.0
2018 252  9  9 0300  -43.1  700.2    5.8  129.0  444.0  444.0
2018 252  9  9 0600  -40.9  700.6    6.6  131.0  444.0  444.0
2018 252  9  9 0900  -39.0  701.0    7.2  132.0  444.0  444.0
2018 252  9  9 1200  -37.5  700.5    9.9  111.0  444.0  444.0
2018 252  9  9 1500  -36.4  699.2   14.2  118.0  444.0  444.0
2018 252  9  9 1800  -35.9  697.8   12.1  129.0  444.0  444.0
2018 252  9  9 2100  -34.1  696.4   12.7  127.0  444.0  444.0
2018 253  9 10 0000  -34.1  695.4   12.9  127.0  444.0  444.0
2018 253  9 10 0300  -33.2  694.2   15.6  124.0  444.0  444.0
2018 253  9 10 0600  -32.8  692.7   15.0  124.0  444.0  444.0
2018 253  9 10 0900  -32.4  692.3   14.8  118.0  444.0  444.0
2018 253  9 10 1200  -33.6  691.7   13.6  111.0  444.0  444.0
2018 253  9 10 1500  -34.1  692.5    8.8  115.0  444.0  444.0
2018 253  9 10 1800  -36.4  694.0    5.3  124.0  444.0  444.0
2018 253  9 10 2100  -36.8  695.7    3.9  124.0  444.0  444.0
2018 254  9 11 0000  -38.2  697.0    4.5  122.0  444.0  444.0
2018 254  9 11 0300  -38.5  697.4    4.1  124.0  444.0  444.0
2018 254  9 11 0600  -39.9  697.3  444.0  444.0  444.0  444.0
2018 254  9 11 0900  -42.1  697.1  444.0  444.0  444.0  444.0
2018 254  9 11 1200  -44.1  696.7  444.0  444.0  444.0  444.0
2018 254  9 11 1500  -45.4  696.0  444.0  444.0  444.0  444.0
2018 254  9 11 1800  -49.9  695.4  444.0  444.0  444.0  444.0
2018 254  9 11 2100  -51.0  694.8  444.0  444.0  444.0  444.0
2018 255  9 12 0000  -47.8  694.6  444.0  444.0  444.0  444.0
2018 255  9 12 0300  -45.1  694.5  444.0  444.0  444.0  444.0
2018 255  9 12 0600  -45.8  694.4  444.0  444.0  444.0  444.0
2018 255  9 12 0900  -47.6  695.0  444.0  444.0  444.0  444.0
2018 255  9 12 1200  -45.6  695.7  444.0  444.0  444.0  444.0
2018 255  9 12 1500  -48.2  695.8  444.0  444.0  444.0  444.0
2018 255  9 12 1800  -48.1  696.1  444.0  444.0  444.0  444.0
2018 255  9 12 2100  -48.2  696.9  444.0  444.0  444.0  444.0
2018 256  9 13 0000  -47.0  697.9  444.0  444.0  444.0  444.0
2018 256  9 13 0300  -44.6  697.9  444.0  444.0  444.0  444.0
2018 256  9 13 0600  -43.5  698.0  444.0  444.0  444.0  444.0
2018 256  9 13 0900  -45.2  698.9  444.0  444.0  444.0  444.0
2018 256  9 13 1200  -44.2  699.2  444.0  444.0  444.0  444.0
2018 256  9 13 1500  -44.2  699.4  444.0  444.0  444.0  444.0
2018 256  9 13 1800  -45.5  699.3  444.0  444.0  444.0  444.0
2018 256  9 13 2100  -44.9  699.4  444.0  444.0  444.0  444.0
2018 257  9 14 0000  -43.0  699.7  444.0  444.0  444.0  444.0
2018 257  9 14 0300  -40.0  698.8    5.5  152.0  444.0  444.0
2018 257  9 14 0600  -40.0  698.1    5.8  162.0  444.0  444.0
2018 257  9 14 0900  -42.9  697.5    5.8  167.0  444.0  444.0
2018 257  9 14 1200  -42.2  697.0   10.1  162.0  444.0  444.0
2018 257  9 14 1500  -43.5  696.6    8.0  155.0  444.0  444.0
2018 257  9 14 1800  -43.9  696.5    6.6  163.0  444.0  444.0
2018 257  9 14 2100  -45.6  696.2    4.7  167.0  444.0  444.0
2018 258  9 15 0000  -45.1  696.0    4.3  169.0  444.0  444.0
2018 258  9 15 0300  -43.4  695.4    5.7  169.0  444.0  444.0
2018 258  9 15 0600  -43.9  694.8  444.0  444.0  444.0  444.0
2018 258  9 15 0900  -45.4  694.3  444.0  444.0  444.0  444.0
2018 258  9 15 1200  -44.9  693.5  444.0  444.0  444.0  444.0
2018 258  9 15 1500  -47.2  692.0  444.0  444.0  444.0  444.0
2018 258  9 15 1800  -50.6  690.7  444.0  444.0  444.0  444.0
2018 258  9 15 2100  -51.1  689.5  444.0  444.0  444.0  444.0
2018 259  9 16 0000  -50.6  688.2  444.0  444.0  444.0  444.0
2018 259  9 16 0300  -49.6  687.1    4.9  173.0  444.0  444.0
2018 259  9 16 0600  -48.8  686.7    6.8  160.0  444.0  444.0
2018 259  9 16 0900  -51.6  687.2    6.0  162.0  444.0  444.0
2018 259  9 16 1200  -53.6  687.6    7.8  166.0  444.0  444.0
2018 259  9 16 1500  -52.8  687.6    7.4  163.0  444.0  444.0
2018 259  9 16 1800  -52.8  688.2    5.8  173.0  444.0  444.0
2018 259  9 16 2100  -52.6  688.0    6.8  180.0  444.0  444.0
2018 260  9 17 0000  -51.4  687.9    5.5  181.0  444.0  444.0
2018 260  9 17 0300  -48.8  687.2    5.5  183.0  444.0  444.0
2018 260  9 17 0600  -49.0  686.9    7.4  195.0  444.0  444.0
2018 260  9 17 0900  -51.5  686.3    8.0  179.0  444.0  444.0
2018 260  9 17 1200  -54.0  686.1    5.8  184.0  444.0  444.0
2018 260  9 17 1500  -56.9  685.5    9.8  177.0  444.0  444.0
2018 260  9 17 1800  -55.8  685.4    7.2  181.0  444.0  444.0
2018 260  9 17 2100  -54.8  685.7   14.0  169.0  444.0  444.0
2018 261  9 18 0000  -52.2  687.1   15.2  159.0  444.0  444.0
2018 261  9 18 0300  -49.4  688.9   11.5  162.0  444.0  444.0
2018 261  9 18 0600  -47.4  690.4   13.3  162.0  444.0  444.0
2018 261  9 18 0900  -46.4  691.9   10.5  165.0  444.0  444.0
2018 261  9 18 1200  -47.5  692.7    8.8  167.0  444.0  444.0
2018 261  9 18 1500  -47.6  693.0    9.9  173.0  444.0  444.0
2018 261  9 18 1800  -48.4  692.5    7.0  170.0  444.0  444.0
2018 261  9 18 2100  -50.5  691.8    6.6  176.0  444.0  444.0
2018 262  9 19 0000  -49.4  690.5    6.0  180.0  444.0  444.0
2018 262  9 19 0300  -46.4  688.8    6.0  179.0  444.0  444.0
2018 262  9 19 0600  -47.5  687.4  444.0  444.0  444.0  444.0
2018 262  9 19 0900  -50.4  685.9  444.0  444.0  444.0  444.0
2018 262  9 19 1200  -52.1  683.9  444.0  444.0  444.0  444.0
2018 262  9 19 1500  -54.8  682.7  444.0  444.0  444.0  444.0
2018 262  9 19 1800  -56.5  681.3  444.0  444.0  444.0  444.0
2018 262  9 19 2100  -57.6  680.3  444.0  444.0  444.0  444.0
2018 263  9 20 0000  -55.8  679.9    6.4  170.0  444.0  444.0
2018 263  9 20 0300  -53.8  678.8    6.8  170.0  444.0  444.0
2018 263  9 20 0600  -53.6  678.5    6.6  158.0  444.0  444.0
2018 263  9 20 0900  -56.6  678.3    5.7  165.0  444.0  444.0
2018 263  9 20 1200  -57.8  678.5    7.4  156.0  444.0  444.0
2018 263  9 20 1500  -59.1  678.1    7.0  152.0  444.0  444.0
2018 263  9 20 1800  -59.6  677.7   10.3  170.0  444.0  444.0
2018 263  9 20 2100  -60.2  677.8    7.6  167.0  444.0  444.0
2018 264  9 21 0000  -58.1  678.0   10.3  155.0  444.0  444.0
2018 264  9 21 0300  -56.0  677.9    7.6  153.0  444.0  444.0
2018 264  9 21 0600  -54.9  677.9    6.4  152.0  444.0  444.0
2018 264  9 21 0900  -57.4  678.3    6.0  160.0  444.0  444.0
2018 264  9 21 1200  -58.4  679.2    5.8  158.0  444.0  444.0
2018 264  9 21 1500  -59.4  679.4    6.6  159.0  444.0  444.0
2018 264  9 21 1800  -60.1  679.9    5.1  156.0  444.0  444.0
2018 264  9 21 2100  -60.6  680.4    6.4  150.0  444.0  444.0
2018 265  9 22 0000  -57.8  681.4    6.0  155.0  444.0  444.0
2018 265  9 22 0300  -55.1  681.9    5.5  162.0  444.0  444.0
2018 265  9 22 0600  -54.0  682.4    4.1  162.0  444.0  444.0
2018 265  9 22 0900  -57.1  682.9    4.3  165.0  444.0  444.0
2018 265  9 22 1200  -58.8  683.4    4.9  163.0  444.0  444.0
2018 265  9 22 1500  -58.5  683.3    5.5  163.0  444.0  444.0
2018 265  9 22 1800  -58.8  683.0    4.9  163.0  444.0  444.0
2018 265  9 22 2100  -59.9  683.1    5.5  160.0  444.0  444.0
2018 266  9 23 0000  -57.4  682.9    7.0  149.0  444.0  444.0
2018 266  9 23 0300  -54.1  682.1    5.8  156.0  444.0  444.0
2018 266  9 23 0600  -51.2  682.3    5.8  141.0  444.0  444.0
2018 266  9 23 0900  -51.0  682.1    5.8  138.0  444.0  444.0
2018 266  9 23 1200  -50.1  681.8    6.2  141.0  444.0  444.0
2018 266  9 23 1500  -50.8  681.9    4.3  148.0  444.0  444.0
2018 266  9 23 1800  -51.9  681.8    5.3  149.0  444.0  444.0
2018 266  9 23 2100  -54.0  682.4    6.2  150.0  444.0  444.0
2018 267  9 24 0000  -51.1  683.8    7.8  158.0  444.0  444.0
2018 267  9 24 0300  -47.1  686.0   12.1  165.0  444.0  444.0
2018 267  9 24 0600  -44.8  690.0   10.7  172.0  444.0  444.0
2018 267  9 24 0900  -48.0  693.6    6.6  180.0  444.0  444.0
2018 267  9 24 1200  -48.8  696.3    6.2  197.0  444.0  444.0
2018 267  9 24 1500  -49.9  697.8    7.4  201.0  444.0  444.0
2018 267  9 24 1800  -50.1  698.9  444.0  444.0  444.0  444.0
2018 267  9 24 2100  -49.9  699.3  444.0  444.0  444.0  444.0
2018 268  9 25 0000  -45.9  699.3  444.0  444.0  444.0  444.0
2018 268  9 25 0300  -42.6  698.7  444.0  444.0  444.0  444.0
2018 268  9 25 0600  -41.9  697.2  444.0  444.0  444.0  444.0
2018 268  9 25 0900  -46.0  695.9  444.0  444.0  444.0  444.0
2018 268  9 25 1200  -48.1  694.2  444.0  444.0  444.0  444.0
2018 268  9 25 1500  -49.0  691.5  444.0  444.0  444.0  444.0
2018 268  9 25 1800  -49.9  689.0  444.0  444.0  444.0  444.0
2018 268  9 25 2100  -51.4  687.3  444.0  444.0  444.0  444.0
2018 269  9 26 0000  -50.5  686.0  444.0  444.0  444.0  444.0
2018 269  9 26 0300  -47.8  684.8    5.3  191.0  444.0  444.0
2018 269  9 26 0600  -46.4  684.5    5.1  188.0  444.0  444.0
2018 269  9 26 0900  -50.1  684.5    3.9  190.0  444.0  444.0
2018 269  9 26 1200  -52.1  684.9    4.1  194.0  444.0  444.0
2018 269  9 26 1500  -53.2  685.0    2.7  194.0  444.0  444.0
2018 269  9 26 1800  -55.4  685.0    3.5  194.0  444.0  444.0
2018 269  9 26 2100  -56.1  685.4    4.7  177.0  444.0  444.0
2018 270  9 27 0000  -52.6  685.6    3.9  179.0  444.0  444.0
2018 270  9 27 0300  -50.0  685.4    6.8  160.0  444.0  444.0
2018 270  9 27 0600  -49.9  685.4    4.9  158.0  444.0  444.0
2018 270  9 27 0900  -52.5  685.6    5.1  174.0  444.0  444.0
2018 270  9 27 1200  -53.4  685.5    3.3  176.0  444.0  444.0
2018 270  9 27 1500  -57.0  685.0    3.1  179.0  444.0  444.0
2018 270  9 27 1800  -56.6  684.4    2.3  180.0  444.0  444.0
2018 270  9 27 2100  -56.9  683.7    5.5  186.0  444.0  444.0
2018 271  9 28 0000  -52.5  682.9    4.9  184.0  444.0  444.0
2018 271  9 28 0300  -48.6  681.8    4.1  170.0  444.0  444.0
2018 271  9 28 0600  -47.6  680.3    4.7  188.0  444.0  444.0
2018 271  9 28 0900  -49.6  678.7    5.7  187.0  444.0  444.0
2018 271  9 28 1200  -51.2  677.0    5.3  184.0  444.0  444.0
2018 271  9 28 1500  -51.9  675.5    4.1  193.0  444.0  444.0
2018 271  9 28 1800  -52.0  673.9    5.7  181.0  444.0  444.0
2018 271  9 28 2100  -52.8  672.4    5.8  191.0  444.0  444.0
2018 272  9 29 0000  -49.6  671.7    4.7  190.0  444.0  444.0
2018 272  9 29 0300  -46.5  671.0    6.2  172.0  444.0  444.0
2018 272  9 29 0600  -47.6  670.0    5.8  170.0  444.0  444.0
2018 272  9 29 0900  -49.2  669.7    6.0  170.0  444.0  444.0
2018 272  9 29 1200  -48.9  669.7    7.8  149.0  444.0  444.0
2018 272  9 29 1500  -50.1  669.7    7.8  159.0  444.0  444.0
2018 272  9 29 1800  -51.0  670.0    5.7  159.0  444.0  444.0
2018 272  9 29 2100  -50.6  670.5    6.0  156.0  444.0  444.0
2018 273  9 30 0000  -48.2  671.2    7.2  159.0  444.0  444.0
2018 273  9 30 0300  -46.2  671.2    5.8  165.0  444.0  444.0
2018 273  9 30 0600  -44.8  671.1    5.8  165.0  444.0  444.0
2018 273  9 30 0900  -49.6  670.7    2.9  174.0  444.0  444.0
2018 273  9 30 1200  -52.1  669.9    3.5  176.0  444.0  444.0
2018 273  9 30 1500  -54.2  669.0    4.1  186.0  444.0  444.0
2018 273  9 30 1800  -54.6  668.0    4.9  187.0  444.0  444.0
2018 273  9 30 2100  -54.1  667.9    5.3  188.0  444.0  444.0
