Year: 2018  Month: 01  ID: D85  ARGOS:  8912  Name: D-85                
Lat: 70.43S  Lon: 134.15E  Elev: 2651m
2018   1  1  1 0000  -19.0  704.2    7.8  112.0  444.0  444.0
2018   1  1  1 0300  -17.4  702.9    8.4  115.0  444.0  444.0
2018   1  1  1 0600  -17.1  702.4    6.8  118.0  444.0  444.0
2018   1  1  1 0900  -17.4  702.3    8.4  112.0  444.0  444.0
2018   1  1  1 1200  -18.4  702.1    6.6  111.0  444.0  444.0
2018   1  1  1 1500  -19.2  701.9    4.9  105.0  444.0  444.0
2018   1  1  1 1800  -20.0  701.6    3.9   97.0  444.0  444.0
2018   1  1  1 2100  -19.6  701.8    4.1   97.0  444.0  444.0
2018   2  1  2 0000  -18.1  702.0    4.5   96.0  444.0  444.0
2018   2  1  2 0300  -16.1  701.9    3.7   59.0  444.0  444.0
2018   2  1  2 0600  -15.2  701.8    2.7   53.0  444.0  444.0
2018   2  1  2 0900  -14.4  702.3    0.6   21.0  444.0  444.0
2018   2  1  2 1200  -19.1  702.4    2.5  156.0  444.0  444.0
2018   2  1  2 1500  -25.6  703.4    3.3  183.0  444.0  444.0
2018   2  1  2 1800  -22.6  704.0    3.3  148.0  444.0  444.0
2018   2  1  2 2100  -20.8  704.9    3.5  139.0  444.0  444.0
2018   3  1  3 0000  -19.0  705.4    4.7  136.0  444.0  444.0
2018   3  1  3 0300  -17.5  705.1    5.8  108.0  444.0  444.0
2018   3  1  3 0600  -19.6  705.1    8.2  125.0  444.0  444.0
2018   3  1  3 0900  -20.8  705.1    5.8  139.0  444.0  444.0
2018   3  1  3 1200  -22.6  704.5    4.9  122.0  444.0  444.0
2018   3  1  3 1500  -26.5  703.8    4.7  139.0  444.0  444.0
2018   3  1  3 1800  -24.6  703.3    4.9  136.0  444.0  444.0
2018   3  1  3 2100  -23.4  702.6    8.0  120.0  444.0  444.0
2018   4  1  4 0000  -22.9  701.5   10.1  110.0  444.0  444.0
2018   4  1  4 0300  -21.6  699.9   12.1  122.0  444.0  444.0
2018   4  1  4 0600  -21.4  698.9   11.1  118.0  444.0  444.0
2018   4  1  4 0900  -22.0  698.2    9.0  129.0  444.0  444.0
2018   4  1  4 1200  -23.6  697.9    6.4  142.0  444.0  444.0
2018   4  1  4 1500  -23.1  697.3   10.9  121.0  444.0  444.0
2018   4  1  4 1800  -25.5  697.1    7.4  135.0  444.0  444.0
2018   4  1  4 2100  -24.5  697.6    6.8  129.0  444.0  444.0
2018   5  1  5 0000  -22.0  697.7   10.3  121.0  444.0  444.0
2018   5  1  5 0300  -19.6  697.6    9.6  112.0  444.0  444.0
2018   5  1  5 0600  -19.1  698.1    9.2  108.0  444.0  444.0
2018   5  1  5 0900  -19.0  699.3    6.4  114.0  444.0  444.0
2018   5  1  5 1200  -21.2  700.1    5.8  114.0  444.0  444.0
2018   5  1  5 1500  -21.2  700.6    6.4  115.0  444.0  444.0
2018   5  1  5 1800  -21.6  701.5    4.9  110.0  444.0  444.0
2018   5  1  5 2100  -22.6  702.5    7.4  115.0  444.0  444.0
2018   6  1  6 0000  -21.5  702.9    9.0  112.0  444.0  444.0
2018   6  1  6 0300  -19.9  703.1    9.0   98.0  444.0  444.0
2018   6  1  6 0600  -19.1  703.3    8.2   94.0  444.0  444.0
2018   6  1  6 0900  -19.1  703.7    6.8  101.0  444.0  444.0
2018   6  1  6 1200  -20.8  704.1    6.6   97.0  444.0  444.0
2018   6  1  6 1500  -22.0  704.2    5.1  110.0  444.0  444.0
2018   6  1  6 1800  -24.0  704.6    5.8  134.0  444.0  444.0
2018   6  1  6 2100  -24.2  704.8    7.2  132.0  444.0  444.0
2018   7  1  7 0000  -22.2  705.1    7.0  139.0  444.0  444.0
2018   7  1  7 0300  -21.0  704.4    6.4  125.0  444.0  444.0
2018   7  1  7 0600  -20.2  703.7    6.8  134.0  444.0  444.0
2018   7  1  7 0900  -21.0  703.1    6.4  141.0  444.0  444.0
2018   7  1  7 1200  -25.2  702.5    4.5  163.0  444.0  444.0
2018   7  1  7 1500  -29.0  701.1    6.2  172.0  444.0  444.0
2018   7  1  7 1800  -31.0  700.2    6.6  162.0  444.0  444.0
2018   7  1  7 2100  -29.9  699.5    7.6  155.0  444.0  444.0
2018   8  1  8 0000  -26.9  698.5    9.8  139.0  444.0  444.0
2018   8  1  8 0300  -24.4  697.5    8.6  132.0  444.0  444.0
2018   8  1  8 0600  -21.5  696.9    7.4  134.0  444.0  444.0
2018   8  1  8 0900  -20.1  696.8    7.0  128.0  444.0  444.0
2018   8  1  8 1200  -20.0  697.0    7.8  143.0  444.0  444.0
2018   8  1  8 1500  -19.6  697.7    6.8  127.0  444.0  444.0
2018   8  1  8 1800  -18.5  698.5    7.2  131.0  444.0  444.0
2018   8  1  8 2100  -17.1  699.8    8.6  112.0  444.0  444.0
2018   9  1  9 0000  -15.9  700.9    9.4  124.0  444.0  444.0
2018   9  1  9 0300  -15.1  701.5    9.9  104.0  444.0  444.0
2018   9  1  9 0600  -14.9  702.2   10.9  107.0  444.0  444.0
2018   9  1  9 0900  -16.0  703.0   10.5  111.0  444.0  444.0
2018   9  1  9 1200  -17.8  703.7   11.9  120.0  444.0  444.0
2018   9  1  9 1500  -19.2  703.8   10.3  129.0  444.0  444.0
2018   9  1  9 1800  -20.0  704.2   14.2  120.0  444.0  444.0
2018   9  1  9 2100  -19.1  704.9   14.4  114.0  444.0  444.0
2018  10  1 10 0000  -18.4  705.9   12.5  105.0  444.0  444.0
2018  10  1 10 0300  -16.8  706.6   12.9  110.0  444.0  444.0
2018  10  1 10 0600  -16.6  707.2   12.5  111.0  444.0  444.0
2018  10  1 10 0900  -17.2  707.9   10.7  115.0  444.0  444.0
2018  10  1 10 1200  -19.0  708.7    8.0  114.0  444.0  444.0
2018  10  1 10 1500  -21.9  709.1    6.8  118.0  444.0  444.0
2018  10  1 10 1800  -23.1  709.5    7.4  125.0  444.0  444.0
2018  10  1 10 2100  -22.2  709.9    4.3  135.0  444.0  444.0
2018  11  1 11 0000  -20.0  708.7    4.1  115.0  444.0  444.0
2018  11  1 11 0300  -18.0  707.4    2.1  127.0  444.0  444.0
2018  11  1 11 0600  -17.5  705.7    4.3  174.0  444.0  444.0
2018  11  1 11 0900  -17.2  704.7    2.7  190.0  444.0  444.0
2018  11  1 11 1200  -22.4  704.1    2.1  180.0  444.0  444.0
2018  11  1 11 1500  -25.2  703.7    2.9  202.0  444.0  444.0
2018  11  1 11 1800  -24.6  703.7    1.9  219.0  444.0  444.0
2018  11  1 11 2100  -23.1  703.2    2.9  170.0  444.0  444.0
2018  12  1 12 0000  -21.6  703.2    2.1  172.0  444.0  444.0
2018  12  1 12 0300  -18.9  702.8    1.8  145.0  444.0  444.0
2018  12  1 12 0600  -18.5  702.6    1.4  150.0  444.0  444.0
2018  12  1 12 0900  444.0  702.4    0.0  135.0  444.0  444.0
2018  12  1 12 1200  -23.2  702.9    2.3  156.0  444.0  444.0
2018  12  1 12 1500  -30.0  703.2    3.1  183.0  444.0  444.0
2018  12  1 12 1800  -31.0  702.8    5.8  166.0  444.0  444.0
2018  12  1 12 2100  -29.6  702.2    8.2  155.0  444.0  444.0
2018  13  1 13 0000  -25.1  700.3    9.9  124.0  444.0  444.0
2018  13  1 13 0300  -22.5  697.1   12.3  127.0  444.0  444.0
2018  13  1 13 0600  -21.2  693.8   12.5  115.0  444.0  444.0
2018  13  1 13 0900  -20.0  690.8   18.3  111.0  444.0  444.0
2018  13  1 13 1200  -19.2  689.4   11.3  111.0  444.0  444.0
2018  13  1 13 1500  -18.5  689.6    5.7  127.0  444.0  444.0
2018  13  1 13 1800  -18.5  690.4    4.1   97.0  444.0  444.0
2018  13  1 13 2100  -18.4  691.9    5.7  105.0  444.0  444.0
2018  14  1 14 0000  -16.6  692.9    7.8  115.0  444.0  444.0
2018  14  1 14 0300  -15.5  693.2    8.4  103.0  444.0  444.0
2018  14  1 14 0600  -14.8  694.4    6.4   90.0  444.0  444.0
2018  14  1 14 0900  -14.2  695.3    4.5   90.0  444.0  444.0
2018  14  1 14 1200  -15.1  696.2    5.5  129.0  444.0  444.0
2018  14  1 14 1500  -16.8  696.6    5.7  115.0  444.0  444.0
2018  14  1 14 1800  -17.5  697.2    5.1  120.0  444.0  444.0
2018  14  1 14 2100  -19.2  698.1    4.9  139.0  444.0  444.0
2018  15  1 15 0000  -18.5  698.3    5.3  134.0  444.0  444.0
2018  15  1 15 0300  -16.6  697.5    6.4  122.0  444.0  444.0
2018  15  1 15 0600  -16.8  697.4    6.4  105.0  444.0  444.0
2018  15  1 15 0900  -17.6  697.1    6.2  117.0  444.0  444.0
2018  15  1 15 1200  -21.1  697.0    4.3  139.0  444.0  444.0
2018  15  1 15 1500  -22.8  696.3    5.8  150.0  444.0  444.0
2018  15  1 15 1800  -22.5  696.0    5.3  155.0  444.0  444.0
2018  15  1 15 2100  -22.2  695.6    7.0  150.0  444.0  444.0
2018  16  1 16 0000  -22.5  695.2    6.8  143.0  444.0  444.0
2018  16  1 16 0300  -21.2  694.2    6.8  150.0  444.0  444.0
2018  16  1 16 0600  -20.6  693.4    6.2  156.0  444.0  444.0
2018  16  1 16 0900  -20.6  693.0    5.5  131.0  444.0  444.0
2018  16  1 16 1200  -25.5  692.6    2.5  202.0  444.0  444.0
2018  16  1 16 1500  -30.5  691.7    3.5  212.0  444.0  444.0
2018  16  1 16 1800  -32.6  691.5    3.7  197.0  444.0  444.0
2018  16  1 16 2100  -30.0  691.4    4.3  193.0  444.0  444.0
2018  17  1 17 0000  -26.0  691.3    6.8  167.0  444.0  444.0
2018  17  1 17 0300  -23.6  691.2    5.5  134.0  444.0  444.0
2018  17  1 17 0600  -22.0  691.2    2.9  139.0  444.0  444.0
2018  17  1 17 0900  -21.0  691.4    1.0  211.0  444.0  444.0
2018  17  1 17 1200  -26.1  691.2    2.3  226.0  444.0  444.0
2018  17  1 17 1500  -24.0  691.3    2.7  179.0  444.0  444.0
2018  17  1 17 1800  -24.2  691.8    4.3  145.0  444.0  444.0
2018  17  1 17 2100  -27.2  692.3    5.8  163.0  444.0  444.0
2018  18  1 18 0000  -25.9  692.4    6.0  153.0  444.0  444.0
2018  18  1 18 0300  -22.9  692.4    5.5  128.0  444.0  444.0
2018  18  1 18 0600  -21.0  692.4    5.8  134.0  444.0  444.0
2018  18  1 18 0900  -22.2  692.5    3.3  139.0  444.0  444.0
2018  18  1 18 1200  -27.5  692.6    3.3  177.0  444.0  444.0
2018  18  1 18 1500  -32.4  692.6    3.5  180.0  444.0  444.0
2018  18  1 18 1800  -33.0  692.8    4.3  176.0  444.0  444.0
2018  18  1 18 2100  -30.6  693.2    5.8  152.0  444.0  444.0
2018  19  1 19 0000  -26.5  693.5    3.9  148.0  444.0  444.0
2018  19  1 19 0300  -25.1  693.4    6.8  129.0  444.0  444.0
2018  19  1 19 0600  -24.2  693.2    8.2  117.0  444.0  444.0
2018  19  1 19 0900  -23.4  693.4    2.5  125.0  444.0  444.0
2018  19  1 19 1200  -22.6  693.5    5.7  111.0  444.0  444.0
2018  19  1 19 1500  -22.9  693.6    4.1  117.0  444.0  444.0
2018  19  1 19 1800  -23.4  693.6    7.0  121.0  444.0  444.0
2018  19  1 19 2100  -23.1  694.0    8.0  112.0  444.0  444.0
2018  20  1 20 0000  -22.1  694.4    7.6  100.0  444.0  444.0
2018  20  1 20 0300  -21.4  694.7    5.5  104.0  444.0  444.0
2018  20  1 20 0600  -20.8  694.6    5.5  118.0  444.0  444.0
2018  20  1 20 0900  -20.8  694.6    5.1   77.0  444.0  444.0
2018  20  1 20 1200  -21.2  694.8    4.7  107.0  444.0  444.0
2018  20  1 20 1500  -22.9  695.1    2.9  103.0  444.0  444.0
2018  20  1 20 1800  -24.9  695.1    2.5  155.0  444.0  444.0
2018  20  1 20 2100  -26.8  695.1    3.1  174.0  444.0  444.0
2018  21  1 21 0000  -25.2  695.0    4.7  172.0  444.0  444.0
2018  21  1 21 0300  -24.5  694.5    3.9  145.0  444.0  444.0
2018  21  1 21 0600  -23.2  694.2    3.7  148.0  444.0  444.0
2018  21  1 21 0900  -23.5  694.2    3.3  136.0  444.0  444.0
2018  21  1 21 1200  -27.2  694.3    2.1  160.0  444.0  444.0
2018  21  1 21 1500  -29.9  694.3    2.7  170.0  444.0  444.0
2018  21  1 21 1800  -35.0  694.4    3.3  187.0  444.0  444.0
2018  21  1 21 2100  -32.4  694.7    5.3  160.0  444.0  444.0
2018  22  1 22 0000  -30.2  695.1    7.6  149.0  444.0  444.0
2018  22  1 22 0300  -26.5  695.1    7.4  139.0  444.0  444.0
2018  22  1 22 0600  -24.4  695.1    7.0  131.0  444.0  444.0
2018  22  1 22 0900  -24.5  695.4    5.5  122.0  444.0  444.0
2018  22  1 22 1200  -26.9  696.0    5.1  131.0  444.0  444.0
2018  22  1 22 1500  -31.1  696.2    4.3  162.0  444.0  444.0
2018  22  1 22 1800  -27.5  696.3    4.9  149.0  444.0  444.0
2018  22  1 22 2100  -28.0  696.5    6.4  145.0  444.0  444.0
2018  23  1 23 0000  -26.0  696.3    8.4  141.0  444.0  444.0
2018  23  1 23 0300  -23.2  695.8    7.0  125.0  444.0  444.0
2018  23  1 23 0600  -22.1  696.0    6.4  111.0  444.0  444.0
2018  23  1 23 0900  -22.1  696.0    5.5  112.0  444.0  444.0
2018  23  1 23 1200  -25.0  696.5    3.1  125.0  444.0  444.0
2018  23  1 23 1500  -25.5  696.8    2.3  115.0  444.0  444.0
2018  23  1 23 1800  -27.9  697.1    2.3  170.0  444.0  444.0
2018  23  1 23 2100  -25.5  697.6    1.8  159.0  444.0  444.0
2018  24  1 24 0000  -24.9  698.1    4.3  155.0  444.0  444.0
2018  24  1 24 0300  -23.9  697.9    4.1  142.0  444.0  444.0
2018  24  1 24 0600  -23.8  697.7    5.5  139.0  444.0  444.0
2018  24  1 24 0900  -24.2  697.8    1.9  128.0  444.0  444.0
2018  24  1 24 1200  -28.0  697.7    3.1  195.0  444.0  444.0
2018  24  1 24 1500  -34.5  697.3    3.3  210.0  444.0  444.0
2018  24  1 24 1800  -36.6  697.6    3.3  208.0  444.0  444.0
2018  24  1 24 2100  -33.1  698.0    3.5  179.0  444.0  444.0
2018  25  1 25 0000  -27.0  698.5    5.3  163.0  444.0  444.0
2018  25  1 25 0300  -25.6  698.5    7.2  122.0  444.0  444.0
2018  25  1 25 0600  -26.1  699.0    4.5  131.0  444.0  444.0
2018  25  1 25 0900  -24.8  699.8    5.1  121.0  444.0  444.0
2018  25  1 25 1200  -27.6  700.8    3.1  172.0  444.0  444.0
2018  25  1 25 1500  -26.9  701.3    3.1  118.0  444.0  444.0
2018  25  1 25 1800  -29.2  702.1    4.5  150.0  444.0  444.0
2018  25  1 25 2100  -31.6  702.9    4.3  197.0  444.0  444.0
2018  26  1 26 0000  -26.1  703.6    4.7  155.0  444.0  444.0
2018  26  1 26 0300  -23.8  703.9    2.7  141.0  444.0  444.0
2018  26  1 26 0600  -22.8  703.9    3.9  145.0  444.0  444.0
2018  26  1 26 0900  -23.9  704.5    1.4  138.0  444.0  444.0
2018  26  1 26 1200  -29.2  704.8    2.5  202.0  444.0  444.0
2018  26  1 26 1500  -27.1  705.2    1.2  132.0  444.0  444.0
2018  26  1 26 1800  -27.2  705.3    1.8  167.0  444.0  444.0
2018  26  1 26 2100  -25.5  705.3    4.3  165.0  444.0  444.0
2018  27  1 27 0000  -23.4  706.0    2.5  160.0  444.0  444.0
2018  27  1 27 0300  -22.2  705.6    5.8  148.0  444.0  444.0
2018  27  1 27 0600  -21.6  705.8    5.1  152.0  444.0  444.0
2018  27  1 27 0900  -22.9  705.6    2.3  167.0  444.0  444.0
2018  27  1 27 1200  -29.0  705.7    3.9  210.0  444.0  444.0
2018  27  1 27 1500  -33.5  705.6    4.5  210.0  444.0  444.0
2018  27  1 27 1800  -36.5  705.2    5.1  208.0  444.0  444.0
2018  27  1 27 2100  -34.6  704.1    4.7  191.0  444.0  444.0
2018  28  1 28 0000  -30.4  703.1    5.3  166.0  444.0  444.0
2018  28  1 28 0300  -27.6  701.3    6.4  145.0  444.0  444.0
2018  28  1 28 0600  -25.5  699.4    7.0  131.0  444.0  444.0
2018  28  1 28 0900  -25.9  698.2    5.1  127.0  444.0  444.0
2018  28  1 28 1200  -31.4  697.8    4.9  159.0  444.0  444.0
2018  28  1 28 1500  -35.2  696.9    6.0  153.0  444.0  444.0
2018  28  1 28 1800  -35.6  696.9    5.8  152.0  444.0  444.0
2018  28  1 28 2100  -34.5  697.5    6.4  149.0  444.0  444.0
2018  29  1 29 0000  -30.6  698.0    7.0  139.0  444.0  444.0
2018  29  1 29 0300  -27.2  698.4    5.8  141.0  444.0  444.0
2018  29  1 29 0600  -25.1  698.7    5.7  128.0  444.0  444.0
2018  29  1 29 0900  -26.2  699.2    3.1  131.0  444.0  444.0
2018  29  1 29 1200  -30.9  699.7    2.9  166.0  444.0  444.0
2018  29  1 29 1500  -34.8  700.0    3.1  166.0  444.0  444.0
2018  29  1 29 1800  -35.9  700.3    2.3  172.0  444.0  444.0
2018  29  1 29 2100  -34.5  700.3    1.9  191.0  444.0  444.0
2018  30  1 30 0000  -31.1  699.7    3.5  136.0  444.0  444.0
2018  30  1 30 0300  -28.2  698.9    3.1  125.0  444.0  444.0
2018  30  1 30 0600  -27.6  698.3    2.7   83.0  444.0  444.0
2018  30  1 30 0900  -28.0  697.7    2.1  122.0  444.0  444.0
2018  30  1 30 1200  -31.8  697.6    3.1  180.0  444.0  444.0
2018  30  1 30 1500  -35.2  697.5    3.5  177.0  444.0  444.0
2018  30  1 30 1800  -39.2  697.6    4.3  186.0  444.0  444.0
2018  30  1 30 2100  -37.9  698.1    5.5  181.0  444.0  444.0
2018  31  1 31 0000  -33.4  698.3    5.8  177.0  444.0  444.0
2018  31  1 31 0300  -30.0  698.0    6.6  170.0  444.0  444.0
2018  31  1 31 0600  -29.0  697.8    5.3  181.0  444.0  444.0
2018  31  1 31 0900  -29.1  698.5    2.9  179.0  444.0  444.0
2018  31  1 31 1200  -34.8  699.1    4.9  193.0  444.0  444.0
2018  31  1 31 1500  -38.5  699.5    6.0  195.0  444.0  444.0
2018  31  1 31 1800  -39.8  700.6    5.3  198.0  444.0  444.0
2018  31  1 31 2100  -37.6  701.5    5.7  190.0  444.0  444.0
