Year: 2018  Month: 03  ID: DC2  ARGOS:  8989  Name: Dome C II           
Lat: 75.13S  Lon: 123.38E  Elev: 3250m
2018  60  3  1 0000  -53.6  636.2    1.8  191.0  444.0  444.0
2018  60  3  1 0300  -49.5  635.8    3.2  173.0  444.0  444.0
2018  60  3  1 0600  -45.0  635.8    1.8  200.0  444.0  444.0
2018  60  3  1 0900  -47.6  636.0    1.8  205.0  444.0  444.0
2018  60  3  1 1200  -56.5  636.3    1.8  193.0  444.0  444.0
2018  60  3  1 1500  -58.4  636.0    2.0  181.0  444.0  444.0
2018  60  3  1 1800  -60.1  636.2    2.0  195.0  444.0  444.0
2018  60  3  1 2100  -59.0  635.9    1.5  201.0  444.0  444.0
2018  61  3  2 0000  -52.4  636.4    1.2  215.0  444.0  444.0
2018  61  3  2 0300  -49.5  636.5    3.0  229.0  444.0  444.0
2018  61  3  2 0600  -45.6  636.8    2.0  242.0  444.0  444.0
2018  61  3  2 0900  -49.2  637.2    2.5  238.0  444.0  444.0
2018  61  3  2 1200  -56.6  637.6    2.2  235.0  444.0  444.0
2018  61  3  2 1500  -59.5  637.7    2.0  231.0  444.0  444.0
2018  61  3  2 1800  -59.9  638.0    2.2  219.0  444.0  444.0
2018  61  3  2 2100  -60.1  638.2    1.5  269.0  444.0  444.0
2018  62  3  3 0000  -54.2  638.5    3.2  248.0  444.0  444.0
2018  62  3  3 0300  -50.4  638.5    2.8  236.0  444.0  444.0
2018  62  3  3 0600  -47.1  638.7    3.0  249.0  444.0  444.0
2018  62  3  3 0900  -50.5  638.8    3.0  240.0  444.0  444.0
2018  62  3  3 1200  -57.6  639.2    2.5  225.0  444.0  444.0
2018  62  3  3 1500  -59.9  638.7    2.2  212.0  444.0  444.0
2018  62  3  3 1800  -60.0  638.7    2.0  197.0  444.0  444.0
2018  62  3  3 2100  -59.0  638.6    2.5  194.0  444.0  444.0
2018  63  3  4 0000  -54.5  638.6    2.2  194.0  444.0  444.0
2018  63  3  4 0300  -50.8  638.4    3.5  191.0  444.0  444.0
2018  63  3  4 0600  -47.2  638.3    4.0  198.0  444.0  444.0
2018  63  3  4 0900  -50.4  638.1    4.5  194.0  444.0  444.0
2018  63  3  4 1200  -54.9  638.1    5.0  180.0  444.0  444.0
2018  63  3  4 1500  -57.0  637.8    4.5  179.0  444.0  444.0
2018  63  3  4 1800  -58.2  637.5    5.2  169.0  444.0  444.0
2018  63  3  4 2100  -58.2  637.3    3.8  159.0  444.0  444.0
2018  64  3  5 0000  -54.5  637.2    3.5  150.0  444.0  444.0
2018  64  3  5 0300  -50.4  637.0    1.5  145.0  444.0  444.0
2018  64  3  5 0600  -46.5  636.7    2.2  146.0  444.0  444.0
2018  64  3  5 0900  -49.4  637.1    1.2  124.0  444.0  444.0
2018  64  3  5 1200  -56.9  637.2    1.5  135.0  444.0  444.0
2018  64  3  5 1500  -58.9  637.5    2.2  134.0  444.0  444.0
2018  64  3  5 1800  -58.8  637.8    1.8   63.0  444.0  444.0
2018  64  3  5 2100  -56.9  638.3    1.5   22.0  444.0  444.0
2018  65  3  6 0000  -51.6  638.9    2.8    3.0  444.0  444.0
2018  65  3  6 0300  -48.0  638.9    2.2   10.0  444.0  444.0
2018  65  3  6 0600  -44.5  639.2    2.8  346.0  444.0  444.0
2018  65  3  6 0900  -46.2  639.4    2.5  353.0  444.0  444.0
2018  65  3  6 1200  -51.0  639.3    3.2  352.0  444.0  444.0
2018  65  3  6 1500  -50.8  638.6    4.0  336.0  444.0  444.0
2018  65  3  6 1800  -53.8  638.1    3.0  336.0  444.0  444.0
2018  65  3  6 2100  -54.9  637.5    2.8  315.0  444.0  444.0
2018  66  3  7 0000  -51.2  636.8    1.2  328.0  444.0  444.0
2018  66  3  7 0300  -50.1  635.8    1.5  280.0  444.0  444.0
2018  66  3  7 0600  -45.6  634.9    1.2  239.0  444.0  444.0
2018  66  3  7 0900  -51.0  634.1    2.0  260.0  444.0  444.0
2018  66  3  7 1200  -58.9  633.5    2.5  269.0  444.0  444.0
2018  66  3  7 1500  -61.5  632.4    3.2  253.0  444.0  444.0
2018  66  3  7 1800  -62.9  631.6    3.0  240.0  444.0  444.0
2018  66  3  7 2100  -63.2  630.8    2.5  245.0  444.0  444.0
2018  67  3  8 0000  -58.8  630.2    3.0  211.0  444.0  444.0
2018  67  3  8 0300  -56.9  629.4    5.0  208.0  444.0  444.0
2018  67  3  8 0600  -53.4  629.1    5.5  204.0  444.0  444.0
2018  67  3  8 0900  -54.2  628.6    6.2  198.0  444.0  444.0
2018  67  3  8 1200  -58.1  628.2    6.5  201.0  444.0  444.0
2018  67  3  8 1500  -59.5  627.0    6.8  200.0  444.0  444.0
2018  67  3  8 1800  -60.9  626.3    6.0  198.0  444.0  444.0
2018  67  3  8 2100  -61.5  625.7    6.8  191.0  444.0  444.0
2018  68  3  9 0000  -58.2  625.6    6.8  176.0  444.0  444.0
2018  68  3  9 0300  -55.5  626.1    7.0  156.0  444.0  444.0
2018  68  3  9 0600  -52.4  626.9    5.8  160.0  444.0  444.0
2018  68  3  9 0900  -54.0  627.9    6.5  158.0  444.0  444.0
2018  68  3  9 1200  -58.5  628.8    5.5  155.0  444.0  444.0
2018  68  3  9 1500  -58.5  628.8    5.0  160.0  444.0  444.0
2018  68  3  9 1800  -59.5  629.1    6.8  152.0  444.0  444.0
2018  68  3  9 2100  -56.1  629.2    7.2  142.0  444.0  444.0
2018  69  3 10 0000  -53.1  629.8    7.5  127.0  444.0  444.0
2018  69  3 10 0300  -48.6  630.2    7.5  110.0  444.0  444.0
2018  69  3 10 0600  -46.9  631.0    7.8  100.0  444.0  444.0
2018  69  3 10 0900  -49.2  631.5    7.0  111.0  444.0  444.0
2018  69  3 10 1200  -49.5  632.1    7.8  107.0  444.0  444.0
2018  69  3 10 1500  -51.9  633.0    8.5  103.0  444.0  444.0
2018  69  3 10 1800  -52.0  633.7    7.2   98.0  444.0  444.0
2018  69  3 10 2100  -50.8  635.2    8.5  101.0  444.0  444.0
2018  70  3 11 0000  -47.5  636.5    8.2   93.0  444.0  444.0
2018  70  3 11 0300  -43.9  637.6    9.8   96.0  444.0  444.0
2018  70  3 11 0600  -43.2  638.9    8.8   89.0  444.0  444.0
2018  70  3 11 0900  -44.6  640.1    8.5   91.0  444.0  444.0
2018  70  3 11 1200  -48.1  641.1    6.2   94.0  444.0  444.0
2018  70  3 11 1500  -50.6  642.0    5.5   83.0  444.0  444.0
2018  70  3 11 1800  -54.2  643.2    4.5   98.0  444.0  444.0
2018  70  3 11 2100  -55.1  644.0    4.0   96.0  444.0  444.0
2018  71  3 12 0000  -51.2  644.9    4.0   94.0  444.0  444.0
2018  71  3 12 0300  -48.1  645.7    3.2   97.0  444.0  444.0
2018  71  3 12 0600  -46.2  646.4    3.8  100.0  444.0  444.0
2018  71  3 12 0900  -49.6  647.2    3.0   98.0  444.0  444.0
2018  71  3 12 1200  -55.1  647.8    3.0  101.0  444.0  444.0
2018  71  3 12 1500  -56.8  648.3    2.8  104.0  444.0  444.0
2018  71  3 12 1800  -58.1  649.0    3.8  112.0  444.0  444.0
2018  71  3 12 2100  -58.1  649.5    3.2  121.0  444.0  444.0
2018  72  3 13 0000  -53.4  650.0    3.2  112.0  444.0  444.0
2018  72  3 13 0300  -50.8  650.3    2.5  129.0  444.0  444.0
2018  72  3 13 0600  -48.5  650.7    3.0  138.0  444.0  444.0
2018  72  3 13 0900  -52.1  651.4    3.0  172.0  444.0  444.0
2018  72  3 13 1200  -57.2  651.8    2.5  184.0  444.0  444.0
2018  72  3 13 1500  -57.9  651.7    3.2  207.0  444.0  444.0
2018  72  3 13 1800  -57.2  652.1    3.5  214.0  444.0  444.0
2018  72  3 13 2100  -57.9  652.6    5.2  224.0  444.0  444.0
2018  73  3 14 0000  -51.4  653.3    6.8  212.0  444.0  444.0
2018  73  3 14 0300  -47.8  653.6    7.5  194.0  444.0  444.0
2018  73  3 14 0600  -45.6  654.6    8.2  200.0  444.0  444.0
2018  73  3 14 0900  -47.8  655.5    6.8  211.0  444.0  444.0
2018  73  3 14 1200  -53.5  655.7    4.8  208.0  444.0  444.0
2018  73  3 14 1500  -56.5  655.5    4.0  211.0  444.0  444.0
2018  73  3 14 1800  -56.6  655.5    2.8  212.0  444.0  444.0
2018  73  3 14 2100  -55.5  655.0    3.8  225.0  444.0  444.0
2018  74  3 15 0000  -49.9  654.2    3.0  217.0  444.0  444.0
2018  74  3 15 0300  -43.9  652.4    4.8  249.0  444.0  444.0
2018  74  3 15 0600  -44.2  650.8    7.2  242.0  444.0  444.0
2018  74  3 15 0900  -45.1  649.8    5.0  233.0  444.0  444.0
2018  74  3 15 1200  -50.4  649.0    5.0  229.0  444.0  444.0
2018  74  3 15 1500  -52.1  647.9    5.5  238.0  444.0  444.0
2018  74  3 15 1800  -53.6  646.8    5.2  233.0  444.0  444.0
2018  74  3 15 2100  -54.9  645.1    5.0  231.0  444.0  444.0
2018  75  3 16 0000  -52.1  643.1    5.0  232.0  444.0  444.0
2018  75  3 16 0300  -50.6  641.2    4.5  235.0  444.0  444.0
2018  75  3 16 0600  -48.6  639.3    5.5  248.0  444.0  444.0
2018  75  3 16 0900  -51.4  637.5    4.8  236.0  444.0  444.0
2018  75  3 16 1200  -55.2  635.6    6.8  218.0  444.0  444.0
2018  75  3 16 1500  -57.8  634.0    6.5  218.0  444.0  444.0
2018  75  3 16 1800  -58.9  632.5    7.8  207.0  444.0  444.0
2018  75  3 16 2100  -59.9  631.0    7.0  211.0  444.0  444.0
2018  76  3 17 0000  -57.8  630.3    7.5  195.0  444.0  444.0
2018  76  3 17 0300  -55.5  629.7   10.2  193.0  444.0  444.0
2018  76  3 17 0600  -53.4  629.7    8.8  190.0  444.0  444.0
2018  76  3 17 0900  -55.4  630.2    6.2  177.0  444.0  444.0
2018  76  3 17 1200  -58.8  630.7    4.5  173.0  444.0  444.0
2018  76  3 17 1500  -60.5  631.0    4.0  145.0  444.0  444.0
2018  76  3 17 1800  -62.1  631.7    1.5  142.0  444.0  444.0
2018  76  3 17 2100  -63.1  632.5    1.0  129.0  444.0  444.0
2018  77  3 18 0000  -58.8  633.4    0.8  115.0  444.0  444.0
2018  77  3 18 0300  -54.4  634.5    1.0   83.0  444.0  444.0
2018  77  3 18 0600  -49.9  635.5    1.8   52.0  444.0  444.0
2018  77  3 18 0900  -53.6  636.9    0.5   68.0  444.0  444.0
2018  77  3 18 1200  -54.5  637.9    1.8   42.0  444.0  444.0
2018  77  3 18 1500  -57.0  639.2    2.5   42.0  444.0  444.0
2018  77  3 18 1800  -58.2  640.4    3.5   84.0  444.0  444.0
2018  77  3 18 2100  -56.5  641.8    3.5   79.0  444.0  444.0
2018  78  3 19 0000  -53.6  641.1    4.0  117.0  444.0  444.0
2018  78  3 19 0300  -48.2  641.0    5.5  120.0  444.0  444.0
2018  78  3 19 0600  -44.2  639.9    9.2  124.0  444.0  444.0
2018  78  3 19 0900  -40.6  639.5   11.0  122.0  444.0  444.0
2018  78  3 19 1200  -40.5  637.9   12.0  118.0  444.0  444.0
2018  78  3 19 1500  -40.8  637.7    8.8   96.0  444.0  444.0
2018  78  3 19 1800  -42.8  638.1    7.8   77.0  444.0  444.0
2018  78  3 19 2100  -43.1  637.5    8.8   76.0  444.0  444.0
2018  79  3 20 0000  -44.2  637.4    8.5   65.0  444.0  444.0
2018  79  3 20 0300  -43.1  637.5    5.8   58.0  444.0  444.0
2018  79  3 20 0600  -41.8  638.0    4.0   32.0  444.0  444.0
2018  79  3 20 0900  -45.0  639.0    2.8    6.0  444.0  444.0
2018  79  3 20 1200  -47.2  639.7    3.5  357.0  444.0  444.0
2018  79  3 20 1500  -48.0  640.6    3.2  345.0  444.0  444.0
2018  79  3 20 1800  -49.9  641.2    2.5  295.0  444.0  444.0
2018  79  3 20 2100  -51.1  641.9    1.5  285.0  444.0  444.0
2018  80  3 21 0000  -46.0  642.8    1.5  301.0  444.0  444.0
2018  80  3 21 0300  -48.2  643.2    2.0  257.0  444.0  444.0
2018  80  3 21 0600  444.0  643.6    1.5  221.0  444.0  444.0
2018  80  3 21 0900  -50.4  644.1    1.5  217.0  444.0  444.0
2018  80  3 21 1200  -54.0  644.1    1.2  249.0  444.0  444.0
2018  80  3 21 1500  -57.0  643.9    1.8  253.0  444.0  444.0
2018  80  3 21 1800  -58.8  644.2    1.8  288.0  444.0  444.0
2018  80  3 21 2100  -57.5  643.9    2.2  242.0  444.0  444.0
2018  81  3 22 0000  -54.8  643.4    1.8  224.0  444.0  444.0
2018  81  3 22 0300  -49.2  643.0    4.8  214.0  444.0  444.0
2018  81  3 22 0600  -48.6  643.1    3.8  224.0  444.0  444.0
2018  81  3 22 0900  -54.9  642.9    3.2  249.0  444.0  444.0
2018  81  3 22 1200  -58.9  643.0    3.0  233.0  444.0  444.0
2018  81  3 22 1500  -59.1  643.5    3.8  208.0  444.0  444.0
2018  81  3 22 1800  -59.6  643.6    4.8  204.0  444.0  444.0
2018  81  3 22 2100  -59.5  643.9    5.0  205.0  444.0  444.0
2018  82  3 23 0000  -56.6  644.0    6.0  200.0  444.0  444.0
2018  82  3 23 0300  -54.4  644.0    5.8  205.0  444.0  444.0
2018  82  3 23 0600  -52.2  643.5    7.5  201.0  444.0  444.0
2018  82  3 23 0900  -52.8  642.4    5.5  205.0  444.0  444.0
2018  82  3 23 1200  -53.1  641.3    6.8  200.0  444.0  444.0
2018  82  3 23 1500  -55.5  640.6    4.5  180.0  444.0  444.0
2018  82  3 23 1800  -55.2  640.9    6.0  152.0  444.0  444.0
2018  82  3 23 2100  -56.0  642.6    4.5  145.0  444.0  444.0
2018  83  3 24 0000  -53.6  644.5    7.5  156.0  444.0  444.0
2018  83  3 24 0300  -50.1  645.9    7.5  148.0  444.0  444.0
2018  83  3 24 0600  -46.4  647.3    4.0  149.0  444.0  444.0
2018  83  3 24 0900  -48.6  648.3    4.0  163.0  444.0  444.0
2018  83  3 24 1200  -48.9  648.4    4.8  176.0  444.0  444.0
2018  83  3 24 1500  -47.2  648.1    5.2  163.0  444.0  444.0
2018  83  3 24 1800  -48.2  647.9    3.0  159.0  444.0  444.0
2018  83  3 24 2100  -50.1  648.7    5.0  152.0  444.0  444.0
2018  84  3 25 0000  -47.6  649.8    4.8  136.0  444.0  444.0
2018  84  3 25 0300  -46.2  651.3    4.0  118.0  444.0  444.0
2018  84  3 25 0600  -46.5  652.3    1.8  122.0  444.0  444.0
2018  84  3 25 0900  -52.2  653.6    1.5  138.0  444.0  444.0
2018  84  3 25 1200  -56.8  653.8    1.5  186.0  444.0  444.0
2018  84  3 25 1500  -54.4  653.0    3.0  249.0  444.0  444.0
2018  84  3 25 1800  -56.6  652.1    3.0  248.0  444.0  444.0
2018  84  3 25 2100  -52.8  650.4    4.0  256.0  444.0  444.0
2018  85  3 26 0000  -46.9  649.2    5.8  242.0  444.0  444.0
2018  85  3 26 0300  -45.6  647.8    5.0  239.0  444.0  444.0
2018  85  3 26 0600  -43.9  647.0    4.8  217.0  444.0  444.0
2018  85  3 26 0900  -47.4  646.8    4.5  194.0  444.0  444.0
2018  85  3 26 1200  -48.6  646.6    5.0  187.0  444.0  444.0
2018  85  3 26 1500  -50.8  646.1    6.0  186.0  444.0  444.0
2018  85  3 26 1800  -52.9  646.0    4.8  170.0  444.0  444.0
2018  85  3 26 2100  -53.1  645.9    5.8  163.0  444.0  444.0
2018  86  3 27 0000  -52.9  646.4    4.5  159.0  444.0  444.0
2018  86  3 27 0300  -52.2  646.8    2.5  148.0  444.0  444.0
2018  86  3 27 0600  -50.0  647.0    2.2  152.0  444.0  444.0
2018  86  3 27 0900  -54.5  647.6    0.8  188.0  444.0  444.0
2018  86  3 27 1200  -57.9  648.5    0.0  158.0  444.0  444.0
2018  86  3 27 1500  -58.5  649.2    0.8  173.0  444.0  444.0
2018  86  3 27 1800  -58.4  650.1    0.0  187.0  444.0  444.0
2018  86  3 27 2100  -59.6  651.3    0.0  204.0  444.0  444.0
2018  87  3 28 0000  444.0  653.2    0.0  110.0  444.0  444.0
2018  87  3 28 0300  -54.8  654.3    1.2   62.0  444.0  444.0
2018  87  3 28 0600  -52.4  655.0    1.0  111.0  444.0  444.0
2018  87  3 28 0900  -56.6  656.1    1.2  114.0  444.0  444.0
2018  87  3 28 1200  -55.1  657.2    1.5  103.0  444.0  444.0
2018  87  3 28 1500  -55.5  657.6    2.2  108.0  444.0  444.0
2018  87  3 28 1800  -54.8  658.1    2.5  107.0  444.0  444.0
2018  87  3 28 2100  -55.8  658.6    2.5  111.0  444.0  444.0
2018  88  3 29 0000  -53.2  659.1    2.5  114.0  444.0  444.0
2018  88  3 29 0300  -49.9  659.2    1.8  131.0  444.0  444.0
2018  88  3 29 0600  444.0  659.3    0.5  108.0  444.0  444.0
2018  88  3 29 0900  -48.2  659.7    1.8  142.0  444.0  444.0
2018  88  3 29 1200  -52.8  660.0    1.0  193.0  444.0  444.0
2018  88  3 29 1500  -49.2  660.2    3.2  202.0  444.0  444.0
2018  88  3 29 1800  -50.4  660.1    3.0  242.0  444.0  444.0
2018  88  3 29 2100  -54.4  660.3    4.2  236.0  444.0  444.0
2018  89  3 30 0000  -54.1  660.4    2.2  273.0  444.0  444.0
2018  89  3 30 0300  -52.8  660.5    3.5  204.0  444.0  444.0
2018  89  3 30 0600  -51.9  660.9    2.5  204.0  444.0  444.0
2018  89  3 30 0900  -58.5  661.2    1.8  191.0  444.0  444.0
2018  89  3 30 1200  -61.1  661.4    2.8  191.0  444.0  444.0
2018  89  3 30 1500  -60.2  661.1    4.2  179.0  444.0  444.0
2018  89  3 30 1800  -59.2  660.9    4.2  162.0  444.0  444.0
2018  89  3 30 2100  -58.8  660.9    3.0  176.0  444.0  444.0
2018  90  3 31 0000  -56.4  660.2    4.0  177.0  444.0  444.0
2018  90  3 31 0300  -53.0  659.3    4.0  181.0  444.0  444.0
2018  90  3 31 0600  -51.1  658.3    4.0  201.0  444.0  444.0
2018  90  3 31 0900  -55.4  657.0    3.2  197.0  444.0  444.0
2018  90  3 31 1200  -56.1  655.7    5.2  195.0  444.0  444.0
2018  90  3 31 1500  -56.6  654.3    4.5  180.0  444.0  444.0
2018  90  3 31 1800  -57.9  653.2    5.0  187.0  444.0  444.0
2018  90  3 31 2100  -57.5  652.6    4.2  174.0  444.0  444.0
