Year: 2018  Month: 06  ID: DC2  ARGOS:  8989  Name: Dome C II           
Lat: 75.13S  Lon: 123.38E  Elev: 3250m
2018 152  6  1 0000  -70.0  650.9    2.2  314.0  444.0  444.0
2018 152  6  1 0300  -68.8  651.8    1.8  259.0  444.0  444.0
2018 152  6  1 0600  -70.6  652.4    2.0  315.0  444.0  444.0
2018 152  6  1 0900  -71.9  652.9    1.2  249.0  444.0  444.0
2018 152  6  1 1200  -72.4  653.3    1.0  253.0  444.0  444.0
2018 152  6  1 1500  -70.6  653.4    2.0  271.0  444.0  444.0
2018 152  6  1 1800  -72.0  653.0    1.8  287.0  444.0  444.0
2018 152  6  1 2100  -68.4  652.4    4.0  250.0  444.0  444.0
2018 153  6  2 0000  -73.0  652.0    2.0  249.0  444.0  444.0
2018 153  6  2 0300  -71.4  651.7    3.0  236.0  444.0  444.0
2018 153  6  2 0600  -69.4  651.6    3.5  226.0  444.0  444.0
2018 153  6  2 0900  -67.0  651.5    4.5  200.0  444.0  444.0
2018 153  6  2 1200  -62.5  651.8    5.5  191.0  444.0  444.0
2018 153  6  2 1500  -58.2  651.8    8.0  183.0  444.0  444.0
2018 153  6  2 1800  -54.0  652.9    8.0  172.0  444.0  444.0
2018 153  6  2 2100  -53.0  654.0   11.5  173.0  444.0  444.0
2018 154  6  3 0000  -51.4  654.4   10.5  176.0  444.0  444.0
2018 154  6  3 0300  -52.8  655.3    9.0  170.0  444.0  444.0
2018 154  6  3 0600  -55.9  654.1    7.2  187.0  444.0  444.0
2018 154  6  3 0900  -56.8  651.5    6.2  212.0  444.0  444.0
2018 154  6  3 1200  -54.6  646.6    8.0  232.0  444.0  444.0
2018 154  6  3 1500  -49.8  640.8   10.5  239.0  444.0  444.0
2018 154  6  3 1800  -47.8  636.9   13.5  214.0  444.0  444.0
2018 154  6  3 2100  -49.4  635.3   10.8  197.0  444.0  444.0
2018 155  6  4 0000  -49.4  634.8   13.0  191.0  444.0  444.0
2018 155  6  4 0300  -49.9  634.9   12.8  183.0  444.0  444.0
2018 155  6  4 0600  -50.6  634.4   11.0  181.0  444.0  444.0
2018 155  6  4 0900  -51.8  634.8   10.0  183.0  444.0  444.0
2018 155  6  4 1200  -53.5  635.6    8.2  174.0  444.0  444.0
2018 155  6  4 1500  -55.4  635.8    7.0  180.0  444.0  444.0
2018 155  6  4 1800  -57.6  636.4    5.5  177.0  444.0  444.0
2018 155  6  4 2100  -59.1  636.6    7.5  183.0  444.0  444.0
2018 156  6  5 0000  -60.2  637.2    4.5  173.0  444.0  444.0
2018 156  6  5 0300  -61.4  637.7    5.8  186.0  444.0  444.0
2018 156  6  5 0600  -60.2  637.6    7.8  181.0  444.0  444.0
2018 156  6  5 0900  -58.4  637.8    7.5  183.0  444.0  444.0
2018 156  6  5 1200  -59.1  638.6   11.0  194.0  444.0  444.0
2018 156  6  5 1500  -57.1  639.3    8.5  180.0  444.0  444.0
2018 156  6  5 1800  -56.0  640.2    8.0  180.0  444.0  444.0
2018 156  6  5 2100  -55.9  641.2    6.8  200.0  444.0  444.0
2018 157  6  6 0000  -55.1  642.0    8.5  190.0  444.0  444.0
2018 157  6  6 0300  -56.1  642.7    7.0  194.0  444.0  444.0
2018 157  6  6 0600  -57.8  643.9    5.5  188.0  444.0  444.0
2018 157  6  6 0900  -61.1  644.6    3.0  205.0  444.0  444.0
2018 157  6  6 1200  -60.8  644.7    2.8  225.0  444.0  444.0
2018 157  6  6 1500  -59.5  644.7    2.2  235.0  444.0  444.0
2018 157  6  6 1800  -60.2  644.2    2.5  257.0  444.0  444.0
2018 157  6  6 2100  -57.6  643.8    3.2  263.0  444.0  444.0
2018 158  6  7 0000  -57.2  642.8    4.8  255.0  444.0  444.0
2018 158  6  7 0300  -58.2  642.3    4.0  276.0  444.0  444.0
2018 158  6  7 0600  -57.5  641.8   13.2  266.0  444.0  444.0
2018 158  6  7 0900  -57.4  641.2    5.0  264.0  444.0  444.0
2018 158  6  7 1200  -60.5  641.3    5.0  246.0  444.0  444.0
2018 158  6  7 1500  -63.6  641.5    3.5  249.0  444.0  444.0
2018 158  6  7 1800  -64.6  641.3    4.2  233.0  444.0  444.0
2018 158  6  7 2100  -64.1  641.8    3.8  233.0  444.0  444.0
2018 159  6  8 0000  -61.6  642.0    5.0  224.0  444.0  444.0
2018 159  6  8 0300  -56.9  642.0    7.8  219.0  444.0  444.0
2018 159  6  8 0600  -58.8  642.4    5.5  208.0  444.0  444.0
2018 159  6  8 0900  -59.4  642.8    7.2  195.0  444.0  444.0
2018 159  6  8 1200  -58.5  642.8    4.5  214.0  444.0  444.0
2018 159  6  8 1500  -58.8  642.9    5.0  222.0  444.0  444.0
2018 159  6  8 1800  -58.8  643.0    4.0  212.0  444.0  444.0
2018 159  6  8 2100  -59.0  642.9    4.8  214.0  444.0  444.0
2018 160  6  9 0000  -58.9  642.5    4.0  197.0  444.0  444.0
2018 160  6  9 0300  -60.2  642.2    3.2  194.0  444.0  444.0
2018 160  6  9 0600  -61.2  642.0    2.8  211.0  444.0  444.0
2018 160  6  9 0900  -62.2  641.9    2.5  202.0  444.0  444.0
2018 160  6  9 1200  -62.6  641.5    2.5  204.0  444.0  444.0
2018 160  6  9 1500  -63.0  641.0    2.2  208.0  444.0  444.0
2018 160  6  9 1800  -64.1  640.7    1.5  224.0  444.0  444.0
2018 160  6  9 2100  -63.0  640.2    1.8  224.0  444.0  444.0
2018 161  6 10 0000  -65.0  639.8    1.5  242.0  444.0  444.0
2018 161  6 10 0300  -66.1  639.3    2.8  229.0  444.0  444.0
2018 161  6 10 0600  -67.5  639.5    2.5  222.0  444.0  444.0
2018 161  6 10 0900  -67.4  639.8    3.5  210.0  444.0  444.0
2018 161  6 10 1200  -67.2  640.6    2.8  228.0  444.0  444.0
2018 161  6 10 1500  -67.4  640.9    2.8  221.0  444.0  444.0
2018 161  6 10 1800  -67.0  641.4    3.0  210.0  444.0  444.0
2018 161  6 10 2100  -67.1  641.7    2.5  207.0  444.0  444.0
2018 162  6 11 0000  -67.9  641.9    3.0  204.0  444.0  444.0
2018 162  6 11 0300  -67.9  641.9    1.5  212.0  444.0  444.0
2018 162  6 11 0600  -67.2  641.7    2.2  212.0  444.0  444.0
2018 162  6 11 0900  -67.6  641.5    2.5  218.0  444.0  444.0
2018 162  6 11 1200  -69.0  641.2    2.2  222.0  444.0  444.0
2018 162  6 11 1500  -69.4  640.6    2.2  229.0  444.0  444.0
2018 162  6 11 1800  -68.6  640.0    2.5  214.0  444.0  444.0
2018 162  6 11 2100  -67.2  639.2    3.5  211.0  444.0  444.0
2018 163  6 12 0000  -67.5  638.6    2.8  222.0  444.0  444.0
2018 163  6 12 0300  -67.9  638.1    2.8  221.0  444.0  444.0
2018 163  6 12 0600  -68.2  637.7    2.2  224.0  444.0  444.0
2018 163  6 12 0900  -67.1  637.7    3.8  210.0  444.0  444.0
2018 163  6 12 1200  -67.1  637.6    4.0  210.0  444.0  444.0
2018 163  6 12 1500  -67.8  638.6    2.5  212.0  444.0  444.0
2018 163  6 12 1800  -66.6  639.3    4.2  204.0  444.0  444.0
2018 163  6 12 2100  -67.6  640.3    3.8  215.0  444.0  444.0
2018 164  6 13 0000  -67.2  641.7    3.5  217.0  444.0  444.0
2018 164  6 13 0300  -68.4  643.1    3.5  224.0  444.0  444.0
2018 164  6 13 0600  -68.4  644.1    2.8  224.0  444.0  444.0
2018 164  6 13 0900  -67.4  645.3    3.5  221.0  444.0  444.0
2018 164  6 13 1200  -69.5  646.3    2.0  277.0  444.0  444.0
2018 164  6 13 1500  -69.6  646.7    2.5  273.0  444.0  444.0
2018 164  6 13 1800  -67.9  646.6    2.8  250.0  444.0  444.0
2018 164  6 13 2100  -66.6  646.6    1.5  274.0  444.0  444.0
2018 165  6 14 0000  -71.1  646.9    1.2  257.0  444.0  444.0
2018 165  6 14 0300  -69.8  647.5    3.8  202.0  444.0  444.0
2018 165  6 14 0600  -70.1  648.3    3.0  204.0  444.0  444.0
2018 165  6 14 0900  -70.6  649.5    1.8  207.0  444.0  444.0
2018 165  6 14 1200  -70.6  650.3    2.0  228.0  444.0  444.0
2018 165  6 14 1500  -70.4  650.5    2.8  224.0  444.0  444.0
2018 165  6 14 1800  -71.5  651.0    2.5  225.0  444.0  444.0
2018 165  6 14 2100  -67.6  651.3    3.0  245.0  444.0  444.0
2018 166  6 15 0000  -67.8  651.5    2.5  260.0  444.0  444.0
2018 166  6 15 0300  -67.0  651.8    4.5  239.0  444.0  444.0
2018 166  6 15 0600  -67.0  652.5    3.8  225.0  444.0  444.0
2018 166  6 15 0900  -67.4  653.4    5.0  235.0  444.0  444.0
2018 166  6 15 1200  -66.6  653.9    4.2  221.0  444.0  444.0
2018 166  6 15 1500  -67.9  653.6    3.5  249.0  444.0  444.0
2018 166  6 15 1800  -65.2  653.2    4.0  239.0  444.0  444.0
2018 166  6 15 2100  -66.5  653.4    3.5  229.0  444.0  444.0
2018 167  6 16 0000  -65.9  652.7    5.0  198.0  444.0  444.0
2018 167  6 16 0300  -65.0  652.3    4.8  188.0  444.0  444.0
2018 167  6 16 0600  -65.0  651.7    5.2  188.0  444.0  444.0
2018 167  6 16 0900  -62.4  651.1    7.0  187.0  444.0  444.0
2018 167  6 16 1200  -61.2  650.3    6.0  187.0  444.0  444.0
2018 167  6 16 1500  -61.2  650.0    9.0  191.0  444.0  444.0
2018 167  6 16 1800  -60.6  650.0    8.5  181.0  444.0  444.0
2018 167  6 16 2100  -62.5  650.6    8.0  172.0  444.0  444.0
2018 168  6 17 0000  -63.0  651.9    7.0  165.0  444.0  444.0
2018 168  6 17 0300  -60.9  653.2    7.8  162.0  444.0  444.0
2018 168  6 17 0600  -61.1  653.6    7.2  174.0  444.0  444.0
2018 168  6 17 0900  -60.8  653.6    6.8  181.0  444.0  444.0
2018 168  6 17 1200  -59.9  652.9    6.2  183.0  444.0  444.0
2018 168  6 17 1500  -59.2  652.1    6.0  187.0  444.0  444.0
2018 168  6 17 1800  -58.8  651.2    4.8  186.0  444.0  444.0
2018 168  6 17 2100  -57.6  650.2    5.0  179.0  444.0  444.0
2018 169  6 18 0000  -59.1  649.4    4.0  172.0  444.0  444.0
2018 169  6 18 0300  -60.6  649.2    2.0  167.0  444.0  444.0
2018 169  6 18 0600  -62.6  648.8    1.2  169.0  444.0  444.0
2018 169  6 18 0900  -63.1  648.3    0.5  148.0  444.0  444.0
2018 169  6 18 1200  -66.1  647.8    1.2  158.0  444.0  444.0
2018 169  6 18 1500  -66.6  647.3    2.5  156.0  444.0  444.0
2018 169  6 18 1800  -65.0  646.7    2.5  148.0  444.0  444.0
2018 169  6 18 2100  -64.8  646.1    1.2  139.0  444.0  444.0
2018 170  6 19 0000  -66.2  645.5    1.8  165.0  444.0  444.0
2018 170  6 19 0300  -67.2  645.2    1.2  191.0  444.0  444.0
2018 170  6 19 0600  -66.0  645.1    2.8  193.0  444.0  444.0
2018 170  6 19 0900  -68.5  644.7    1.5  232.0  444.0  444.0
2018 170  6 19 1200  -67.6  644.3    2.2  214.0  444.0  444.0
2018 170  6 19 1500  -65.9  644.8    2.5  208.0  444.0  444.0
2018 170  6 19 1800  -64.5  645.5    2.5  200.0  444.0  444.0
2018 170  6 19 2100  -66.0  646.8    4.0  176.0  444.0  444.0
2018 171  6 20 0000  -68.4  648.4    0.2  239.0  444.0  444.0
2018 171  6 20 0300  -67.0  649.3    1.0  158.0  444.0  444.0
2018 171  6 20 0600  -69.4  650.4    1.2  132.0  444.0  444.0
2018 171  6 20 0900  -66.6  651.1    0.0   83.0  444.0  444.0
2018 171  6 20 1200  -67.9  651.3    0.2  120.0  444.0  444.0
2018 171  6 20 1500  -65.9  651.2    0.0   44.0  444.0  444.0
2018 171  6 20 1800  -59.0  650.4    0.8  329.0  444.0  444.0
2018 171  6 20 2100  -62.5  650.1    0.2  285.0  444.0  444.0
2018 172  6 21 0000  -64.9  649.3    0.5  284.0  444.0  444.0
2018 172  6 21 0300  -66.5  648.4    0.0  283.0  444.0  444.0
2018 172  6 21 0600  -67.1  647.5    0.8  290.0  444.0  444.0
2018 172  6 21 0900  -68.2  646.9    1.2  298.0  444.0  444.0
2018 172  6 21 1200  -69.4  646.1    1.5  245.0  444.0  444.0
2018 172  6 21 1500  -68.6  645.6    1.0  225.0  444.0  444.0
2018 172  6 21 1800  -67.4  645.3    1.8  215.0  444.0  444.0
2018 172  6 21 2100  -66.6  645.5    2.2  205.0  444.0  444.0
2018 173  6 22 0000  -64.9  645.2    3.2  200.0  444.0  444.0
2018 173  6 22 0300  -65.0  645.6    4.5  183.0  444.0  444.0
2018 173  6 22 0600  -66.1  645.9    3.2  195.0  444.0  444.0
2018 173  6 22 0900  -67.4  646.2    3.0  184.0  444.0  444.0
2018 173  6 22 1200  -68.6  646.4    1.8  173.0  444.0  444.0
2018 173  6 22 1500  -69.1  646.8    1.2  170.0  444.0  444.0
2018 173  6 22 1800  -69.6  647.0    1.8  173.0  444.0  444.0
2018 173  6 22 2100  -70.8  647.4    1.5  184.0  444.0  444.0
2018 174  6 23 0000  -68.4  647.3    2.0  186.0  444.0  444.0
2018 174  6 23 0300  -69.0  647.6    2.0  181.0  444.0  444.0
2018 174  6 23 0600  -69.4  648.1    1.5  193.0  444.0  444.0
2018 174  6 23 0900  -70.1  648.1    1.5  184.0  444.0  444.0
2018 174  6 23 1200  -70.4  648.4    2.0  191.0  444.0  444.0
2018 174  6 23 1500  -69.0  648.2    2.0  198.0  444.0  444.0
2018 174  6 23 1800  -67.0  648.3    1.5  202.0  444.0  444.0
2018 174  6 23 2100  -69.0  648.0    0.5  218.0  444.0  444.0
2018 175  6 24 0000  -68.2  648.1    2.0  211.0  444.0  444.0
2018 175  6 24 0300  -69.0  647.2    1.5  224.0  444.0  444.0
2018 175  6 24 0600  -69.8  647.2    0.8  238.0  444.0  444.0
2018 175  6 24 0900  -69.6  646.8    1.8  231.0  444.0  444.0
2018 175  6 24 1200  -69.6  646.3    2.2  212.0  444.0  444.0
2018 175  6 24 1500  -70.4  645.5    1.5  228.0  444.0  444.0
2018 175  6 24 1800  -69.1  644.6    1.8  200.0  444.0  444.0
2018 175  6 24 2100  -69.8  643.9    1.8  221.0  444.0  444.0
2018 176  6 25 0000  -69.6  643.0    2.2  208.0  444.0  444.0
2018 176  6 25 0300  -68.4  641.9    3.0  205.0  444.0  444.0
2018 176  6 25 0600  -68.2  640.6    3.0  200.0  444.0  444.0
2018 176  6 25 0900  -68.6  639.4    2.8  187.0  444.0  444.0
2018 176  6 25 1200  -67.9  638.6    3.8  191.0  444.0  444.0
2018 176  6 25 1500  -67.8  637.3    2.5  181.0  444.0  444.0
2018 176  6 25 1800  -68.2  636.4    2.2  176.0  444.0  444.0
2018 176  6 25 2100  -68.8  636.3    3.0  173.0  444.0  444.0
2018 177  6 26 0000  -70.0  636.2    2.2  170.0  444.0  444.0
2018 177  6 26 0300  -71.4  636.3    2.2  170.0  444.0  444.0
2018 177  6 26 0600  -72.0  636.4    1.8  172.0  444.0  444.0
2018 177  6 26 0900  -72.6  636.8    1.8  162.0  444.0  444.0
2018 177  6 26 1200  -73.5  637.5    0.0  143.0  444.0  444.0
2018 177  6 26 1500  -73.8  637.7    1.0  156.0  444.0  444.0
2018 177  6 26 1800  -73.8  638.2    0.8  163.0  444.0  444.0
2018 177  6 26 2100  -73.5  638.9    1.5  150.0  444.0  444.0
2018 178  6 27 0000  -72.4  639.4    1.2  149.0  444.0  444.0
2018 178  6 27 0300  -74.1  639.8    0.0  156.0  444.0  444.0
2018 178  6 27 0600  -73.2  639.8    1.0  148.0  444.0  444.0
2018 178  6 27 0900  -74.5  640.1    0.0  149.0  444.0  444.0
2018 178  6 27 1200  -74.4  640.2    1.2  166.0  444.0  444.0
2018 178  6 27 1500  -74.9  640.1    0.8  162.0  444.0  444.0
2018 178  6 27 1800  -74.6  639.8    1.0  162.0  444.0  444.0
2018 178  6 27 2100  -75.8  639.6    1.0  165.0  444.0  444.0
2018 179  6 28 0000  -75.4  639.2    0.5  160.0  444.0  444.0
2018 179  6 28 0300  -71.1  638.8    0.8  158.0  444.0  444.0
2018 179  6 28 0600  -73.5  638.3    1.0  165.0  444.0  444.0
2018 179  6 28 0900  -75.4  637.7    0.8  152.0  444.0  444.0
2018 179  6 28 1200  -75.1  637.2    0.5  156.0  444.0  444.0
2018 179  6 28 1500  -73.0  636.7    1.2  139.0  444.0  444.0
2018 179  6 28 1800  -73.6  636.1    0.2  139.0  444.0  444.0
2018 179  6 28 2100  -74.1  635.9    0.0  138.0  444.0  444.0
2018 180  6 29 0000  -75.1  635.9    0.8  136.0  444.0  444.0
2018 180  6 29 0300  -75.1  635.7    0.8  131.0  444.0  444.0
2018 180  6 29 0600  -76.0  636.4    0.2  145.0  444.0  444.0
2018 180  6 29 0900  -74.8  636.6    1.2  152.0  444.0  444.0
2018 180  6 29 1200  -73.0  637.2    1.2  150.0  444.0  444.0
2018 180  6 29 1500  -74.1  637.8    2.2  158.0  444.0  444.0
2018 180  6 29 1800  -73.1  638.7    0.5  179.0  444.0  444.0
2018 180  6 29 2100  -74.1  639.4    2.0  197.0  444.0  444.0
2018 181  6 30 0000  -75.4  640.2    1.0  214.0  444.0  444.0
2018 181  6 30 0300  -73.1  640.8    1.5  201.0  444.0  444.0
2018 181  6 30 0600  -71.0  640.9    2.0  201.0  444.0  444.0
2018 181  6 30 0900  -73.5  641.1    2.5  197.0  444.0  444.0
2018 181  6 30 1200  -73.2  641.0    2.2  187.0  444.0  444.0
2018 181  6 30 1500  -71.5  640.2    4.2  179.0  444.0  444.0
2018 181  6 30 1800  -70.0  639.3    4.5  181.0  444.0  444.0
2018 181  6 30 2100  -69.5  638.1    4.5  181.0  444.0  444.0
