Year: 2018  Month: 09  ID: DC2  ARGOS:  8989  Name: Dome C II           
Lat: 75.13S  Lon: 123.38E  Elev: 3250m
2018 244  9  1 0000  -72.4  628.9    0.0  211.0  444.0  444.0
2018 244  9  1 0300  444.0  628.6    1.2  217.0  444.0  444.0
2018 244  9  1 0600  -70.0  628.1    1.8  205.0  444.0  444.0
2018 244  9  1 0900  -75.1  626.8    2.5  201.0  444.0  444.0
2018 244  9  1 1200  -75.4  625.3    2.0  207.0  444.0  444.0
2018 244  9  1 1500  -73.9  623.4    3.0  183.0  444.0  444.0
2018 244  9  1 1800  -72.8  621.5    4.0  181.0  444.0  444.0
2018 244  9  1 2100  -70.0  620.1    5.8  179.0  444.0  444.0
2018 245  9  2 0000  -69.4  618.8    6.2  173.0  444.0  444.0
2018 245  9  2 0300  -67.6  617.6    6.2  173.0  444.0  444.0
2018 245  9  2 0600  -67.1  616.9    4.8  167.0  444.0  444.0
2018 245  9  2 0900  -69.5  616.5    7.2  172.0  444.0  444.0
2018 245  9  2 1200  -70.9  616.2    6.5  148.0  444.0  444.0
2018 245  9  2 1500  -71.2  616.3    4.8  148.0  444.0  444.0
2018 245  9  2 1800  -72.5  616.4    4.5  145.0  444.0  444.0
2018 245  9  2 2100  -73.8  617.0    3.5  142.0  444.0  444.0
2018 246  9  3 0000  -74.1  617.8    3.2  155.0  444.0  444.0
2018 246  9  3 0300  -72.4  618.4    2.8  155.0  444.0  444.0
2018 246  9  3 0600  -70.2  618.6    2.5  180.0  444.0  444.0
2018 246  9  3 0900  -76.6  619.1    1.5  205.0  444.0  444.0
2018 246  9  3 1200  -77.1  619.5    2.2  218.0  444.0  444.0
2018 246  9  3 1500  -76.9  619.3    3.2  217.0  444.0  444.0
2018 246  9  3 1800  -76.6  619.7    2.2  217.0  444.0  444.0
2018 246  9  3 2100  -74.4  620.2    2.5  208.0  444.0  444.0
2018 247  9  4 0000  -73.6  620.6    3.5  202.0  444.0  444.0
2018 247  9  4 0300  -66.6  620.9    2.5  200.0  444.0  444.0
2018 247  9  4 0600  -62.0  620.7    1.8  201.0  444.0  444.0
2018 247  9  4 0900  -67.0  620.6    1.8  215.0  444.0  444.0
2018 247  9  4 1200  -62.9  620.1    4.8  174.0  444.0  444.0
2018 247  9  4 1500  -61.2  619.9    3.8  167.0  444.0  444.0
2018 247  9  4 1800  -62.5  619.5    3.5  160.0  444.0  444.0
2018 247  9  4 2100  -65.2  619.3    2.2  152.0  444.0  444.0
2018 248  9  5 0000  -65.9  619.3    2.2  163.0  444.0  444.0
2018 248  9  5 0300  -63.5  619.4    1.2  174.0  444.0  444.0
2018 248  9  5 0600  444.0  620.2    0.0  191.0  444.0  444.0
2018 248  9  5 0900  -67.8  621.0    0.0  190.0  444.0  444.0
2018 248  9  5 1200  -67.2  621.8    0.0  269.0  444.0  444.0
2018 248  9  5 1500  -69.1  622.9    2.0  329.0  444.0  444.0
2018 248  9  5 1800  -67.9  623.7    2.8  335.0  444.0  444.0
2018 248  9  5 2100  -69.4  624.7    2.8  336.0  444.0  444.0
2018 249  9  6 0000  -66.8  626.0    4.2  343.0  444.0  444.0
2018 249  9  6 0300  -64.1  627.2   10.8  332.0  444.0  444.0
2018 249  9  6 0600  -64.0  628.0    3.5  340.0  444.0  444.0
2018 249  9  6 0900  -62.9  628.8    3.0  345.0  444.0  444.0
2018 249  9  6 1200  -59.9  629.2    2.2  352.0  444.0  444.0
2018 249  9  6 1500  -59.0  629.6    2.2  335.0  444.0  444.0
2018 249  9  6 1800  -62.9  630.2    2.5  319.0  444.0  444.0
2018 249  9  6 2100  -65.4  631.4    1.5  325.0  444.0  444.0
2018 250  9  7 0000  -64.0  632.1    1.2  271.0  444.0  444.0
2018 250  9  7 0300  444.0  632.7    1.5  240.0  444.0  444.0
2018 250  9  7 0600  -56.1  633.6    1.2  300.0  444.0  444.0
2018 250  9  7 0900  -63.5  634.4    0.0  291.0  444.0  444.0
2018 250  9  7 1200  -62.9  635.0    2.2  212.0  444.0  444.0
2018 250  9  7 1500  -62.9  635.5    3.2  177.0  444.0  444.0
2018 250  9  7 1800  -59.9  636.0    2.0  163.0  444.0  444.0
2018 250  9  7 2100  -64.6  636.1    3.0  159.0  444.0  444.0
2018 251  9  8 0000  -67.6  636.4    2.2  105.0  444.0  444.0
2018 251  9  8 0300  -61.5  636.5    4.5  128.0  444.0  444.0
2018 251  9  8 0600  -57.5  636.0    4.0  111.0  444.0  444.0
2018 251  9  8 0900  -54.2  636.4    4.0  108.0  444.0  444.0
2018 251  9  8 1200  -52.1  637.0    4.2   93.0  444.0  444.0
2018 251  9  8 1500  -51.2  637.7    4.0   91.0  444.0  444.0
2018 251  9  8 1800  -50.1  638.0    4.2   86.0  444.0  444.0
2018 251  9  8 2100  -50.5  638.8    5.0   66.0  444.0  444.0
2018 252  9  9 0000  -53.4  639.8    5.2   63.0  444.0  444.0
2018 252  9  9 0300  -50.6  641.0    6.2   39.0  444.0  444.0
2018 252  9  9 0600  -53.5  641.9    3.0   35.0  444.0  444.0
2018 252  9  9 0900  -54.4  643.1    3.5   30.0  444.0  444.0
2018 252  9  9 1200  -49.5  644.1    5.2   14.0  444.0  444.0
2018 252  9  9 1500  -44.9  644.5    6.0   27.0  444.0  444.0
2018 252  9  9 1800  -42.2  644.9    5.5   27.0  444.0  444.0
2018 252  9  9 2100  -42.6  645.6    4.5   31.0  444.0  444.0
2018 253  9 10 0000  -42.1  645.1    4.8   45.0  444.0  444.0
2018 253  9 10 0300  -40.5  644.7    6.8   65.0  444.0  444.0
2018 253  9 10 0600  -40.6  643.9    7.0   62.0  444.0  444.0
2018 253  9 10 0900  -39.8  643.8    9.2   63.0  444.0  444.0
2018 253  9 10 1200  -40.2  643.1   10.0   68.0  444.0  444.0
2018 253  9 10 1500  -38.9  642.2   12.8   69.0  444.0  444.0
2018 253  9 10 1800  -41.4  641.8   10.5   77.0  444.0  444.0
2018 253  9 10 2100  -43.4  640.4   10.5   80.0  444.0  444.0
2018 254  9 11 0000  -48.4  640.8   11.2   60.0  444.0  444.0
2018 254  9 11 0300  -47.2  641.1    8.0   46.0  444.0  444.0
2018 254  9 11 0600  -47.8  641.7    6.5   46.0  444.0  444.0
2018 254  9 11 0900  -53.5  642.2    4.0   51.0  444.0  444.0
2018 254  9 11 1200  -55.2  642.1    0.2   79.0  444.0  444.0
2018 254  9 11 1500  -52.2  641.1    2.0  117.0  444.0  444.0
2018 254  9 11 1800  -50.6  640.1    2.2  165.0  444.0  444.0
2018 254  9 11 2100  -50.9  639.0    3.0  159.0  444.0  444.0
2018 255  9 12 0000  -50.9  638.0    2.5  166.0  444.0  444.0
2018 255  9 12 0300  -53.6  636.9    3.5  193.0  444.0  444.0
2018 255  9 12 0600  -54.8  636.0    3.2  201.0  444.0  444.0
2018 255  9 12 0900  -61.4  635.9    1.8  207.0  444.0  444.0
2018 255  9 12 1200  -64.2  635.9    2.2  231.0  444.0  444.0
2018 255  9 12 1500  -66.2  636.2    1.8  264.0  444.0  444.0
2018 255  9 12 1800  -67.6  636.8    1.2  274.0  444.0  444.0
2018 255  9 12 2100  -69.0  638.3    1.5  269.0  444.0  444.0
2018 256  9 13 0000  -66.0  639.5    1.0  288.0  444.0  444.0
2018 256  9 13 0300  -61.4  640.4    1.5  276.0  444.0  444.0
2018 256  9 13 0600  -59.5  641.3    1.5  287.0  444.0  444.0
2018 256  9 13 0900  -65.2  642.3    1.8  269.0  444.0  444.0
2018 256  9 13 1200  -64.1  642.9    2.8  273.0  444.0  444.0
2018 256  9 13 1500  -65.6  643.2    2.0  302.0  444.0  444.0
2018 256  9 13 1800  -63.2  643.5    3.2  253.0  444.0  444.0
2018 256  9 13 2100  -67.0  643.8    1.8  271.0  444.0  444.0
2018 257  9 14 0000  -63.5  644.5    1.2  269.0  444.0  444.0
2018 257  9 14 0300  -59.6  644.2    2.2  198.0  444.0  444.0
2018 257  9 14 0600  -56.1  644.3    1.5  229.0  444.0  444.0
2018 257  9 14 0900  -58.9  643.7    1.8  179.0  444.0  444.0
2018 257  9 14 1200  -58.4  643.5    1.5  177.0  444.0  444.0
2018 257  9 14 1500  -54.2  642.6    1.5  194.0  444.0  444.0
2018 257  9 14 1800  -49.8  641.6    1.0  205.0  444.0  444.0
2018 257  9 14 2100  -50.5  640.7    0.0  172.0  444.0  444.0
2018 258  9 15 0000  -48.6  639.3    0.0  345.0  444.0  444.0
2018 258  9 15 0300  -49.6  637.8    1.0  336.0  444.0  444.0
2018 258  9 15 0600  -49.8  636.2    1.8  354.0  444.0  444.0
2018 258  9 15 0900  -54.4  635.1    0.0  243.0  444.0  444.0
2018 258  9 15 1200  -58.4  633.8    2.0  290.0  444.0  444.0
2018 258  9 15 1500  -64.5  633.2    2.2  248.0  444.0  444.0
2018 258  9 15 1800  -65.4  632.9    1.8  239.0  444.0  444.0
2018 258  9 15 2100  -68.8  632.9    5.0  231.0  444.0  444.0
2018 259  9 16 0000  -66.8  633.6    6.0  218.0  444.0  444.0
2018 259  9 16 0300  -64.6  634.3    6.2  217.0  444.0  444.0
2018 259  9 16 0600  -62.2  634.9    5.0  218.0  444.0  444.0
2018 259  9 16 0900  -66.1  635.5    3.5  232.0  444.0  444.0
2018 259  9 16 1200  -68.6  635.0    4.5  249.0  444.0  444.0
2018 259  9 16 1500  -68.8  634.2    3.8  229.0  444.0  444.0
2018 259  9 16 1800  -69.8  633.3    3.5  249.0  444.0  444.0
2018 259  9 16 2100  -69.0  633.1    5.0  218.0  444.0  444.0
2018 260  9 17 0000  -67.6  632.8    4.8  211.0  444.0  444.0
2018 260  9 17 0300  -66.2  632.9    4.5  222.0  444.0  444.0
2018 260  9 17 0600  -65.5  633.5    4.8  205.0  444.0  444.0
2018 260  9 17 0900  -69.4  634.4    5.8  201.0  444.0  444.0
2018 260  9 17 1200  -71.0  635.6    6.2  194.0  444.0  444.0
2018 260  9 17 1500  -72.6  636.7    4.2  197.0  444.0  444.0
2018 260  9 17 1800  -73.2  638.4    4.2  193.0  444.0  444.0
2018 260  9 17 2100  -74.4  639.8    4.0  191.0  444.0  444.0
2018 261  9 18 0000  -70.8  640.7    2.5  191.0  444.0  444.0
2018 261  9 18 0300  -67.1  641.3    2.8  204.0  444.0  444.0
2018 261  9 18 0600  -61.4  641.8    1.5  195.0  444.0  444.0
2018 261  9 18 0900  -67.9  641.7    2.5  240.0  444.0  444.0
2018 261  9 18 1200  -70.6  640.9    2.0  236.0  444.0  444.0
2018 261  9 18 1500  -69.4  639.8    2.8  245.0  444.0  444.0
2018 261  9 18 1800  -67.9  638.3    3.0  257.0  444.0  444.0
2018 261  9 18 2100  -67.0  636.6    4.8  248.0  444.0  444.0
2018 262  9 19 0000  -66.5  635.3    3.5  246.0  444.0  444.0
2018 262  9 19 0300  -61.4  633.9    5.0  224.0  444.0  444.0
2018 262  9 19 0600  -59.6  632.7    4.2  245.0  444.0  444.0
2018 262  9 19 0900  -63.1  631.3    4.8  219.0  444.0  444.0
2018 262  9 19 1200  -65.2  629.9    5.8  305.0  444.0  444.0
2018 262  9 19 1500  -64.8  628.9    6.2  207.0  444.0  444.0
2018 262  9 19 1800  -65.6  628.2    6.2  212.0  444.0  444.0
2018 262  9 19 2100  -65.0  627.4    6.8  208.0  444.0  444.0
2018 263  9 20 0000  -63.0  626.6    7.5  210.0  444.0  444.0
2018 263  9 20 0300  -61.6  625.7    8.5  210.0  444.0  444.0
2018 263  9 20 0600  -61.1  624.4    5.5  214.0  444.0  444.0
2018 263  9 20 0900  -65.0  623.3    6.2  207.0  444.0  444.0
2018 263  9 20 1200  -66.8  622.2    6.5  210.0  444.0  444.0
2018 263  9 20 1500  -67.1  621.2    4.5  194.0  444.0  444.0
2018 263  9 20 1800  -67.2  620.9    4.2  163.0  444.0  444.0
2018 263  9 20 2100  -69.1  622.0    4.0  134.0  444.0  444.0
2018 264  9 21 0000  -66.4  623.1    5.2  135.0  444.0  444.0
2018 264  9 21 0300  -63.2  624.3    6.8  156.0  444.0  444.0
2018 264  9 21 0600  -60.6  624.4    6.8  155.0  444.0  444.0
2018 264  9 21 0900  -63.5  624.9    6.5  170.0  444.0  444.0
2018 264  9 21 1200  -65.9  625.0    4.5  167.0  444.0  444.0
2018 264  9 21 1500  -66.6  624.7    5.2  170.0  444.0  444.0
2018 264  9 21 1800  -67.4  624.7    4.0  162.0  444.0  444.0
2018 264  9 21 2100  -68.5  624.7    3.2  146.0  444.0  444.0
2018 265  9 22 0000  -65.5  625.2    3.5  148.0  444.0  444.0
2018 265  9 22 0300  -64.1  625.4    2.0  122.0  444.0  444.0
2018 265  9 22 0600  -61.4  625.6    2.5  129.0  444.0  444.0
2018 265  9 22 0900  -66.8  625.9    2.8  134.0  444.0  444.0
2018 265  9 22 1200  -69.4  625.9    2.8  127.0  444.0  444.0
2018 265  9 22 1500  -71.1  625.8    2.5  146.0  444.0  444.0
2018 265  9 22 1800  -70.2  625.8    3.2  141.0  444.0  444.0
2018 265  9 22 2100  -71.9  625.7    2.5  129.0  444.0  444.0
2018 266  9 23 0000  -67.1  626.0    3.5  115.0  444.0  444.0
2018 266  9 23 0300  -64.6  626.4    3.5  127.0  444.0  444.0
2018 266  9 23 0600  -61.6  626.9    4.8  128.0  444.0  444.0
2018 266  9 23 0900  -65.5  627.7    3.0  139.0  444.0  444.0
2018 266  9 23 1200  -68.8  628.6    3.8  139.0  444.0  444.0
2018 266  9 23 1500  -70.0  629.6    3.0  160.0  444.0  444.0
2018 266  9 23 1800  -68.8  630.5    3.8  170.0  444.0  444.0
2018 266  9 23 2100  -70.1  632.4    2.5  190.0  444.0  444.0
2018 267  9 24 0000  -66.5  634.3    3.2  201.0  444.0  444.0
2018 267  9 24 0300  -63.1  636.0    2.5  219.0  444.0  444.0
2018 267  9 24 0600  -58.5  638.0    2.8  240.0  444.0  444.0
2018 267  9 24 0900  -63.5  639.5    2.5  269.0  444.0  444.0
2018 267  9 24 1200  -67.4  640.4    2.8  276.0  444.0  444.0
2018 267  9 24 1500  -67.8  640.8    2.8  281.0  444.0  444.0
2018 267  9 24 1800  -64.9  640.8    3.8  276.0  444.0  444.0
2018 267  9 24 2100  -64.9  640.8    4.8  283.0  444.0  444.0
2018 268  9 25 0000  -60.9  640.0    4.2  274.0  444.0  444.0
2018 268  9 25 0300  -58.1  639.2    4.0  280.0  444.0  444.0
2018 268  9 25 0600  -56.4  638.1    3.8  285.0  444.0  444.0
2018 268  9 25 0900  -59.8  637.0    4.5  271.0  444.0  444.0
2018 268  9 25 1200  -66.0  635.9    2.0  281.0  444.0  444.0
2018 268  9 25 1500  -67.0  634.9    2.5  252.0  444.0  444.0
2018 268  9 25 1800  -67.2  633.7    0.8  246.0  444.0  444.0
2018 268  9 25 2100  -66.2  633.0    3.2  195.0  444.0  444.0
2018 269  9 26 0000  -59.2  632.3    2.0  197.0  444.0  444.0
2018 269  9 26 0300  -58.4  631.7    3.2  202.0  444.0  444.0
2018 269  9 26 0600  -54.9  630.9    2.8  217.0  444.0  444.0
2018 269  9 26 0900  -60.2  630.8    2.5  215.0  444.0  444.0
2018 269  9 26 1200  -65.9  630.7    3.0  208.0  444.0  444.0
2018 269  9 26 1500  -66.0  630.0    4.2  184.0  444.0  444.0
2018 269  9 26 1800  -67.6  629.8    2.5  174.0  444.0  444.0
2018 269  9 26 2100  -68.8  630.1    1.8  187.0  444.0  444.0
2018 270  9 27 0000  -62.5  630.1    2.5  179.0  444.0  444.0
2018 270  9 27 0300  -62.5  629.8    2.2  162.0  444.0  444.0
2018 270  9 27 0600  -59.2  629.9    3.0  169.0  444.0  444.0
2018 270  9 27 0900  -63.6  630.1    2.0  169.0  444.0  444.0
2018 270  9 27 1200  -68.4  630.0    1.5  155.0  444.0  444.0
2018 270  9 27 1500  -69.1  629.7    2.2  156.0  444.0  444.0
2018 270  9 27 1800  -70.2  629.3    1.8  163.0  444.0  444.0
2018 270  9 27 2100  -69.9  628.8    1.8  166.0  444.0  444.0
2018 271  9 28 0000  -58.1  628.2    1.2  202.0  444.0  444.0
2018 271  9 28 0300  -57.8  627.4    1.5  191.0  444.0  444.0
2018 271  9 28 0600  444.0  626.6    1.5  224.0  444.0  444.0
2018 271  9 28 0900  -61.1  625.5    2.2  222.0  444.0  444.0
2018 271  9 28 1200  -69.1  624.1    2.0  212.0  444.0  444.0
2018 271  9 28 1500  -69.8  622.9    2.0  200.0  444.0  444.0
2018 271  9 28 1800  -70.2  621.9    1.8  201.0  444.0  444.0
2018 271  9 28 2100  -69.5  621.2    2.2  188.0  444.0  444.0
2018 272  9 29 0000  -61.1  619.9    2.2  190.0  444.0  444.0
2018 272  9 29 0300  -58.8  619.4    4.5  163.0  444.0  444.0
2018 272  9 29 0600  -55.2  619.1    3.8  166.0  444.0  444.0
2018 272  9 29 0900  -58.1  619.2    5.0  160.0  444.0  444.0
2018 272  9 29 1200  -62.0  619.0    2.2  167.0  444.0  444.0
2018 272  9 29 1500  -64.0  619.1    2.8  158.0  444.0  444.0
2018 272  9 29 1800  -61.4  619.2    3.2  167.0  444.0  444.0
2018 272  9 29 2100  -62.9  619.2    1.5  174.0  444.0  444.0
2018 273  9 30 0000  -56.0  619.1    3.5  152.0  444.0  444.0
2018 273  9 30 0300  -54.9  619.4    3.8  150.0  444.0  444.0
2018 273  9 30 0600  -51.9  619.6    2.8  153.0  444.0  444.0
2018 273  9 30 0900  -53.0  619.5    2.5  167.0  444.0  444.0
2018 273  9 30 1200  -48.6  619.1    5.5  174.0  444.0  444.0
2018 273  9 30 1500  -47.5  618.1    5.2  158.0  444.0  444.0
2018 273  9 30 1800  -49.6  617.6    5.0  158.0  444.0  444.0
2018 273  9 30 2100  -51.0  618.0    5.2  155.0  444.0  444.0
