Year: 2018  Month: 10  ID: DC2  ARGOS:  8989  Name: Dome C II           
Lat: 75.13S  Lon: 123.38E  Elev: 3250m
2018 274 10  1 0000  -50.9  617.7    4.8  163.0  444.0  444.0
2018 274 10  1 0300  -47.4  617.6    8.0  142.0  444.0  444.0
2018 274 10  1 0600  -46.9  618.8    6.2  128.0  444.0  444.0
2018 274 10  1 0900  -50.2  620.0    6.0  127.0  444.0  444.0
2018 274 10  1 1200  -53.5  621.1    6.5  122.0  444.0  444.0
2018 274 10  1 1500  -56.5  621.8    5.2  132.0  444.0  444.0
2018 274 10  1 1800  -56.4  622.2    6.8  127.0  444.0  444.0
2018 274 10  1 2100  -59.1  622.7    5.0  135.0  444.0  444.0
2018 275 10  2 0000  -54.5  622.8    4.8  124.0  444.0  444.0
2018 275 10  2 0300  -51.6  622.7    4.5  131.0  444.0  444.0
2018 275 10  2 0600  -50.4  622.9    5.2  139.0  444.0  444.0
2018 275 10  2 0900  -54.6  623.2    3.5  138.0  444.0  444.0
2018 275 10  2 1200  -58.1  623.1    3.2  149.0  444.0  444.0
2018 275 10  2 1500  -59.1  622.9    3.8  149.0  444.0  444.0
2018 275 10  2 1800  -58.1  622.7    3.2  155.0  444.0  444.0
2018 275 10  2 2100  -59.1  622.3    3.2  156.0  444.0  444.0
2018 276 10  3 0000  -55.2  621.8    3.5  165.0  444.0  444.0
2018 276 10  3 0300  -52.4  620.9    5.5  162.0  444.0  444.0
2018 276 10  3 0600  -48.2  620.4    3.5  160.0  444.0  444.0
2018 276 10  3 0900  -52.2  619.8    2.8  167.0  444.0  444.0
2018 276 10  3 1200  -57.8  619.5    2.8  165.0  444.0  444.0
2018 276 10  3 1500  -60.1  619.1    2.0  165.0  444.0  444.0
2018 276 10  3 1800  -64.5  618.8    2.2  181.0  444.0  444.0
2018 276 10  3 2100  -64.6  619.2    0.0  145.0  444.0  444.0
2018 277 10  4 0000  -58.0  619.4    2.8  170.0  444.0  444.0
2018 277 10  4 0300  -56.8  620.0    4.0  150.0  444.0  444.0
2018 277 10  4 0600  -54.1  621.1    4.8  143.0  444.0  444.0
2018 277 10  4 0900  -58.4  622.3    4.0  155.0  444.0  444.0
2018 277 10  4 1200  -63.2  623.2    4.0  165.0  444.0  444.0
2018 277 10  4 1500  -63.8  623.6    4.0  165.0  444.0  444.0
2018 277 10  4 1800  -62.4  623.8    4.8  170.0  444.0  444.0
2018 277 10  4 2100  -61.2  624.0    5.0  162.0  444.0  444.0
2018 278 10  5 0000  -55.9  624.6    5.0  158.0  444.0  444.0
2018 278 10  5 0300  -51.4  624.6    4.0  173.0  444.0  444.0
2018 278 10  5 0600  -48.6  624.8    4.8  166.0  444.0  444.0
2018 278 10  5 0900  -52.4  625.4    2.8  158.0  444.0  444.0
2018 278 10  5 1200  -59.8  626.0    2.5  149.0  444.0  444.0
2018 278 10  5 1500  -61.9  626.8    2.0  158.0  444.0  444.0
2018 278 10  5 1800  -62.9  627.2    1.8  166.0  444.0  444.0
2018 278 10  5 2100  -61.9  628.0    1.8  183.0  444.0  444.0
2018 279 10  6 0000  -55.6  628.8    4.0  180.0  444.0  444.0
2018 279 10  6 0300  -54.4  629.2    5.8  177.0  444.0  444.0
2018 279 10  6 0600  -50.4  630.0    3.0  188.0  444.0  444.0
2018 279 10  6 0900  -55.1  630.5    2.5  187.0  444.0  444.0
2018 279 10  6 1200  -58.4  631.0    3.5  177.0  444.0  444.0
2018 279 10  6 1500  -59.1  630.9    2.5  186.0  444.0  444.0
2018 279 10  6 1800  -61.6  630.8    4.2  172.0  444.0  444.0
2018 279 10  6 2100  -61.5  631.0    4.0  177.0  444.0  444.0
2018 280 10  7 0000  -54.9  631.5    4.2  179.0  444.0  444.0
2018 280 10  7 0300  -52.9  631.8    5.0  169.0  444.0  444.0
2018 280 10  7 0600  -50.5  632.6    5.2  179.0  444.0  444.0
2018 280 10  7 0900  -54.2  633.4    3.2  193.0  444.0  444.0
2018 280 10  7 1200  -60.2  633.7    2.8  187.0  444.0  444.0
2018 280 10  7 1500  -62.0  633.9    3.5  181.0  444.0  444.0
2018 280 10  7 1800  -64.9  634.0    2.8  179.0  444.0  444.0
2018 280 10  7 2100  -63.6  634.4    2.8  167.0  444.0  444.0
2018 281 10  8 0000  -56.8  634.8    2.0  170.0  444.0  444.0
2018 281 10  8 0300  -52.8  634.9    4.0  176.0  444.0  444.0
2018 281 10  8 0600  -51.4  635.5    4.0  169.0  444.0  444.0
2018 281 10  8 0900  -57.1  636.4    3.8  160.0  444.0  444.0
2018 281 10  8 1200  -63.6  637.3    3.8  152.0  444.0  444.0
2018 281 10  8 1500  -65.6  637.9    2.5  155.0  444.0  444.0
2018 281 10  8 1800  -67.5  638.7    1.8  163.0  444.0  444.0
2018 281 10  8 2100  -63.0  639.1    0.0  152.0  444.0  444.0
2018 282 10  9 0000  444.0  638.7    1.8  169.0  444.0  444.0
2018 282 10  9 0300  444.0  637.9    0.0  179.0  444.0  444.0
2018 282 10  9 0600  444.0  636.8    0.2  191.0  444.0  444.0
2018 282 10  9 0900  -52.4  636.0    1.2  193.0  444.0  444.0
2018 282 10  9 1200  -61.6  634.8    1.2  224.0  444.0  444.0
2018 282 10  9 1500  -67.0  633.4    0.8  218.0  444.0  444.0
2018 282 10  9 1800  -67.0  632.2    2.0  226.0  444.0  444.0
2018 282 10  9 2100  -64.6  631.6    1.0  250.0  444.0  444.0
2018 283 10 10 0000  -55.4  630.8    1.0  225.0  444.0  444.0
2018 283 10 10 0300  -53.0  630.1    2.0  214.0  444.0  444.0
2018 283 10 10 0600  -48.6  629.9    2.2  235.0  444.0  444.0
2018 283 10 10 0900  -54.1  630.1    2.2  225.0  444.0  444.0
2018 283 10 10 1200  -64.2  629.8    2.5  212.0  444.0  444.0
2018 283 10 10 1500  -66.6  629.6    0.8  250.0  444.0  444.0
2018 283 10 10 1800  -66.6  629.5    2.2  262.0  444.0  444.0
2018 283 10 10 2100  -63.2  629.8    3.0  256.0  444.0  444.0
2018 284 10 11 0000  -57.6  629.6    2.2  256.0  444.0  444.0
2018 284 10 11 0300  -55.1  629.9    2.0  281.0  444.0  444.0
2018 284 10 11 0600  -52.8  630.0    4.0  281.0  444.0  444.0
2018 284 10 11 0900  -57.0  630.1    3.0  290.0  444.0  444.0
2018 284 10 11 1200  -64.2  629.5    2.5  284.0  444.0  444.0
2018 284 10 11 1500  -67.1  629.5    2.0  291.0  444.0  444.0
2018 284 10 11 1800  -67.8  629.7    2.0  280.0  444.0  444.0
2018 284 10 11 2100  -60.5  630.4    2.0  222.0  444.0  444.0
2018 285 10 12 0000  444.0  631.3    0.2  222.0  444.0  444.0
2018 285 10 12 0300  444.0  632.9    0.0  191.0  444.0  444.0
2018 285 10 12 0600  444.0  634.2    0.5  207.0  444.0  444.0
2018 285 10 12 0900  444.0  635.5    1.8  217.0  444.0  444.0
2018 285 10 12 1200  -62.0  637.1    0.5  183.0  444.0  444.0
2018 285 10 12 1500  -65.9  638.2    1.8  201.0  444.0  444.0
2018 285 10 12 1800  -63.2  639.4    2.8  215.0  444.0  444.0
2018 285 10 12 2100  -60.8  640.3    2.5  239.0  444.0  444.0
2018 286 10 13 0000  -54.5  640.8    2.0  259.0  444.0  444.0
2018 286 10 13 0300  -52.8  641.0    1.8  248.0  444.0  444.0
2018 286 10 13 0600  -50.5  641.3    2.8  276.0  444.0  444.0
2018 286 10 13 0900  -54.9  641.3    3.2  278.0  444.0  444.0
2018 286 10 13 1200  -62.1  641.1    3.8  276.0  444.0  444.0
2018 286 10 13 1500  -62.6  641.2    3.8  295.0  444.0  444.0
2018 286 10 13 1800  -65.0  641.5    4.0  285.0  444.0  444.0
2018 286 10 13 2100  -62.2  641.8    3.2  283.0  444.0  444.0
2018 287 10 14 0000  -55.2  642.8    2.8  277.0  444.0  444.0
2018 287 10 14 0300  -52.5  643.3    3.2  290.0  444.0  444.0
2018 287 10 14 0600  -48.4  644.0    2.5  302.0  444.0  444.0
2018 287 10 14 0900  -51.4  644.4    1.8  288.0  444.0  444.0
2018 287 10 14 1200  -54.9  644.9    2.2  308.0  444.0  444.0
2018 287 10 14 1500  -55.4  645.7    2.0  304.0  444.0  444.0
2018 287 10 14 1800  -55.8  646.6    2.0  271.0  444.0  444.0
2018 287 10 14 2100  -55.2  647.9    2.2  256.0  444.0  444.0
2018 288 10 15 0000  -47.6  649.6    2.2  253.0  444.0  444.0
2018 288 10 15 0300  444.0  651.1    0.8  287.0  444.0  444.0
2018 288 10 15 0600  444.0  651.8    0.0  319.0  444.0  444.0
2018 288 10 15 0900  444.0  652.4    0.0  336.0  444.0  444.0
2018 288 10 15 1200  -48.1  652.2    1.5   39.0  444.0  444.0
2018 288 10 15 1500  -46.5  651.5    1.5   55.0  444.0  444.0
2018 288 10 15 1800  -44.6  650.3    3.8   59.0  444.0  444.0
2018 288 10 15 2100  -43.5  649.0    4.8   39.0  444.0  444.0
2018 289 10 16 0000  -38.6  648.0    2.2   17.0  444.0  444.0
2018 289 10 16 0300  -35.1  646.8    1.5    1.0  444.0  444.0
2018 289 10 16 0600  444.0  644.8    1.0  354.0  444.0  444.0
2018 289 10 16 0900  444.0  643.2    0.0  180.0  444.0  444.0
2018 289 10 16 1200  -46.9  641.0    2.2  225.0  444.0  444.0
2018 289 10 16 1500  -46.5  638.8    2.5  188.0  444.0  444.0
2018 289 10 16 1800  -53.8  637.2    2.0  205.0  444.0  444.0
2018 289 10 16 2100  -52.8  635.7    2.2  187.0  444.0  444.0
2018 290 10 17 0000  -48.6  634.9    3.5  180.0  444.0  444.0
2018 290 10 17 0300  -42.8  634.2    3.5  180.0  444.0  444.0
2018 290 10 17 0600  -38.2  633.6    3.8  204.0  444.0  444.0
2018 290 10 17 0900  -46.9  633.7    4.5  190.0  444.0  444.0
2018 290 10 17 1200  -55.1  633.4    4.0  183.0  444.0  444.0
2018 290 10 17 1500  -58.4  632.8    5.8  173.0  444.0  444.0
2018 290 10 17 1800  -61.1  632.2    4.2  186.0  444.0  444.0
2018 290 10 17 2100  -59.1  630.9    5.2  187.0  444.0  444.0
2018 291 10 18 0000  -52.9  629.7    4.8  205.0  444.0  444.0
2018 291 10 18 0300  -51.1  628.5    6.5  207.0  444.0  444.0
2018 291 10 18 0600  -49.2  627.6    8.2  200.0  444.0  444.0
2018 291 10 18 0900  -51.0  627.6    5.8  197.0  444.0  444.0
2018 291 10 18 1200  -57.0  628.0    6.5  181.0  444.0  444.0
2018 291 10 18 1500  -60.0  629.2    5.2  167.0  444.0  444.0
2018 291 10 18 1800  -62.2  630.5    5.0  160.0  444.0  444.0
2018 291 10 18 2100  -59.6  632.6    4.2  160.0  444.0  444.0
2018 292 10 19 0000  -50.4  634.3    2.2  166.0  444.0  444.0
2018 292 10 19 0300  -46.5  636.1    2.2  172.0  444.0  444.0
2018 292 10 19 0600  -44.8  637.6    4.0  149.0  444.0  444.0
2018 292 10 19 0900  -49.2  638.9    3.2  136.0  444.0  444.0
2018 292 10 19 1200  -56.8  639.8    2.8  128.0  444.0  444.0
2018 292 10 19 1500  -60.5  639.9    1.8  114.0  444.0  444.0
2018 292 10 19 1800  -60.5  639.0    3.2  134.0  444.0  444.0
2018 292 10 19 2100  -56.8  637.8    4.8  131.0  444.0  444.0
2018 293 10 20 0000  -51.4  637.3    4.0  125.0  444.0  444.0
2018 293 10 20 0300  -46.5  636.0    5.5  136.0  444.0  444.0
2018 293 10 20 0600  -44.0  635.3    6.8  141.0  444.0  444.0
2018 293 10 20 0900  -45.8  635.2    6.2  142.0  444.0  444.0
2018 293 10 20 1200  -47.8  635.9    5.0  142.0  444.0  444.0
2018 293 10 20 1500  -53.2  635.4    3.2  135.0  444.0  444.0
2018 293 10 20 1800  -56.8  635.7    3.8  153.0  444.0  444.0
2018 293 10 20 2100  -52.0  635.5    3.5  172.0  444.0  444.0
2018 294 10 21 0000  -40.6  634.9    1.2  195.0  444.0  444.0
2018 294 10 21 0300  -42.1  634.1    2.2  210.0  444.0  444.0
2018 294 10 21 0600  -38.8  632.8    2.2  217.0  444.0  444.0
2018 294 10 21 0900  -46.0  632.5    2.2  194.0  444.0  444.0
2018 294 10 21 1200  -55.1  631.4    3.2  177.0  444.0  444.0
2018 294 10 21 1500  -59.9  630.8    3.8  166.0  444.0  444.0
2018 294 10 21 1800  -60.6  630.1    3.8  160.0  444.0  444.0
2018 294 10 21 2100  -57.2  630.1    3.2  162.0  444.0  444.0
2018 295 10 22 0000  -51.4  630.0    3.2  165.0  444.0  444.0
2018 295 10 22 0300  -48.1  630.4    4.8  156.0  444.0  444.0
2018 295 10 22 0600  -43.6  630.6    3.0  150.0  444.0  444.0
2018 295 10 22 0900  -46.9  630.9    2.8  152.0  444.0  444.0
2018 295 10 22 1200  -56.1  631.3    2.5  158.0  444.0  444.0
2018 295 10 22 1500  -61.1  631.3    2.8  145.0  444.0  444.0
2018 295 10 22 1800  -63.2  631.8    1.5  159.0  444.0  444.0
2018 295 10 22 2100  -56.8  632.1    1.2  163.0  444.0  444.0
2018 296 10 23 0000  -48.0  632.3    0.8  174.0  444.0  444.0
2018 296 10 23 0300  -47.2  632.4    2.8  153.0  444.0  444.0
2018 296 10 23 0600  -39.1  632.8    1.8  190.0  444.0  444.0
2018 296 10 23 0900  -47.5  632.5    2.5  193.0  444.0  444.0
2018 296 10 23 1200  -55.2  632.3    3.0  194.0  444.0  444.0
2018 296 10 23 1500  -60.9  631.6    3.0  208.0  444.0  444.0
2018 296 10 23 1800  -61.6  631.4    3.0  200.0  444.0  444.0
2018 296 10 23 2100  -55.4  631.1    2.5  202.0  444.0  444.0
2018 297 10 24 0000  -49.9  631.2    3.8  202.0  444.0  444.0
2018 297 10 24 0300  -47.5  631.4    5.5  197.0  444.0  444.0
2018 297 10 24 0600  -43.5  632.3    5.2  200.0  444.0  444.0
2018 297 10 24 0900  -47.1  633.0    4.5  200.0  444.0  444.0
2018 297 10 24 1200  -53.5  633.4    5.0  188.0  444.0  444.0
2018 297 10 24 1500  -59.1  633.8    3.8  186.0  444.0  444.0
2018 297 10 24 1800  -60.9  634.5    3.0  180.0  444.0  444.0
2018 297 10 24 2100  -55.5  635.1    2.2  176.0  444.0  444.0
2018 298 10 25 0000  -45.2  635.4    1.8  183.0  444.0  444.0
2018 298 10 25 0300  -43.5  635.6    3.8  197.0  444.0  444.0
2018 298 10 25 0600  -39.2  636.0    3.0  204.0  444.0  444.0
2018 298 10 25 0900  -45.6  636.2    3.8  190.0  444.0  444.0
2018 298 10 25 1200  -53.2  636.3    2.0  195.0  444.0  444.0
2018 298 10 25 1500  -59.2  636.1    3.5  173.0  444.0  444.0
2018 298 10 25 1800  -60.4  636.5    3.2  166.0  444.0  444.0
2018 298 10 25 2100  -56.6  636.6    4.0  150.0  444.0  444.0
2018 299 10 26 0000  -51.2  636.8    3.0  136.0  444.0  444.0
2018 299 10 26 0300  -47.2  636.9    5.5  134.0  444.0  444.0
2018 299 10 26 0600  -42.4  637.5    3.0  125.0  444.0  444.0
2018 299 10 26 0900  -46.2  637.7    3.8  138.0  444.0  444.0
2018 299 10 26 1200  -52.6  637.9    3.8  136.0  444.0  444.0
2018 299 10 26 1500  -58.2  638.0    3.0  132.0  444.0  444.0
2018 299 10 26 1800  -59.5  638.1    2.0  120.0  444.0  444.0
2018 299 10 26 2100  -52.9  638.1    1.5  132.0  444.0  444.0
2018 300 10 27 0000  -45.9  637.8    3.0  139.0  444.0  444.0
2018 300 10 27 0300  -42.5  637.6    3.0  142.0  444.0  444.0
2018 300 10 27 0600  -39.4  637.9    1.8  134.0  444.0  444.0
2018 300 10 27 0900  -42.2  638.0    1.5  135.0  444.0  444.0
2018 300 10 27 1200  -50.4  638.1    1.5  134.0  444.0  444.0
2018 300 10 27 1500  -56.4  638.6    0.2  136.0  444.0  444.0
2018 300 10 27 1800  -55.8  639.1    2.0  138.0  444.0  444.0
2018 300 10 27 2100  -50.6  639.8    1.8  152.0  444.0  444.0
2018 301 10 28 0000  -45.9  640.4    0.0  136.0  444.0  444.0
2018 301 10 28 0300  -39.8  640.9    2.5  172.0  444.0  444.0
2018 301 10 28 0600  -37.1  641.6    3.2  166.0  444.0  444.0
2018 301 10 28 0900  -40.9  642.0    2.8  167.0  444.0  444.0
2018 301 10 28 1200  -49.0  642.6    2.5  176.0  444.0  444.0
2018 301 10 28 1500  -54.6  643.1    3.2  163.0  444.0  444.0
2018 301 10 28 1800  -55.4  643.4    2.5  162.0  444.0  444.0
2018 301 10 28 2100  -49.8  643.7    2.8  158.0  444.0  444.0
2018 302 10 29 0000  -42.5  644.1    2.2  153.0  444.0  444.0
2018 302 10 29 0300  -41.0  644.4    2.5  141.0  444.0  444.0
2018 302 10 29 0600  -36.8  644.6    3.2  135.0  444.0  444.0
2018 302 10 29 0900  -41.1  645.1    2.0  138.0  444.0  444.0
2018 302 10 29 1200  -48.1  645.4    2.0  141.0  444.0  444.0
2018 302 10 29 1500  -53.4  645.7    2.5  132.0  444.0  444.0
2018 302 10 29 1800  -51.4  645.8    0.8  101.0  444.0  444.0
2018 302 10 29 2100  444.0  645.7    0.0  122.0  444.0  444.0
2018 303 10 30 0000  444.0  645.7    0.0  343.0  444.0  444.0
2018 303 10 30 0300  444.0  645.6    0.8  217.0  444.0  444.0
2018 303 10 30 0600  444.0  645.3    1.0  240.0  444.0  444.0
2018 303 10 30 0900  -38.2  644.8    2.2  202.0  444.0  444.0
2018 303 10 30 1200  -48.1  644.2    3.5  197.0  444.0  444.0
2018 303 10 30 1500  -54.5  643.4    3.2  194.0  444.0  444.0
2018 303 10 30 1800  -54.6  642.6    4.0  186.0  444.0  444.0
2018 303 10 30 2100  -50.5  642.0    7.0  176.0  444.0  444.0
2018 304 10 31 0000  -41.8  641.4    7.5  159.0  444.0  444.0
2018 304 10 31 0300  -39.2  641.2    6.2  163.0  444.0  444.0
2018 304 10 31 0600  -35.5  641.1    4.8  143.0  444.0  444.0
2018 304 10 31 0900  -38.6  641.1    3.8  162.0  444.0  444.0
2018 304 10 31 1200  -46.5  640.8    3.0  162.0  444.0  444.0
2018 304 10 31 1500  -54.0  640.4    2.8  177.0  444.0  444.0
2018 304 10 31 1800  -52.6  639.7    1.5  184.0  444.0  444.0
2018 304 10 31 2100  -45.8  639.2    3.0  200.0  444.0  444.0
