Year: 2018  Month: 04  ID: DC2  ARGOS:  8989  Name: Dome C II           
Lat: 75.12S  Lon: 123.38E  Elev: 3250m
2018  91  4  1 0000  -57.0  651.8    3.8  180.0  444.0  444.0
2018  91  4  1 0300  -55.1  651.0    2.5  188.0  444.0  444.0
2018  91  4  1 0600  -52.5  650.5    1.8  188.0  444.0  444.0
2018  91  4  1 0900  -58.9  650.5    2.0  210.0  444.0  444.0
2018  91  4  1 1200  -59.6  650.3    2.0  210.0  444.0  444.0
2018  91  4  1 1500  -60.5  650.3    1.2  188.0  444.0  444.0
2018  91  4  1 1800  -61.4  650.1    1.8  198.0  444.0  444.0
2018  91  4  1 2100  -62.0  650.1    2.5  181.0  444.0  444.0
2018  92  4  2 0000  -60.1  650.3    1.8  204.0  444.0  444.0
2018  92  4  2 0300  444.0  650.1    1.2  212.0  444.0  444.0
2018  92  4  2 0600  444.0  649.9    1.8  225.0  444.0  444.0
2018  92  4  2 0900  -59.0  650.0    1.5  224.0  444.0  444.0
2018  92  4  2 1200  -61.5  650.1    0.0  186.0  444.0  444.0
2018  92  4  2 1500  -62.9  649.9    0.2  208.0  444.0  444.0
2018  92  4  2 1800  -64.0  649.9    0.5  160.0  444.0  444.0
2018  92  4  2 2100  -64.6  649.9    0.2  176.0  444.0  444.0
2018  93  4  3 0000  444.0  650.1    0.2  184.0  444.0  444.0
2018  93  4  3 0300  444.0  650.1    2.5  172.0  444.0  444.0
2018  93  4  3 0600  444.0  650.5    1.5  207.0  444.0  444.0
2018  93  4  3 0900  -60.0  650.8    1.0  224.0  444.0  444.0
2018  93  4  3 1200  -60.1  651.0    2.0  194.0  444.0  444.0
2018  93  4  3 1500  -57.0  651.1    1.8  194.0  444.0  444.0
2018  93  4  3 1800  -55.1  651.1    1.2  270.0  444.0  444.0
2018  93  4  3 2100  -58.1  650.9    3.2  215.0  444.0  444.0
2018  94  4  4 0000  -54.5  650.5    2.0  266.0  444.0  444.0
2018  94  4  4 0300  -55.2  650.4    3.0  290.0  444.0  444.0
2018  94  4  4 0600  -52.4  649.7    3.0  238.0  444.0  444.0
2018  94  4  4 0900  -59.0  649.5    1.8  284.0  444.0  444.0
2018  94  4  4 1200  -59.4  648.8    2.8  256.0  444.0  444.0
2018  94  4  4 1500  -60.6  648.1    2.0  288.0  444.0  444.0
2018  94  4  4 1800  -62.8  647.8    1.2  245.0  444.0  444.0
2018  94  4  4 2100  -63.0  647.5    2.0  204.0  444.0  444.0
2018  95  4  5 0000  -61.4  647.3    0.2  260.0  444.0  444.0
2018  95  4  5 0300  444.0  647.1    0.5  200.0  444.0  444.0
2018  95  4  5 0600  444.0  646.8    0.0  184.0  444.0  444.0
2018  95  4  5 0900  -60.1  646.7    1.5  181.0  444.0  444.0
2018  95  4  5 1200  -60.0  646.5    0.2  172.0  444.0  444.0
2018  95  4  5 1500  -57.6  646.1    1.5  177.0  444.0  444.0
2018  95  4  5 1800  -57.9  645.9    0.0  167.0  444.0  444.0
2018  95  4  5 2100  -58.2  645.6    0.0  184.0  444.0  444.0
2018  96  4  6 0000  -60.0  645.2    1.2  193.0  444.0  444.0
2018  96  4  6 0300  444.0  644.9    1.5  204.0  444.0  444.0
2018  96  4  6 0600  -58.2  644.5    1.8  202.0  444.0  444.0
2018  96  4  6 0900  -62.1  644.3    1.8  210.0  444.0  444.0
2018  96  4  6 1200  -66.2  643.7    0.0  215.0  444.0  444.0
2018  96  4  6 1500  -66.9  643.2    0.0  197.0  444.0  444.0
2018  96  4  6 1800  -67.6  642.6    0.8  212.0  444.0  444.0
2018  96  4  6 2100  -68.2  642.1    0.5  187.0  444.0  444.0
2018  97  4  7 0000  -66.8  641.5    2.5  193.0  444.0  444.0
2018  97  4  7 0300  -65.4  641.0    1.8  190.0  444.0  444.0
2018  97  4  7 0600  -63.1  640.6    2.0  179.0  444.0  444.0
2018  97  4  7 0900  -68.0  640.4    0.5  176.0  444.0  444.0
2018  97  4  7 1200  -69.1  639.9    0.5  156.0  444.0  444.0
2018  97  4  7 1500  -69.0  639.7    0.5  120.0  444.0  444.0
2018  97  4  7 1800  -69.4  639.5    0.2  121.0  444.0  444.0
2018  97  4  7 2100  -67.6  639.7    1.2  111.0  444.0  444.0
2018  98  4  8 0000  -64.6  639.8    1.2   93.0  444.0  444.0
2018  98  4  8 0300  -63.5  640.1    0.2   48.0  444.0  444.0
2018  98  4  8 0600  -60.9  640.5    1.5   30.0  444.0  444.0
2018  98  4  8 0900  -63.8  641.0    2.8   24.0  444.0  444.0
2018  98  4  8 1200  -65.5  641.3    1.8   31.0  444.0  444.0
2018  98  4  8 1500  -64.6  641.6    2.8  359.0  444.0  444.0
2018  98  4  8 1800  -64.5  642.6    3.2  349.0  444.0  444.0
2018  98  4  8 2100  -62.9  643.5    3.5  352.0  444.0  444.0
2018  99  4  9 0000  -62.4  644.5    3.0  352.0  444.0  444.0
2018  99  4  9 0300  -59.2  645.6    3.5  338.0  444.0  444.0
2018  99  4  9 0600  -57.9  646.7    4.8  340.0  444.0  444.0
2018  99  4  9 0900  -60.0  647.9    3.5  350.0  444.0  444.0
2018  99  4  9 1200  -59.2  648.6    4.0  352.0  444.0  444.0
2018  99  4  9 1500  -53.1  648.5    3.2  356.0  444.0  444.0
2018  99  4  9 1800  -54.9  647.9    2.5   25.0  444.0  444.0
2018  99  4  9 2100  -49.4  646.6    3.2   25.0  444.0  444.0
2018 100  4 10 0000  -50.5  645.6    2.0   38.0  444.0  444.0
2018 100  4 10 0300  -45.9  644.2    0.8   69.0  444.0  444.0
2018 100  4 10 0600  -45.2  644.2    0.0  110.0  444.0  444.0
2018 100  4 10 0900  -46.4  644.3    2.0  103.0  444.0  444.0
2018 100  4 10 1200  -54.0  644.9    2.5  108.0  444.0  444.0
2018 100  4 10 1500  -58.0  645.1    2.0  124.0  444.0  444.0
2018 100  4 10 1800  -56.0  644.9    2.2   68.0  444.0  444.0
2018 100  4 10 2100  -57.2  644.5    2.0  101.0  444.0  444.0
2018 101  4 11 0000  -50.0  644.4    4.0  108.0  444.0  444.0
2018 101  4 11 0300  -46.9  643.9    5.0  104.0  444.0  444.0
2018 101  4 11 0600  -44.1  643.7    3.8   96.0  444.0  444.0
2018 101  4 11 0900  -47.2  644.3    3.2  120.0  444.0  444.0
2018 101  4 11 1200  -54.1  644.9    3.2  141.0  444.0  444.0
2018 101  4 11 1500  -57.0  645.4    2.5  115.0  444.0  444.0
2018 101  4 11 1800  -58.9  645.6    2.8  121.0  444.0  444.0
2018 101  4 11 2100  -56.1  646.6    2.2  136.0  444.0  444.0
2018 102  4 12 0000  -59.1  647.2    2.5  155.0  444.0  444.0
2018 102  4 12 0300  -56.8  647.8    3.5  165.0  444.0  444.0
2018 102  4 12 0600  -56.5  648.5    2.5  177.0  444.0  444.0
2018 102  4 12 0900  -58.4  649.4    2.0  188.0  444.0  444.0
2018 102  4 12 1200  444.0  650.3    0.8  219.0  444.0  444.0
2018 102  4 12 1500  -60.9  650.6    2.2  218.0  444.0  444.0
2018 102  4 12 1800  -60.9  650.9    0.5  242.0  444.0  444.0
2018 102  4 12 2100  -60.9  651.2    3.0  246.0  444.0  444.0
2018 103  4 13 0000  -58.4  651.5    3.8  271.0  444.0  444.0
2018 103  4 13 0300  -53.0  651.0    4.2  270.0  444.0  444.0
2018 103  4 13 0600  -56.4  650.6    3.5  349.0  444.0  444.0
2018 103  4 13 0900  -57.5  650.5    3.2  253.0  444.0  444.0
2018 103  4 13 1200  -58.0  650.8    2.8  257.0  444.0  444.0
2018 103  4 13 1500  -58.2  650.3    1.5  231.0  444.0  444.0
2018 103  4 13 1800  -54.9  649.6    1.5  243.0  444.0  444.0
2018 103  4 13 2100  -55.2  648.9    1.5  240.0  444.0  444.0
2018 104  4 14 0000  444.0  647.9    0.0  307.0  444.0  444.0
2018 104  4 14 0300  444.0  646.9    0.0  291.0  444.0  444.0
2018 104  4 14 0600  444.0  645.6    0.0  322.0  444.0  444.0
2018 104  4 14 0900  444.0  644.7    0.0  353.0  444.0  444.0
2018 104  4 14 1200  444.0  643.9    0.0  190.0  444.0  444.0
2018 104  4 14 1500  -50.6  643.3    0.5  135.0  444.0  444.0
2018 104  4 14 1800  -53.5  643.2    0.0  158.0  444.0  444.0
2018 104  4 14 2100  -56.0  643.7    1.0  105.0  444.0  444.0
2018 105  4 15 0000  -59.2  644.7    0.0   86.0  444.0  444.0
2018 105  4 15 0300  -56.8  645.7    0.5  155.0  444.0  444.0
2018 105  4 15 0600  -56.8  646.5    0.2  153.0  444.0  444.0
2018 105  4 15 0900  -59.1  647.6    0.0  359.0  444.0  444.0
2018 105  4 15 1200  -54.6  649.2    0.0  353.0  444.0  444.0
2018 105  4 15 1500  -50.6  650.0    3.5  169.0  444.0  444.0
2018 105  4 15 1800  -50.6  651.7    0.0  141.0  444.0  444.0
2018 105  4 15 2100  -56.9  652.7    1.8  163.0  444.0  444.0
2018 106  4 16 0000  -55.5  653.8    2.0  127.0  444.0  444.0
2018 106  4 16 0300  -54.0  654.6    3.2  141.0  444.0  444.0
2018 106  4 16 0600  -55.8  655.6    2.8  115.0  444.0  444.0
2018 106  4 16 0900  -55.8  656.2    2.8  111.0  444.0  444.0
2018 106  4 16 1200  -53.5  656.9    3.0  101.0  444.0  444.0
2018 106  4 16 1500  -47.5  657.0    3.8  100.0  444.0  444.0
2018 106  4 16 1800  -43.5  657.0    3.8   94.0  444.0  444.0
2018 106  4 16 2100  -42.6  656.8    5.2   79.0  444.0  444.0
2018 107  4 17 0000  -41.5  656.7    5.8   72.0  444.0  444.0
2018 107  4 17 0300  -39.1  656.0    6.0   63.0  444.0  444.0
2018 107  4 17 0600  -37.6  655.6    6.0   59.0  444.0  444.0
2018 107  4 17 0900  -36.1  655.5    6.5   45.0  444.0  444.0
2018 107  4 17 1200  -39.9  655.5    1.5   18.0  444.0  444.0
2018 107  4 17 1500  -40.4  654.7    3.5   41.0  444.0  444.0
2018 107  4 17 1800  -42.8  654.1    3.2   53.0  444.0  444.0
2018 107  4 17 2100  -43.6  653.1    2.5   65.0  444.0  444.0
2018 108  4 18 0000  -43.5  651.8    3.5   51.0  444.0  444.0
2018 108  4 18 0300  -41.8  650.5    4.2   49.0  444.0  444.0
2018 108  4 18 0600  -39.2  649.7    1.2   21.0  444.0  444.0
2018 108  4 18 0900  -38.8  649.0    2.0   11.0  444.0  444.0
2018 108  4 18 1200  -41.9  648.9    0.0   51.0  444.0  444.0
2018 108  4 18 1500  -42.6  648.7    0.0    7.0  444.0  444.0
2018 108  4 18 1800  -50.1  648.9    0.0  150.0  444.0  444.0
2018 108  4 18 2100  -51.6  649.6    0.8  122.0  444.0  444.0
2018 109  4 19 0000  -53.0  650.5    1.5  138.0  444.0  444.0
2018 109  4 19 0300  -52.8  650.8    1.2  177.0  444.0  444.0
2018 109  4 19 0600  -52.8  651.6    1.5  181.0  444.0  444.0
2018 109  4 19 0900  -56.0  651.9    0.0  207.0  444.0  444.0
2018 109  4 19 1200  -55.1  652.7    0.5  180.0  444.0  444.0
2018 109  4 19 1500  -56.0  652.5    0.0  197.0  444.0  444.0
2018 109  4 19 1800  -60.1  652.1    0.0  238.0  444.0  444.0
2018 109  4 19 2100  -57.2  652.2    0.0  219.0  444.0  444.0
2018 110  4 20 0000  -56.5  652.2    0.0  218.0  444.0  444.0
2018 110  4 20 0300  -55.4  651.5    0.0  270.0  444.0  444.0
2018 110  4 20 0600  -54.2  651.4    0.0  243.0  444.0  444.0
2018 110  4 20 0900  -55.6  650.4    1.2  204.0  444.0  444.0
2018 110  4 20 1200  -54.0  649.5    0.0  259.0  444.0  444.0
2018 110  4 20 1500  -56.6  648.8    0.0  212.0  444.0  444.0
2018 110  4 20 1800  -59.1  648.0    1.2  198.0  444.0  444.0
2018 110  4 20 2100  -57.6  647.7    2.8  172.0  444.0  444.0
2018 111  4 21 0000  -60.1  647.3    0.0  235.0  444.0  444.0
2018 111  4 21 0300  -55.9  646.6    0.0  242.0  444.0  444.0
2018 111  4 21 0600  -55.4  645.9    0.0  274.0  444.0  444.0
2018 111  4 21 0900  -56.5  645.2    0.0  214.0  444.0  444.0
2018 111  4 21 1200  -57.8  644.3    0.0  225.0  444.0  444.0
2018 111  4 21 1500  -62.2  643.5    2.0  186.0  444.0  444.0
2018 111  4 21 1800  -63.9  642.9    0.2  186.0  444.0  444.0
2018 111  4 21 2100  -64.8  642.9    1.0  172.0  444.0  444.0
2018 112  4 22 0000  -64.9  642.7    1.5  160.0  444.0  444.0
2018 112  4 22 0300  -63.0  642.5    0.0  169.0  444.0  444.0
2018 112  4 22 0600  -61.8  642.4    0.8  194.0  444.0  444.0
2018 112  4 22 0900  -61.8  642.7    0.5  217.0  444.0  444.0
2018 112  4 22 1200  -59.4  642.7  444.0  444.0  444.0  444.0
2018 112  4 22 1500  -64.1  642.8  444.0  444.0  444.0  444.0
2018 112  4 22 1800  -62.9  642.9  444.0  444.0  444.0  444.0
2018 112  4 22 2100  -65.9  643.4  444.0  444.0  444.0  444.0
2018 113  4 23 0000  -66.1  644.2  444.0  444.0  444.0  444.0
2018 113  4 23 0300  -65.2  645.1  444.0  444.0  444.0  444.0
2018 113  4 23 0600  -65.4  645.7  444.0  444.0  444.0  444.0
2018 113  4 23 0900  -66.0  646.8  444.0  444.0  444.0  444.0
2018 113  4 23 1200  -64.0  647.4  444.0  444.0  444.0  444.0
2018 113  4 23 1500  -65.0  647.7  444.0  444.0  444.0  444.0
2018 113  4 23 1800  -64.6  647.8  444.0  444.0  444.0  444.0
2018 113  4 23 2100  -62.6  648.0  444.0  444.0  444.0  444.0
2018 114  4 24 0000  -60.8  647.7  444.0  444.0  444.0  444.0
2018 114  4 24 0300  -60.4  646.9  444.0  444.0  444.0  444.0
2018 114  4 24 0600  -58.2  646.3  444.0  444.0  444.0  444.0
2018 114  4 24 0900  -60.5  646.1  444.0  444.0  444.0  444.0
2018 114  4 24 1200  -61.8  645.5  444.0  444.0  444.0  444.0
2018 114  4 24 1500  -61.1  644.7  444.0  444.0  444.0  444.0
2018 114  4 24 1800  -58.5  643.4  444.0  444.0  444.0  444.0
2018 114  4 24 2100  -59.4  642.0  444.0  444.0  444.0  444.0
2018 115  4 25 0000  -60.9  640.7  444.0  444.0  444.0  444.0
2018 115  4 25 0300  -62.2  639.5    2.5  250.0  444.0  444.0
2018 115  4 25 0600  -62.9  639.3    0.0  236.0  444.0  444.0
2018 115  4 25 0900  -62.5  639.0    3.2  229.0  444.0  444.0
2018 115  4 25 1200  -62.1  638.6    5.5  235.0  444.0  444.0
2018 115  4 25 1500  -63.0  638.5    5.2  229.0  444.0  444.0
2018 115  4 25 1800  -62.9  638.6    4.0  224.0  444.0  444.0
2018 115  4 25 2100  -62.2  638.7    5.8  205.0  444.0  444.0
2018 116  4 26 0000  -63.0  639.3    5.8  207.0  444.0  444.0
2018 116  4 26 0300  -62.6  639.9    6.0  208.0  444.0  444.0
2018 116  4 26 0600  -63.0  640.7    5.5  205.0  444.0  444.0
2018 116  4 26 0900  -63.5  641.6    4.5  202.0  444.0  444.0
2018 116  4 26 1200  -65.0  642.5    4.0  197.0  444.0  444.0
2018 116  4 26 1500  -66.4  643.0    2.2  198.0  444.0  444.0
2018 116  4 26 1800  -67.0  643.3    3.2  217.0  444.0  444.0
2018 116  4 26 2100  -67.0  644.0    0.8  233.0  444.0  444.0
2018 117  4 27 0000  -67.0  644.4  444.0  444.0  444.0  444.0
2018 117  4 27 0300  -63.1  644.5  444.0  444.0  444.0  444.0
2018 117  4 27 0600  -60.6  645.2  444.0  444.0  444.0  444.0
2018 117  4 27 0900  -60.9  645.6  444.0  444.0  444.0  444.0
2018 117  4 27 1200  -61.8  645.7  444.0  444.0  444.0  444.0
2018 117  4 27 1500  -62.2  645.5  444.0  444.0  444.0  444.0
2018 117  4 27 1800  -59.8  645.5  444.0  444.0  444.0  444.0
2018 117  4 27 2100  -59.4  645.3  444.0  444.0  444.0  444.0
2018 118  4 28 0000  -59.9  645.0  444.0  444.0  444.0  444.0
2018 118  4 28 0300  -60.5  644.2  444.0  444.0  444.0  444.0
2018 118  4 28 0600  -60.1  643.1  444.0  444.0  444.0  444.0
2018 118  4 28 0900  -59.0  642.3  444.0  444.0  444.0  444.0
2018 118  4 28 1200  -59.2  640.9  444.0  444.0  444.0  444.0
2018 118  4 28 1500  -61.2  640.1  444.0  444.0  444.0  444.0
2018 118  4 28 1800  -63.2  639.4  444.0  444.0  444.0  444.0
2018 118  4 28 2100  -62.9  638.9  444.0  444.0  444.0  444.0
2018 119  4 29 0000  -64.2  637.9  444.0  444.0  444.0  444.0
2018 119  4 29 0300  -64.2  636.9  444.0  444.0  444.0  444.0
2018 119  4 29 0600  -61.5  635.7  444.0  444.0  444.0  444.0
2018 119  4 29 0900  -61.2  634.6  444.0  444.0  444.0  444.0
2018 119  4 29 1200  -59.9  633.8  444.0  444.0  444.0  444.0
2018 119  4 29 1500  -56.1  633.0  444.0  444.0  444.0  444.0
2018 119  4 29 1800  -52.0  632.5    2.2  207.0  444.0  444.0
2018 119  4 29 2100  -56.4  632.9    2.0  212.0  444.0  444.0
2018 120  4 30 0000  -59.0  633.3    2.2  219.0  444.0  444.0
2018 120  4 30 0300  -61.6  634.4    2.2  214.0  444.0  444.0
2018 120  4 30 0600  -65.0  635.6    1.8  202.0  444.0  444.0
2018 120  4 30 0900  -66.4  637.1    1.2  205.0  444.0  444.0
2018 120  4 30 1200  -66.8  638.2    2.0  212.0  444.0  444.0
2018 120  4 30 1500  -67.4  639.4    2.0  224.0  444.0  444.0
2018 120  4 30 1800  -67.6  640.0    1.8  243.0  444.0  444.0
2018 120  4 30 2100  -65.5  640.4    1.5  235.0  444.0  444.0
