Year: 2018  Month: 01  ID: ELN  ARGOS: 21357  Name: Elaine              
Lat: 83.10S  Lon: 174.29E  Elev:   62m
2018   1  1  1 0000   -4.3  980.3    1.0  171.0   78.5  444.0
2018   1  1  1 0300   -3.9  980.4    1.6  169.0   78.0  444.0
2018   1  1  1 0600   -4.5  980.4    3.0  175.0   82.0  444.0
2018   1  1  1 0900   -5.4  980.9    2.2  206.0   82.0  444.0
2018   1  1  1 1200   -7.1  980.8    2.3  222.0   74.0  444.0
2018   1  1  1 1500   -6.1  980.5    1.5  225.0   73.0  444.0
2018   1  1  1 1800   -4.0  980.3    2.9  282.0   67.0  444.0
2018   1  1  1 2100   -6.1  980.8    0.3   74.0   66.0  444.0
2018   2  1  2 0000   -2.9  981.2    1.5  192.0   70.0  444.0
2018   2  1  2 0300   -3.4  981.6    1.6  219.0   74.2  444.0
2018   2  1  2 0600   -4.0  982.1    2.4  224.0   76.4  444.0
2018   2  1  2 0900   -3.7  983.3    3.5  158.0   64.0  444.0
2018   2  1  2 1200   -6.1  984.6    3.9  184.0   81.1  444.0
2018   2  1  2 1500   -6.1  985.3    6.0  178.0   83.0  444.0
2018   2  1  2 1800   -4.7  986.5    7.7  165.0   78.0  444.0
2018   2  1  2 2100   -5.1  987.9    4.3  139.0   80.0  444.0
2018   3  1  3 0000   -5.6  988.8    5.1  135.0   79.3  444.0
2018   3  1  3 0300   -4.4  989.2    1.8  132.0   74.4  444.0
2018   3  1  3 0600   -4.4  988.9    1.2  292.0   79.0  444.0
2018   3  1  3 0900   -5.1  988.6    1.2  269.0   79.0  444.0
2018   3  1  3 1200   -6.9  988.5    1.8  193.0   81.0  444.0
2018   3  1  3 1500   -7.3  987.7    1.2  217.0   77.3  444.0
2018   3  1  3 1800   -7.0  986.9    1.3  206.0   75.0  444.0
2018   3  1  3 2100   -4.5  986.1    0.8  216.0   69.6  444.0
2018   4  1  4 0000   -3.3  984.9    0.1  346.0   72.0  444.0
2018   4  1  4 0300   -3.1  983.0    3.1  337.0   75.2  444.0
2018   4  1  4 0600   -4.1  981.2    3.1  335.0   84.0  444.0
2018   4  1  4 0900   -5.4  979.8    2.7    4.0   83.0  444.0
2018   4  1  4 1200   -7.0  979.1    3.5  357.0   82.0  444.0
2018   4  1  4 1500   -8.2  978.7    3.4    6.0   82.6  444.0
2018   4  1  4 1800   -7.8  978.8    3.0  336.0   80.7  444.0
2018   4  1  4 2100   -6.8  979.9    2.1  332.0   80.0  444.0
2018   5  1  5 0000   -5.5  981.4    1.5  337.0   75.0  444.0
2018   5  1  5 0300   -5.1  982.6    1.4  121.0   77.0  444.0
2018   5  1  5 0600   -5.5  984.0    2.0  134.0   81.9  444.0
2018   5  1  5 0900   -7.0  985.3    3.0  149.0   86.0  444.0
2018   5  1  5 1200   -8.0  986.1    1.7  178.0   84.0  444.0
2018   5  1  5 1500   -9.0  986.0    1.7  190.0   83.1  444.0
2018   5  1  5 1800   -7.9  985.6    1.4  223.0   79.0  444.0
2018   5  1  5 2100   -5.3  985.4    1.8  192.0   76.0  444.0
2018   6  1  6 0000   -3.8  985.2    2.2  203.0   76.0  444.0
2018   6  1  6 0300   -3.1  984.4    2.9  180.0   74.0  444.0
2018   6  1  6 0600   -3.9  983.8    2.9  178.0   78.0  444.0
2018   6  1  6 0900   -6.3  983.6    4.8  134.0   88.0  444.0
2018   6  1  6 1200   -7.9  983.7    3.0  149.0   92.0  444.0
2018   6  1  6 1500   -8.5  983.0    2.4  177.0   93.0  444.0
2018   6  1  6 1800   -9.1  982.1    4.0  223.0   90.0  444.0
2018   6  1  6 2100   -6.9  981.5    4.3  221.0   87.0  444.0
2018   7  1  7 0000   -5.2  981.3    3.5  237.0   81.0  444.0
2018   7  1  7 0300   -3.3  980.8    1.9  263.0   78.0  444.0
2018   7  1  7 0600   -3.3  980.6    1.4  317.0   79.4  444.0
2018   7  1  7 0900   -5.7  980.5    2.1  327.0   83.0  444.0
2018   7  1  7 1200   -7.7  981.1    2.3  355.0   86.0  444.0
2018   7  1  7 1500   -7.8  981.9    2.4   19.0   86.0  444.0
2018   7  1  7 1800   -5.3  983.3    1.2  312.0   80.0  444.0
2018   7  1  7 2100   -3.3  985.9    1.0  344.0   75.2  444.0
2018   8  1  8 0000   -2.2  988.0    3.6  179.0   78.0  444.0
2018   8  1  8 0300   -1.7  989.6    3.9  173.0   78.4  444.0
2018   8  1  8 0600   -3.1  991.3    1.9  202.0   80.2  444.0
2018   8  1  8 0900   -3.8  992.9    2.4  181.0   80.0  444.0
2018   8  1  8 1200   -5.4  994.4    3.9  173.0   85.0  444.0
2018   8  1  8 1500   -6.4  995.8    2.4  154.0   85.0  444.0
2018   8  1  8 1800   -6.2  996.7    1.0  186.0   82.0  444.0
2018   8  1  8 2100   -8.5  997.6    3.7   71.0   89.5  444.0
2018   9  1  9 0000   -6.2  998.2    2.4  130.0   91.0  444.0
2018   9  1  9 0300   -5.8  997.6    2.7  183.0   90.0  444.0
2018   9  1  9 0600  444.0  997.4    0.0  160.0   89.0  444.0
2018   9  1  9 0900   -6.6  996.5    0.0    0.0   93.5  444.0
2018   9  1  9 1200   -7.5  995.6    2.6  276.0   93.0  444.0
2018   9  1  9 1500   -9.3  994.5    2.1  297.0   90.0  444.0
2018   9  1  9 1800   -9.8  993.3    2.9  279.0   89.0  444.0
2018   9  1  9 2100   -7.0  992.4    2.0  293.0   80.0  444.0
2018  10  1 10 0000   -5.0  991.1    1.4  288.0   71.0  444.0
2018  10  1 10 0300   -7.5  989.4    1.3   10.0   89.0  444.0
2018  10  1 10 0600   -6.9  988.1    1.4  330.0   89.0  444.0
2018  10  1 10 0900   -7.4  986.4    2.8  302.0   89.0  444.0
2018  10  1 10 1200   -8.7  985.0    1.7  329.0   89.9  444.0
2018  10  1 10 1500   -9.5  983.4    1.7  290.0   88.0  444.0
2018  10  1 10 1800   -9.5  982.0    1.4  267.0   86.0  444.0
2018  10  1 10 2100  -10.2  981.2    1.3  139.0   90.0  444.0
2018  11  1 11 0000  -10.2  980.6    2.1  145.0   88.0  444.0
2018  11  1 11 0300   -8.8  979.5    1.4  154.0   88.5  444.0
2018  11  1 11 0600   -8.5  979.0    1.6  183.0   87.0  444.0
2018  11  1 11 0900   -7.7  978.7    2.8  182.0   87.0  444.0
2018  11  1 11 1200   -7.3  978.6    3.6  171.0   83.0  444.0
2018  11  1 11 1500   -8.4  978.5    3.3  176.0   80.4  444.0
2018  11  1 11 1800   -7.2  979.2    4.5  174.0   84.0  444.0
2018  11  1 11 2100   -5.0  979.4    5.3  176.0   77.0  444.0
2018  12  1 12 0000   -4.4  980.2    6.2  155.0   73.3  444.0
2018  12  1 12 0300   -3.9  980.4    6.1  166.0   73.0  444.0
2018  12  1 12 0600   -4.3  981.0    6.0  168.0   78.0  444.0
2018  12  1 12 0900   -4.7  981.2    6.2  173.0   76.0  444.0
2018  12  1 12 1200   -5.5  981.8    6.4  164.0   76.4  444.0
2018  12  1 12 1500   -7.0  982.4    3.7  168.0   79.0  444.0
2018  12  1 12 1800   -6.2  982.8    5.4  177.0   74.7  444.0
2018  12  1 12 2100   -5.6  983.3    5.1  169.0   75.0  444.0
2018  13  1 13 0000   -4.8  984.1    5.9  154.0   74.0  444.0
2018  13  1 13 0300   -4.4  984.4    6.1  149.0   76.5  444.0
2018  13  1 13 0600   -4.5  985.2    4.8  191.0   75.0  444.0
2018  13  1 13 0900   -5.8  986.2    5.2  175.0   82.0  444.0
2018  13  1 13 1200   -8.1  987.5    2.5  161.0   84.0  444.0
2018  13  1 13 1500  -10.0  987.8    1.6  232.0   82.4  444.0
2018  13  1 13 1800   -9.0  987.3    1.8  262.0   82.0  444.0
2018  13  1 13 2100   -7.1  987.5    3.3  287.0   85.0  444.0
2018  14  1 14 0000   -5.9  986.5    4.5  282.0   83.0  444.0
2018  14  1 14 0300   -5.0  984.9    4.0  303.0   84.5  444.0
2018  14  1 14 0600   -5.2  983.7    3.5  303.0   86.0  444.0
2018  14  1 14 0900   -6.9  982.6    3.3  310.0   87.0  444.0
2018  14  1 14 1200   -9.3  981.1    1.6  326.0   85.0  444.0
2018  14  1 14 1500  -10.7  979.8    2.2  351.0   84.0  444.0
2018  14  1 14 1800  -10.8  978.8    2.8  339.0   84.9  444.0
2018  14  1 14 2100   -9.5  977.9    4.5  331.0   86.0  444.0
2018  15  1 15 0000   -8.6  977.3    3.6  328.0   87.0  444.0
2018  15  1 15 0300   -8.6  976.6    2.7    7.0   90.0  444.0
2018  15  1 15 0600   -9.1  975.6    1.9   48.0   91.5  444.0
2018  15  1 15 0900   -9.2  974.7    0.0   33.0   91.0  444.0
2018  15  1 15 1200   -9.7  973.9    0.0  275.0   92.0  444.0
2018  15  1 15 1500  -10.0  972.3    0.1  310.0   91.0  444.0
2018  15  1 15 1800   -9.9  971.0    0.7  316.0   90.0  444.0
2018  15  1 15 2100   -9.6  969.9    2.1  307.0   88.7  444.0
2018  16  1 16 0000   -9.1  969.5    1.7  345.0   86.0  444.0
2018  16  1 16 0300   -9.3  969.4    0.7   90.0   83.0  444.0
2018  16  1 16 0600   -8.6  969.4    0.5  162.0   80.0  444.0
2018  16  1 16 0900   -9.6  969.9    1.5   72.0   84.0  444.0
2018  16  1 16 1200   -9.8  970.8    0.3   63.0   79.0  444.0
2018  16  1 16 1500   -9.8  971.7    1.4  180.0   80.6  444.0
2018  16  1 16 1800   -9.9  972.6    2.2  232.0   80.0  444.0
2018  16  1 16 2100   -9.9  972.6    3.5  271.0   79.0  444.0
2018  17  1 17 0000   -8.9  973.0    1.6  306.0   78.0  444.0
2018  17  1 17 0300   -9.6  972.1    4.5  266.0   82.0  444.0
2018  17  1 17 0600   -8.5  971.8    4.9  237.0   86.0  444.0
2018  17  1 17 0900   -4.8  971.4    7.7  199.0   91.0  444.0
2018  17  1 17 1200   -4.3  971.3    5.5  168.0   92.0  444.0
2018  17  1 17 1500   -4.9  970.0    7.4  206.0   80.0  444.0
2018  17  1 17 1800   -4.4  969.6    8.0  177.0   76.0  444.0
2018  17  1 17 2100   -6.0  970.1    6.1  174.0   79.8  444.0
2018  18  1 18 0000   -5.4  969.9    7.5  179.0   79.0  444.0
2018  18  1 18 0300   -5.0  969.6    9.1  161.0   73.0  444.0
2018  18  1 18 0600   -5.6  969.6    9.2  160.0   79.0  444.0
2018  18  1 18 0900   -5.3  970.1    6.8  168.0   80.3  444.0
2018  18  1 18 1200   -7.1  970.6    7.0  170.0   83.0  444.0
2018  18  1 18 1500   -6.8  971.0    7.2  156.0   72.0  444.0
2018  18  1 18 1800   -7.5  971.1    6.6  181.0   72.0  444.0
2018  18  1 18 2100   -6.6  971.3    9.0  159.0   71.6  444.0
2018  19  1 19 0000   -5.0  972.0    7.3  173.0   67.6  444.0
2018  19  1 19 0300   -5.2  971.8    5.0  179.0   69.0  444.0
2018  19  1 19 0600   -6.5  971.8    5.8  184.0   77.0  444.0
2018  19  1 19 0900   -8.5  971.6    4.4  196.0   77.7  444.0
2018  19  1 19 1200   -9.6  971.4    3.2  218.0   72.3  444.0
2018  19  1 19 1500   -8.8  970.6    5.9  221.0   68.0  444.0
2018  19  1 19 1800   -8.8  970.8    3.4  224.0   70.0  444.0
2018  19  1 19 2100   -7.6  970.6    2.9  190.0   73.0  444.0
2018  20  1 20 0000   -4.7  969.6    5.6  193.0   71.4  444.0
2018  20  1 20 0300   -2.9  968.8    5.0  194.0   58.5  444.0
2018  20  1 20 0600   -3.3  967.8    5.5  229.0   68.0  444.0
2018  20  1 20 0900   -3.2  967.5    3.0  147.0   57.0  444.0
2018  20  1 20 1200   -2.6  967.3   14.5  146.0   94.1  444.0
2018  20  1 20 1500   -2.8  967.4   12.6  146.0   92.9  444.0
2018  20  1 20 1800   -3.0  969.0   10.9  145.0   91.0  444.0
2018  20  1 20 2100   -3.5  971.2    9.7  148.0   88.7  444.0
2018  21  1 21 0000   -3.5  972.3    4.2  160.0   89.0  444.0
2018  21  1 21 0300   -1.9  971.5    9.3  168.0   85.7  444.0
2018  21  1 21 0600   -2.0  971.9    6.3  195.0   83.0  444.0
2018  21  1 21 0900   -2.1  971.5    9.4  151.0   84.7  444.0
2018  21  1 21 1200   -2.4  971.4    9.8  166.0   86.0  444.0
2018  21  1 21 1500   -2.9  971.9    8.7  166.0   87.0  444.0
2018  21  1 21 1800   -3.0  973.0    7.5  167.0   87.7  444.0
2018  21  1 21 2100   -2.9  973.8    8.3  165.0   88.0  444.0
2018  22  1 22 0000   -3.0  975.3    7.9  157.0   88.0  444.0
2018  22  1 22 0300   -3.4  976.5    7.3  142.0   89.0  444.0
2018  22  1 22 0600   -5.1  978.3    5.2  122.0   86.8  444.0
2018  22  1 22 0900   -4.8  979.2    2.2  148.0   89.0  444.0
2018  22  1 22 1200   -3.6  979.4    5.0  141.0   86.0  444.0
2018  22  1 22 1500   -4.7  979.3    7.0  180.0   87.0  444.0
2018  22  1 22 1800   -5.1  979.7    7.5  165.0   81.0  444.0
2018  22  1 22 2100   -4.8  980.0    6.3  169.0   80.0  444.0
2018  23  1 23 0000   -4.5  980.3    6.2  156.0   84.0  444.0
2018  23  1 23 0300   -4.9  980.1    6.3  146.0   84.0  444.0
2018  23  1 23 0600   -5.2  980.4    3.6  159.0   84.7  444.0
2018  23  1 23 0900   -6.0  980.4    3.1  170.0   85.0  444.0
2018  23  1 23 1200   -9.4  980.4    1.8  159.0   85.0  444.0
2018  23  1 23 1500   -9.5  980.3    1.8  210.0   84.0  444.0
2018  23  1 23 1800   -9.0  980.0    3.6  182.0   79.0  444.0
2018  23  1 23 2100   -7.5  980.1    2.5  180.0   80.0  444.0
2018  24  1 24 0000   -5.8  980.2    4.5  172.0   77.2  444.0
2018  24  1 24 0300   -5.5  979.6    4.3  174.0   78.0  444.0
2018  24  1 24 0600   -6.2  979.4    3.5  184.0   79.4  444.0
2018  24  1 24 0900   -7.3  979.3    3.8  178.0   80.0  444.0
2018  24  1 24 1200   -8.9  979.5    3.3  182.0   79.0  444.0
2018  24  1 24 1500   -8.9  979.7    3.0  168.0   74.0  444.0
2018  24  1 24 1800   -7.5  980.1    4.9  168.0   75.7  444.0
2018  24  1 24 2100   -8.0  980.7    6.0  158.0   78.0  444.0
2018  25  1 25 0000   -6.6  981.7    6.2  156.0   73.0  444.0
2018  25  1 25 0300   -6.4  982.1    5.8  160.0   77.0  444.0
2018  25  1 25 0600   -6.9  983.0    5.5  169.0   78.0  444.0
2018  25  1 25 0900   -7.6  983.6    4.4  172.0   80.1  444.0
2018  25  1 25 1200   -7.7  984.6    4.2  170.0   78.0  444.0
2018  25  1 25 1500   -9.4  985.1    3.3  184.0   77.2  444.0
2018  25  1 25 1800   -8.6  986.3    2.5  167.0   73.0  444.0
2018  25  1 25 2100   -8.9  986.9    2.7  181.0   73.0  444.0
2018  26  1 26 0000   -6.7  987.1    3.5  177.0   72.0  444.0
2018  26  1 26 0300   -7.2  986.7    1.8  217.0   76.7  444.0
2018  26  1 26 0600   -7.1  986.0    1.3  257.0   70.0  444.0
2018  26  1 26 0900   -9.9  985.5    1.9   28.0   74.8  444.0
2018  26  1 26 1200  -12.3  984.9    2.0  335.0   78.9  444.0
2018  26  1 26 1500  -12.4  983.9    2.8  309.0   72.0  444.0
2018  26  1 26 1800  -10.4  983.4    3.6  318.0   67.0  444.0
2018  26  1 26 2100   -9.7  983.0    4.1  312.0   74.0  444.0
2018  27  1 27 0000   -7.6  983.2    2.5  251.0   68.5  444.0
2018  27  1 27 0300   -7.5  983.7    2.6  254.0   76.0  444.0
2018  27  1 27 0600   -8.3  984.4    2.1  220.0   78.0  444.0
2018  27  1 27 0900   -9.0  984.8    1.9  183.0   83.0  444.0
2018  27  1 27 1200   -9.7  985.6    2.0  177.0   85.0  444.0
2018  27  1 27 1500  -10.0  986.2    1.5  136.0   82.0  444.0
2018  27  1 27 1800  444.0  987.0    0.6  227.0   71.0  444.0
2018  27  1 27 2100   -9.1  987.4    2.6  276.0   81.0  444.0
2018  28  1 28 0000   -7.9  987.9    3.7  294.0   77.0  444.0
2018  28  1 28 0300   -7.4  988.3    4.1  284.0   76.0  444.0
2018  28  1 28 0600   -8.0  988.5    3.1  285.0   78.7  444.0
2018  28  1 28 0900   -9.7  989.1    0.4  235.0   82.0  444.0
2018  28  1 28 1200  -10.7  989.6    1.8  240.0   84.0  444.0
2018  28  1 28 1500  -11.3  989.5    0.6  164.0   78.0  444.0
2018  28  1 28 1800  -12.2  989.5    1.3   69.0   80.0  444.0
2018  28  1 28 2100  -11.5  989.1    2.0  139.0   82.0  444.0
2018  29  1 29 0000  444.0  988.3    1.2   15.0   73.9  444.0
2018  29  1 29 0300   -9.4  986.6    3.2  342.0   81.0  444.0
2018  29  1 29 0600   -9.9  984.6    4.8  336.0   84.0  444.0
2018  29  1 29 0900  -10.6  983.2    4.2  334.0   85.0  444.0
2018  29  1 29 1200  -12.4  982.5    3.5  332.0   86.0  444.0
2018  29  1 29 1500  -12.6  981.5    1.7  336.0   85.0  444.0
2018  29  1 29 1800  -13.8  980.9    0.4   40.0   70.0  444.0
2018  29  1 29 2100  -13.7  981.0    1.3  186.0   83.0  444.0
2018  30  1 30 0000  -11.8  980.5    2.1  176.0   81.0  444.0
2018  30  1 30 0300  444.0  444.0  444.0  444.0  444.0  444.0
2018  30  1 30 0600  -11.2  979.7    2.4  199.0   83.0  444.0
2018  30  1 30 0900  -11.8  980.0    1.9  194.0   86.9  444.0
2018  30  1 30 1200  -13.6  980.7    1.4  158.0   87.0  444.0
2018  30  1 30 1500  -14.2  981.2    0.0    0.0   85.0  444.0
2018  30  1 30 1800  -15.4  981.7    0.0    0.0   82.0  444.0
2018  30  1 30 2100  -15.1  982.6    1.9  288.0   79.0  444.0
2018  31  1 31 0000  -14.1  983.3    1.5  278.0   73.0  444.0
2018  31  1 31 0300  -12.6  983.0    1.6  301.0   78.6  444.0
2018  31  1 31 0600  -12.1  983.4    0.8   75.0   77.0  444.0
2018  31  1 31 0900  -15.2  984.2    1.8  304.0   81.0  444.0
2018  31  1 31 1200  -16.3  984.8    1.5  192.0   81.0  444.0
2018  31  1 31 1500  -17.4  985.1    2.0  203.0   82.0  444.0
2018  31  1 31 1800  -17.4  985.3    1.6  206.0   73.0  444.0
2018  31  1 31 2100  -13.9  985.9    1.5  209.0   70.0  444.0
