Year: 2018  Month: 07  ID: ELN  ARGOS: 21357  Name: Elaine              
Lat: 83.10S  Lon: 174.30E  Elev:   62m
2018 182  7  1 0000  -33.6  988.8    4.3  184.0   60.0  444.0
2018 182  7  1 0300  -32.5  987.2    5.4  172.0   58.0  444.0
2018 182  7  1 0600  -32.8  986.2    5.3  199.0   58.0  444.0
2018 182  7  1 0900  -33.7  985.7    5.2  195.0   61.3  444.0
2018 182  7  1 1200  -35.3  984.5    4.5  219.0   60.0  444.0
2018 182  7  1 1500  -36.5  984.2    3.6  192.0   59.0  444.0
2018 182  7  1 1800  -35.5  984.5    3.2  179.0   60.0  444.0
2018 182  7  1 2100  -32.6  985.3    3.7  198.0   59.0  444.0
2018 183  7  2 0000  -34.4  986.2    3.5  189.0   61.8  444.0
2018 183  7  2 0300  -31.5  986.8    2.6  170.0   62.0  444.0
2018 183  7  2 0600  -27.7  987.5    1.0  113.0   60.0  444.0
2018 183  7  2 0900  -31.0  987.4    4.8  207.0   59.8  444.0
2018 183  7  2 1200  -27.1  986.1    3.5  218.0   59.3  444.0
2018 183  7  2 1500  -27.8  983.8    2.3  322.0   59.0  444.0
2018 183  7  2 1800  -29.9  982.0    3.0  337.0   70.0  444.0
2018 183  7  2 2100  -27.6  979.9    2.8  335.0   67.0  444.0
2018 184  7  3 0000  -25.4  979.3    3.4  339.0   66.2  444.0
2018 184  7  3 0300  -28.1  979.4    4.6  306.0   72.0  444.0
2018 184  7  3 0600  -30.1  982.1    3.6  341.0   69.8  444.0
2018 184  7  3 0900  -28.8  988.7    1.6  168.0   73.0  444.0
2018 184  7  3 1200  -29.1  993.3    8.7  159.0   73.0  444.0
2018 184  7  3 1500  -32.0  995.5    3.4  205.0   71.3  444.0
2018 184  7  3 1800  -30.7  995.4    2.3  297.0   73.0  444.0
2018 184  7  3 2100  -29.3  995.7    4.2  288.0   73.9  444.0
2018 185  7  4 0000  -28.0  996.1    2.9  286.0   75.0  444.0
2018 185  7  4 0300  -27.8  996.0    4.6  315.0   75.0  444.0
2018 185  7  4 0600  -31.9  996.0    3.3  347.0   72.0  444.0
2018 185  7  4 0900  -30.9  996.0    3.8  330.0   64.9  444.0
2018 185  7  4 1200  -31.5  997.1    1.1  218.0   69.0  444.0
2018 185  7  4 1500  -36.6  999.6    5.5  163.0   66.0  444.0
2018 185  7  4 1800  -37.0 1000.9    6.6  166.0   66.0  444.0
2018 185  7  4 2100  -36.1 1001.6    5.9  164.0   66.0  444.0
2018 186  7  5 0000  -36.6 1000.4    4.0  167.0   65.0  444.0
2018 186  7  5 0300  -36.9  998.8    3.8  180.0   64.0  444.0
2018 186  7  5 0600  -35.8  997.1    3.0  166.0   64.0  444.0
2018 186  7  5 0900  -34.5  995.5    1.6  116.0   66.0  444.0
2018 186  7  5 1200  -32.8  993.5    1.1  153.0   69.0  444.0
2018 186  7  5 1500  -32.0  991.3    0.3  211.0   70.0  444.0
2018 186  7  5 1800  -31.1  989.4    0.0    0.0   71.4  444.0
2018 186  7  5 2100  -30.3  987.3    0.0  269.0   72.0  444.0
2018 187  7  6 0000  -31.2  984.9    2.3  275.0   71.0  444.0
2018 187  7  6 0300  -32.8  982.7    2.4  294.0   71.2  444.0
2018 187  7  6 0600  -35.1  980.5    1.9  290.0   69.0  444.0
2018 187  7  6 0900  -39.0  978.8    2.7  326.0   65.0  444.0
2018 187  7  6 1200  -34.7  976.8    3.3  358.0   67.0  444.0
2018 187  7  6 1500  -41.4  975.5    3.1   70.0   61.0  444.0
2018 187  7  6 1800  -43.7  974.7    2.8   86.0   60.0  444.0
2018 187  7  6 2100  -44.3  975.3    0.0  153.0   59.0  444.0
2018 188  7  7 0000  -44.5  976.5    1.4  188.0   58.0  444.0
2018 188  7  7 0300  -45.6  978.0    1.7  164.0   56.0  444.0
2018 188  7  7 0600  -35.5  979.7    1.8  191.0   67.0  444.0
2018 188  7  7 0900  -33.0  981.3    0.0  212.0   69.0  444.0
2018 188  7  7 1200  -31.5  982.5    0.0  309.0   70.6  444.0
2018 188  7  7 1500  -36.9  984.1    3.7  183.0   65.0  444.0
2018 188  7  7 1800  -36.1  985.8    4.2  184.0   66.1  444.0
2018 188  7  7 2100  -39.9  986.9    4.1  188.0   63.0  444.0
2018 189  7  8 0000  -40.8  987.8    2.6  193.0   62.0  444.0
2018 189  7  8 0300  -44.3  987.8    2.4  196.0   58.5  444.0
2018 189  7  8 0600  -45.6  988.3    1.8  201.0   57.0  444.0
2018 189  7  8 0900  -42.5  987.2    0.0   23.0   65.0  444.0
2018 189  7  8 1200  -47.5  986.4    3.0  299.0   57.0  444.0
2018 189  7  8 1500  -46.6  985.2    3.0  335.0   57.1  444.0
2018 189  7  8 1800  -45.1  984.0    3.9  326.0   57.0  444.0
2018 189  7  8 2100  -46.3  983.2    3.0  315.0   55.8  444.0
2018 190  7  9 0000  -50.6  981.7    1.8  360.0   51.0  444.0
2018 190  7  9 0300  -52.3  980.1    1.3  337.0   49.0  444.0
2018 190  7  9 0600  -54.3  978.8    0.1  347.0   49.0  444.0
2018 190  7  9 0900  -56.4  979.0    0.4  244.0   45.0  444.0
2018 190  7  9 1200  -55.6  978.9    0.0  239.0   46.0  444.0
2018 190  7  9 1500  -55.8  978.7    0.8  208.0   45.7  444.0
2018 190  7  9 1800  -56.2  978.9    2.5  184.0   45.0  444.0
2018 190  7  9 2100  -56.7  979.3    1.0  204.0   45.0  444.0
2018 191  7 10 0000  -55.6  980.2    0.0  119.0   46.0  444.0
2018 191  7 10 0300  -56.9  979.8    0.2  239.0   45.0  444.0
2018 191  7 10 0600  -56.3  980.8    0.9   42.0   44.0  444.0
2018 191  7 10 0900  -52.4  980.8    0.0    0.0   50.0  444.0
2018 191  7 10 1200  -52.8  981.0    0.1  270.0   51.2  444.0
2018 191  7 10 1500  -54.6  980.5    0.0  230.0   47.0  444.0
2018 191  7 10 1800  -49.4  980.0    0.1  249.0   52.2  444.0
2018 191  7 10 2100  -50.2  978.9    0.7  283.0   52.0  444.0
2018 192  7 11 0000  -47.5  977.8    2.7    5.0   59.0  444.0
2018 192  7 11 0300  -55.5  976.3    1.4  194.0   46.0  444.0
2018 192  7 11 0600  -52.9  973.8    0.6  249.0   54.0  444.0
2018 192  7 11 0900  -50.7  971.2    1.0  243.0   51.0  444.0
2018 192  7 11 1200  -52.7  967.7    0.3  280.0   49.0  444.0
2018 192  7 11 1500  -50.0  964.0    0.0    0.0   51.0  444.0
2018 192  7 11 1800  -40.5  959.5    5.7  293.0   62.0  444.0
2018 192  7 11 2100  -32.5  956.3    7.6  249.0   69.0  444.0
2018 193  7 12 0000  -35.1  953.6    4.5  223.0   68.0  444.0
2018 193  7 12 0300  -39.6  951.8    2.6  231.0   64.0  444.0
2018 193  7 12 0600  -38.9  951.1    3.9  217.0   64.9  444.0
2018 193  7 12 0900  -26.1  949.9   11.2  216.0   76.0  444.0
2018 193  7 12 1200  -24.2  949.6   11.5  220.0   79.0  444.0
2018 193  7 12 1500  -22.0  949.1   12.2  217.0   81.0  444.0
2018 193  7 12 1800  -20.2  949.9    9.0  210.0   83.0  444.0
2018 193  7 12 2100  -19.2  952.5    8.0  217.0   84.0  444.0
2018 194  7 13 0000  -15.3  955.7    7.1  146.0   87.0  444.0
2018 194  7 13 0300  -15.4  955.7   19.2  149.0   87.0  444.0
2018 194  7 13 0600  -24.6  961.8    7.1  133.0   79.0  444.0
2018 194  7 13 0900  -28.4  967.3   10.1  133.0   75.0  444.0
2018 194  7 13 1200  -29.0  972.2   12.1  154.0   74.0  444.0
2018 194  7 13 1500  -27.9  972.9    5.0  188.0   75.7  444.0
2018 194  7 13 1800  -22.3  969.1    4.5  232.0   82.0  444.0
2018 194  7 13 2100  -20.1  964.3    8.9  226.0   83.8  444.0
2018 195  7 14 0000  -20.0  961.0    8.0  285.0   82.0  444.0
2018 195  7 14 0300  -17.0  960.7   11.1  256.0   82.0  444.0
2018 195  7 14 0600  -19.0  959.7    4.0  231.0   81.0  444.0
2018 195  7 14 0900  -17.7  963.3    2.6  295.0   82.0  444.0
2018 195  7 14 1200  -14.8  968.3   13.6  139.0   87.0  444.0
2018 195  7 14 1500  -16.4  972.1   15.2  152.0   86.2  444.0
2018 195  7 14 1800  -17.9  974.3   14.4  153.0   84.9  444.0
2018 195  7 14 2100  -19.6  976.2   13.3  166.0   84.0  444.0
2018 196  7 15 0000  -20.9  977.2   13.6  154.0   82.2  444.0
2018 196  7 15 0300  -20.9  979.8   12.4  141.0   82.0  444.0
2018 196  7 15 0600  -21.4  982.3    9.7  152.0   81.8  444.0
2018 196  7 15 0900  -21.0  982.5    6.6  178.0   82.0  444.0
2018 196  7 15 1200  -26.8  981.0    3.7  200.0   75.0  444.0
2018 196  7 15 1500  -22.3  978.5   10.1  230.0   80.0  444.0
2018 196  7 15 1800  -24.8  977.0    6.6  275.0   77.6  444.0
2018 196  7 15 2100  -23.6  975.0    6.2  253.0   75.0  444.0
2018 197  7 16 0000  -30.7  974.1    2.2  197.0   75.0  444.0
2018 197  7 16 0300  -29.8  973.0    2.4  240.0   74.0  444.0
2018 197  7 16 0600  -29.9  971.8    3.1  322.0   76.0  444.0
2018 197  7 16 0900  -33.2  972.1    3.6  179.0   73.2  444.0
2018 197  7 16 1200  -29.7  972.5    4.8  207.0   76.0  444.0
2018 197  7 16 1500  -28.9  972.2    6.0  202.0   74.0  444.0
2018 197  7 16 1800  -32.8  972.1    3.2  196.0   71.5  444.0
2018 197  7 16 2100  -24.0  970.1    1.5  302.0   79.7  444.0
2018 198  7 17 0000  -25.3  970.3    2.4  230.0   78.1  444.0
2018 198  7 17 0300  -24.4  969.2   18.9  226.0   79.0  444.0
2018 198  7 17 0600  -23.0  967.7   14.8  218.0   80.0  444.0
2018 198  7 17 0900  -27.7  969.8    6.1  232.0   77.0  444.0
2018 198  7 17 1200  -28.0  969.8    5.0  207.0   75.0  444.0
2018 198  7 17 1500  -32.8  970.7    2.9  210.0   72.0  444.0
2018 198  7 17 1800  -33.9  972.3    3.5  231.0   72.0  444.0
2018 198  7 17 2100  -30.2  972.7    4.4  216.0   74.0  444.0
2018 199  7 18 0000  -29.0  973.0    4.1  224.0   76.0  444.0
2018 199  7 18 0300  -28.3  975.0    1.0  114.0   74.5  444.0
2018 199  7 18 0600  -24.1  975.6    6.1  236.0   79.0  444.0
2018 199  7 18 0900  -23.6  975.1    6.0  250.0   79.2  444.0
2018 199  7 18 1200  -24.4  973.6    3.8  201.0   77.0  444.0
2018 199  7 18 1500  -25.0  971.2    5.3  228.0   76.0  444.0
2018 199  7 18 1800  -23.5  967.8    6.5  238.0   75.0  444.0
2018 199  7 18 2100  -23.9  962.8   10.0  247.0   77.0  444.0
2018 200  7 19 0000  -22.4  958.8    9.4  241.0   70.0  444.0
2018 200  7 19 0300  -31.6  956.2    2.9  198.0   69.7  444.0
2018 200  7 19 0600  -28.1  954.7    2.3  226.0   66.1  444.0
2018 200  7 19 0900  -31.9  954.0    2.7  248.0   63.0  444.0
2018 200  7 19 1200  -28.5  954.6    3.1  216.0   75.0  444.0
2018 200  7 19 1500  -17.9  955.5    5.8  242.0   68.0  444.0
2018 200  7 19 1800  -14.8  957.1   18.7  145.0   86.7  444.0
2018 200  7 19 2100  -21.6  963.1   15.2  154.0   81.0  444.0
2018 201  7 20 0000  -24.6  969.1   11.7  153.0   79.0  444.0
2018 201  7 20 0300  -23.6  971.9   12.9  165.0   80.0  444.0
2018 201  7 20 0600  -21.4  973.4   11.6  175.0   81.4  444.0
2018 201  7 20 0900  -24.4  974.5    7.6  181.0   79.0  444.0
2018 201  7 20 1200  -24.6  973.5    4.3  197.0   77.0  444.0
2018 201  7 20 1500  -27.1  972.5    1.3  224.0   75.0  444.0
2018 201  7 20 1800  -30.9  971.5    3.3  273.0   74.0  444.0
2018 201  7 20 2100  -29.3  970.9    3.6  202.0   72.0  444.0
2018 202  7 21 0000  -21.3  971.6    6.1  187.0   66.0  444.0
2018 202  7 21 0300  -18.8  971.6   10.3  163.0   75.0  444.0
2018 202  7 21 0600  -21.3  972.0    7.6  197.0   76.0  444.0
2018 202  7 21 0900  -19.7  972.1    7.7  189.0   76.6  444.0
2018 202  7 21 1200  -20.4  970.7    6.6  188.0   75.1  444.0
2018 202  7 21 1500  -19.5  969.8    4.1  185.0   63.0  444.0
2018 202  7 21 1800  -21.9  969.2    3.0  188.0   67.0  444.0
2018 202  7 21 2100  -21.2  968.4    4.5  226.0   64.0  444.0
2018 203  7 22 0000  -20.9  967.7    6.1  231.0   61.0  444.0
2018 203  7 22 0300  -22.3  967.0    5.8  218.0   54.0  444.0
2018 203  7 22 0600  -20.2  965.8    0.9  216.0   38.0  444.0
2018 203  7 22 0900  -24.8  964.4    5.7  286.0   52.0  444.0
2018 203  7 22 1200  -26.8  963.1    2.6   10.0   64.0  444.0
2018 203  7 22 1500  -24.0  965.2    5.0  214.0   64.2  444.0
2018 203  7 22 1800  -17.6  967.2   10.2  170.0   77.0  444.0
2018 203  7 22 2100  -18.6  971.2   10.3  155.0   74.0  444.0
2018 204  7 23 0000  -18.5  974.4    7.2  189.0   77.0  444.0
2018 204  7 23 0300  -19.2  977.3    7.3  184.0   77.0  444.0
2018 204  7 23 0600  -21.1  979.2    5.3  205.0   73.0  444.0
2018 204  7 23 0900  -23.0  980.5    3.4  234.0   64.0  444.0
2018 204  7 23 1200  -20.5  980.9    6.3  251.0   57.0  444.0
2018 204  7 23 1500  -28.5  980.7    3.1  242.0   67.0  444.0
2018 204  7 23 1800  -28.6  980.3    5.1  212.0   73.8  444.0
2018 204  7 23 2100  -30.3  979.7    3.5  251.0   79.0  444.0
2018 205  7 24 0000  -28.1  976.6    1.9  253.0   77.0  444.0
2018 205  7 24 0300  -32.1  975.6    3.9  196.0   69.0  444.0
2018 205  7 24 0600  -35.7  975.0    3.3  210.0   78.0  444.0
2018 205  7 24 0900  -33.3  975.8    4.2  226.0   71.0  444.0
2018 205  7 24 1200  -40.7  978.2    2.5  202.0   62.0  444.0
2018 205  7 24 1500  -27.8  978.6    8.6  225.0   77.0  444.0
2018 205  7 24 1800  -23.3  980.3    8.0  182.0   78.0  444.0
2018 205  7 24 2100  -30.4  983.7    6.9  197.0   65.0  444.0
2018 206  7 25 0000  -34.5  983.8    3.3  209.0   61.0  444.0
2018 206  7 25 0300  -36.0  981.7    3.4  308.0   60.0  444.0
2018 206  7 25 0600  -27.7  977.9    8.0  310.0   50.2  444.0
2018 206  7 25 0900  -18.3  973.6   13.8  225.0   80.0  444.0
2018 206  7 25 1200  -22.9  973.5    7.7  217.0   71.0  444.0
2018 206  7 25 1500  -36.8  975.8    5.3  196.0   65.7  444.0
2018 206  7 25 1800  -36.6  975.4    5.0  158.0   61.0  444.0
2018 206  7 25 2100  -36.0  980.0    4.8  176.0   59.5  444.0
2018 207  7 26 0000  -31.0  979.8    5.5  219.0   59.0  444.0
2018 207  7 26 0300  -23.5  979.0    3.6  234.0   60.6  444.0
2018 207  7 26 0600  -20.9  982.2    7.6  173.0   66.0  444.0
2018 207  7 26 0900  -21.6  985.1    8.3  191.0   69.0  444.0
2018 207  7 26 1200  -25.3  987.0    5.5  208.0   64.0  444.0
2018 207  7 26 1500  -28.1  987.5    2.6  250.0   64.0  444.0
2018 207  7 26 1800  -22.8  986.6    1.6  308.0   47.0  444.0
2018 207  7 26 2100  -30.4  986.6    2.4  177.0   67.0  444.0
2018 208  7 27 0000  -34.0  986.1    2.2  257.0   70.0  444.0
2018 208  7 27 0300  -32.9  983.5    2.2  358.0   71.3  444.0
2018 208  7 27 0600  -35.4  982.2    2.4  330.0   73.0  444.0
2018 208  7 27 0900  -36.7  981.0    0.6  321.0   67.0  444.0
2018 208  7 27 1200  -37.8  977.7    1.0   22.0   69.0  444.0
2018 208  7 27 1500  -34.9  977.1    2.0  141.0   68.9  444.0
2018 208  7 27 1800  -39.0  978.6    4.0  192.0   64.0  444.0
2018 208  7 27 2100  -39.2  978.5    0.4  184.0   66.0  444.0
2018 209  7 28 0000  -37.1  979.6    2.6  242.0   68.0  444.0
2018 209  7 28 0300  -40.0  977.8    2.6  359.0   67.4  444.0
2018 209  7 28 0600  -31.8  977.5    4.5  309.0   74.0  444.0
2018 209  7 28 0900  -38.8  980.4    5.0  162.0   64.0  444.0
2018 209  7 28 1200  -38.8  984.3    4.8  142.0   64.0  444.0
2018 209  7 28 1500  -39.3  988.7    3.7  200.0   63.0  444.0
2018 209  7 28 1800  -39.1  989.7    2.5  207.0   64.9  444.0
2018 209  7 28 2100  -36.8  991.0    4.1  253.0   68.0  444.0
2018 210  7 29 0000  -34.8  991.8    3.9  229.0   68.9  444.0
2018 210  7 29 0300  -29.8  992.2    1.4  358.0   65.0  444.0
2018 210  7 29 0600  -34.0  993.3    2.4  214.0   62.7  444.0
2018 210  7 29 0900  -30.9  993.2    3.7  160.0   62.1  444.0
2018 210  7 29 1200  -34.4  993.0    2.9  203.0   66.0  444.0
2018 210  7 29 1500  -38.7  992.5    2.1  245.0   70.0  444.0
2018 210  7 29 1800  -34.2  992.6    1.3  158.0   72.0  444.0
2018 210  7 29 2100  -40.6  993.3    1.2  179.0   63.5  444.0
2018 211  7 30 0000  -43.1  994.1    2.0  212.0   59.0  444.0
2018 211  7 30 0300  -44.7  994.6    2.2  192.0   60.0  444.0
2018 211  7 30 0600  -46.6  995.0    1.9  204.0   56.0  444.0
2018 211  7 30 0900  -47.2  996.2    1.8  212.0   55.6  444.0
2018 211  7 30 1200  -47.9  996.8    1.8  195.0   55.0  444.0
2018 211  7 30 1500  -47.3  997.1    0.6  106.0   55.8  444.0
2018 211  7 30 1800  -45.0  997.3    0.4  219.0   59.0  444.0
2018 211  7 30 2100  -46.7  998.2    0.6  246.0   58.0  444.0
2018 212  7 31 0000  -49.1  999.1    0.9  203.0   54.0  444.0
2018 212  7 31 0300  -48.9  999.3    1.2  257.0   56.8  444.0
2018 212  7 31 0600  -47.4  999.3    3.2  280.0   56.0  444.0
2018 212  7 31 0900  -48.2  999.8    1.4  307.0   55.0  444.0
2018 212  7 31 1200  -48.9  999.9    2.0  348.0   53.0  444.0
2018 212  7 31 1500  -49.2  999.6    1.3  348.0   52.0  444.0
2018 212  7 31 1800  -47.7  998.5    1.9   31.0   53.0  444.0
2018 212  7 31 2100  -49.7  998.5    1.5  343.0   51.0  444.0
