Year: 2018  Month: 05  ID: ELN  ARGOS: 21357  Name: Elaine              
Lat: 83.10S  Lon: 174.30E  Elev:   62m
2018 121  5  1 0000  -20.9  976.3    2.6  212.0   78.0  444.0
2018 121  5  1 0300  -19.5  976.5    6.1  174.0   81.0  444.0
2018 121  5  1 0600  -21.9  976.5    6.3  190.0   81.0  444.0
2018 121  5  1 0900  -22.5  976.5    7.2  176.0   75.0  444.0
2018 121  5  1 1200  -29.1  976.1    0.4   82.0   73.0  444.0
2018 121  5  1 1500  -29.6  975.2    0.0    0.0   73.0  444.0
2018 121  5  1 1800  -30.0  974.3    0.6  216.0   74.0  444.0
2018 121  5  1 2100  -29.5  973.4    4.3  196.0   74.3  444.0
2018 122  5  2 0000  -32.7  972.3    2.6  174.0   73.0  444.0
2018 122  5  2 0300  -34.7  971.4    2.6  202.0   72.0  444.0
2018 122  5  2 0600  -35.2  970.6    3.3  183.0   70.0  444.0
2018 122  5  2 0900  -32.8  970.2    4.2  198.0   71.9  444.0
2018 122  5  2 1200  -32.8  969.8    4.2  195.0   72.0  444.0
2018 122  5  2 1500  -32.6  968.9    3.7  246.0   70.0  444.0
2018 122  5  2 1800  -27.6  967.8    7.0  242.0   66.6  444.0
2018 122  5  2 2100  -27.6  968.3    4.4  186.0   67.0  444.0
2018 123  5  3 0000  -26.0  969.2    5.2  185.0   68.3  444.0
2018 123  5  3 0300  -23.4  970.2    8.3  153.0   72.0  444.0
2018 123  5  3 0600  -23.8  971.3    6.7  204.0   70.0  444.0
2018 123  5  3 0900  -22.4  971.6    6.6  221.0   70.0  444.0
2018 123  5  3 1200  -21.9  972.7    2.9  204.0   51.0  444.0
2018 123  5  3 1500  -22.8  973.9    8.3  132.0   76.0  444.0
2018 123  5  3 1800  -22.6  975.0    7.1  194.0   78.2  444.0
2018 123  5  3 2100  -21.1  975.7   12.2  160.0   80.0  444.0
2018 124  5  4 0000  -26.6  977.3    9.1  153.0   76.0  444.0
2018 124  5  4 0300  -28.3  978.5    6.8  153.0   74.0  444.0
2018 124  5  4 0600  -28.8  979.4    1.0  182.0   75.3  444.0
2018 124  5  4 0900  -27.1  979.3    4.2  210.0   77.0  444.0
2018 124  5  4 1200  -24.1  980.1    6.8  172.0   74.0  444.0
2018 124  5  4 1500  -26.9  980.1    2.0  177.0   75.0  444.0
2018 124  5  4 1800  -28.5  980.7    0.0    0.0   77.0  444.0
2018 124  5  4 2100  -34.1  981.5    1.6  226.0   70.7  444.0
2018 125  5  5 0000  -37.1  982.3    1.4  217.0   68.0  444.0
2018 125  5  5 0300  -37.0  982.4    2.3  181.0   74.0  444.0
2018 125  5  5 0600  -36.5  982.6    1.0  217.0   68.0  444.0
2018 125  5  5 0900  -38.6  982.8    0.0    0.0   66.9  444.0
2018 125  5  5 1200  -36.0  983.2    0.2   38.0   72.0  444.0
2018 125  5  5 1500  -38.3  982.4    0.8  346.0   63.0  444.0
2018 125  5  5 1800  -41.8  982.2    0.3  177.0   67.2  444.0
2018 125  5  5 2100  -45.0  981.4    0.3  360.0   60.0  444.0
2018 126  5  6 0000  -42.9  980.1    0.0  263.0   62.0  444.0
2018 126  5  6 0300  -44.3  978.8    1.0  315.0   59.0  444.0
2018 126  5  6 0600  -44.8  977.3    1.0  333.0   60.0  444.0
2018 126  5  6 0900  -44.1  976.0    0.1  335.0   59.0  444.0
2018 126  5  6 1200  -45.8  974.7    0.9  351.0   57.0  444.0
2018 126  5  6 1500  -47.9  975.5    1.4  196.0   54.0  444.0
2018 126  5  6 1800  -48.0  976.1    1.5  124.0   54.0  444.0
2018 126  5  6 2100  -46.8  977.3    6.8  150.0   55.0  444.0
2018 127  5  7 0000  -48.6  978.5    3.0  181.0   53.0  444.0
2018 127  5  7 0300  -48.6  978.0    1.2  161.0   53.0  444.0
2018 127  5  7 0600  -50.3  977.8    0.0    0.0   51.0  444.0
2018 127  5  7 0900  -51.3  977.9    1.2  214.0   50.0  444.0
2018 127  5  7 1200  -49.0  978.5    1.0  131.0   53.0  444.0
2018 127  5  7 1500  -50.7  980.3    0.4  199.0   51.0  444.0
2018 127  5  7 1800  -47.7  982.4    0.0    0.0   53.5  444.0
2018 127  5  7 2100  -44.3  983.4    1.2  240.0   57.0  444.0
2018 128  5  8 0000  -43.9  982.7    3.4  286.0   57.5  444.0
2018 128  5  8 0300  -41.4  982.1    1.9  317.0   61.0  444.0
2018 128  5  8 0600  -44.8  981.2    2.1  267.0   57.0  444.0
2018 128  5  8 0900  -31.0  979.2    0.3  337.0   73.0  444.0
2018 128  5  8 1200  -34.9  978.2    2.9  299.0   66.0  444.0
2018 128  5  8 1500  -43.6  978.3    2.2  183.0   59.0  444.0
2018 128  5  8 1800  -42.8  979.8    5.0  150.0   60.0  444.0
2018 128  5  8 2100  -44.5  981.4    2.9  181.0   58.1  444.0
2018 129  5  9 0000  -42.7  981.9    2.3  204.0   60.0  444.0
2018 129  5  9 0300  -42.3  982.2    0.0  246.0   61.1  444.0
2018 129  5  9 0600  -46.9  982.6    3.3  171.0   55.3  444.0
2018 129  5  9 0900  -47.0  981.9    2.0  190.0   55.0  444.0
2018 129  5  9 1200  -47.5  980.5    1.6  178.0   55.0  444.0
2018 129  5  9 1500  -48.9  977.8    0.3  277.0   57.6  444.0
2018 129  5  9 1800  -50.4  975.4    2.0   20.0   51.0  444.0
2018 129  5  9 2100  -50.3  973.8    1.6    3.0   53.5  444.0
2018 130  5 10 0000  -51.2  972.9    0.0    0.0   51.0  444.0
2018 130  5 10 0300  -51.7  971.2    1.5  266.0   50.0  444.0
2018 130  5 10 0600  -51.0  968.3    1.4  318.0   50.0  444.0
2018 130  5 10 0900  -50.6  966.4    2.0  294.0   50.6  444.0
2018 130  5 10 1200  -46.3  964.1    4.5  284.0   55.0  444.0
2018 130  5 10 1500  -41.5  963.0    0.7  291.0   61.0  444.0
2018 130  5 10 1800  -27.1  962.5    0.8  280.0   73.0  444.0
2018 130  5 10 2100  -19.1  962.2   11.8  181.0   84.0  444.0
2018 131  5 11 0000  -22.0  963.1   17.3  159.0   81.3  444.0
2018 131  5 11 0300  -25.4  964.6   13.4  166.0   78.0  444.0
2018 131  5 11 0600  -29.1  966.6    5.1  164.0   74.0  444.0
2018 131  5 11 0900  -20.4  964.2    5.6  194.0   83.0  444.0
2018 131  5 11 1200  -16.4  961.6    4.9  216.0   76.8  444.0
2018 131  5 11 1500  -13.3  960.3    9.1  213.0   70.0  444.0
2018 131  5 11 1800   -8.4  958.6   21.9  148.0   92.0  444.0
2018 131  5 11 2100   -8.0  956.3   26.8  145.0   93.0  444.0
2018 132  5 12 0000   -9.1  959.1   23.8  148.0   92.0  444.0
2018 132  5 12 0300   -9.0  958.9   24.6  150.0   92.0  444.0
2018 132  5 12 0600   -9.3  960.8   21.1  140.0   92.0  444.0
2018 132  5 12 0900   -9.3  963.4   18.7  148.0   92.0  444.0
2018 132  5 12 1200   -9.3  965.0   17.7  147.0   92.0  444.0
2018 132  5 12 1500   -9.9  965.5   18.3  154.0   91.3  444.0
2018 132  5 12 1800   -9.5  965.3   24.0  148.0   91.6  444.0
2018 132  5 12 2100  -11.0  967.0   21.6  141.0   90.0  444.0
2018 133  5 13 0000  -13.2  968.9   18.9  146.0   88.0  444.0
2018 133  5 13 0300  -14.4  970.8   16.6  145.0   87.2  444.0
2018 133  5 13 0600  -14.2  972.7   13.7  132.0   84.0  444.0
2018 133  5 13 0900  -12.1  973.2   14.9  136.0   74.0  444.0
2018 133  5 13 1200  -13.4  974.7   10.5  171.0   75.0  444.0
2018 133  5 13 1500  -13.9  974.2   11.1  170.0   65.0  444.0
2018 133  5 13 1800  -14.2  973.7   10.7  167.0   68.0  444.0
2018 133  5 13 2100  -12.8  973.0    8.7  182.0   68.6  444.0
2018 134  5 14 0000  -11.3  972.3    7.4  174.0   69.0  444.0
2018 134  5 14 0300  -10.4  971.1    8.0  176.0   68.0  444.0
2018 134  5 14 0600   -9.8  969.6    9.6  178.0   63.0  444.0
2018 134  5 14 0900  -10.6  968.8   11.3  180.0   77.0  444.0
2018 134  5 14 1200  -11.0  969.2   10.1  167.0   70.0  444.0
2018 134  5 14 1500  -11.4  969.9    6.9  196.0   68.0  444.0
2018 134  5 14 1800  -11.3  970.0    9.1  178.0   76.0  444.0
2018 134  5 14 2100  -11.7  970.7    9.9  166.0   71.2  444.0
2018 135  5 15 0000  -12.8  972.7   10.2  151.0   76.0  444.0
2018 135  5 15 0300  -14.2  974.2   11.0  146.0   79.0  444.0
2018 135  5 15 0600  -16.1  977.0   10.8  169.0   77.0  444.0
2018 135  5 15 0900  -18.2  979.2    8.1  152.0   73.0  444.0
2018 135  5 15 1200  -19.5  982.6   10.6  143.0   69.6  444.0
2018 135  5 15 1500  -24.1  986.4    9.3  146.0   67.0  444.0
2018 135  5 15 1800  -27.0  988.9   12.2  156.0   75.4  444.0
2018 135  5 15 2100  -25.2  991.6   11.1  165.0   78.0  444.0
2018 136  5 16 0000  -21.5  991.7    8.0  174.0   81.4  444.0
2018 136  5 16 0300  -21.2  988.5    3.9  208.0   82.0  444.0
2018 136  5 16 0600  -18.1  985.1    9.7  229.0   80.0  444.0
2018 136  5 16 0900  -18.2  980.2   13.8  230.0   85.0  444.0
2018 136  5 16 1200  -15.4  977.8   11.1  236.0   80.0  444.0
2018 136  5 16 1500  -13.8  975.9    6.2  241.0   74.0  444.0
2018 136  5 16 1800  -14.3  976.0    4.4  182.0   72.0  444.0
2018 136  5 16 2100  -13.0  976.7    6.5  191.0   88.3  444.0
2018 137  5 17 0000  -13.3  977.8   11.7  146.0   88.0  444.0
2018 137  5 17 0300  -22.9  981.4   13.4  152.0   80.0  444.0
2018 137  5 17 0600  -25.8  985.6   14.1  158.0   77.8  444.0
2018 137  5 17 0900  -26.6  989.1   14.2  157.0   77.0  444.0
2018 137  5 17 1200  -26.2  991.8   15.7  155.0   77.0  444.0
2018 137  5 17 1500  -25.4  994.0   13.8  152.0   78.0  444.0
2018 137  5 17 1800  -25.0  996.7   10.9  158.0   79.0  444.0
2018 137  5 17 2100  -25.8  998.7    7.6  159.0   78.0  444.0
2018 138  5 18 0000  -28.2  999.3    4.8  171.0   76.0  444.0
2018 138  5 18 0300  -31.9  998.0    2.6  177.0   72.0  444.0
2018 138  5 18 0600  -34.0  997.1    0.3  271.0   72.0  444.0
2018 138  5 18 0900  -36.3  995.0    0.6  283.0   68.0  444.0
2018 138  5 18 1200  -37.5  992.9    3.8  332.0   66.0  444.0
2018 138  5 18 1500  -38.1  990.6    3.6  343.0   65.0  444.0
2018 138  5 18 1800  -36.0  990.3    0.1  158.0   68.0  444.0
2018 138  5 18 2100  -41.2  990.2    3.8  168.0   62.0  444.0
2018 139  5 19 0000  -40.8  990.5    2.4  154.0   62.0  444.0
2018 139  5 19 0300  -38.0  990.0    3.1  165.0   64.8  444.0
2018 139  5 19 0600  -35.7  989.7    4.4  170.0   67.0  444.0
2018 139  5 19 0900  -37.0  989.9    3.2  179.0   66.0  444.0
2018 139  5 19 1200  -36.0  989.7    2.3  188.0   67.0  444.0
2018 139  5 19 1500  -36.7  988.3    1.3  216.0   67.0  444.0
2018 139  5 19 1800  -38.6  986.1    1.7  278.0   65.0  444.0
2018 139  5 19 2100  -34.0  984.5    1.6  222.0   70.0  444.0
2018 140  5 20 0000  -33.7  983.7    2.3  239.0   70.0  444.0
2018 140  5 20 0300  -32.3  982.2    2.5  240.0   72.0  444.0
2018 140  5 20 0600  -25.3  981.6    5.0  234.0   78.5  444.0
2018 140  5 20 0900  -27.4  981.6    1.1  257.0   77.0  444.0
2018 140  5 20 1200  -25.0  982.0    6.8  253.0   78.9  444.0
2018 140  5 20 1500  -21.0  983.1    8.9  233.0   80.0  444.0
2018 140  5 20 1800  -20.0  986.2   12.1  146.0   82.6  444.0
2018 140  5 20 2100  -21.4  988.2    9.8  150.0   81.0  444.0
2018 141  5 21 0000  -23.2  990.2    6.4  198.0   82.0  444.0
2018 141  5 21 0300  -24.4  991.5    4.9  207.0   79.0  444.0
2018 141  5 21 0600  -25.5  992.9    3.6  184.0   78.0  444.0
2018 141  5 21 0900  -27.0  994.6    4.2  190.0   76.0  444.0
2018 141  5 21 1200  -31.0  997.6    3.4  228.0   74.0  444.0
2018 141  5 21 1500  -31.4 1000.5    3.3  172.0   70.3  444.0
2018 141  5 21 1800  -35.5 1003.3    3.3  181.0   67.0  444.0
2018 141  5 21 2100  -37.7 1004.8    3.6  190.0   67.8  444.0
2018 142  5 22 0000  -40.0 1005.8    2.9  199.0   64.0  444.0
2018 142  5 22 0300  -39.0 1005.7    2.5  129.0   71.0  444.0
2018 142  5 22 0600  -39.1 1006.0    0.4  150.0   67.0  444.0
2018 142  5 22 0900  -42.3 1005.4    2.5  170.0   65.0  444.0
2018 142  5 22 1200  -45.8 1004.5    1.9  187.0   57.0  444.0
2018 142  5 22 1500  -46.2 1003.8    1.6  211.0   57.0  444.0
2018 142  5 22 1800  -45.1 1002.4    2.7  188.0   57.0  444.0
2018 142  5 22 2100  -45.6 1000.4    2.7  181.0   57.0  444.0
2018 143  5 23 0000  -44.5  998.3    1.2  166.0   61.0  444.0
2018 143  5 23 0300  -41.7  994.9    2.6  244.0   60.0  444.0
2018 143  5 23 0600  -41.5  991.0    1.7  265.0   61.0  444.0
2018 143  5 23 0900  -40.0  987.6    3.5  276.0   62.5  444.0
2018 143  5 23 1200  -40.0  984.5    4.7  295.0   62.0  444.0
2018 143  5 23 1500  -35.2  981.6    3.5  295.0   70.0  444.0
2018 143  5 23 1800  -32.9  979.1    1.1  279.0   71.0  444.0
2018 143  5 23 2100  -31.3  977.5    6.0  290.0   70.0  444.0
2018 144  5 24 0000  -32.5  975.6    4.0  301.0   70.0  444.0
2018 144  5 24 0300  -27.5  974.2    5.6  266.0   69.0  444.0
2018 144  5 24 0600  -27.5  974.3    0.6  154.0   73.0  444.0
2018 144  5 24 0900  -27.8  974.8    3.0  209.0   72.0  444.0
2018 144  5 24 1200  -17.3  974.6   10.9  174.0   85.2  444.0
2018 144  5 24 1500  -19.3  974.8   12.0  169.0   83.0  444.0
2018 144  5 24 1800  -21.3  974.8    8.7  165.0   81.0  444.0
2018 144  5 24 2100  -17.8  972.9   10.9  170.0   85.0  444.0
2018 145  5 25 0000  -16.8  972.7   12.4  165.0   86.0  444.0
2018 145  5 25 0300  -16.4  972.7    7.9  187.0   83.0  444.0
2018 145  5 25 0600  -18.4  971.2    4.1  215.0   75.6  444.0
2018 145  5 25 0900  -20.6  970.3    2.9  131.0   51.0  444.0
2018 145  5 25 1200  -24.3  970.0    3.8  305.0   60.0  444.0
2018 145  5 25 1500  -25.4  970.1    4.0  148.0   64.0  444.0
2018 145  5 25 1800  -27.3  970.7    1.8  226.0   67.9  444.0
2018 145  5 25 2100  -21.9  971.2    0.6  211.0   59.0  444.0
2018 146  5 26 0000  -29.6  971.8    5.8  338.0   70.0  444.0
2018 146  5 26 0300  -29.3  972.7    2.4  271.0   71.0  444.0
2018 146  5 26 0600  -26.0  974.2    1.9  231.0   68.0  444.0
2018 146  5 26 0900  -26.5  976.6    2.4  243.0   63.0  444.0
2018 146  5 26 1200  -31.0  979.1    3.1  200.0   65.0  444.0
2018 146  5 26 1500  -35.9  982.3    6.1  178.0   67.0  444.0
2018 146  5 26 1800  -30.9  985.4    6.9  164.0   68.0  444.0
2018 146  5 26 2100  -32.8  988.3    5.4  177.0   69.0  444.0
2018 147  5 27 0000  -31.6  990.3    5.7  165.0   65.0  444.0
2018 147  5 27 0300  -32.6  992.0    3.2  174.0   61.0  444.0
2018 147  5 27 0600  -35.0  993.0    2.5  202.0   59.0  444.0
2018 147  5 27 0900  -33.9  993.8    1.8  252.0   58.0  444.0
2018 147  5 27 1200  -34.1  994.4    2.7  221.0   50.0  444.0
2018 147  5 27 1500  -36.8  994.7    2.7  235.0   54.0  444.0
2018 147  5 27 1800  -37.3  994.3    2.7  258.0   57.0  444.0
2018 147  5 27 2100  -35.9  994.3    3.8  250.0   55.0  444.0
2018 148  5 28 0000  -38.8  993.8    2.4  252.0   56.7  444.0
2018 148  5 28 0300  -39.1  993.7    2.7  217.0   56.0  444.0
2018 148  5 28 0600  -42.3  993.5    2.5  249.0   63.0  444.0
2018 148  5 28 0900  -44.4  993.1    0.2  176.0   59.0  444.0
2018 148  5 28 1200  -40.5  992.9    2.4  146.0   62.0  444.0
2018 148  5 28 1500  -41.8  991.1    0.0    0.0   65.0  444.0
2018 148  5 28 1800  -40.6  989.7    2.7  346.0   67.0  444.0
2018 148  5 28 2100  -41.8  987.0    2.2  294.0   66.0  444.0
2018 149  5 29 0000  -43.8  985.4    2.0  336.0   59.0  444.0
2018 149  5 29 0300  -45.8  983.0    1.6  327.0   56.0  444.0
2018 149  5 29 0600  -44.9  980.6    3.4  334.0   58.0  444.0
2018 149  5 29 0900  -42.3  978.4    2.7  336.0   63.0  444.0
2018 149  5 29 1200  -38.0  976.9    4.7  336.0   59.0  444.0
2018 149  5 29 1500  -41.8  977.6    2.1  187.0   60.0  444.0
2018 149  5 29 1800  -43.8  980.5    5.6  177.0   57.8  444.0
2018 149  5 29 2100  -43.5  983.4    4.6  190.0   58.0  444.0
2018 150  5 30 0000  -36.4  983.2    2.8  228.0   61.3  444.0
2018 150  5 30 0300  -33.0  984.4    6.1  158.0   60.0  444.0
2018 150  5 30 0600  -38.2  985.4    1.5  256.0   58.0  444.0
2018 150  5 30 0900  -35.6  986.2    3.2  246.0   62.0  444.0
2018 150  5 30 1200  -25.5  987.2    7.6  248.0   55.1  444.0
2018 150  5 30 1500  -30.0  988.0    1.5  247.0   59.0  444.0
2018 150  5 30 1800  -31.2  989.0    1.6  305.0   60.0  444.0
2018 150  5 30 2100  -25.3  989.7    5.1  183.0   49.8  444.0
2018 151  5 31 0000  -28.3  991.0    1.2   70.0   52.0  444.0
2018 151  5 31 0300  -28.8  992.3    0.8  166.0   60.7  444.0
2018 151  5 31 0600  -25.2  993.5    1.7  198.0   53.0  444.0
2018 151  5 31 0900  -25.9  993.5    2.6  234.0   63.8  444.0
2018 151  5 31 1200  -26.6  993.8    4.4  237.0   72.0  444.0
2018 151  5 31 1500  -28.6  994.4    4.4  186.0   58.5  444.0
2018 151  5 31 1800  -30.4  994.3    5.3  182.0   57.0  444.0
2018 151  5 31 2100  -33.5  994.7    3.9  193.0   63.0  444.0
