Year: 2018  Month: 04  ID: ELN  ARGOS: 21357  Name: Elaine              
Lat: 83.10S  Lon: 174.30E  Elev:   62m
2018  91  4  1 0000  -22.5  994.8    3.9  198.0   75.0  444.0
2018  91  4  1 0300  -22.8  993.9    2.3  196.0   77.1  444.0
2018  91  4  1 0600  -27.3  993.9    2.9  207.0   75.0  444.0
2018  91  4  1 0900  -27.4  994.4    3.1  202.0   70.6  444.0
2018  91  4  1 1200  -30.6  995.4    3.3  185.0   80.0  444.0
2018  91  4  1 1500  -32.6  996.4    2.8  189.0   72.0  444.0
2018  91  4  1 1800  -27.3  996.8    1.9  194.0   77.0  444.0
2018  91  4  1 2100  -21.6  997.3    2.3  189.0   60.0  444.0
2018  92  4  2 0000  -18.2  997.7    5.6  229.0   57.0  444.0
2018  92  4  2 0300  -18.1  997.6    5.0  213.0   60.0  444.0
2018  92  4  2 0600  -17.6  997.2    8.3  219.0   51.3  444.0
2018  92  4  2 0900  -20.9  997.4    4.0  258.0   60.0  444.0
2018  92  4  2 1200  -22.4  997.4    3.1  282.0   66.0  444.0
2018  92  4  2 1500  -23.3  996.8    2.8  228.0   75.0  444.0
2018  92  4  2 1800  -24.3  996.3    2.5  222.0   70.0  444.0
2018  92  4  2 2100  -24.3  995.9    3.9  280.0   67.0  444.0
2018  93  4  3 0000  -27.6  995.6    3.1  271.0   70.0  444.0
2018  93  4  3 0300  -24.6  993.7    0.7  240.0   74.0  444.0
2018  93  4  3 0600  -24.8  993.1    2.6  276.0   72.0  444.0
2018  93  4  3 0900  -27.8  992.1    2.8  261.0   77.0  444.0
2018  93  4  3 1200  -26.1  990.8    1.9  253.0   76.0  444.0
2018  93  4  3 1500  -19.2  989.6    1.8  206.0   83.0  444.0
2018  93  4  3 1800  -18.8  988.9    1.9  223.0   84.3  444.0
2018  93  4  3 2100  -19.1  988.8    4.3  170.0   83.0  444.0
2018  94  4  4 0000  -20.5  988.6    3.6  170.0   79.0  444.0
2018  94  4  4 0300  -18.5  988.1    4.7  188.0   84.0  444.0
2018  94  4  4 0600  -19.3  987.4    6.8  181.0   77.8  444.0
2018  94  4  4 0900  -22.0  987.8    8.1  150.0   80.0  444.0
2018  94  4  4 1200  -23.7  988.1    4.6  136.0   77.0  444.0
2018  94  4  4 1500  -22.1  988.2    7.2  150.0   79.0  444.0
2018  94  4  4 1800  -20.1  988.3    8.6  164.0   79.0  444.0
2018  94  4  4 2100  -20.6  988.9    9.6  161.0   76.0  444.0
2018  95  4  5 0000  -19.7  989.2    9.0  183.0   75.0  444.0
2018  95  4  5 0300  -24.5  989.7   12.6  159.0   78.6  444.0
2018  95  4  5 0600  -23.8  990.4    9.6  169.0   78.0  444.0
2018  95  4  5 0900  -20.4  990.2    9.3  166.0   76.8  444.0
2018  95  4  5 1200  -19.9  989.4    8.1  171.0   77.0  444.0
2018  95  4  5 1500  -18.8  988.8    6.7  181.0   79.0  444.0
2018  95  4  5 1800  -15.3  987.9    9.0  150.0   79.0  444.0
2018  95  4  5 2100  -14.0  987.3    8.5  163.0   76.8  444.0
2018  96  4  6 0000  -14.1  986.5    6.4  157.0   81.3  444.0
2018  96  4  6 0300  -14.5  985.9    6.3  163.0   85.7  444.0
2018  96  4  6 0600  -13.1  985.2    7.7  161.0   88.0  444.0
2018  96  4  6 0900  -13.6  984.9    5.7  176.0   81.0  444.0
2018  96  4  6 1200  -12.7  983.8    9.0  164.0   78.8  444.0
2018  96  4  6 1500  -12.4  983.5    6.6  156.0   83.0  444.0
2018  96  4  6 1800  -10.9  983.1   11.0  161.0   84.0  444.0
2018  96  4  6 2100  -11.9  982.9   10.3  150.0   86.0  444.0
2018  97  4  7 0000  -12.4  983.2   11.7  150.0   84.9  444.0
2018  97  4  7 0300  -13.5  983.4    9.9  151.0   82.0  444.0
2018  97  4  7 0600  -16.3  984.0   13.2  154.0   80.3  444.0
2018  97  4  7 0900  -16.2  986.1   10.9  152.0   79.0  444.0
2018  97  4  7 1200  -15.5  987.5    9.6  168.0   76.0  444.0
2018  97  4  7 1500  -14.5  988.3    8.9  169.0   72.0  444.0
2018  97  4  7 1800  -15.2  988.8    6.8  162.0   68.0  444.0
2018  97  4  7 2100  -16.0  988.4    4.0  221.0   77.0  444.0
2018  98  4  8 0000  -14.2  988.1    7.8  163.0   68.0  444.0
2018  98  4  8 0300  -17.7  988.2    5.3  176.0   65.0  444.0
2018  98  4  8 0600  -18.8  988.2    4.2  153.0   67.0  444.0
2018  98  4  8 0900  -22.5  988.5    3.2  198.0   70.0  444.0
2018  98  4  8 1200  -24.3  988.4    3.5  210.0   73.0  444.0
2018  98  4  8 1500  -25.0  988.2    3.9  227.0   70.0  444.0
2018  98  4  8 1800  -18.3  988.8    3.0  190.0   53.0  444.0
2018  98  4  8 2100  -20.1  989.4    3.0  198.0   66.0  444.0
2018  99  4  9 0000  -22.3  990.0    3.6  178.0   67.0  444.0
2018  99  4  9 0300  -22.5  990.2    5.3  168.0   65.0  444.0
2018  99  4  9 0600  -26.1  990.8    4.9  182.0   70.0  444.0
2018  99  4  9 0900  -26.6  991.3    7.7  182.0   73.0  444.0
2018  99  4  9 1200  -24.6  991.8    8.1  193.0   74.0  444.0
2018  99  4  9 1500  -20.7  991.9    8.1  184.0   75.0  444.0
2018  99  4  9 1800  -20.2  992.0    9.1  183.0   76.0  444.0
2018  99  4  9 2100  -19.4  991.5    9.8  177.0   76.9  444.0
2018 100  4 10 0000  -20.7  991.6   11.9  162.0   81.0  444.0
2018 100  4 10 0300  -28.2  991.3    5.9  133.0   74.8  444.0
2018 100  4 10 0600  -21.6  989.4    8.7  166.0   81.2  444.0
2018 100  4 10 0900  -19.7  987.2   10.2  162.0   83.0  444.0
2018 100  4 10 1200  -21.7  986.7    7.7  135.0   80.0  444.0
2018 100  4 10 1500  -23.4  986.2    3.2  140.0   79.5  444.0
2018 100  4 10 1800  -18.0  985.0    9.7  175.0   82.0  444.0
2018 100  4 10 2100  -20.3  985.0    6.2  174.0   77.0  444.0
2018 101  4 11 0000  -24.7  985.1    5.2  196.0   72.0  444.0
2018 101  4 11 0300  -25.8  985.1    5.3  190.0   68.0  444.0
2018 101  4 11 0600  -27.6  985.5    4.5  189.0   63.0  444.0
2018 101  4 11 0900  -29.7  985.9    4.1  182.0   63.0  444.0
2018 101  4 11 1200  -30.4  985.8    3.8  182.0   64.0  444.0
2018 101  4 11 1500  -33.0  985.4    3.5  179.0   65.0  444.0
2018 101  4 11 1800  -31.7  985.1    2.5  198.0   59.3  444.0
2018 101  4 11 2100  -31.3  984.6    1.1  208.0   56.0  444.0
2018 102  4 12 0000  -34.1  984.1    2.6  276.0   67.4  444.0
2018 102  4 12 0300  -34.7  983.6    1.7  311.0   66.0  444.0
2018 102  4 12 0600  -32.9  982.9    0.9  263.0   63.8  444.0
2018 102  4 12 0900  -35.8  982.1    2.1  280.0   69.0  444.0
2018 102  4 12 1200  -36.4  981.6    2.2  292.0   68.9  444.0
2018 102  4 12 1500  -36.2  980.9    1.5  303.0   67.0  444.0
2018 102  4 12 1800  -34.0  980.5    2.5  343.0   73.0  444.0
2018 102  4 12 2100  -36.2  980.3    0.0    0.0   68.9  444.0
2018 103  4 13 0000  -38.7  981.4    2.8  169.0   66.0  444.0
2018 103  4 13 0300  -38.1  981.1    3.5  177.0   64.3  444.0
2018 103  4 13 0600  -39.0  980.5    4.8  162.0   64.0  444.0
2018 103  4 13 0900  -41.2  979.5    3.0  170.0   61.7  444.0
2018 103  4 13 1200  -41.9  978.3    2.3  203.0   61.0  444.0
2018 103  4 13 1500  -42.0  977.2    1.9  258.0   62.4  444.0
2018 103  4 13 1800  -39.3  975.5    4.2  270.0   63.0  444.0
2018 103  4 13 2100  -33.2  974.2    6.7  259.0   69.0  444.0
2018 104  4 14 0000  -31.8  972.3    5.5  266.0   72.0  444.0
2018 104  4 14 0300  -27.8  970.7    7.3  263.0   65.0  444.0
2018 104  4 14 0600  -24.2  969.3    9.1  247.0   76.0  444.0
2018 104  4 14 0900  -27.5  970.7    4.2  196.0   70.0  444.0
2018 104  4 14 1200  -21.5  972.1    5.1  200.0   80.0  444.0
2018 104  4 14 1500  -19.8  971.6    6.8  234.0   66.0  444.0
2018 104  4 14 1800  -21.3  971.8    5.1  271.0   64.3  444.0
2018 104  4 14 2100  -20.7  970.6    5.9  270.0   60.7  444.0
2018 105  4 15 0000  -19.1  969.7    6.2  296.0   58.0  444.0
2018 105  4 15 0300  -16.9  969.0    6.8  223.0   82.0  444.0
2018 105  4 15 0600  -15.0  969.8   10.7  175.0   87.0  444.0
2018 105  4 15 0900  -14.2  970.8    9.6  176.0   87.2  444.0
2018 105  4 15 1200  -13.2  971.9    9.1  166.0   87.0  444.0
2018 105  4 15 1500  -12.9  973.1    8.8  170.0   87.0  444.0
2018 105  4 15 1800  -12.7  974.0   15.8  148.0   89.0  444.0
2018 105  4 15 2100  -13.1  976.6   14.9  140.0   88.0  444.0
2018 106  4 16 0000  -14.0  980.3   10.9  179.0   87.6  444.0
2018 106  4 16 0300  -14.9  981.7   12.4  149.0   83.0  444.0
2018 106  4 16 0600  -14.3  984.8    8.6  170.0   71.0  444.0
2018 106  4 16 0900  -18.0  987.0    6.1  180.0   72.0  444.0
2018 106  4 16 1200  -21.5  987.8    3.0  201.0   75.6  444.0
2018 106  4 16 1500  -20.3  988.1    0.1  299.0   85.0  444.0
2018 106  4 16 1800  -26.2  987.9    2.7  316.0   80.0  444.0
2018 106  4 16 2100  -22.4  987.9    2.5  298.0   81.0  444.0
2018 107  4 17 0000  -29.7  987.6    1.2  202.0   75.1  444.0
2018 107  4 17 0300  -33.4  987.0    2.5    2.0   69.5  444.0
2018 107  4 17 0600  -33.3  985.2    0.2  188.0   70.0  444.0
2018 107  4 17 0900  -34.8  984.3    2.1  209.0   69.0  444.0
2018 107  4 17 1200  -31.7  984.5    4.9  178.0   72.0  444.0
2018 107  4 17 1500  -34.0  984.4    2.2  242.0   68.7  444.0
2018 107  4 17 1800  -34.5  983.5    0.1  184.0   70.0  444.0
2018 107  4 17 2100  -34.3  981.7    5.2  176.0   68.0  444.0
2018 108  4 18 0000  -36.4  982.4    1.3  191.0   69.0  444.0
2018 108  4 18 0300  -36.7  983.0    4.5  180.0   64.6  444.0
2018 108  4 18 0600  -40.3  985.3    4.1  195.0   63.0  444.0
2018 108  4 18 0900  -40.9  987.6    3.9  128.0   62.0  444.0
2018 108  4 18 1200  -42.8  990.5    2.2  168.0   60.0  444.0
2018 108  4 18 1500  -42.1  991.9    1.6  182.0   61.0  444.0
2018 108  4 18 1800  -41.0  993.8    1.1  225.0   63.7  444.0
2018 108  4 18 2100  -42.7  995.1    1.8  172.0   61.0  444.0
2018 109  4 19 0000  -44.2  996.3    1.0  170.0   58.0  444.0
2018 109  4 19 0300  -45.6  997.1    0.6  256.0   57.0  444.0
2018 109  4 19 0600  -41.1  997.2    0.2  211.0   61.0  444.0
2018 109  4 19 0900  -36.0  997.3    0.2  227.0   66.0  444.0
2018 109  4 19 1200  -33.5  997.5    1.5  178.0   69.0  444.0
2018 109  4 19 1500  -34.1  996.6    1.5  174.0   69.0  444.0
2018 109  4 19 1800  -36.3  995.7    0.9  209.0   67.0  444.0
2018 109  4 19 2100  -40.8  995.2    0.2  221.0   62.0  444.0
2018 110  4 20 0000  -41.1  993.9    0.7  204.0   62.0  444.0
2018 110  4 20 0300  -37.0  992.7    0.3  137.0   66.0  444.0
2018 110  4 20 0600  -42.6  992.1    1.3  209.0   61.0  444.0
2018 110  4 20 0900  -43.2  990.9    0.0    0.0   60.0  444.0
2018 110  4 20 1200  -43.5  989.7    1.3  280.0   61.0  444.0
2018 110  4 20 1500  -42.4  988.4    1.6  322.0   60.0  444.0
2018 110  4 20 1800  -41.3  987.3    2.7  286.0   61.0  444.0
2018 110  4 20 2100  -40.8  986.2    2.6  312.0   61.5  444.0
2018 111  4 21 0000  -32.0  985.6    2.9  272.0   73.0  444.0
2018 111  4 21 0300  -31.8  984.8    4.1  249.0   72.0  444.0
2018 111  4 21 0600  -31.3  983.9    4.2  266.0   73.0  444.0
2018 111  4 21 0900  -26.4  983.1    7.4  253.0   70.0  444.0
2018 111  4 21 1200  -32.6  982.0    4.3  296.0   65.0  444.0
2018 111  4 21 1500  -33.9  981.3    4.5  304.0   67.0  444.0
2018 111  4 21 1800  -36.6  980.6    3.1  327.0   67.0  444.0
2018 111  4 21 2100  -39.6  980.6    3.6  345.0   64.0  444.0
2018 112  4 22 0000  -41.3  981.5    1.7  351.0   62.0  444.0
2018 112  4 22 0300  -42.0  982.4    3.6  359.0   60.7  444.0
2018 112  4 22 0600  -43.8  984.7    1.5   90.0   59.0  444.0
2018 112  4 22 0900  -45.0  988.0    1.0  119.0   58.0  444.0
2018 112  4 22 1200  -45.2  990.7    2.4  155.0   57.0  444.0
2018 112  4 22 1500  -46.6  991.9    3.3  174.0   55.8  444.0
2018 112  4 22 1800  -45.5  993.1    0.0  210.0   57.0  444.0
2018 112  4 22 2100  -43.4  993.2    0.8  215.0   59.4  444.0
2018 113  4 23 0000  -40.6  992.5    1.2  230.0   62.0  444.0
2018 113  4 23 0300  -35.2  991.1    3.0  234.0   68.2  444.0
2018 113  4 23 0600  -31.3  990.0    4.4  191.0   72.0  444.0
2018 113  4 23 0900  -30.3  988.9    4.6  206.0   74.0  444.0
2018 113  4 23 1200  -25.5  987.2    5.9  221.0   78.0  444.0
2018 113  4 23 1500  -24.5  984.5    5.9  223.0   79.0  444.0
2018 113  4 23 1800  -22.4  981.9    6.7  222.0   78.8  444.0
2018 113  4 23 2100  -20.2  979.3    9.5  222.0   82.0  444.0
2018 114  4 24 0000  -19.1  975.3   11.8  222.0   84.0  444.0
2018 114  4 24 0300  -15.3  972.1   10.3  216.0   87.0  444.0
2018 114  4 24 0600  -12.1  970.3   10.8  159.0   89.8  444.0
2018 114  4 24 0900  -10.8  968.5   12.2  146.0   91.0  444.0
2018 114  4 24 1200   -9.4  967.6   10.7  156.0   92.0  444.0
2018 114  4 24 1500   -9.4  965.4    9.5  164.0   92.0  444.0
2018 114  4 24 1800  -10.4  961.9    7.8  233.0   91.0  444.0
2018 114  4 24 2100  -12.9  956.5   11.9  220.0   88.0  444.0
2018 115  4 25 0000   -6.5  953.8   21.2  143.0   94.0  444.0
2018 115  4 25 0300   -7.5  953.6   21.6  162.0   93.0  444.0
2018 115  4 25 0600   -8.4  956.0   16.3  142.0   93.0  444.0
2018 115  4 25 0900   -9.0  957.9   17.2  135.0   92.0  444.0
2018 115  4 25 1200   -9.2  959.1   17.1  142.0   92.1  444.0
2018 115  4 25 1500   -8.9  960.1   18.6  150.0   92.0  444.0
2018 115  4 25 1800   -9.1  962.3   18.4  144.0   92.0  444.0
2018 115  4 25 2100  -11.0  965.0   13.8  146.0   90.6  444.0
2018 116  4 26 0000  -14.4  972.2   12.2  142.0   88.2  444.0
2018 116  4 26 0300  -15.8  977.1    9.3  154.0   87.0  444.0
2018 116  4 26 0600  -18.0  980.3    8.0  162.0   85.0  444.0
2018 116  4 26 0900  -19.2  981.7    7.1  153.0   84.0  444.0
2018 116  4 26 1200  -24.2  982.2    4.7  137.0   80.0  444.0
2018 116  4 26 1500  -27.7  981.6    3.4  192.0   77.0  444.0
2018 116  4 26 1800  -28.4  980.5    2.0  230.0   77.0  444.0
2018 116  4 26 2100  -25.9  979.0    2.6  265.0   79.0  444.0
2018 117  4 27 0000  -20.3  977.6    6.4  211.0   83.0  444.0
2018 117  4 27 0300  -20.6  976.7    4.1  224.0   82.4  444.0
2018 117  4 27 0600  -19.3  976.1    7.6  222.0   84.0  444.0
2018 117  4 27 0900  -19.4  975.9    6.2  212.0   83.8  444.0
2018 117  4 27 1200  -19.6  974.9    8.9  223.0   83.0  444.0
2018 117  4 27 1500  -19.7  973.4    6.6  220.0   82.3  444.0
2018 117  4 27 1800  -20.6  972.2    6.9  234.0   81.0  444.0
2018 117  4 27 2100  -18.6  971.0    7.5  223.0   82.0  444.0
2018 118  4 28 0000  -15.8  971.1    9.8  165.0   78.0  444.0
2018 118  4 28 0300  -17.0  970.2    9.0  177.0   84.0  444.0
2018 118  4 28 0600  -18.0  969.8    7.0  179.0   80.1  444.0
2018 118  4 28 0900  -20.9  968.9    6.1  202.0   76.0  444.0
2018 118  4 28 1200  -23.0  968.1    4.5  213.0   72.0  444.0
2018 118  4 28 1500  -17.4  965.7    9.0  228.0   65.0  444.0
2018 118  4 28 1800  -19.0  966.0    4.7  190.0   66.4  444.0
2018 118  4 28 2100  -17.1  965.7    8.8  188.0   76.0  444.0
2018 119  4 29 0000  -17.7  966.0    7.3  185.0   83.1  444.0
2018 119  4 29 0300  -17.5  965.9    4.8  204.0   73.0  444.0
2018 119  4 29 0600  -16.9  966.0    3.4  156.0   52.0  444.0
2018 119  4 29 0900  -22.1  966.5    7.3  205.0   63.0  444.0
2018 119  4 29 1200  -17.9  967.4    6.3  161.0   60.0  444.0
2018 119  4 29 1500  -16.6  969.2    6.6  179.0   47.0  444.0
2018 119  4 29 1800  -20.7  971.0   10.2  173.0   76.0  444.0
2018 119  4 29 2100  -21.8  972.8    6.7  174.0   81.0  444.0
2018 120  4 30 0000  -21.7  974.0    4.1  215.0   78.0  444.0
2018 120  4 30 0300  -22.0  974.2    5.0  203.0   68.9  444.0
2018 120  4 30 0600  -21.0  974.4    4.8  200.0   59.0  444.0
2018 120  4 30 0900  -23.8  974.6    3.4  257.0   61.0  444.0
2018 120  4 30 1200  -21.7  974.6    6.2  235.0   67.0  444.0
2018 120  4 30 1500  -20.2  974.9    8.5  234.0   69.0  444.0
2018 120  4 30 1800  -21.5  975.5    3.2  226.0   70.0  444.0
2018 120  4 30 2100  -22.8  975.6    1.6  201.0   73.0  444.0
