Year: 2018  Month: 02  ID: ELZ  ARGOS: 21361  Name: Elizabeth           
Lat: 82.61S  Lon: 137.08W  Elev:  519m
2018  32  2  1 0000   -9.8  926.5    3.3  344.0   79.4  444.0
2018  32  2  1 0300   -9.7  926.5    4.1  346.0   81.0  444.0
2018  32  2  1 0600  -10.1  926.7    4.0  349.0   79.0  444.0
2018  32  2  1 0900  -10.4  927.1    4.2  356.0   75.0  444.0
2018  32  2  1 1200  -10.9  928.0    3.0  307.0   74.3  444.0
2018  32  2  1 1500  -11.5  928.2    1.9  306.0   77.0  444.0
2018  32  2  1 1800  -11.3  928.8    3.9    4.0   70.0  444.0
2018  32  2  1 2100  -11.8  928.9    4.5   33.0   74.0  444.0
2018  33  2  2 0000  -10.2  928.7    4.8   40.0   76.0  444.0
2018  33  2  2 0300  -10.8  927.6    6.2   49.0   80.0  444.0
2018  33  2  2 0600  -12.2  927.0    7.0   63.0   82.0  444.0
2018  33  2  2 0900  -13.8  927.4    3.1   56.0   83.0  444.0
2018  33  2  2 1200  -14.0  927.9    5.9  279.0   86.0  444.0
2018  33  2  2 1500  -15.1  928.8    7.4  285.0   83.0  444.0
2018  33  2  2 1800  -14.0  929.6    6.8  265.0   83.0  444.0
2018  33  2  2 2100  -14.2  930.2    5.3  285.0   77.2  444.0
2018  34  2  3 0000  -13.5  930.3    3.5  288.0   73.0  444.0
2018  34  2  3 0300  -13.2  930.0    1.6  321.0   73.0  444.0
2018  34  2  3 0600  -13.2  929.2    1.6   96.0   72.9  444.0
2018  34  2  3 0900  -13.5  928.0    3.2  106.0   79.0  444.0
2018  34  2  3 1200  -13.5  926.7    4.5  106.0   85.0  444.0
2018  34  2  3 1500  -14.5  925.7    2.2  109.0   82.0  444.0
2018  34  2  3 1800  -15.1  924.6    0.7   69.0   79.0  444.0
2018  34  2  3 2100  -15.2  923.8    3.1   32.0   76.0  444.0
2018  35  2  4 0000  -15.0  922.7    3.9   35.0   77.0  444.0
2018  35  2  4 0300  -16.2  921.0    3.5   70.0   77.0  444.0
2018  35  2  4 0600  -15.1  919.8    6.3   18.0   74.0  444.0
2018  35  2  4 0900  -16.1  919.8    4.9    2.0   73.0  444.0
2018  35  2  4 1200  -17.1  919.5    6.1    5.0   72.0  444.0
2018  35  2  4 1500  -16.6  919.3    5.9   16.0   71.0  444.0
2018  35  2  4 1800  -14.6  918.9    6.4   20.0   72.0  444.0
2018  35  2  4 2100  -12.1  919.1    5.9   24.0   72.0  444.0
2018  36  2  5 0000  -12.7  919.8    4.8  333.0   76.0  444.0
2018  36  2  5 0300  -16.6  921.2    3.9  314.0   78.0  444.0
2018  36  2  5 0600  -16.9  922.3    4.2  315.0   84.0  444.0
2018  36  2  5 0900  -18.4  923.5    4.6  292.0   88.0  444.0
2018  36  2  5 1200  -16.7  924.7    4.3  285.0   84.9  444.0
2018  36  2  5 1500  -16.2  925.1    3.8  310.0   83.0  444.0
2018  36  2  5 1800  -15.3  924.8    3.4  327.0   83.1  444.0
2018  36  2  5 2100  -13.9  924.0    3.9  327.0   77.0  444.0
2018  37  2  6 0000  -14.7  923.1    3.2  359.0   77.1  444.0
2018  37  2  6 0300  -16.5  921.5    2.4   45.0   78.0  444.0
2018  37  2  6 0600  -22.2  920.0    2.2   31.0   79.1  444.0
2018  37  2  6 0900  -18.8  918.7    3.8    3.0   76.0  444.0
2018  37  2  6 1200  -17.1  917.7    4.0    3.0   78.0  444.0
2018  37  2  6 1500  -17.8  916.7    5.2  344.0   76.7  444.0
2018  37  2  6 1800  -16.0  915.8    4.9  340.0   76.0  444.0
2018  37  2  6 2100  -14.2  914.9    5.0  354.0   70.0  444.0
2018  38  2  7 0000  -14.5  914.2    5.3    7.0   71.0  444.0
2018  38  2  7 0300  -14.6  913.1    5.6    9.0   72.0  444.0
2018  38  2  7 0600  -15.4  912.2    5.1    7.0   73.0  444.0
2018  38  2  7 0900  -16.7  911.4    6.2   21.0   74.0  444.0
2018  38  2  7 1200  -20.6  911.1    3.8    6.0   73.6  444.0
2018  38  2  7 1500  -17.9  911.3    5.7  316.0   79.0  444.0
2018  38  2  7 1800  -16.1  912.4    5.3  322.0   75.0  444.0
2018  38  2  7 2100  -14.3  913.3    5.3  326.0   76.1  444.0
2018  39  2  8 0000  -12.2  913.6    5.0  341.0   76.5  444.0
2018  39  2  8 0300  -12.9  912.5    4.9    5.0   77.0  444.0
2018  39  2  8 0600  -13.8  911.1    5.1    9.0   78.0  444.0
2018  39  2  8 0900  -13.3  908.6    6.8   11.0   78.0  444.0
2018  39  2  8 1200  -14.8  905.7    7.7   18.0   75.0  444.0
2018  39  2  8 1500  -13.8  902.9    8.6   15.0   75.8  444.0
2018  39  2  8 1800  -11.7  899.7    6.7   17.0   78.0  444.0
2018  39  2  8 2100   -9.3  897.6    5.4  351.0   78.0  444.0
2018  40  2  9 0000   -7.8  896.9    6.6  335.0   85.0  444.0
2018  40  2  9 0300   -5.7  896.3    8.4  345.0   81.1  444.0
2018  40  2  9 0600   -9.9  896.7    6.0  360.0   79.0  444.0
2018  40  2  9 0900  -12.5  897.6    5.9  343.0   80.0  444.0
2018  40  2  9 1200  -12.4  899.4    6.2  335.0   84.0  444.0
2018  40  2  9 1500   -7.9  901.8    4.9  322.0   88.7  444.0
2018  40  2  9 1800   -8.8  904.4    3.7  330.0   86.0  444.0
2018  40  2  9 2100   -7.0  907.2    4.8  315.0   88.0  444.0
2018  41  2 10 0000   -7.4  910.6    7.9  287.0   89.0  444.0
2018  41  2 10 0300   -9.2  914.1    7.2  291.0   88.0  444.0
2018  41  2 10 0600   -8.8  917.4    9.6  290.0   88.2  444.0
2018  41  2 10 0900   -8.8  921.1    9.0  298.0   90.0  444.0
2018  41  2 10 1200   -8.7  924.4    7.3  296.0   90.0  444.0
2018  41  2 10 1500  -11.6  926.4    7.8  326.0   87.0  444.0
2018  41  2 10 1800  -10.3  928.0    6.1  318.0   86.7  444.0
2018  41  2 10 2100  -10.3  929.3    5.3  315.0   85.0  444.0
2018  42  2 11 0000   -9.7  929.8    4.8  335.0   85.0  444.0
2018  42  2 11 0300  -10.8  929.0    6.7  330.0   81.0  444.0
2018  42  2 11 0600  -13.6  928.6    4.2  324.0   83.0  444.0
2018  42  2 11 0900  -15.0  927.9    4.1  358.0   86.9  444.0
2018  42  2 11 1200  -13.6  927.0    3.3  324.0   86.0  444.0
2018  42  2 11 1500  -13.8  925.6    2.5  340.0   84.0  444.0
2018  42  2 11 1800  -14.0  924.5    1.9  317.0   84.0  444.0
2018  42  2 11 2100  -11.7  923.6    1.6  328.0   87.0  444.0
2018  43  2 12 0000  -12.4  922.4    1.1  261.0   87.0  444.0
2018  43  2 12 0300  -11.7  920.9    0.5  353.0   90.0  444.0
2018  43  2 12 0600  -11.9  920.1    0.0    0.0   89.0  444.0
2018  43  2 12 0900  -13.2  919.4    1.0  206.0   88.3  444.0
2018  43  2 12 1200  -13.4  918.8    0.0  205.0   88.0  444.0
2018  43  2 12 1500  -14.8  918.2    2.9  216.0   86.0  444.0
2018  43  2 12 1800  -13.2  917.7    2.7  231.0   87.0  444.0
2018  43  2 12 2100  -12.6  917.6    4.4  219.0   86.0  444.0
2018  44  2 13 0000  -13.8  917.4    3.6  218.0   86.0  444.0
2018  44  2 13 0300  -14.6  917.5    2.6  233.0   84.0  444.0
2018  44  2 13 0600  -17.0  918.1    2.7  254.0   85.0  444.0
2018  44  2 13 0900  -17.5  918.2    1.9  225.0   85.0  444.0
2018  44  2 13 1200  -16.6  918.5    0.9  271.0   85.2  444.0
2018  44  2 13 1500  -15.1  918.6    1.2  242.0   86.0  444.0
2018  44  2 13 1800  -14.7  918.4    3.2  281.0   85.0  444.0
2018  44  2 13 2100  -14.5  918.4    4.8  290.0   85.0  444.0
2018  45  2 14 0000  -14.5  918.2    3.9  277.0   85.0  444.0
2018  45  2 14 0300  -14.5  918.2    3.1  273.0   85.0  444.0
2018  45  2 14 0600  -15.6  917.9    2.8  291.0   85.0  444.0
2018  45  2 14 0900  -16.1  917.6    3.2  299.0   85.3  444.0
2018  45  2 14 1200  -15.6  917.4    2.3  265.0   85.0  444.0
2018  45  2 14 1500  -16.2  916.7    2.5  297.0   84.0  444.0
2018  45  2 14 1800  -14.9  916.5    2.4  277.0   82.0  444.0
2018  45  2 14 2100  -14.4  916.5    2.4  284.0   83.0  444.0
2018  46  2 15 0000  -14.3  916.6    2.7  284.0   83.0  444.0
2018  46  2 15 0300  -15.0  916.4    3.3  298.0   85.0  444.0
2018  46  2 15 0600  -15.1  916.3    2.3  307.0   85.5  444.0
2018  46  2 15 0900  -15.7  916.0    1.7  348.0   86.0  444.0
2018  46  2 15 1200  -16.6  915.6    2.8  335.0   83.6  444.0
2018  46  2 15 1500  -17.3  915.0    3.6   32.0   82.0  444.0
2018  46  2 15 1800  -19.7  914.5    3.3   30.0   81.0  444.0
2018  46  2 15 2100  -22.0  914.3    3.4   44.0   81.0  444.0
2018  47  2 16 0000  -22.3  914.1    3.7   52.0   78.0  444.0
2018  47  2 16 0300  -25.1  913.8    3.0    8.0   74.0  444.0
2018  47  2 16 0600  -26.8  913.7    1.5   76.0   75.0  444.0
2018  47  2 16 0900  -29.8  913.9    4.4    5.0   73.0  444.0
2018  47  2 16 1200  -30.9  914.3    3.5   23.0   71.0  444.0
2018  47  2 16 1500  -31.4  914.9    3.8  359.0   69.0  444.0
2018  47  2 16 1800  -29.7  916.2    4.2    7.0   69.0  444.0
2018  47  2 16 2100  -27.1  917.4    1.7   12.0   66.5  444.0
2018  48  2 17 0000  -28.1  918.8    2.1  343.0   67.0  444.0
2018  48  2 17 0300  -29.8  919.6    3.1  310.0   70.1  444.0
2018  48  2 17 0600  -27.3  921.0    3.8  294.0   78.0  444.0
2018  48  2 17 0900  -24.6  922.4    3.8  278.0   79.0  444.0
2018  48  2 17 1200  -23.7  923.6    2.8  304.0   80.0  444.0
2018  48  2 17 1500  -27.2  924.2    5.3  330.0   75.0  444.0
2018  48  2 17 1800  -25.0  925.3    4.8  350.0   76.0  444.0
2018  48  2 17 2100  -23.1  925.8    7.0  353.0   76.0  444.0
2018  49  2 18 0000  -22.6  926.1    6.0    1.0   72.0  444.0
2018  49  2 18 0300  -20.9  926.3    4.0  346.0   75.0  444.0
2018  49  2 18 0600  -27.0  926.8    4.1  345.0   78.7  444.0
2018  49  2 18 0900  -28.5  926.9    4.1  341.0   77.0  444.0
2018  49  2 18 1200  -27.4  927.1    3.8  327.0   77.0  444.0
2018  49  2 18 1500  -30.3  927.3    3.4  338.0   72.0  444.0
2018  49  2 18 1800  -28.3  927.9    2.5  318.0   73.0  444.0
2018  49  2 18 2100  -29.1  928.8    2.1  284.0   73.0  444.0
2018  50  2 19 0000  -30.3  929.7    1.9  248.0   73.0  444.0
2018  50  2 19 0300  -29.5  930.1    1.2  312.0   74.0  444.0
2018  50  2 19 0600  -34.1  930.1    1.9   70.0   71.0  444.0
2018  50  2 19 0900  -34.5  929.9    3.8    4.0   71.8  444.0
2018  50  2 19 1200  -29.3  929.9    3.3   10.0   75.0  444.0
2018  50  2 19 1500  -29.2  929.4    3.9   41.0   73.0  444.0
2018  50  2 19 1800  -29.0  929.0    4.3   37.0   73.0  444.0
2018  50  2 19 2100  -28.1  928.5    4.1   45.0   74.0  444.0
2018  51  2 20 0000  -27.2  927.6    4.6   46.0   74.0  444.0
2018  51  2 20 0300  -26.1  926.3    4.9   54.0   76.0  444.0
2018  51  2 20 0600  -26.9  925.3    5.0   62.0   74.9  444.0
2018  51  2 20 0900  -30.2  924.9    5.4   56.0   74.0  444.0
2018  51  2 20 1200  -31.6  924.7    4.1   61.0   72.0  444.0
2018  51  2 20 1500  -30.4  924.2    4.8   35.0   73.0  444.0
2018  51  2 20 1800  -24.7  924.1    4.0   59.0   76.0  444.0
2018  51  2 20 2100  -25.1  923.4    3.0   62.0   75.8  444.0
2018  52  2 21 0000  -21.7  922.9    4.2   40.0   79.0  444.0
2018  52  2 21 0300  -22.2  921.5    3.6   51.0   78.1  444.0
2018  52  2 21 0600  -19.5  920.7    4.3   47.0   82.0  444.0
2018  52  2 21 0900  -20.1  920.6    4.4   31.0   82.0  444.0
2018  52  2 21 1200  -21.6  920.7    4.1  354.0   80.0  444.0
2018  52  2 21 1500  -15.4  920.5    3.0  337.0   85.1  444.0
2018  52  2 21 1800  -11.8  920.9    2.3  324.0   87.0  444.0
2018  52  2 21 2100  -10.4  921.4    2.1  339.0   87.0  444.0
2018  53  2 22 0000   -9.6  921.8    2.6  329.0   85.8  444.0
2018  53  2 22 0300  -14.0  922.0    3.2  339.0   85.0  444.0
2018  53  2 22 0600  -15.8  922.6    3.0  347.0   83.0  444.0
2018  53  2 22 0900  -13.9  923.2    2.4  348.0   83.5  444.0
2018  53  2 22 1200  -14.9  923.7    2.9  340.0   85.0  444.0
2018  53  2 22 1500  -14.4  923.6    2.4  337.0   81.0  444.0
2018  53  2 22 1800  -13.6  924.2    2.1  333.0   79.9  444.0
2018  53  2 22 2100  -13.1  924.5    2.6  328.0   79.0  444.0
2018  54  2 23 0000  -12.0  924.6    1.8  301.0   80.0  444.0
2018  54  2 23 0300  -16.5  924.1    3.5  337.0   81.0  444.0
2018  54  2 23 0600  -20.9  923.6    4.0  333.0   83.0  444.0
2018  54  2 23 0900  -22.8  923.1    3.5  330.0   82.0  444.0
2018  54  2 23 1200  -24.3  922.3    3.3  334.0   78.6  444.0
2018  54  2 23 1500  -23.4  921.5    3.6  332.0   77.0  444.0
2018  54  2 23 1800  -21.6  920.8    3.9  329.0   78.0  444.0
2018  54  2 23 2100  -19.8  920.4    2.5  331.0   76.0  444.0
2018  55  2 24 0000  -20.7  920.1    2.6  334.0   77.0  444.0
2018  55  2 24 0300  -23.3  919.3    2.9  337.0   75.0  444.0
2018  55  2 24 0600  -22.6  919.0    2.0   56.0   80.0  444.0
2018  55  2 24 0900  -28.5  918.2    1.6   18.0   76.0  444.0
2018  55  2 24 1200  -31.3  917.5    2.2   22.0   74.0  444.0
2018  55  2 24 1500  -31.6  917.0    4.0   42.0   72.8  444.0
2018  55  2 24 1800  -30.5  916.6    4.8   44.0   73.0  444.0
2018  55  2 24 2100  -27.5  916.6    2.6   25.0   73.0  444.0
2018  56  2 25 0000  -24.9  916.1    4.1    7.0   75.9  444.0
2018  56  2 25 0300  -23.9  915.9    4.6  283.0   77.0  444.0
2018  56  2 25 0600  -22.5  915.6    4.1  346.0   80.0  444.0
2018  56  2 25 0900  -19.7  915.8    4.3  335.0   82.0  444.0
2018  56  2 25 1200  -16.4  915.9    5.5  320.0   85.0  444.0
2018  56  2 25 1500  -19.2  916.5    5.8  314.0   84.0  444.0
2018  56  2 25 1800  -15.2  917.2    2.9  304.0   86.0  444.0
2018  56  2 25 2100  -14.6  917.9    3.4  315.0   85.0  444.0
2018  57  2 26 0000  -12.9  918.2    3.1  327.0   87.0  444.0
2018  57  2 26 0300  -18.0  918.2    3.9  347.0   83.7  444.0
2018  57  2 26 0600  -15.2  918.4    4.2  328.0   86.0  444.0
2018  57  2 26 0900  -16.2  918.7    4.4  330.0   85.0  444.0
2018  57  2 26 1200  -15.9  918.4    4.1  338.0   86.0  444.0
2018  57  2 26 1500  -13.6  918.0    4.2  334.0   87.0  444.0
2018  57  2 26 1800  -13.0  917.6    3.7  338.0   87.0  444.0
2018  57  2 26 2100  -13.8  917.5    4.1  330.0   83.0  444.0
2018  58  2 27 0000  -14.6  917.1    4.8  322.0   80.0  444.0
2018  58  2 27 0300  -13.4  916.9    3.2  315.0   84.0  444.0
2018  58  2 27 0600  -13.2  917.1    3.8  302.0   86.0  444.0
2018  58  2 27 0900  -12.6  917.7    3.0  254.0   89.0  444.0
2018  58  2 27 1200  -11.4  918.4    3.4  317.0   89.7  444.0
2018  58  2 27 1500  -11.8  919.0    3.7  319.0   84.0  444.0
2018  58  2 27 1800  -16.2  919.1    4.3  334.0   84.5  444.0
2018  58  2 27 2100  -12.0  919.3    3.1   11.0   80.0  444.0
2018  59  2 28 0000  -19.3  918.7    5.0    8.0   78.1  444.0
2018  59  2 28 0300  -15.9  918.5    3.8    1.0   79.0  444.0
2018  59  2 28 0600  -16.4  918.7    3.2   14.0   79.0  444.0
2018  59  2 28 0900  -15.8  919.2    2.7  350.0   84.2  444.0
2018  59  2 28 1200  -15.4  919.9    3.8  326.0   83.0  444.0
2018  59  2 28 1500  -16.2  920.2    4.7  313.0   83.0  444.0
2018  59  2 28 1800  -15.6  920.7    4.2  291.0   83.0  444.0
2018  59  2 28 2100  -16.4  921.1    4.1  265.0   82.4  444.0
