Year: 2018  Month: 08  ID: ELZ  ARGOS: 21361  Name: Elizabeth           
Lat: 82.61S  Lon: 137.08W  Elev:  519m
2018 213  8  1 0000  -45.9  932.8    4.5  314.0   64.2  444.0
2018 213  8  1 0300  -44.3  933.2    4.5  311.0   65.0  444.0
2018 213  8  1 0600  -45.7  932.8    3.0  319.0   64.0  444.0
2018 213  8  1 0900  -43.3  932.7    2.4  330.0   66.0  444.0
2018 213  8  1 1200  -41.3  932.0    1.9  341.0   67.0  444.0
2018 213  8  1 1500  -39.6  931.6    1.3   15.0   68.0  444.0
2018 213  8  1 1800  -39.6  930.8    1.1   35.0   68.0  444.0
2018 213  8  1 2100  -41.0  930.2    2.5   20.0   67.1  444.0
2018 214  8  2 0000  -42.0  929.5    3.2   15.0   65.0  444.0
2018 214  8  2 0300  -43.6  928.7    2.9  352.0   65.0  444.0
2018 214  8  2 0600  -38.3  928.4    2.5  322.0   64.2  444.0
2018 214  8  2 0900  -38.7  928.3    1.7  333.0   67.0  444.0
2018 214  8  2 1200  -37.8  928.6    1.1  280.0   69.0  444.0
2018 214  8  2 1500  -38.5  929.5    1.6  280.0   68.0  444.0
2018 214  8  2 1800  -40.0  930.7    1.8  280.0   67.0  444.0
2018 214  8  2 2100  -43.1  932.0    2.6  317.0   65.0  444.0
2018 215  8  3 0000  -45.0  933.1    3.3  310.0   65.0  444.0
2018 215  8  3 0300  -46.3  934.3    3.2  337.0   64.0  444.0
2018 215  8  3 0600  -47.3  935.0    2.6  348.0   63.0  444.0
2018 215  8  3 0900  -48.0  934.9    2.5  339.0   63.0  444.0
2018 215  8  3 1200  -49.0  935.2    3.4    2.0   62.0  444.0
2018 215  8  3 1500  -50.2  934.5    3.0  357.0   61.0  444.0
2018 215  8  3 1800  -48.9  933.7    2.4  358.0   62.0  444.0
2018 215  8  3 2100  -50.8  933.0    4.0    4.0   61.0  444.0
2018 216  8  4 0000  -51.8  933.2    3.5   13.0   60.3  444.0
2018 216  8  4 0300  -50.2  932.8    3.3   45.0   61.0  444.0
2018 216  8  4 0600  -48.5  931.0    4.6    3.0   62.0  444.0
2018 216  8  4 0900  -50.5  930.5    3.7  358.0   61.0  444.0
2018 216  8  4 1200  -48.9  928.5    4.2    4.0   62.0  444.0
2018 216  8  4 1500  -49.7  926.6    4.1   12.0   61.4  444.0
2018 216  8  4 1800  -46.8  924.2    6.0   17.0   63.0  444.0
2018 216  8  4 2100  -45.0  921.9    4.3   38.0   64.3  444.0
2018 217  8  5 0000  -43.4  919.5    7.7   23.0   65.0  444.0
2018 217  8  5 0300  -41.2  916.9   14.0   16.0   66.5  444.0
2018 217  8  5 0600  -40.7  915.5   13.4   15.0   67.0  444.0
2018 217  8  5 0900  -40.2  913.8   13.5   19.0   67.2  444.0
2018 217  8  5 1200  -40.0  911.0   14.7   20.0   67.0  444.0
2018 217  8  5 1500  -40.4  909.9   12.0   22.0   67.0  444.0
2018 217  8  5 1800  -41.8  909.0    9.9   16.0   65.5  444.0
2018 217  8  5 2100  -46.5  908.9    4.5  360.0   63.0  444.0
2018 218  8  6 0000  -45.9  909.9    8.9  334.0   63.6  444.0
2018 218  8  6 0300  -42.5  912.0    8.2  339.0   66.0  444.0
2018 218  8  6 0600  -40.6  914.2    8.5  348.0   67.0  444.0
2018 218  8  6 0900  -39.1  916.2    8.7  350.0   68.0  444.0
2018 218  8  6 1200  -39.0  918.2    5.1   13.0   67.7  444.0
2018 218  8  6 1500  -42.0  918.6    8.9   12.0   66.0  444.0
2018 218  8  6 1800  -35.6  915.6   16.4  357.0   70.0  444.0
2018 218  8  6 2100  -35.0  915.7   12.5   21.0   70.0  444.0
2018 219  8  7 0000  -31.6  913.4   13.3   17.0   72.0  444.0
2018 219  8  7 0300  -28.7  911.8   11.7   18.0   74.0  444.0
2018 219  8  7 0600  -22.8  910.6   16.2  356.0   77.0  444.0
2018 219  8  7 0900  -19.2  911.2   16.1    1.0   82.0  444.0
2018 219  8  7 1200  -18.2  911.4   15.9    1.0   76.0  444.0
2018 219  8  7 1500  -17.4  911.9   14.9    3.0   70.0  444.0
2018 219  8  7 1800  -24.0  918.6    7.5  330.0   73.0  444.0
2018 219  8  7 2100  -28.7  922.5    8.8  341.0   72.0  444.0
2018 220  8  8 0000  -31.3  926.2    6.4    2.0   66.0  444.0
2018 220  8  8 0300  -32.9  929.0    8.2  344.0   65.8  444.0
2018 220  8  8 0600  -33.2  931.1    6.2  354.0   66.1  444.0
2018 220  8  8 0900  -34.8  931.6    6.7    7.0   66.0  444.0
2018 220  8  8 1200  -34.1  931.8    5.4    1.0   68.0  444.0
2018 220  8  8 1500  -32.3  931.7    6.9  349.0   68.0  444.0
2018 220  8  8 1800  -33.1  932.1    5.4  340.0   67.0  444.0
2018 220  8  8 2100  -28.6  933.2    4.6  341.0   67.9  444.0
2018 221  8  9 0000  -26.1  932.9    5.7  333.0   68.0  444.0
2018 221  8  9 0300  -22.8  932.9    7.6  343.0   63.0  444.0
2018 221  8  9 0600  -18.6  933.8    7.3  335.0   78.0  444.0
2018 221  8  9 0900  -17.6  934.5    6.4  335.0   83.0  444.0
2018 221  8  9 1200  -24.5  934.7    6.0  328.0   79.0  444.0
2018 221  8  9 1500  -27.3  935.0    5.5    5.0   76.8  444.0
2018 221  8  9 1800  -27.5  933.9    7.3   12.0   77.0  444.0
2018 221  8  9 2100  -28.6  932.3    7.1    9.0   75.4  444.0
2018 222  8 10 0000  -28.6  930.6    8.8   12.0   73.9  444.0
2018 222  8 10 0300  -25.8  927.6   11.9    2.0   77.0  444.0
2018 222  8 10 0600  -23.5  926.5   13.0    6.0   77.9  444.0
2018 222  8 10 0900  -24.9  925.9   13.1   10.0   78.0  444.0
2018 222  8 10 1200  -25.2  925.5   12.2   14.0   76.8  444.0
2018 222  8 10 1500  -24.6  924.3   14.5    6.0   76.0  444.0
2018 222  8 10 1800  -24.3  924.7   13.8   11.0   77.1  444.0
2018 222  8 10 2100  -24.9  925.0   14.3    5.0   77.0  444.0
2018 223  8 11 0000  -26.8  925.4   14.9    9.0   73.0  444.0
2018 223  8 11 0300  -28.8  926.2   11.9    8.0   70.0  444.0
2018 223  8 11 0600  -29.9  925.3   13.5    6.0   67.0  444.0
2018 223  8 11 0900  -31.7  924.4   12.4    4.0   67.0  444.0
2018 223  8 11 1200  -33.1  923.3   11.7    3.0   61.0  444.0
2018 223  8 11 1500  -34.1  922.1   10.5    3.0   62.0  444.0
2018 223  8 11 1800  -34.5  921.0   10.0  350.0   61.0  444.0
2018 223  8 11 2100  -36.2  921.0    4.2  335.0   61.0  444.0
2018 224  8 12 0000  -39.1  920.1    6.4  349.0   69.0  444.0
2018 224  8 12 0300  -39.6  919.0    8.8  342.0   71.0  444.0
2018 224  8 12 0600  -38.4  916.9    8.4  337.0   71.0  444.0
2018 224  8 12 0900  -40.1  915.8    6.1  347.0   69.0  444.0
2018 224  8 12 1200  -43.2  914.3    6.2   11.0   66.0  444.0
2018 224  8 12 1500  -41.0  912.3    6.9   15.0   67.9  444.0
2018 224  8 12 1800  -38.8  911.0    7.8   19.0   69.0  444.0
2018 224  8 12 2100  -36.9  909.1    8.8   17.0   70.0  444.0
2018 225  8 13 0000  -33.8  908.7   10.8    7.0   72.0  444.0
2018 225  8 13 0300  -28.4  908.8   10.2    4.0   74.0  444.0
2018 225  8 13 0600  -23.5  909.8   12.3   12.0   77.0  444.0
2018 225  8 13 0900  -22.7  909.5   14.1   13.0   78.0  444.0
2018 225  8 13 1200  -22.4  908.8   16.0    6.0   78.0  444.0
2018 225  8 13 1500  -22.0  911.8   14.9  346.0   74.0  444.0
2018 225  8 13 1800  -22.6  916.4   14.1    3.0   65.0  444.0
2018 225  8 13 2100  -23.6  917.3   12.5  358.0   63.0  444.0
2018 226  8 14 0000  -23.8  918.8   11.0   10.0   61.0  444.0
2018 226  8 14 0300  -24.9  919.6   11.7  355.0   63.0  444.0
2018 226  8 14 0600  -24.5  921.9   13.3  349.0   61.0  444.0
2018 226  8 14 0900  -27.3  925.5    6.6    5.0   64.3  444.0
2018 226  8 14 1200  -26.7  927.0    8.1  356.0   64.0  444.0
2018 226  8 14 1500  -25.7  929.0    9.4  357.0   65.0  444.0
2018 226  8 14 1800  -25.4  930.8    4.4  344.0   64.0  444.0
2018 226  8 14 2100  -28.4  931.9    6.4   19.0   69.0  444.0
2018 227  8 15 0000  -28.1  931.8    6.8    4.0   68.8  444.0
2018 227  8 15 0300  -28.2  932.9    7.2    3.0   67.0  444.0
2018 227  8 15 0600  -30.1  933.3    6.0   15.0   68.0  444.0
2018 227  8 15 0900  -31.4  933.2    4.3   11.0   68.0  444.0
2018 227  8 15 1200  -32.4  933.3    6.3   17.0   66.3  444.0
2018 227  8 15 1500  -33.5  932.5    5.6   11.0   67.0  444.0
2018 227  8 15 1800  -33.3  932.0    6.3   10.0   66.4  444.0
2018 227  8 15 2100  -33.1  930.8    8.1    9.0   67.0  444.0
2018 228  8 16 0000  -31.9  930.7    2.0  356.0   67.6  444.0
2018 228  8 16 0300  -35.7  929.1    3.0  358.0   70.0  444.0
2018 228  8 16 0600  -36.7  928.6    2.5  326.0   68.0  444.0
2018 228  8 16 0900  -38.7  928.3    5.6  333.0   68.0  444.0
2018 228  8 16 1200  -39.6  928.2    5.0  332.0   70.4  444.0
2018 228  8 16 1500  -41.3  928.1    4.7  326.0   69.2  444.0
2018 228  8 16 1800  -42.8  928.2    2.8  339.0   67.0  444.0
2018 228  8 16 2100  -43.5  927.7    3.5  330.0   66.0  444.0
2018 229  8 17 0000  -44.9  927.5    3.3  348.0   65.0  444.0
2018 229  8 17 0300  -46.8  927.6    1.7    1.0   64.3  444.0
2018 229  8 17 0600  -46.9  926.8    3.8   21.0   65.0  444.0
2018 229  8 17 0900  -47.3  926.4    4.5    2.0   64.0  444.0
2018 229  8 17 1200  -48.7  926.2    4.2    8.0   63.0  444.0
2018 229  8 17 1500  -50.2  926.3    3.8   11.0   62.4  444.0
2018 229  8 17 1800  -49.7  926.2    3.4  355.0   63.0  444.0
2018 229  8 17 2100  -49.1  926.0    3.2  346.0   63.0  444.0
2018 230  8 18 0000  -48.2  925.7    4.7  350.0   63.0  444.0
2018 230  8 18 0300  -47.7  925.0    5.3  350.0   64.0  444.0
2018 230  8 18 0600  -48.0  924.5    5.0  354.0   63.0  444.0
2018 230  8 18 0900  -49.0  923.9    4.9    2.0   62.5  444.0
2018 230  8 18 1200  -48.7  923.5    6.4    9.0   63.0  444.0
2018 230  8 18 1500  -46.1  922.8    6.1    3.0   64.0  444.0
2018 230  8 18 1800  -44.0  921.6    6.4  351.0   65.3  444.0
2018 230  8 18 2100  -41.0  921.5    6.1    8.0   67.0  444.0
2018 231  8 19 0000  -36.3  919.9    7.3    8.0   69.0  444.0
2018 231  8 19 0300  -36.1  919.8    4.1   40.0   68.0  444.0
2018 231  8 19 0600  -30.9  918.6    8.0    2.0   64.0  444.0
2018 231  8 19 0900  -32.1  917.7    6.7   30.0   62.0  444.0
2018 231  8 19 1200  -32.2  917.3    5.8   20.0   65.0  444.0
2018 231  8 19 1500  -31.4  916.5    7.7   32.0   63.0  444.0
2018 231  8 19 1800  -32.2  915.6    4.9   14.0   66.0  444.0
2018 231  8 19 2100  -31.1  915.9    7.2    2.0   67.0  444.0
2018 232  8 20 0000  -28.5  915.6    7.9    3.0   67.2  444.0
2018 232  8 20 0300  -29.6  916.3    6.1  340.0   69.0  444.0
2018 232  8 20 0600  -32.3  916.2    9.5    3.0   69.3  444.0
2018 232  8 20 0900  -34.7  916.7    8.7  349.0   67.0  444.0
2018 232  8 20 1200  -36.0  918.1    5.3  336.0   67.4  444.0
2018 232  8 20 1500  -38.6  920.0    6.8  312.0   66.0  444.0
2018 232  8 20 1800  -39.6  921.7    7.4  314.0   66.4  444.0
2018 232  8 20 2100  -39.4  924.4    6.2  304.0   67.0  444.0
2018 233  8 21 0000  -39.1  926.2    6.6  319.0   67.0  444.0
2018 233  8 21 0300  -39.1  927.3    8.4  327.0   67.6  444.0
2018 233  8 21 0600  -38.3  928.5    8.2  320.0   69.0  444.0
2018 233  8 21 0900  -38.4  929.8    5.3  328.0   68.8  444.0
2018 233  8 21 1200  -38.6  930.0    5.8  346.0   69.0  444.0
2018 233  8 21 1500  -38.9  930.5    6.2  344.0   69.0  444.0
2018 233  8 21 1800  -38.6  930.4    5.6  344.0   69.0  444.0
2018 233  8 21 2100  -38.9  930.4    6.1  344.0   66.5  444.0
2018 234  8 22 0000  -38.0  930.4    6.5  345.0   65.0  444.0
2018 234  8 22 0300  -38.3  930.2    5.8  344.0   64.0  444.0
2018 234  8 22 0600  -39.4  929.8    5.5  350.0   62.0  444.0
2018 234  8 22 0900  -39.6  929.5    6.0    1.0   64.0  444.0
2018 234  8 22 1200  -38.6  929.0    5.9  356.0   67.0  444.0
2018 234  8 22 1500  -38.7  928.7    6.2  345.0   68.0  444.0
2018 234  8 22 1800  -38.7  928.4    6.3  348.0   67.0  444.0
2018 234  8 22 2100  -38.7  928.3    6.4  344.0   65.0  444.0
2018 235  8 23 0000  -38.8  928.3    6.7  342.0   64.0  444.0
2018 235  8 23 0300  -39.5  927.7    6.1  341.0   65.0  444.0
2018 235  8 23 0600  -39.8  927.7    5.6  339.0   65.0  444.0
2018 235  8 23 0900  -40.4  927.7    5.0  341.0   66.0  444.0
2018 235  8 23 1200  -40.8  926.9    6.3  349.0   66.0  444.0
2018 235  8 23 1500  -40.4  926.4    6.3  348.0   66.0  444.0
2018 235  8 23 1800  -42.3  925.6    6.8  359.0   66.0  444.0
2018 235  8 23 2100  -41.6  925.0    6.3  344.0   66.0  444.0
2018 236  8 24 0000  -40.8  924.9    6.5  341.0   65.0  444.0
2018 236  8 24 0300  -41.0  924.0    7.5  343.0   65.0  444.0
2018 236  8 24 0600  -41.0  924.1    7.2  335.0   65.0  444.0
2018 236  8 24 0900  -42.0  923.6    7.8  347.0   66.0  444.0
2018 236  8 24 1200  -42.0  923.6    7.1  345.0   66.0  444.0
2018 236  8 24 1500  -43.1  923.8    6.4  349.0   66.0  444.0
2018 236  8 24 1800  -43.6  923.7    5.8  345.0   65.2  444.0
2018 236  8 24 2100  -43.7  924.1    6.3  354.0   65.2  444.0
2018 237  8 25 0000  -44.0  924.5    6.0  340.0   65.0  444.0
2018 237  8 25 0300  -43.8  924.8    7.9  359.0   65.0  444.0
2018 237  8 25 0600  -43.7  925.4    5.6  347.0   65.3  444.0
2018 237  8 25 0900  -45.2  926.3    5.7  336.0   64.0  444.0
2018 237  8 25 1200  -45.5  927.2    6.7  339.0   64.0  444.0
2018 237  8 25 1500  -46.2  928.7    5.4  334.0   64.8  444.0
2018 237  8 25 1800  -46.5  929.6    5.3  339.0   64.0  444.0
2018 237  8 25 2100  -47.1  930.5    5.6  340.0   64.0  444.0
2018 238  8 26 0000  -47.4  931.1    5.2  342.0   64.0  444.0
2018 238  8 26 0300  -46.9  931.0    5.3  346.0   64.0  444.0
2018 238  8 26 0600  -47.8  930.1    6.2  360.0   63.0  444.0
2018 238  8 26 0900  -45.2  928.8    7.4    4.0   64.0  444.0
2018 238  8 26 1200  -45.0  927.1    7.4   13.0   64.0  444.0
2018 238  8 26 1500  -44.1  925.3    7.9   19.0   65.0  444.0
2018 238  8 26 1800  -42.8  922.5   10.7   23.0   66.0  444.0
2018 238  8 26 2100  -41.0  920.8   10.2   28.0   66.0  444.0
2018 239  8 27 0000  -40.2  918.8   10.3   34.0   65.0  444.0
2018 239  8 27 0300  -40.0  916.4   10.4   21.0   63.1  444.0
2018 239  8 27 0600  -39.6  914.5   10.5   22.0   63.0  444.0
2018 239  8 27 0900  -37.8  912.7   11.0   19.0   65.0  444.0
2018 239  8 27 1200  -37.0  910.3   10.7   30.0   64.0  444.0
2018 239  8 27 1500  -38.5  907.9    9.4   17.0   64.0  444.0
2018 239  8 27 1800  -38.7  905.6    9.9   38.0   62.2  444.0
2018 239  8 27 2100  -39.3  903.1   10.1   57.0   66.9  444.0
2018 240  8 28 0000  -39.7  901.5    9.5   43.0   65.5  444.0
2018 240  8 28 0300  -41.0  901.7    4.4   57.0   64.0  444.0
2018 240  8 28 0600  -42.8  901.0    7.1   13.0   65.3  444.0
2018 240  8 28 0900  -40.7  901.7    7.1  350.0   67.0  444.0
2018 240  8 28 1200  -39.8  901.9    7.2  344.0   67.0  444.0
2018 240  8 28 1500  -39.4  902.7    8.3  347.0   68.0  444.0
2018 240  8 28 1800  -39.1  903.6    7.8  346.0   68.0  444.0
2018 240  8 28 2100  -38.6  904.3    6.6  341.0   68.0  444.0
2018 241  8 29 0000  -38.5  904.7    6.9  338.0   68.0  444.0
2018 241  8 29 0300  -37.6  905.8    9.2  342.0   68.0  444.0
2018 241  8 29 0600  -36.9  906.6   10.0  343.0   69.0  444.0
2018 241  8 29 0900  -36.1  907.5   10.8  340.0   69.0  444.0
2018 241  8 29 1200  -36.6  908.4    9.2  339.0   69.0  444.0
2018 241  8 29 1500  -36.7  909.6    8.3  331.0   69.0  444.0
2018 241  8 29 1800  -37.6  910.3    7.9  335.0   69.0  444.0
2018 241  8 29 2100  -39.5  911.5    7.1  337.0   67.0  444.0
2018 242  8 30 0000  -40.8  912.5    6.0  334.0   66.9  444.0
2018 242  8 30 0300  -41.5  912.7    7.1  341.0   67.0  444.0
2018 242  8 30 0600  -41.8  912.5    5.0  326.0   66.0  444.0
2018 242  8 30 0900  -43.1  911.9    6.2  332.0   67.0  444.0
2018 242  8 30 1200  -44.9  910.5    5.0  338.0   65.0  444.0
2018 242  8 30 1500  -45.4  909.0    5.4    2.0   65.0  444.0
2018 242  8 30 1800  -46.1  907.6    4.4  341.0   64.0  444.0
2018 242  8 30 2100  -47.0  906.2    4.4  336.0   63.7  444.0
2018 243  8 31 0000  -47.8  904.5    4.7  310.0   63.0  444.0
2018 243  8 31 0300  -48.1  903.6    5.3  328.0   63.0  444.0
2018 243  8 31 0600  -47.9  902.4    6.0  324.0   63.0  444.0
2018 243  8 31 0900  -48.6  902.0    5.3  331.0   62.3  444.0
2018 243  8 31 1200  -48.3  901.1    5.1  334.0   63.0  444.0
2018 243  8 31 1500  -48.0  901.0    4.4  330.0   63.0  444.0
2018 243  8 31 1800  -46.7  900.9    4.0  336.0   63.3  444.0
2018 243  8 31 2100  -47.9  902.1    3.6  354.0   62.0  444.0
