Year: 2018  Month: 01  ID: ELZ  ARGOS: 21361  Name: Elizabeth           
Lat: 82.61S  Lon: 137.08W  Elev:  519m
2018   1  1  1 0000   -8.9  918.2    4.1   27.0   72.2  444.0
2018   1  1  1 0300   -8.0  917.6    3.6   44.0   79.0  444.0
2018   1  1  1 0600   -9.8  917.2    3.5   48.0   81.0  444.0
2018   1  1  1 0900  -11.0  916.9    3.7   29.0   81.0  444.0
2018   1  1  1 1200  -12.5  917.2    4.7  332.0   82.0  444.0
2018   1  1  1 1500  -12.6  918.2    5.2  323.0   82.0  444.0
2018   1  1  1 1800  -11.9  919.7    5.8  299.0   85.0  444.0
2018   1  1  1 2100  -12.5  921.6    5.3  311.0   82.4  444.0
2018   2  1  2 0000  -11.5  923.1    5.7  313.0   79.0  444.0
2018   2  1  2 0300  -11.6  924.1    3.4  326.0   79.0  444.0
2018   2  1  2 0600  -12.5  925.3    3.4  350.0   78.0  444.0
2018   2  1  2 0900  -13.5  926.3    3.1  353.0   76.0  444.0
2018   2  1  2 1200  -13.8  927.3    3.2    5.0   75.0  444.0
2018   2  1  2 1500  -12.1  927.8    3.3    4.0   74.0  444.0
2018   2  1  2 1800  -10.3  928.0    3.2   21.0   78.1  444.0
2018   2  1  2 2100   -7.8  928.7    3.4    6.0   75.0  444.0
2018   3  1  3 0000   -5.7  929.1    4.8  331.0   78.3  444.0
2018   3  1  3 0300   -6.0  929.2    5.4  349.0   75.0  444.0
2018   3  1  3 0600   -7.2  929.2    4.9  355.0   78.0  444.0
2018   3  1  3 0900   -9.2  929.2    5.0  360.0   77.0  444.0
2018   3  1  3 1200  -10.2  928.8    5.3   10.0   76.3  444.0
2018   3  1  3 1500   -9.0  928.0    3.8   14.0   75.0  444.0
2018   3  1  3 1800   -7.8  926.9    5.6    1.0   75.0  444.0
2018   3  1  3 2100   -7.0  926.2    5.7    5.0   74.0  444.0
2018   4  1  4 0000   -5.6  925.1    4.7   24.0   75.0  444.0
2018   4  1  4 0300   -6.1  923.8    4.2   20.0   78.7  444.0
2018   4  1  4 0600   -7.7  922.7    4.7   13.0   79.0  444.0
2018   4  1  4 0900   -9.8  922.2    4.4    9.0   79.0  444.0
2018   4  1  4 1200  -10.8  922.0    4.4  359.0   75.0  444.0
2018   4  1  4 1500   -9.8  921.8    5.0  350.0   73.9  444.0
2018   4  1  4 1800   -7.8  922.2    3.9  356.0   73.0  444.0
2018   4  1  4 2100   -5.6  923.3    1.5   25.0   71.0  444.0
2018   5  1  5 0000   -5.4  924.4    2.5    2.0   72.0  444.0
2018   5  1  5 0300   -8.5  925.2    3.4  283.0   84.0  444.0
2018   5  1  5 0600  -10.0  926.5    3.4  283.0   91.8  444.0
2018   5  1  5 0900  -10.7  927.7    3.1  303.0   91.0  444.0
2018   5  1  5 1200  -11.0  928.3    3.7  275.0   89.0  444.0
2018   5  1  5 1500  -10.2  928.8    3.7  292.0   89.0  444.0
2018   5  1  5 1800   -9.7  928.8    3.6  302.0   87.5  444.0
2018   5  1  5 2100   -9.4  928.6    4.5  341.0   83.0  444.0
2018   6  1  6 0000   -6.7  928.3    4.8  315.0   78.0  444.0
2018   6  1  6 0300   -6.2  927.4    4.3  333.0   81.0  444.0
2018   6  1  6 0600   -7.5  926.5    3.6  359.0   78.0  444.0
2018   6  1  6 0900   -9.0  925.2    4.9   26.0   74.0  444.0
2018   6  1  6 1200   -9.8  923.3    4.8   40.0   79.0  444.0
2018   6  1  6 1500   -9.0  921.4    5.8   30.0   77.0  444.0
2018   6  1  6 1800   -7.9  920.0    6.4   18.0   75.0  444.0
2018   6  1  6 2100   -6.6  919.6    6.3  356.0   73.7  444.0
2018   7  1  7 0000   -5.7  919.7    5.6  330.0   79.0  444.0
2018   7  1  7 0300   -6.3  920.4    3.4  331.0   80.0  444.0
2018   7  1  7 0600   -7.8  921.2    3.7  353.0   82.9  444.0
2018   7  1  7 0900   -8.8  922.4    4.5  334.0   83.0  444.0
2018   7  1  7 1200   -8.5  923.9    3.5  324.0   81.0  444.0
2018   7  1  7 1500   -8.1  925.5    3.7  341.0   79.0  444.0
2018   7  1  7 1800   -6.7  927.5    4.5  319.0   78.0  444.0
2018   7  1  7 2100   -5.6  929.8    4.0  313.0   78.0  444.0
2018   8  1  8 0000   -6.6  932.2    4.5  294.0   79.0  444.0
2018   8  1  8 0300   -8.4  934.2    3.4  264.0   86.0  444.0
2018   8  1  8 0600   -9.7  936.0    2.8  290.0   88.1  444.0
2018   8  1  8 0900  -10.6  937.3    3.6  308.0   86.0  444.0
2018   8  1  8 1200  -10.9  938.4    4.5  320.0   83.0  444.0
2018   8  1  8 1500   -9.3  938.9    4.5  311.0   81.3  444.0
2018   8  1  8 1800   -8.0  939.3    4.1  306.0   83.0  444.0
2018   8  1  8 2100   -6.9  939.5    4.0  298.0   81.0  444.0
2018   9  1  9 0000   -7.2  939.7    3.0  261.0   81.0  444.0
2018   9  1  9 0300  -10.4  939.3    2.3  271.0   92.0  444.0
2018   9  1  9 0600  -11.3  938.8    0.6  296.0   88.0  444.0
2018   9  1  9 0900  -13.1  938.0    1.0   41.0   84.3  444.0
2018   9  1  9 1200  -12.4  936.8    2.5  354.0   82.0  444.0
2018   9  1  9 1500  -10.3  935.4    2.5    4.0   82.0  444.0
2018   9  1  9 1800   -7.8  934.0    2.1    6.0   80.0  444.0
2018   9  1  9 2100   -6.3  932.6    2.4   45.0   83.7  444.0
2018  10  1 10 0000   -6.8  931.1    2.7   47.0   82.0  444.0
2018  10  1 10 0300   -7.4  929.4    2.5   44.0   84.0  444.0
2018  10  1 10 0600   -9.1  927.8    3.6   45.0   85.0  444.0
2018  10  1 10 0900  -10.8  926.5    3.7   48.0   85.0  444.0
2018  10  1 10 1200  -11.6  925.1    3.3   45.0   83.3  444.0
2018  10  1 10 1500  -10.1  923.9    3.5   31.0   81.0  444.0
2018  10  1 10 1800   -7.5  922.9    1.9   14.0   78.8  444.0
2018  10  1 10 2100   -6.8  922.1    2.3   15.0   77.0  444.0
2018  11  1 11 0000   -6.5  921.6    1.5    2.0   80.9  444.0
2018  11  1 11 0300   -8.0  920.8    2.2    8.0   82.0  444.0
2018  11  1 11 0600   -8.3  920.7    2.1  305.0   93.0  444.0
2018  11  1 11 0900   -8.2  920.5    1.9  299.0   92.0  444.0
2018  11  1 11 1200   -9.4  920.5    1.5    3.0   91.0  444.0
2018  11  1 11 1500   -8.5  920.1    2.3   12.0   91.3  444.0
2018  11  1 11 1800   -7.0  920.0    2.4   24.0   90.0  444.0
2018  11  1 11 2100   -6.2  920.2    2.2    4.0   87.0  444.0
2018  12  1 12 0000   -5.3  920.6    1.3    4.0   83.0  444.0
2018  12  1 12 0300   -5.4  920.8    1.9  285.0   86.0  444.0
2018  12  1 12 0600   -6.0  921.4    1.5  291.0   87.0  444.0
2018  12  1 12 0900   -6.9  922.3    1.6  244.0   92.0  444.0
2018  12  1 12 1200   -6.9  923.2    2.0  266.0   91.5  444.0
2018  12  1 12 1500   -7.9  923.8    3.6  308.0   93.0  444.0
2018  12  1 12 1800   -8.3  924.6    2.6  312.0   93.0  444.0
2018  12  1 12 2100   -8.1  925.4    2.7  312.0   91.0  444.0
2018  13  1 13 0000   -8.4  926.4    3.2  291.0   90.9  444.0
2018  13  1 13 0300   -7.8  927.2    2.7  270.0   92.0  444.0
2018  13  1 13 0600   -4.6  927.7    2.5  299.0   94.0  444.0
2018  13  1 13 0900   -4.0  928.5    4.1  286.0   94.8  444.0
2018  13  1 13 1200   -4.8  929.1    3.4  308.0   93.0  444.0
2018  13  1 13 1500   -5.3  929.3    3.7  311.0   91.8  444.0
2018  13  1 13 1800   -6.3  929.7    3.5  298.0   89.0  444.0
2018  13  1 13 2100   -5.7  930.0    2.4  276.0   89.0  444.0
2018  14  1 14 0000   -4.7  929.9    2.4  270.0   91.0  444.0
2018  14  1 14 0300   -4.7  929.3    2.5  260.0   93.7  444.0
2018  14  1 14 0600   -4.8  928.3    3.1  278.0   94.0  444.0
2018  14  1 14 0900   -4.9  927.4    4.4  258.0   96.0  444.0
2018  14  1 14 1200   -5.4  926.6    3.1  232.0   94.0  444.0
2018  14  1 14 1500   -5.7  925.2    2.0  255.0   94.0  444.0
2018  14  1 14 1800   -5.5  923.9    3.6  268.0   93.6  444.0
2018  14  1 14 2100   -5.3  923.0    3.0  238.0   92.0  444.0
2018  15  1 15 0000   -4.9  921.7    2.4  260.0   86.0  444.0
2018  15  1 15 0300   -5.3  920.2    1.3  166.0   91.0  444.0
2018  15  1 15 0600   -6.2  918.5    1.1  283.0   92.1  444.0
2018  15  1 15 0900   -7.1  917.0    1.5  304.0   92.0  444.0
2018  15  1 15 1200   -6.7  915.4    2.3  296.0   93.8  444.0
2018  15  1 15 1500   -5.6  913.6    2.5  269.0   93.0  444.0
2018  15  1 15 1800   -5.6  912.2    3.0  232.0   91.0  444.0
2018  15  1 15 2100   -8.1  911.9    3.3   97.0   85.6  444.0
2018  16  1 16 0000   -7.9  911.9    1.4  121.0   84.3  444.0
2018  16  1 16 0300   -8.1  911.3    0.3  103.0   85.0  444.0
2018  16  1 16 0600   -9.6  911.2    1.1   81.0   87.0  444.0
2018  16  1 16 0900   -9.6  911.4    2.2   24.0   87.0  444.0
2018  16  1 16 1200   -9.6  911.7    1.8   26.0   87.0  444.0
2018  16  1 16 1500   -8.0  912.0    2.2  320.0   86.0  444.0
2018  16  1 16 1800  -11.7  912.4    3.1  332.0   85.0  444.0
2018  16  1 16 2100   -8.0  913.1    2.0  360.0   77.0  444.0
2018  17  1 17 0000  -10.4  913.1    2.7   21.0   82.0  444.0
2018  17  1 17 0300   -7.4  912.6    3.1   49.0   83.0  444.0
2018  17  1 17 0600   -8.2  912.3    2.6   69.0   88.2  444.0
2018  17  1 17 0900   -9.8  912.0    3.4   77.0   89.0  444.0
2018  17  1 17 1200  -14.2  911.7    2.9   41.0   83.0  444.0
2018  17  1 17 1500  -14.9  911.4    4.1    1.0   79.0  444.0
2018  17  1 17 1800  -12.6  911.4    4.7  332.0   86.0  444.0
2018  17  1 17 2100   -9.6  911.8    3.0  344.0   82.2  444.0
2018  18  1 18 0000   -9.2  912.0    2.8    2.0   74.0  444.0
2018  18  1 18 0300  -10.0  912.0    4.4    3.0   76.0  444.0
2018  18  1 18 0600  -12.2  912.0    5.4  359.0   75.0  444.0
2018  18  1 18 0900  -14.8  912.2    4.8   21.0   74.7  444.0
2018  18  1 18 1200  -15.3  912.1    4.7   16.0   71.0  444.0
2018  18  1 18 1500  -12.3  911.5    6.7   20.0   67.0  444.0
2018  18  1 18 1800  -11.0  911.0    7.5   39.0   70.0  444.0
2018  18  1 18 2100   -9.1  910.7    7.7   35.0   70.6  444.0
2018  19  1 19 0000   -9.3  910.2    7.4   42.0   72.0  444.0
2018  19  1 19 0300   -9.6  909.5    5.1   27.0   74.0  444.0
2018  19  1 19 0600  -10.9  909.6    5.6   15.0   75.0  444.0
2018  19  1 19 0900  -12.7  909.9    5.9   17.0   74.9  444.0
2018  19  1 19 1200  -13.6  909.4    6.1   25.0   73.6  444.0
2018  19  1 19 1500   -8.8  908.8    6.6   24.0   76.0  444.0
2018  19  1 19 1800   -7.4  908.1    8.1   27.0   77.0  444.0
2018  19  1 19 2100   -4.6  906.7    8.3   33.0   78.0  444.0
2018  20  1 20 0000   -3.6  904.6    8.1   31.0   78.2  444.0
2018  20  1 20 0300   -4.9  906.1    6.8  335.0   81.0  444.0
2018  20  1 20 0600   -7.6  907.6    4.2  328.0   80.0  444.0
2018  20  1 20 0900  -11.8  910.3    1.4   30.0   80.0  444.0
2018  20  1 20 1200   -8.8  911.1    5.7  359.0   78.7  444.0
2018  20  1 20 1500   -6.7  912.1    8.9  354.0   77.4  444.0
2018  20  1 20 1800   -6.6  912.5   10.8    6.0   80.0  444.0
2018  20  1 20 2100   -5.7  913.5   11.6    4.0   81.0  444.0
2018  21  1 21 0000   -5.1  914.0    9.8  360.0   77.0  444.0
2018  21  1 21 0300   -4.9  914.2    8.6  360.0   78.8  444.0
2018  21  1 21 0600   -5.9  914.8    6.6    4.0   81.0  444.0
2018  21  1 21 0900   -6.4  915.9    6.8  338.0   80.0  444.0
2018  21  1 21 1200   -8.0  917.1    5.1  340.0   78.0  444.0
2018  21  1 21 1500   -7.7  917.7    3.6   26.0   77.0  444.0
2018  21  1 21 1800   -7.4  918.2    5.9  325.0   80.0  444.0
2018  21  1 21 2100   -6.4  919.4    4.1  343.0   78.0  444.0
2018  22  1 22 0000   -6.5  920.1    4.3  339.0   81.0  444.0
2018  22  1 22 0300   -4.8  920.4    3.0  336.0   82.0  444.0
2018  22  1 22 0600   -7.6  920.7    1.0  354.0   82.1  444.0
2018  22  1 22 0900   -9.9  921.1    5.9  329.0   82.0  444.0
2018  22  1 22 1200   -9.9  921.9    4.5  311.0   82.0  444.0
2018  22  1 22 1500  -10.1  922.7    4.7  312.0   79.0  444.0
2018  22  1 22 1800   -8.8  923.2    4.3  322.0   79.0  444.0
2018  22  1 22 2100   -7.4  923.8    3.8  322.0   77.0  444.0
2018  23  1 23 0000   -6.6  924.1    4.0  322.0   76.0  444.0
2018  23  1 23 0300   -7.3  923.8    3.2  337.0   78.0  444.0
2018  23  1 23 0600   -9.5  923.7    3.3  352.0   76.0  444.0
2018  23  1 23 0900  -11.9  923.6    3.3    3.0   77.0  444.0
2018  23  1 23 1200  -12.9  923.2    3.0    1.0   79.0  444.0
2018  23  1 23 1500  -11.9  922.5    3.3    4.0   77.1  444.0
2018  23  1 23 1800  -10.5  922.0    4.3   14.0   77.0  444.0
2018  23  1 23 2100   -8.6  921.7    4.9  358.0   70.0  444.0
2018  24  1 24 0000   -8.0  921.5    4.7    1.0   71.2  444.0
2018  24  1 24 0300   -8.6  921.1    4.0  360.0   74.0  444.0
2018  24  1 24 0600  -10.4  921.0    5.5  355.0   74.0  444.0
2018  24  1 24 0900  -12.5  921.0    4.6   47.0   72.5  444.0
2018  24  1 24 1200  -12.9  921.1    5.6  358.0   67.0  444.0
2018  24  1 24 1500  -11.6  921.4    5.5    2.0   66.0  444.0
2018  24  1 24 1800  -10.6  921.8    4.1    2.0   68.6  444.0
2018  24  1 24 2100   -9.0  922.3    2.2  352.0   68.0  444.0
2018  25  1 25 0000  444.0  922.9    0.5   74.0   75.0  444.0
2018  25  1 25 0300  444.0  923.1    1.1  310.0   80.0  444.0
2018  25  1 25 0600  -11.1  923.4    0.7  254.0   64.7  444.0
2018  25  1 25 0900  -12.6  923.8    1.6  275.0   84.0  444.0
2018  25  1 25 1200  -15.5  924.4    2.1  306.0   83.0  444.0
2018  25  1 25 1500  -15.0  924.6    2.5  295.0   86.0  444.0
2018  25  1 25 1800  -13.2  924.7    2.7  286.0   85.0  444.0
2018  25  1 25 2100  -12.2  924.6    4.2  282.0   81.1  444.0
2018  26  1 26 0000  -11.5  924.6    4.2  283.0   84.0  444.0
2018  26  1 26 0300  -12.1  924.0    4.3  286.0   84.8  444.0
2018  26  1 26 0600  -14.0  923.7    3.7  296.0   87.0  444.0
2018  26  1 26 0900  -13.4  923.4    3.8  295.0   88.0  444.0
2018  26  1 26 1200  -13.1  923.1    5.1  297.0   88.0  444.0
2018  26  1 26 1500  -12.9  922.8    6.1  292.0   86.0  444.0
2018  26  1 26 1800  -12.7  922.6    7.4  302.0   85.0  444.0
2018  26  1 26 2100  -14.2  922.7    6.6  302.0   80.0  444.0
2018  27  1 27 0000  -14.3  923.0    7.4  295.0   83.6  444.0
2018  27  1 27 0300  -13.8  923.2    4.7  310.0   85.0  444.0
2018  27  1 27 0600  -14.1  923.6    2.6  300.0   86.0  444.0
2018  27  1 27 0900  -14.1  923.5    3.9  326.0   86.0  444.0
2018  27  1 27 1200  -13.8  923.7    3.4  341.0   86.7  444.0
2018  27  1 27 1500  -13.1  924.1    2.4  342.0   87.0  444.0
2018  27  1 27 1800  -12.8  924.7    3.1  329.0   85.0  444.0
2018  27  1 27 2100  -12.6  925.5    2.9  346.0   85.7  444.0
2018  28  1 28 0000  -12.4  926.4    4.7  309.0   85.0  444.0
2018  28  1 28 0300  -15.5  927.4    4.6  286.0   84.0  444.0
2018  28  1 28 0600  -15.3  927.8    2.7  288.0   85.0  444.0
2018  28  1 28 0900  -14.4  928.1    1.8  287.0   86.0  444.0
2018  28  1 28 1200  -13.6  928.2    0.5  309.0   86.0  444.0
2018  28  1 28 1500  -13.2  927.9    2.4  294.0   85.0  444.0
2018  28  1 28 1800  -14.3  928.1    2.9  281.0   83.0  444.0
2018  28  1 28 2100  -14.5  927.6    0.6  292.0   74.0  444.0
2018  29  1 29 0000  -14.4  927.1    1.0  266.0   80.4  444.0
2018  29  1 29 0300  -13.9  925.9    2.9    3.0   80.0  444.0
2018  29  1 29 0600  -13.9  924.9    2.5   26.0   85.0  444.0
2018  29  1 29 0900  -14.3  923.9    2.9   23.0   85.0  444.0
2018  29  1 29 1200  -15.8  923.9    1.5   16.0   86.0  444.0
2018  29  1 29 1500  -16.2  923.0    2.8  350.0   79.0  444.0
2018  29  1 29 1800  -15.7  922.2    1.5  213.0   79.0  444.0
2018  29  1 29 2100  -15.2  921.8    1.4  147.0   77.0  444.0
2018  30  1 30 0000  -14.2  921.2    1.2  170.0   74.0  444.0
2018  30  1 30 0300  -14.5  920.5    1.3  159.0   76.1  444.0
2018  30  1 30 0600  -14.6  919.7    1.0  199.0   78.0  444.0
2018  30  1 30 0900  -14.7  919.6    0.4  338.0   79.0  444.0
2018  30  1 30 1200  -14.7  919.6    0.1   64.0   75.0  444.0
2018  30  1 30 1500  -15.9  919.6    4.9  284.0   84.0  444.0
2018  30  1 30 1800  -15.3  920.7    1.7  284.0   79.0  444.0
2018  30  1 30 2100  -14.1  921.5    1.5  270.0   83.1  444.0
2018  31  1 31 0000  -14.4  922.8    2.1  274.0   87.0  444.0
2018  31  1 31 0300  -15.4  923.4    5.2  299.0   84.0  444.0
2018  31  1 31 0600  -15.3  924.1    6.9  289.0   84.0  444.0
2018  31  1 31 0900  -14.5  925.0    4.5  327.0   83.0  444.0
2018  31  1 31 1200  -14.6  925.6    3.5    9.0   84.0  444.0
2018  31  1 31 1500  -13.6  925.7    4.0  359.0   81.0  444.0
2018  31  1 31 1800  -12.6  926.1    4.5   23.0   80.0  444.0
2018  31  1 31 2100  -10.7  926.3    2.6   10.0   78.0  444.0
