Year: 2018  Month: 09  ID: EMA  ARGOS:  8919  Name: Emma                
Lat: 84.00S  Lon: 175.01W  Elev:   79m
2018 244  9  1 0000  -40.8  962.9    1.7   29.0   56.6  444.0
2018 244  9  1 0300  -44.2  962.9    1.4   31.0   53.4  444.0
2018 244  9  1 0600  -46.6  964.9    1.5   83.0   51.0  444.0
2018 244  9  1 0900  -46.3  967.2    1.3  127.0   51.0  444.0
2018 244  9  1 1200  -48.0  969.8    2.0   93.0   49.0  444.0
2018 244  9  1 1500  -49.1  973.0    2.8   91.0   48.0  444.0
2018 244  9  1 1800  -49.6  976.3    3.0  100.0   47.6  444.0
2018 244  9  1 2100  -49.5  979.7    9.1  102.0   48.0  444.0
2018 245  9  2 0000  -47.2  982.9   11.7   94.0   50.0  444.0
2018 245  9  2 0300  -45.3  984.7   11.6   85.0   52.0  444.0
2018 245  9  2 0600  -46.0  985.8   12.4   99.0   51.3  444.0
2018 245  9  2 0900  -46.4  984.9   12.5  100.0   51.0  444.0
2018 245  9  2 1200  -44.1  982.5   11.7  108.0   53.0  444.0
2018 245  9  2 1500  -42.2  978.8   14.0  115.0   55.0  444.0
2018 245  9  2 1800  -39.9  974.3   15.3  111.0   57.9  444.0
2018 245  9  2 2100  -37.8  969.4   16.8  110.0   60.3  444.0
2018 246  9  3 0000  -34.0  964.2   18.1  111.0   65.0  444.0
2018 246  9  3 0300  -29.8  957.3   18.8  109.0   70.0  444.0
2018 246  9  3 0600  -26.3  950.8   22.4  100.0   74.0  444.0
2018 246  9  3 0900  -22.7  945.7   24.4  103.0   77.7  444.0
2018 246  9  3 1200  -20.5  942.5   23.1   92.0   80.0  444.0
2018 246  9  3 1500  -18.8  940.3   22.1   95.0   82.0  444.0
2018 246  9  3 1800  -19.6  937.7   25.6   91.0   81.0  444.0
2018 246  9  3 2100  -19.4  938.6   28.2   83.0   81.0  444.0
2018 247  9  4 0000  -19.8  940.3   27.9   88.0   81.0  444.0
2018 247  9  4 0300  -20.3  942.5   24.3   88.0   80.7  444.0
2018 247  9  4 0600  -20.4  944.0   23.8   89.0   80.0  444.0
2018 247  9  4 0900  -20.7  945.8   21.7   90.0   80.1  444.0
2018 247  9  4 1200  -21.8  949.2   15.7   85.0   79.0  444.0
2018 247  9  4 1500  -22.7  951.2   13.8   83.0   77.9  444.0
2018 247  9  4 1800  -23.9  953.1   12.1   76.0   77.0  444.0
2018 247  9  4 2100  -25.9  954.9    7.0  102.0   74.0  444.0
2018 248  9  5 0000  -27.7  955.6    5.8   89.0   72.2  444.0
2018 248  9  5 0300  -30.9  956.6    3.9   93.0   68.7  444.0
2018 248  9  5 0600  -32.5  956.4    4.8  104.0   67.0  444.0
2018 248  9  5 0900  -32.5  957.4    4.9  102.0   67.0  444.0
2018 248  9  5 1200  -32.6  957.9    6.9  122.0   66.0  444.0
2018 248  9  5 1500  -33.9  958.5    5.5  154.0   65.0  444.0
2018 248  9  5 1800  -36.8  958.8    3.9  195.0   61.5  444.0
2018 248  9  5 2100  -34.3  959.9    3.7  179.0   64.0  444.0
2018 249  9  6 0000  -34.6  960.3    4.5  200.0   64.0  444.0
2018 249  9  6 0300  -37.0  959.9    3.6  209.0   61.0  444.0
2018 249  9  6 0600  -30.7  960.6    3.6  144.0   67.7  444.0
2018 249  9  6 0900  -25.7  959.9    2.5  222.0   73.0  444.0
2018 249  9  6 1200  -36.1  959.1    2.4  229.0   62.0  444.0
2018 249  9  6 1500  -37.5  958.2    4.0  219.0   60.0  444.0
2018 249  9  6 1800  -32.3  958.8    0.2  148.0   66.3  444.0
2018 249  9  6 2100  -29.4  959.2    3.4  167.0   69.0  444.0
2018 250  9  7 0000  -27.1  960.3    5.9  132.0   74.0  444.0
2018 250  9  7 0300  -28.9  959.2    4.3  149.0   71.0  444.0
2018 250  9  7 0600  -27.8  957.7    4.5  210.0   71.0  444.0
2018 250  9  7 0900  -30.4  955.7    4.9  221.0   70.0  444.0
2018 250  9  7 1200  -24.8  955.9    3.7  158.0   73.0  444.0
2018 250  9  7 1500  -26.4  956.0    4.6  167.0   71.9  444.0
2018 250  9  7 1800  -28.8  955.6    4.4  165.0   69.0  444.0
2018 250  9  7 2100  -27.2  956.7    4.7  158.0   71.9  444.0
2018 251  9  8 0000  -28.7  957.3    4.6  186.0   71.0  444.0
2018 251  9  8 0300  -23.5  958.6    5.5  146.0   76.0  444.0
2018 251  9  8 0600  -27.2  960.8    5.3  160.0   72.0  444.0
2018 251  9  8 0900  -26.0  962.4    7.6  141.0   74.0  444.0
2018 251  9  8 1200  -25.6  964.5    7.8  141.0   74.0  444.0
2018 251  9  8 1500  -25.8  966.3    9.2  126.0   74.2  444.0
2018 251  9  8 1800  -24.5  968.7    8.0  132.0   75.5  444.0
2018 251  9  8 2100  -24.3  970.8   10.5  128.0   76.0  444.0
2018 252  9  9 0000  -27.4  973.0    5.9  126.0   73.0  444.0
2018 252  9  9 0300  -27.0  974.6    8.0  138.0   72.5  444.0
2018 252  9  9 0600  -27.5  975.5    4.9  151.0   71.7  444.0
2018 252  9  9 0900  -28.1  976.0    4.2  167.0   70.0  444.0
2018 252  9  9 1200  -32.8  976.2    3.2  212.0   64.9  444.0
2018 252  9  9 1500  -26.4  977.1    2.5  199.0   72.6  444.0
2018 252  9  9 1800  -37.6  977.2    4.1  170.0   60.0  444.0
2018 252  9  9 2100  -37.3  977.6    3.3  186.0   61.0  444.0
2018 253  9 10 0000  -36.5  978.4    3.8  185.0   61.0  444.0
2018 253  9 10 0300  -37.5  978.9    3.1  184.0   59.0  444.0
2018 253  9 10 0600  -32.6  979.8    2.8  218.0   62.3  444.0
2018 253  9 10 0900  -33.2  980.5    3.0  277.0   64.0  444.0
2018 253  9 10 1200  -39.1  980.7    0.1  316.0   58.0  444.0
2018 253  9 10 1500  -42.6  981.5    2.9  283.0   55.0  444.0
2018 253  9 10 1800  -43.9  982.7    0.8   63.0   53.0  444.0
2018 253  9 10 2100  -37.8  983.4    2.5  115.0   56.0  444.0
2018 254  9 11 0000  -44.0  984.0    1.9  186.0   52.4  444.0
2018 254  9 11 0300  -35.8  984.8    3.1  108.0   57.0  444.0
2018 254  9 11 0600  -40.8  985.3    2.0  115.0   55.7  444.0
2018 254  9 11 0900  -31.5  985.8    2.7  134.0   60.0  444.0
2018 254  9 11 1200  -33.8  985.9    2.0  165.0   59.0  444.0
2018 254  9 11 1500  -33.3  985.8    2.9  163.0   61.0  444.0
2018 254  9 11 1800  -35.4  986.2    3.6  137.0   61.1  444.0
2018 254  9 11 2100  -34.9  986.9    3.6  152.0   59.0  444.0
2018 255  9 12 0000  -45.1  987.2    2.2  132.0   52.0  444.0
2018 255  9 12 0300  -45.2  987.4    1.0  172.0   52.2  444.0
2018 255  9 12 0600  -45.1  987.5    3.2  108.0   50.0  444.0
2018 255  9 12 0900  -45.9  986.8    1.5   49.0   49.6  444.0
2018 255  9 12 1200  -45.6  985.8    2.6  304.0   49.0  444.0
2018 255  9 12 1500  -46.5  984.8    1.3  273.0   48.6  444.0
2018 255  9 12 1800  -47.6  984.1    2.0  271.0   48.0  444.0
2018 255  9 12 2100  -47.4  984.4    1.3  238.0   49.0  444.0
2018 256  9 13 0000  -48.3  984.6    0.2  181.0   48.0  444.0
2018 256  9 13 0300  -49.1  984.5    1.3  145.0   47.0  444.0
2018 256  9 13 0600  -49.0  985.0    1.6   89.0   46.0  444.0
2018 256  9 13 0900  -46.7  984.2    1.6  100.0   49.0  444.0
2018 256  9 13 1200  -46.8  984.6    1.2  135.0   49.7  444.0
2018 256  9 13 1500  -44.4  983.9    2.8  110.0   51.0  444.0
2018 256  9 13 1800  -44.6  983.8    1.2  184.0   52.0  444.0
2018 256  9 13 2100  -42.2  983.7    0.9    1.0   54.0  444.0
2018 257  9 14 0000  -39.8  983.2    1.4  252.0   57.0  444.0
2018 257  9 14 0300  -41.9  982.3    1.4   79.0   55.0  444.0
2018 257  9 14 0600  -40.5  982.2    1.7  323.0   56.0  444.0
2018 257  9 14 0900  -39.9  981.7    2.6  158.0   56.0  444.0
2018 257  9 14 1200  -44.3  980.8    2.4  110.0   52.0  444.0
2018 257  9 14 1500  -43.1  980.0    3.2  180.0   52.0  444.0
2018 257  9 14 1800  -43.0  979.4    3.2  148.0   52.0  444.0
2018 257  9 14 2100  -42.4  978.7    3.4  165.0   54.0  444.0
2018 258  9 15 0000  -42.2  978.1    2.5  135.0   53.8  444.0
2018 258  9 15 0300  -44.7  976.8    3.8  182.0   51.0  444.0
2018 258  9 15 0600  -42.7  975.4    4.4  184.0   52.9  444.0
2018 258  9 15 0900  -38.6  975.2    5.3  207.0   57.0  444.0
2018 258  9 15 1200  -38.5  974.6    1.8  222.0   59.0  444.0
2018 258  9 15 1500  -40.7  974.3    3.9  238.0   55.0  444.0
2018 258  9 15 1800  -39.2  974.9    3.5  194.0   54.0  444.0
2018 258  9 15 2100  -35.5  976.4    5.1  117.0   60.0  444.0
2018 259  9 16 0000  -37.5  977.8    6.9  141.0   59.8  444.0
2018 259  9 16 0300  -39.4  980.0    5.5  130.0   58.3  444.0
2018 259  9 16 0600  -32.9  980.1    6.4  121.0   66.0  444.0
2018 259  9 16 0900  -27.9  981.0    9.5  116.0   71.8  444.0
2018 259  9 16 1200  -25.6  981.0   14.3   92.0   74.0  444.0
2018 259  9 16 1500  -25.8  981.9   14.1   83.0   74.0  444.0
2018 259  9 16 1800  -27.9  983.7    7.9  128.0   72.0  444.0
2018 259  9 16 2100  -26.7  984.2    7.1  120.0   73.0  444.0
2018 260  9 17 0000  -26.1  983.2    6.2  128.0   74.0  444.0
2018 260  9 17 0300  -27.7  982.1    3.9  164.0   71.9  444.0
2018 260  9 17 0600  -24.7  980.0    6.3  146.0   75.0  444.0
2018 260  9 17 0900  -22.0  978.3    8.8  140.0   78.0  444.0
2018 260  9 17 1200  -23.1  976.6    8.3  142.0   77.0  444.0
2018 260  9 17 1500  -20.9  975.3    9.0  126.0   78.0  444.0
2018 260  9 17 1800  -24.8  974.3    2.7  144.0   73.6  444.0
2018 260  9 17 2100  -23.3  973.1    6.7  135.0   74.0  444.0
2018 261  9 18 0000  -27.2  971.2    5.2  151.0   72.0  444.0
2018 261  9 18 0300  -25.8  970.7    4.9  141.0   72.0  444.0
2018 261  9 18 0600  -26.6  969.1    4.2  170.0   71.1  444.0
2018 261  9 18 0900  -26.1  967.9    4.6  139.0   70.0  444.0
2018 261  9 18 1200  -24.5  965.7    6.3  118.0   69.0  444.0
2018 261  9 18 1500  -24.2  964.1    5.6  132.0   69.0  444.0
2018 261  9 18 1800  -25.9  962.5    6.2  137.0   67.2  444.0
2018 261  9 18 2100  -25.5  960.8    3.8  173.0   66.0  444.0
2018 262  9 19 0000  -22.6  959.1    6.9  150.0   63.6  444.0
2018 262  9 19 0300  -19.6  957.7    8.6  142.0   60.0  444.0
2018 262  9 19 0600  -18.4  956.3   10.7  144.0   67.0  444.0
2018 262  9 19 0900  -16.2  955.5   11.5  146.0   61.0  444.0
2018 262  9 19 1200  -15.9  954.2   11.0  135.0   62.0  444.0
2018 262  9 19 1500  -14.7  954.1   14.2  122.0   79.0  444.0
2018 262  9 19 1800  -14.6  954.5   21.8  108.0   86.0  444.0
2018 262  9 19 2100  -17.0  957.8   17.1   87.0   83.5  444.0
2018 263  9 20 0000  -17.6  960.8   17.8   91.0   82.9  444.0
2018 263  9 20 0300  -18.9  963.1   17.2   90.0   81.4  444.0
2018 263  9 20 0600  -18.2  966.2   15.1   84.0   82.0  444.0
2018 263  9 20 0900  -18.8  967.7   16.4   94.0   82.0  444.0
2018 263  9 20 1200  -19.7  968.7   14.3   83.0   80.0  444.0
2018 263  9 20 1500  -20.2  968.2    4.8  164.0   78.9  444.0
2018 263  9 20 1800  -23.2  965.2    7.0  232.0   77.0  444.0
2018 263  9 20 2100  -14.8  962.2   11.2  193.0   80.0  444.0
2018 264  9 21 0000  -15.2  964.0    3.7  200.0   56.0  444.0
2018 264  9 21 0300  -15.9  965.2    6.3  182.0   59.0  444.0
2018 264  9 21 0600  -13.0  965.7    7.4  166.0   52.0  444.0
2018 264  9 21 0900  -16.6  967.7   14.0  112.0   73.0  444.0
2018 264  9 21 1200  -18.5  970.4   11.4   93.0   69.0  444.0
2018 264  9 21 1500  -20.1  972.7    7.0  127.0   62.0  444.0
2018 264  9 21 1800  -20.8  974.2    8.5  112.0   69.0  444.0
2018 264  9 21 2100  -20.7  976.4    9.4   87.0   71.1  444.0
2018 265  9 22 0000  -22.4  978.4    7.7   88.0   66.0  444.0
2018 265  9 22 0300  -24.7  979.6    3.5  132.0   69.8  444.0
2018 265  9 22 0600  -29.7  980.2    4.6  234.0   69.0  444.0
2018 265  9 22 0900  -32.6  981.0    3.2  242.0   62.1  444.0
2018 265  9 22 1200  -27.1  982.3    1.7   70.0   65.0  444.0
2018 265  9 22 1500  -31.4  982.3    3.5  269.0   65.0  444.0
2018 265  9 22 1800  -35.3  982.8    2.7  126.0   64.8  444.0
2018 265  9 22 2100  -32.4  983.0    3.7   94.0   60.0  444.0
2018 266  9 23 0000  -34.8  983.4    3.0  104.0   56.1  444.0
2018 266  9 23 0300  -34.6  982.9    3.2   93.0   56.0  444.0
2018 266  9 23 0600  -37.8  982.4    3.2  158.0   57.0  444.0
2018 266  9 23 0900  -38.2  981.9    4.1   85.0   59.0  444.0
2018 266  9 23 1200  -41.1  981.1    2.7  138.0   57.5  444.0
2018 266  9 23 1500  -43.3  979.8    2.9  178.0   55.0  444.0
2018 266  9 23 1800  -40.3  978.7    2.2  228.0   59.0  444.0
2018 266  9 23 2100  -41.2  977.5    4.4  249.0   55.0  444.0
2018 267  9 24 0000  -37.1  976.4    3.7  248.0   54.0  444.0
2018 267  9 24 0300  -37.0  975.4    4.7  240.0   55.0  444.0
2018 267  9 24 0600  -40.6  974.5    3.9  249.0   58.0  444.0
2018 267  9 24 0900  -41.0  973.8    3.9  250.0   59.0  444.0
2018 267  9 24 1200  -40.5  972.9    3.3  239.0   56.0  444.0
2018 267  9 24 1500  -40.0  971.2    3.5  236.0   56.2  444.0
2018 267  9 24 1800  -39.8  969.7    4.3  227.0   54.0  444.0
2018 267  9 24 2100  -34.1  968.7    4.0  197.0   45.0  444.0
2018 268  9 25 0000  -34.8  967.2    3.5  221.0   43.0  444.0
2018 268  9 25 0300  -30.5  966.4    4.3  207.0   42.1  444.0
2018 268  9 25 0600  -35.5  965.9    2.4  265.0   51.0  444.0
2018 268  9 25 0900  -23.7  965.9    6.0  165.0   48.0  444.0
2018 268  9 25 1200  -25.1  965.8    0.9   75.0   57.0  444.0
2018 268  9 25 1500  -26.6  965.5    3.3  133.0   64.7  444.0
2018 268  9 25 1800  -23.7  965.4    5.7  127.0   59.0  444.0
2018 268  9 25 2100  -26.6  965.4    1.7  134.0   61.6  444.0
2018 269  9 26 0000  -28.7  966.7    4.0  114.0   66.0  444.0
2018 269  9 26 0300  -33.0  968.3    4.1  102.0   63.0  444.0
2018 269  9 26 0600  -34.6  969.5    4.6   99.0   61.0  444.0
2018 269  9 26 0900  -35.3  971.7    3.0   87.0   61.0  444.0
2018 269  9 26 1200  -35.6  973.6    3.7   88.0   61.0  444.0
2018 269  9 26 1500  -35.8  975.1    4.8   98.0   59.8  444.0
2018 269  9 26 1800  -36.1  976.8    4.2   98.0   60.0  444.0
2018 269  9 26 2100  -35.1  977.6    5.1   98.0   60.0  444.0
2018 270  9 27 0000  -34.2  977.0    4.6  140.0   62.0  444.0
2018 270  9 27 0300  -31.8  974.0    5.6  144.0   66.0  444.0
2018 270  9 27 0600  -21.4  969.3   16.4   90.0   79.0  444.0
2018 270  9 27 0900  -17.5  964.3   19.7   91.0   83.0  444.0
2018 270  9 27 1200  -13.5  959.0   21.1   89.0   86.8  444.0
2018 270  9 27 1500  -14.5  954.9   24.8   88.0   86.0  444.0
2018 270  9 27 1800  -14.6  952.8   23.3   90.0   87.0  444.0
2018 270  9 27 2100  -11.9  952.8   23.4   81.0   89.0  444.0
2018 271  9 28 0000  -10.3  953.1   26.8   89.0   90.5  444.0
2018 271  9 28 0300   -9.5  953.5   24.6   97.0   91.0  444.0
2018 271  9 28 0600   -9.6  955.2   17.9   85.0   91.0  444.0
2018 271  9 28 0900   -9.4  956.1   17.0   76.0   91.0  444.0
2018 271  9 28 1200   -9.5  956.3   16.9   77.0   91.0  444.0
2018 271  9 28 1500   -9.7  957.5   17.2   83.0   91.0  444.0
2018 271  9 28 1800   -9.7  956.8   16.4   89.0   91.0  444.0
2018 271  9 28 2100   -8.7  955.6   14.0   80.0   91.0  444.0
2018 272  9 29 0000   -8.6  954.1   15.2   76.0   91.0  444.0
2018 272  9 29 0300   -8.1  952.4   14.9   79.0   92.0  444.0
2018 272  9 29 0600  -10.6  953.3   13.1   82.0   90.0  444.0
2018 272  9 29 0900   -8.6  952.8   15.3   80.0   91.0  444.0
2018 272  9 29 1200  -15.6  954.6   17.1   79.0   85.0  444.0
2018 272  9 29 1500  -18.5  958.2   13.8   77.0   82.5  444.0
2018 272  9 29 1800  -15.0  956.7   10.6   81.0   86.0  444.0
2018 272  9 29 2100  -11.4  953.1   13.9   90.0   89.0  444.0
2018 273  9 30 0000  -11.6  951.0   15.3   84.0   89.0  444.0
2018 273  9 30 0300  -13.1  950.7   14.6   75.0   87.3  444.0
2018 273  9 30 0600  -15.8  954.9   10.1   72.0   85.0  444.0
2018 273  9 30 0900  -22.1  959.6   12.8   74.0   79.0  444.0
2018 273  9 30 1200  -24.1  965.3   13.2   88.0   77.0  444.0
2018 273  9 30 1500  -25.8  969.5   14.3   86.0   75.0  444.0
2018 273  9 30 1800  -26.0  974.5   12.8   89.0   74.0  444.0
2018 273  9 30 2100  -26.4  979.7    8.9   79.0   74.0  444.0
