Year: 2018  Month: 08  ID: EMA  ARGOS:  8919  Name: Emma                
Lat: 84.00S  Lon: 175.01W  Elev:   79m
2018 213  8  1 0000  -44.7  993.2    5.5  262.0   52.0  444.0
2018 213  8  1 0300  -38.4  993.6    0.5   30.0   58.0  444.0
2018 213  8  1 0600  -43.5  992.7    2.7   46.0   52.0  444.0
2018 213  8  1 0900  -44.1  992.9    2.5   45.0   52.0  444.0
2018 213  8  1 1200  -48.2  994.2    2.4   99.0   49.0  444.0
2018 213  8  1 1500  -48.2  994.4    3.3   79.0   48.0  444.0
2018 213  8  1 1800  -49.6  995.8    2.8  108.0   47.0  444.0
2018 213  8  1 2100  -50.3  996.2    1.9  172.0   46.0  444.0
2018 214  8  2 0000  -50.3  995.5    0.5  227.0   46.1  444.0
2018 214  8  2 0300  -50.4  993.5    1.3  283.0   46.0  444.0
2018 214  8  2 0600  -48.8  991.9    2.8  289.0   48.0  444.0
2018 214  8  2 0900  -50.0  991.2    2.5  324.0   46.0  444.0
2018 214  8  2 1200  -50.5  989.1    1.7  302.0   46.0  444.0
2018 214  8  2 1500  -50.4  988.6    0.9  310.0   46.0  444.0
2018 214  8  2 1800  -51.6  989.7    2.6  105.0   44.7  444.0
2018 214  8  2 2100  -52.2  992.6    3.1  112.0   44.0  444.0
2018 215  8  3 0000  -52.2  994.6    3.5   83.0   44.0  444.0
2018 215  8  3 0300  -51.9  996.6    1.6   80.0   44.0  444.0
2018 215  8  3 0600  -52.6  998.0    1.8  106.0   44.0  444.0
2018 215  8  3 0900  -51.7  999.4    2.1   84.0   44.0  444.0
2018 215  8  3 1200  -50.9 1000.8    1.0  103.0   45.3  444.0
2018 215  8  3 1500  -51.0 1000.3    1.3   47.0   45.0  444.0
2018 215  8  3 1800  -50.8  999.5    0.9   29.0   45.0  444.0
2018 215  8  3 2100  -52.0  998.0    1.7  326.0   44.2  444.0
2018 216  8  4 0000  -52.9  995.8    1.9  321.0   43.0  444.0
2018 216  8  4 0300  -52.9  995.7    0.1  296.0   43.0  444.0
2018 216  8  4 0600  -53.1  995.8    0.9  319.0   43.0  444.0
2018 216  8  4 0900  -52.1  996.6    2.5  110.0   44.0  444.0
2018 216  8  4 1200  -52.3  995.4    1.9  171.0   45.0  444.0
2018 216  8  4 1500  -52.0  992.8    0.2   46.0   43.0  444.0
2018 216  8  4 1800  -51.9  989.4    2.0  256.0   44.0  444.0
2018 216  8  4 2100  -52.5  989.3    2.6  120.0   43.5  444.0
2018 217  8  5 0000  -51.9  988.2    1.8  172.0   44.0  444.0
2018 217  8  5 0300  -52.3  985.1    0.3  259.0   43.1  444.0
2018 217  8  5 0600  -50.4  982.7    1.1  177.0   45.0  444.0
2018 217  8  5 0900  -50.1  981.8    2.2  217.0   46.1  444.0
2018 217  8  5 1200  -50.2  980.0    2.0  242.0   46.0  444.0
2018 217  8  5 1500  -41.2  979.6    2.1  184.0   53.0  444.0
2018 217  8  5 1800  -36.1  978.6    3.7  142.0   57.4  444.0
2018 217  8  5 2100  -37.6  978.1    3.3  196.0   54.0  444.0
2018 218  8  6 0000  -32.8  977.4    0.8  136.0   62.0  444.0
2018 218  8  6 0300  -41.7  975.3    3.4  232.0   54.0  444.0
2018 218  8  6 0600  -39.3  976.2    4.6  132.0   58.0  444.0
2018 218  8  6 0900  -32.0  977.8   10.5  116.0   65.9  444.0
2018 218  8  6 1200  -33.9  979.5    9.6  102.0   65.0  444.0
2018 218  8  6 1500  -34.3  981.3    6.6  137.0   64.0  444.0
2018 218  8  6 1800  -32.2  981.9    8.0  141.0   66.0  444.0
2018 218  8  6 2100  -31.0  982.3    7.6  137.0   66.0  444.0
2018 219  8  7 0000  -36.8  980.2    3.9  204.0   61.5  444.0
2018 219  8  7 0300  -35.9  978.4    5.3  196.0   63.0  444.0
2018 219  8  7 0600  -31.5  976.4    5.2  182.0   66.0  444.0
2018 219  8  7 0900  -18.3  974.1   13.1  136.0   69.0  444.0
2018 219  8  7 1200  -18.1  972.9   10.8  116.0   81.0  444.0
2018 219  8  7 1500  -14.7  971.6   13.1  113.0   83.0  444.0
2018 219  8  7 1800  -13.5  971.3   17.6  101.0   82.6  444.0
2018 219  8  7 2100  -12.4  974.6   17.4  118.0   88.0  444.0
2018 220  8  8 0000  -18.8  980.5   11.5   93.0   80.0  444.0
2018 220  8  8 0300  -31.0  985.2    7.5   72.0   67.5  444.0
2018 220  8  8 0600  -30.4  988.4    4.4  149.0   68.0  444.0
2018 220  8  8 0900  -30.9  990.0    5.0  124.0   67.0  444.0
2018 220  8  8 1200  -30.7  992.2    3.4  150.0   67.0  444.0
2018 220  8  8 1500  -29.8  992.2    5.8  183.0   67.2  444.0
2018 220  8  8 1800  -27.4  992.1    5.5  135.0   64.1  444.0
2018 220  8  8 2100  -26.1  991.9    0.7  132.0   65.7  444.0
2018 221  8  9 0000  -19.3  991.3    6.7   97.0   58.0  444.0
2018 221  8  9 0300  -22.1  990.6    4.8  157.0   67.0  444.0
2018 221  8  9 0600  -23.4  991.5    7.7  119.0   67.0  444.0
2018 221  8  9 0900  -28.5  992.1    3.4  110.0   68.1  444.0
2018 221  8  9 1200  -28.4  991.6    3.8   80.0   71.0  444.0
2018 221  8  9 1500  -28.6  992.1    2.2   87.0   70.8  444.0
2018 221  8  9 1800  -26.2  991.7    3.1  155.0   74.0  444.0
2018 221  8  9 2100  -23.2  990.7    3.8  140.0   75.8  444.0
2018 222  8 10 0000  -28.2  990.0    6.5   80.0   71.4  444.0
2018 222  8 10 0300  -22.6  988.2    3.7  150.0   78.0  444.0
2018 222  8 10 0600  -19.3  986.6    7.3  148.0   77.0  444.0
2018 222  8 10 0900  -19.0  984.9    7.5  115.0   81.0  444.0
2018 222  8 10 1200  -16.3  982.6   13.0   58.0   83.8  444.0
2018 222  8 10 1500  -17.2  981.7   18.2   93.0   83.0  444.0
2018 222  8 10 1800  -17.1  982.5   14.7   93.0   83.5  444.0
2018 222  8 10 2100  -16.5  982.5   15.4   95.0   84.0  444.0
2018 223  8 11 0000  -17.4  984.0   12.6  106.0   83.0  444.0
2018 223  8 11 0300  -18.9  984.7    9.3  134.0   82.0  444.0
2018 223  8 11 0600  -20.4  985.8    8.6  118.0   80.0  444.0
2018 223  8 11 0900  -22.3  986.5    9.2  109.0   78.2  444.0
2018 223  8 11 1200  -22.2  985.6    7.6   96.0   78.0  444.0
2018 223  8 11 1500  -22.7  984.1    5.5   95.0   78.0  444.0
2018 223  8 11 1800  -22.7  982.3    3.8   91.0   76.0  444.0
2018 223  8 11 2100  -28.3  980.9    4.6  164.0   70.0  444.0
2018 224  8 12 0000  -29.1  980.8    4.8  126.0   70.0  444.0
2018 224  8 12 0300  -30.8  980.5    4.8  136.0   67.0  444.0
2018 224  8 12 0600  -31.8  979.9    4.2  117.0   66.0  444.0
2018 224  8 12 0900  -33.3  979.6    4.1  152.0   65.0  444.0
2018 224  8 12 1200  -32.2  979.2    4.2  135.0   67.0  444.0
2018 224  8 12 1500  -33.2  979.0    4.0  159.0   64.0  444.0
2018 224  8 12 1800  -30.8  977.3    4.5  194.0   66.0  444.0
2018 224  8 12 2100  -23.4  976.5    2.4  184.0   65.0  444.0
2018 225  8 13 0000  -27.6  975.7    0.5    5.0   60.0  444.0
2018 225  8 13 0300  -25.2  975.1    6.4  150.0   51.7  444.0
2018 225  8 13 0600  -20.6  974.5    8.7  145.0   66.0  444.0
2018 225  8 13 0900  -13.4  974.9   12.2  114.0   81.0  444.0
2018 225  8 13 1200  -13.9  973.0   20.9  100.0   65.0  444.0
2018 225  8 13 1500  -13.1  974.6   19.5  109.0   59.0  444.0
2018 225  8 13 1800  -13.1  975.1   19.9  100.0   87.0  444.0
2018 225  8 13 2100  -14.3  976.9   17.7  104.0   86.0  444.0
2018 226  8 14 0000  -12.9  977.8   18.4  149.0   87.0  444.0
2018 226  8 14 0300  -13.8  979.7   12.5   91.0   87.0  444.0
2018 226  8 14 0600  -12.4  980.3   13.8   89.0   88.0  444.0
2018 226  8 14 0900  -13.0  982.7   14.8   95.0   87.0  444.0
2018 226  8 14 1200  -15.0  984.1   15.2   88.0   85.0  444.0
2018 226  8 14 1500  -15.9  986.5   13.4   90.0   84.1  444.0
2018 226  8 14 1800  -21.8  990.0    6.1   87.0   78.3  444.0
2018 226  8 14 2100  -25.4  991.8    2.5  156.0   75.0  444.0
2018 227  8 15 0000  -23.9  992.5    3.4  221.0   75.9  444.0
2018 227  8 15 0300  -20.4  992.9    5.5  133.0   79.0  444.0
2018 227  8 15 0600  -20.4  992.8    4.0  143.0   80.0  444.0
2018 227  8 15 0900  -17.5  993.6    8.5  125.0   80.0  444.0
2018 227  8 15 1200  -21.4  994.4    4.5  102.0   77.1  444.0
2018 227  8 15 1500  -20.7  994.0    2.6  178.0   78.0  444.0
2018 227  8 15 1800  -21.5  994.2    3.6  184.0   77.0  444.0
2018 227  8 15 2100  -25.0  993.1    2.8  165.0   75.0  444.0
2018 228  8 16 0000  -25.9  992.5    1.6   46.0   73.8  444.0
2018 228  8 16 0300  -30.3  990.4    3.8  319.0   70.0  444.0
2018 228  8 16 0600  -28.2  988.2    4.0  292.0   72.0  444.0
2018 228  8 16 0900  -29.7  987.4    3.4  308.0   70.0  444.0
2018 228  8 16 1200  -31.7  987.7    1.7   70.0   67.6  444.0
2018 228  8 16 1500  -33.4  987.2    1.5   78.0   66.3  444.0
2018 228  8 16 1800  -36.3  987.0    2.3  123.0   63.0  444.0
2018 228  8 16 2100  -36.4  987.3    2.3   91.0   63.0  444.0
2018 229  8 17 0000  -36.9  987.3    4.7  133.0   62.0  444.0
2018 229  8 17 0300  -38.2  988.0    3.7  100.0   60.6  444.0
2018 229  8 17 0600  -39.6  988.1    2.9   93.0   59.1  444.0
2018 229  8 17 0900  -40.3  987.6    2.8   88.0   58.1  444.0
2018 229  8 17 1200  -41.1  987.8    3.3   65.0   57.0  444.0
2018 229  8 17 1500  -42.3  988.4    2.6  121.0   56.0  444.0
2018 229  8 17 1800  -42.8  988.3    3.5  102.0   55.0  444.0
2018 229  8 17 2100  -43.9  988.4    2.0   74.0   54.0  444.0
2018 230  8 18 0000  -44.8  989.3    3.2   92.0   53.0  444.0
2018 230  8 18 0300  -45.1  989.1    1.6  106.0   52.0  444.0
2018 230  8 18 0600  -46.0  989.3    1.4  136.0   51.0  444.0
2018 230  8 18 0900  -46.1  989.6    2.1  145.0   51.2  444.0
2018 230  8 18 1200  -45.8  989.5    1.6  107.0   51.6  444.0
2018 230  8 18 1500  -41.6  988.0    2.3  245.0   55.0  444.0
2018 230  8 18 1800  -42.4  986.3    3.7  280.0   55.1  444.0
2018 230  8 18 2100  -34.2  985.3    1.9  185.0   63.1  444.0
2018 231  8 19 0000  -42.2  984.1    1.0   20.0   55.0  444.0
2018 231  8 19 0300  -43.1  981.8    3.7  300.0   54.2  444.0
2018 231  8 19 0600  -44.4  980.5    2.5  314.0   53.0  444.0
2018 231  8 19 0900  -45.7  979.3    1.9  337.0   52.0  444.0
2018 231  8 19 1200  -45.8  978.7    2.3  316.0   51.0  444.0
2018 231  8 19 1500  -45.7  977.2    0.7  261.0   51.0  444.0
2018 231  8 19 1800  -45.7  976.5    1.5   78.0   50.8  444.0
2018 231  8 19 2100  -45.5  975.9    0.5  259.0   51.0  444.0
2018 232  8 20 0000  -45.2  974.7    1.5  160.0   51.6  444.0
2018 232  8 20 0300  -37.8  974.3    2.0  134.0   60.0  444.0
2018 232  8 20 0600  -31.1  974.7    2.7  142.0   67.6  444.0
2018 232  8 20 0900  -26.9  974.3    5.4   92.0   73.0  444.0
2018 232  8 20 1200  -25.6  975.6    6.7   69.0   74.7  444.0
2018 232  8 20 1500  -26.5  976.2    8.1   72.0   74.0  444.0
2018 232  8 20 1800  -28.1  977.8    4.2   88.0   72.0  444.0
2018 232  8 20 2100  -31.1  978.8    4.1   82.0   69.0  444.0
2018 233  8 21 0000  -37.0  981.3    8.0   69.0   63.0  444.0
2018 233  8 21 0300  -40.2  984.1    7.6   88.0   58.7  444.0
2018 233  8 21 0600  -39.1  985.8    7.7  116.0   60.0  444.0
2018 233  8 21 0900  -38.4  987.4    5.9  130.0   60.4  444.0
2018 233  8 21 1200  -37.2  987.8    7.5  117.0   61.0  444.0
2018 233  8 21 1500  -36.1  988.1    7.2  115.0   63.0  444.0
2018 233  8 21 1800  -35.5  988.6    7.4  120.0   63.0  444.0
2018 233  8 21 2100  -36.0  989.5    7.8  117.0   62.8  444.0
2018 234  8 22 0000  -34.5  990.0    7.6  109.0   65.0  444.0
2018 234  8 22 0300  -32.0  989.5    6.2  106.0   67.0  444.0
2018 234  8 22 0600  -31.7  989.5    6.0  105.0   67.0  444.0
2018 234  8 22 0900  -33.7  990.1    7.0  100.0   65.0  444.0
2018 234  8 22 1200  -35.1  990.7    4.1   98.0   63.5  444.0
2018 234  8 22 1500  -35.8  990.3    2.4   99.0   63.0  444.0
2018 234  8 22 1800  -37.2  989.8    1.0   69.0   61.0  444.0
2018 234  8 22 2100  -36.7  989.4    3.0  238.0   60.0  444.0
2018 235  8 23 0000  -38.5  988.9    2.6  213.0   59.7  444.0
2018 235  8 23 0300  -37.2  988.6    3.4  186.0   59.9  444.0
2018 235  8 23 0600  -39.5  988.1    3.6  146.0   58.0  444.0
2018 235  8 23 0900  -41.1  987.9    2.8  120.0   56.0  444.0
2018 235  8 23 1200  -39.4  987.8    5.0   98.0   58.0  444.0
2018 235  8 23 1500  -40.5  987.4    4.8   98.0   58.0  444.0
2018 235  8 23 1800  -40.8  987.3    4.8  104.0   56.6  444.0
2018 235  8 23 2100  -42.0  987.4    3.3  101.0   55.0  444.0
2018 236  8 24 0000  -39.9  986.8    4.6   98.0   58.0  444.0
2018 236  8 24 0300  -40.2  986.2    3.4  150.0   58.0  444.0
2018 236  8 24 0600  -41.7  985.7    3.4  140.0   55.0  444.0
2018 236  8 24 0900  -41.1  985.3    3.7  136.0   56.0  444.0
2018 236  8 24 1200  -41.2  985.6    2.8  127.0   55.6  444.0
2018 236  8 24 1500  -42.9  985.8    3.0  103.0   54.0  444.0
2018 236  8 24 1800  -41.9  985.8    3.0  141.0   54.2  444.0
2018 236  8 24 2100  -42.1  986.5    3.4  144.0   54.2  444.0
2018 237  8 25 0000  -42.4  986.8    4.2  147.0   54.0  444.0
2018 237  8 25 0300  -41.8  987.7    4.7  141.0   55.0  444.0
2018 237  8 25 0600  -40.8  988.0    3.9  137.0   56.1  444.0
2018 237  8 25 0900  -42.0  989.1    3.3  146.0   55.0  444.0
2018 237  8 25 1200  -41.2  990.3    3.3  155.0   56.0  444.0
2018 237  8 25 1500  -38.9  990.9    3.7  149.0   58.5  444.0
2018 237  8 25 1800  -40.6  991.4    3.8  150.0   56.0  444.0
2018 237  8 25 2100  -43.2  993.2    2.9  127.0   53.0  444.0
2018 238  8 26 0000  -41.9  993.7    3.8  127.0   55.0  444.0
2018 238  8 26 0300  -42.1  993.5    2.7  101.0   55.0  444.0
2018 238  8 26 0600  -42.5  993.3    3.4  128.0   54.0  444.0
2018 238  8 26 0900  -43.6  993.5    3.8   99.0   53.2  444.0
2018 238  8 26 1200  -45.8  992.2    2.4  167.0   51.0  444.0
2018 238  8 26 1500  -45.8  990.6    2.8  168.0   50.8  444.0
2018 238  8 26 1800  -42.0  988.9    3.8  156.0   54.0  444.0
2018 238  8 26 2100  -41.4  986.8    4.0  156.0   54.0  444.0
2018 239  8 27 0000  -42.6  984.9    3.3  186.0   53.0  444.0
2018 239  8 27 0300  -41.0  982.1    1.6  157.0   55.0  444.0
2018 239  8 27 0600  -39.3  980.1    2.5  172.0   56.0  444.0
2018 239  8 27 0900  -38.6  978.3    2.1  166.0   56.0  444.0
2018 239  8 27 1200  -41.4  976.0    2.2  102.0   54.0  444.0
2018 239  8 27 1500  -38.1  974.4    2.7  141.0   55.0  444.0
2018 239  8 27 1800  -44.4  972.2    2.6  211.0   52.3  444.0
2018 239  8 27 2100  -36.5  970.4    1.5  204.0   60.0  444.0
2018 240  8 28 0000  -37.8  968.4    1.9  264.0   59.0  444.0
2018 240  8 28 0300  -37.7  966.9    2.4  132.0   58.0  444.0
2018 240  8 28 0600  -37.0  966.8    2.5   99.0   57.7  444.0
2018 240  8 28 0900  -44.5  966.3    2.0  162.0   52.0  444.0
2018 240  8 28 1200  -41.0  965.4    2.3  207.0   54.0  444.0
2018 240  8 28 1500  -41.6  965.5    2.7  188.0   55.0  444.0
2018 240  8 28 1800  -39.5  965.0    4.0  147.0   57.0  444.0
2018 240  8 28 2100  -35.7  965.4    4.6  124.0   62.0  444.0
2018 241  8 29 0000  -32.8  965.3    6.6  127.0   66.0  444.0
2018 241  8 29 0300  -32.5  965.1    7.4  121.0   66.5  444.0
2018 241  8 29 0600  -32.2  965.3    6.9  114.0   67.0  444.0
2018 241  8 29 0900  -29.7  965.8    8.0  103.0   69.0  444.0
2018 241  8 29 1200  -28.3  966.3    9.0   90.0   71.0  444.0
2018 241  8 29 1500  -28.7  967.5    9.5   93.0   71.0  444.0
2018 241  8 29 1800  -29.5  968.7    5.4   88.0   69.9  444.0
2018 241  8 29 2100  -30.7  969.9    3.8   99.0   68.0  444.0
2018 242  8 30 0000  -32.4  971.2    2.4   62.0   66.9  444.0
2018 242  8 30 0300  -33.2  972.4    6.1   98.0   66.0  444.0
2018 242  8 30 0600  -32.5  972.9    3.3  128.0   67.0  444.0
2018 242  8 30 0900  -32.3  973.7    1.2  116.0   66.7  444.0
2018 242  8 30 1200  -33.2  973.0    2.1  157.0   66.0  444.0
2018 242  8 30 1500  -33.8  972.1    2.4  174.0   63.4  444.0
2018 242  8 30 1800  -33.1  970.4    3.7  217.0   66.0  444.0
2018 242  8 30 2100  -31.4  970.2    3.9  186.0   67.6  444.0
2018 243  8 31 0000  -27.7  969.4    5.4  120.0   72.0  444.0
2018 243  8 31 0300  -29.0  968.8    6.1  133.0   70.0  444.0
2018 243  8 31 0600  -31.7  967.6    3.8  176.0   66.0  444.0
2018 243  8 31 0900  -32.5  967.2    3.6  186.0   64.0  444.0
2018 243  8 31 1200  -36.0  966.3    2.9  269.0   62.0  444.0
2018 243  8 31 1500  -33.8  965.3    2.1  234.0   64.0  444.0
2018 243  8 31 1800  -30.6  963.9    3.0  319.0   62.0  444.0
2018 243  8 31 2100  -40.3  963.1    2.4  338.0   56.0  444.0
