Year: 2018  Month: 03  ID: EMA  ARGOS:  8919  Name: Emma                
Lat: 84.00S  Lon: 175.01W  Elev:   79m
2018  60  3  1 0000  -14.2  977.8    2.0   78.0   84.0  444.0
2018  60  3  1 0300  -14.0  977.6    2.3  137.0   80.9  444.0
2018  60  3  1 0600  -17.1  977.4    0.6  343.0   79.4  444.0
2018  60  3  1 0900  -18.9  977.4    1.7   29.0   82.3  444.0
2018  60  3  1 1200  -18.0  977.1    1.8   96.0   83.0  444.0
2018  60  3  1 1500  -16.6  976.6    1.9   91.0   80.0  444.0
2018  60  3  1 1800  -16.8  976.3    4.0   66.0   80.0  444.0
2018  60  3  1 2100  -16.1  976.0    5.9   77.0   72.0  444.0
2018  61  3  2 0000  -15.8  976.0    6.7   98.0   74.0  444.0
2018  61  3  2 0300  -15.5  975.7    5.5   83.0   69.7  444.0
2018  61  3  2 0600  -16.6  975.9    4.5   96.0   69.0  444.0
2018  61  3  2 0900  -17.7  976.6    3.5   96.0   69.1  444.0
2018  61  3  2 1200  -19.3  977.3    3.2  149.0   72.0  444.0
2018  61  3  2 1500  -18.7  977.3    1.6  195.0   69.0  444.0
2018  61  3  2 1800  -18.2  977.3    3.3  215.0   74.0  444.0
2018  61  3  2 2100  -17.2  977.4    3.3  210.0   69.5  444.0
2018  62  3  3 0000  -15.7  977.6    2.1  230.0   66.0  444.0
2018  62  3  3 0300  -17.1  976.7    5.1  220.0   70.0  444.0
2018  62  3  3 0600  -17.0  976.2    5.5  228.0   63.0  444.0
2018  62  3  3 0900  -17.7  976.2    1.7  198.0   69.0  444.0
2018  62  3  3 1200  -17.4  976.2    4.0  203.0   65.0  444.0
2018  62  3  3 1500  -21.3  975.0    4.3  230.0   67.0  444.0
2018  62  3  3 1800  -21.1  974.6    3.6  254.0   64.5  444.0
2018  62  3  3 2100  -27.1  975.0    3.7  280.0   63.9  444.0
2018  63  3  4 0000  -16.2  975.6    4.2  202.0   62.0  444.0
2018  63  3  4 0300  -18.4  976.3    2.4  297.0   69.0  444.0
2018  63  3  4 0600  -18.8  977.0    3.0  235.0   69.8  444.0
2018  63  3  4 0900  -18.1  978.2    2.3  265.0   70.0  444.0
2018  63  3  4 1200  -18.0  979.5    3.3  236.0   72.8  444.0
2018  63  3  4 1500  -18.4  980.2    4.2  240.0   72.0  444.0
2018  63  3  4 1800  -19.9  982.2    3.3  323.0   74.0  444.0
2018  63  3  4 2100  -19.3  984.7    1.1   95.0   72.0  444.0
2018  64  3  5 0000  -18.0  987.1    0.5  321.0   76.0  444.0
2018  64  3  5 0300  -19.4  988.8    2.0   73.0   79.0  444.0
2018  64  3  5 0600  -22.3  989.8    2.1  338.0   75.0  444.0
2018  64  3  5 0900  -30.1  990.4    1.9   38.0   70.0  444.0
2018  64  3  5 1200  -32.3  990.5    2.5   70.0   66.0  444.0
2018  64  3  5 1500  -37.1  990.4    5.5  342.0   61.2  444.0
2018  64  3  5 1800  -38.6  989.8    2.0  336.0   61.0  444.0
2018  64  3  5 2100  -35.8  989.5    1.2  312.0   64.0  444.0
2018  65  3  6 0000  -33.7  988.5    0.9  132.0   65.0  444.0
2018  65  3  6 0300  -33.5  987.2    2.1   78.0   65.6  444.0
2018  65  3  6 0600  -30.9  986.2    3.5   59.0   69.0  444.0
2018  65  3  6 0900  -27.3  984.7    4.4   78.0   73.0  444.0
2018  65  3  6 1200  -27.0  983.3    2.9   82.0   73.0  444.0
2018  65  3  6 1500  -26.6  981.4    3.6  118.0   74.0  444.0
2018  65  3  6 1800  -26.5  980.1    3.6  102.0   73.6  444.0
2018  65  3  6 2100  -27.8  978.4    2.3  170.0   72.0  444.0
2018  66  3  7 0000  -30.9  976.3    3.3  204.0   66.0  444.0
2018  66  3  7 0300  -30.5  973.5    3.8  182.0   67.3  444.0
2018  66  3  7 0600  -29.3  970.8    4.2  172.0   68.2  444.0
2018  66  3  7 0900  -29.3  968.0    5.0  193.0   59.0  444.0
2018  66  3  7 1200  -27.8  965.2    6.4  223.0   53.0  444.0
2018  66  3  7 1500  -26.1  962.4    5.8  221.0   52.0  444.0
2018  66  3  7 1800  -24.6  961.3    2.7  179.0   44.2  444.0
2018  66  3  7 2100  -15.7  959.9    4.1  187.0   57.0  444.0
2018  67  3  8 0000  -14.9  959.1    5.8  199.0   53.2  444.0
2018  67  3  8 0300  -11.1  957.5   17.3  122.0   89.0  444.0
2018  67  3  8 0600  -11.1  957.5   19.5  107.0   90.0  444.0
2018  67  3  8 0900  -11.2  958.2   19.2   94.0   90.0  444.0
2018  67  3  8 1200  -11.7  959.5   19.4   97.0   89.3  444.0
2018  67  3  8 1500  -11.9  960.6   19.1   90.0   89.0  444.0
2018  67  3  8 1800  -13.0  963.3   17.3   88.0   88.0  444.0
2018  67  3  8 2100  -18.8  967.2    7.8   69.0   83.0  444.0
2018  68  3  9 0000  -20.9  970.5    4.0   48.0   80.5  444.0
2018  68  3  9 0300  -20.7  972.2    0.2  112.0   81.0  444.0
2018  68  3  9 0600  -16.7  973.1    3.5  159.0   84.5  444.0
2018  68  3  9 0900  -15.2  973.9    5.3  107.0   86.0  444.0
2018  68  3  9 1200  -17.4  974.9    4.1  146.0   84.0  444.0
2018  68  3  9 1500  -16.5  975.0    6.0  122.0   84.6  444.0
2018  68  3  9 1800  -16.2  975.1    7.2  140.0   84.8  444.0
2018  68  3  9 2100  -16.2  975.5    6.5  134.0   85.0  444.0
2018  69  3 10 0000  -17.4  975.4    6.9  131.0   84.0  444.0
2018  69  3 10 0300  -17.1  975.1    6.7  151.0   83.8  444.0
2018  69  3 10 0600  -15.7  975.4    7.8  150.0   85.0  444.0
2018  69  3 10 0900  -14.9  975.6    7.1  144.0   85.7  444.0
2018  69  3 10 1200  -16.6  975.8    6.6  152.0   84.0  444.0
2018  69  3 10 1500  -16.0  976.6   10.5  125.0   84.6  444.0
2018  69  3 10 1800  -15.1  977.0   10.8  143.0   85.0  444.0
2018  69  3 10 2100  -13.6  976.7   13.1  130.0   86.7  444.0
2018  70  3 11 0000  -13.5  976.5   14.2   97.0   87.0  444.0
2018  70  3 11 0300  -13.1  977.2   14.9   96.0   88.0  444.0
2018  70  3 11 0600  -12.5  978.0   14.6   90.0   88.0  444.0
2018  70  3 11 0900  -12.8  978.9   13.5   89.0   88.0  444.0
2018  70  3 11 1200  -12.1  980.0   14.8   85.0   88.0  444.0
2018  70  3 11 1500  -10.8  980.6   12.6   80.0   89.0  444.0
2018  70  3 11 1800  -10.8  981.1   13.3   79.0   89.0  444.0
2018  70  3 11 2100  -10.1  982.0   13.8   93.0   89.1  444.0
2018  71  3 12 0000   -9.6  982.2   19.8  100.0   87.9  444.0
2018  71  3 12 0300   -9.9  982.0   14.0   79.0   86.0  444.0
2018  71  3 12 0600  -10.0  982.2   15.2   89.0   81.0  444.0
2018  71  3 12 0900  -10.4  982.6   12.5   93.0   77.8  444.0
2018  71  3 12 1200  -10.4  982.9   11.9   87.0   77.0  444.0
2018  71  3 12 1500  -12.0  982.9   12.3   77.0   78.0  444.0
2018  71  3 12 1800  -12.9  983.5   12.5   79.0   78.0  444.0
2018  71  3 12 2100  -13.3  984.4   11.3   75.0   74.0  444.0
2018  72  3 13 0000  -14.6  985.2    6.0   92.0   72.0  444.0
2018  72  3 13 0300  -15.0  984.5    7.6  138.0   69.0  444.0
2018  72  3 13 0600  -14.6  984.4    8.1  126.0   64.7  444.0
2018  72  3 13 0900  -16.5  984.1    6.2  146.0   67.0  444.0
2018  72  3 13 1200  -16.9  983.6    8.0  134.0   64.0  444.0
2018  72  3 13 1500  -18.2  983.7    6.7  142.0   62.0  444.0
2018  72  3 13 1800  -18.2  983.7    8.0  124.0   57.0  444.0
2018  72  3 13 2100  -18.6  983.5    6.5  145.0   54.0  444.0
2018  73  3 14 0000  -17.2  983.5    8.4  124.0   54.0  444.0
2018  73  3 14 0300  -19.4  983.2    5.5  149.0   59.0  444.0
2018  73  3 14 0600  -20.0  983.2    6.2  117.0   57.0  444.0
2018  73  3 14 0900  -23.9  983.0    4.4  172.0   59.0  444.0
2018  73  3 14 1200  -20.5  982.6    4.8  141.0   45.0  444.0
2018  73  3 14 1500  -20.1  982.1    5.9  125.0   42.0  444.0
2018  73  3 14 1800  -22.0  981.3    6.3  139.0   46.0  444.0
2018  73  3 14 2100  -19.8  979.7    6.0  141.0   45.0  444.0
2018  74  3 15 0000  -22.3  977.7    4.7  162.0   53.0  444.0
2018  74  3 15 0300  -20.9  974.8    4.7  165.0   47.7  444.0
2018  74  3 15 0600  -19.7  971.6    7.1  157.0   53.0  444.0
2018  74  3 15 0900  -21.5  969.3    7.9  106.0   53.2  444.0
2018  74  3 15 1200  -20.5  964.7    1.2  222.0   35.0  444.0
2018  74  3 15 1500  -22.9  961.6    2.0  128.0   55.0  444.0
2018  74  3 15 1800  -18.4  960.2    6.3  167.0   53.9  444.0
2018  74  3 15 2100  -21.0  958.7    3.2  194.0   50.0  444.0
2018  75  3 16 0000  -18.7  959.6    4.5  145.0   51.0  444.0
2018  75  3 16 0300  -14.0  958.7    6.6  209.0   51.1  444.0
2018  75  3 16 0600  -15.6  960.1    3.8  199.0   54.5  444.0
2018  75  3 16 0900  -17.9  960.7    4.1  239.0   60.0  444.0
2018  75  3 16 1200  -16.5  962.2    4.4  221.0   57.3  444.0
2018  75  3 16 1500  -12.0  963.3    5.6  176.0   82.0  444.0
2018  75  3 16 1800  -14.0  964.5   10.2   84.0   86.0  444.0
2018  75  3 16 2100  -19.2  966.3   11.4   75.0   81.0  444.0
2018  76  3 17 0000  -20.4  968.2   12.9   75.0   80.0  444.0
2018  76  3 17 0300  -18.6  966.4   15.9   84.0   82.0  444.0
2018  76  3 17 0600  -15.4  963.1   19.3   75.0   85.6  444.0
2018  76  3 17 0900   -9.8  959.4   20.7   97.0   91.0  444.0
2018  76  3 17 1200   -8.0  953.4   15.1   98.0   92.0  444.0
2018  76  3 17 1500   -7.2  949.2   19.2  100.0   93.0  444.0
2018  76  3 17 1800   -7.2  949.3   16.1   80.0   93.1  444.0
2018  76  3 17 2100   -6.9  950.0   14.3  107.0   93.0  444.0
2018  77  3 18 0000   -7.2  951.9   16.4   95.0   93.2  444.0
2018  77  3 18 0300   -7.9  954.8   14.9   85.0   92.0  444.0
2018  77  3 18 0600   -8.4  958.1   15.7   95.0   92.0  444.0
2018  77  3 18 0900   -9.0  960.2   16.0   78.0   91.8  444.0
2018  77  3 18 1200  -11.9  963.9   13.8   79.0   89.0  444.0
2018  77  3 18 1500  -12.6  968.3   12.1   83.0   89.0  444.0
2018  77  3 18 1800  -12.7  973.0   12.0   88.0   89.0  444.0
2018  77  3 18 2100  -12.7  977.6   12.0   82.0   88.0  444.0
2018  78  3 19 0000  -13.4  982.3    9.1  112.0   88.0  444.0
2018  78  3 19 0300  -13.1  986.1   10.0  134.0   88.0  444.0
2018  78  3 19 0600  -14.8  988.7    3.9  168.0   86.0  444.0
2018  78  3 19 0900  -14.6  990.1    1.7  278.0   84.0  444.0
2018  78  3 19 1200  -21.1  990.4    3.0  333.0   79.0  444.0
2018  78  3 19 1500  -24.7  990.6    2.7  320.0   76.0  444.0
2018  78  3 19 1800  -25.3  990.4    2.6  354.0   75.0  444.0
2018  78  3 19 2100  -25.1  989.6    2.5   63.0   75.5  444.0
2018  79  3 20 0000  -22.5  988.2    2.1   39.0   78.5  444.0
2018  79  3 20 0300  -25.4  987.0    0.9   81.0   75.0  444.0
2018  79  3 20 0600  -27.3  985.2    1.4   83.0   74.0  444.0
2018  79  3 20 0900  -22.7  984.3    0.9   90.0   78.3  444.0
2018  79  3 20 1200  -21.8  982.8    1.2  140.0   79.4  444.0
2018  79  3 20 1500  -22.3  981.4    1.3  101.0   79.0  444.0
2018  79  3 20 1800  -23.3  979.9    1.4  116.0   78.0  444.0
2018  79  3 20 2100  -24.7  978.4    1.0   95.0   76.0  444.0
2018  80  3 21 0000  -26.0  976.9    1.0   74.0   75.1  444.0
2018  80  3 21 0300  -28.4  975.9    1.0   87.0   72.0  444.0
2018  80  3 21 0600  -29.8  975.1    0.9  103.0   70.8  444.0
2018  80  3 21 0900  -30.0  975.4    0.6  158.0   70.0  444.0
2018  80  3 21 1200  -30.5  974.6    0.9  188.0   69.6  444.0
2018  80  3 21 1500  -29.9  974.0    0.9  211.0   70.1  444.0
2018  80  3 21 1800  -31.7  972.6    0.7  241.0   68.0  444.0
2018  80  3 21 2100  -25.4  970.9    5.8  235.0   75.0  444.0
2018  81  3 22 0000  -28.7  970.6    2.9  206.0   71.0  444.0
2018  81  3 22 0300  -25.7  970.9    2.9  172.0   74.2  444.0
2018  81  3 22 0600  -22.4  970.7    5.9  168.0   77.5  444.0
2018  81  3 22 0900  -22.9  970.5    4.0  166.0   77.0  444.0
2018  81  3 22 1200  -24.2  970.6    5.3  166.0   77.0  444.0
2018  81  3 22 1500  -22.0  969.6    4.5  154.0   78.2  444.0
2018  81  3 22 1800  -16.5  967.0    2.3  162.0   81.0  444.0
2018  81  3 22 2100  -21.3  966.3    3.7  185.0   77.0  444.0
2018  82  3 23 0000  -26.2  967.7    3.5  105.0   74.0  444.0
2018  82  3 23 0300  -25.5  969.6    5.5  116.0   75.0  444.0
2018  82  3 23 0600  -24.5  970.1    1.8  223.0   76.0  444.0
2018  82  3 23 0900  -21.7  970.5    3.6  178.0   77.6  444.0
2018  82  3 23 1200  -22.1  972.1    0.7  167.0   78.0  444.0
2018  82  3 23 1500  -15.1  973.5    5.0  176.0   86.0  444.0
2018  82  3 23 1800   -9.6  974.2    2.6  189.0   90.0  444.0
2018  82  3 23 2100  -11.2  974.8    6.4  161.0   89.0  444.0
2018  83  3 24 0000   -9.4  976.7    7.0  125.0   90.0  444.0
2018  83  3 24 0300  -10.9  980.1   17.3  106.0   89.0  444.0
2018  83  3 24 0600   -9.3  980.1   12.2  113.0   86.2  444.0
2018  83  3 24 0900   -8.6  980.3   11.1  108.0   88.0  444.0
2018  83  3 24 1200   -9.2  979.4   19.5   90.0   86.0  444.0
2018  83  3 24 1500  -10.0  981.2   10.1  105.0   80.0  444.0
2018  83  3 24 1800  -14.4  982.1    5.3  154.0   80.0  444.0
2018  83  3 24 2100  -13.8  980.9    4.0  158.0   76.0  444.0
2018  84  3 25 0000  -12.8  981.6    2.7  117.0   64.7  444.0
2018  84  3 25 0300  -11.4  980.3    6.4  144.0   55.8  444.0
2018  84  3 25 0600  -16.1  978.6    4.1  180.0   65.0  444.0
2018  84  3 25 0900  -17.5  977.7    4.3  184.0   60.0  444.0
2018  84  3 25 1200  -17.3  976.4    3.4  176.0   61.0  444.0
2018  84  3 25 1500  -20.1  975.4    3.3  148.0   63.0  444.0
2018  84  3 25 1800  -22.0  976.2    4.4  157.0   66.0  444.0
2018  84  3 25 2100  -20.4  977.1    4.6  142.0   61.0  444.0
2018  85  3 26 0000  -20.2  978.2    5.0  126.0   60.8  444.0
2018  85  3 26 0300  -18.9  979.6    5.9  143.0   56.0  444.0
2018  85  3 26 0600  -21.2  980.8    3.7  128.0   61.2  444.0
2018  85  3 26 0900  -23.9  981.9    3.3  179.0   67.2  444.0
2018  85  3 26 1200  -22.7  983.3    2.8  147.0   66.0  444.0
2018  85  3 26 1500  -26.4  984.6    3.0  131.0   70.0  444.0
2018  85  3 26 1800  -22.9  985.4    4.5  114.0   63.7  444.0
2018  85  3 26 2100  -19.6  985.1    5.0  229.0   53.0  444.0
2018  86  3 27 0000  -24.0  985.2    1.5  308.0   59.0  444.0
2018  86  3 27 0300  -22.3  985.1    1.8  323.0   61.0  444.0
2018  86  3 27 0600  -22.6  984.5    3.8  170.0   60.0  444.0
2018  86  3 27 0900  -24.2  985.1    2.6  298.0   55.7  444.0
2018  86  3 27 1200  -19.5  986.2    2.5  226.0   55.0  444.0
2018  86  3 27 1500  -15.8  987.6    0.8  233.0   41.0  444.0
2018  86  3 27 1800  -21.5  987.6    2.6  220.0   56.0  444.0
2018  86  3 27 2100  -19.6  987.7    4.7  202.0   54.0  444.0
2018  87  3 28 0000  -17.5  987.8    3.8  193.0   50.0  444.0
2018  87  3 28 0300  -20.8  988.0    3.0  220.0   54.0  444.0
2018  87  3 28 0600  -12.2  988.5    0.4   36.0   44.0  444.0
2018  87  3 28 0900  -15.9  988.7    3.4  193.0   53.0  444.0
2018  87  3 28 1200  -20.0  989.4    4.0  174.0   54.3  444.0
2018  87  3 28 1500  -21.8  989.9    4.0  183.0   60.0  444.0
2018  87  3 28 1800  -22.3  990.2    4.3  151.0   64.0  444.0
2018  87  3 28 2100  -25.1  990.5    4.1  199.0   65.0  444.0
2018  88  3 29 0000  -21.6  991.1    3.2  102.0   59.4  444.0
2018  88  3 29 0300  -15.3  991.4    6.1  133.0   51.0  444.0
2018  88  3 29 0600  -18.9  991.3    5.6  165.0   61.0  444.0
2018  88  3 29 0900  -17.6  991.6    2.4   94.0   54.9  444.0
2018  88  3 29 1200  -18.1  992.0    1.6  154.0   68.0  444.0
2018  88  3 29 1500  -16.0  991.1    2.4  177.0   71.6  444.0
2018  88  3 29 1800  -19.8  990.9    2.2  328.0   68.0  444.0
2018  88  3 29 2100  -13.5  990.3    1.6  155.0   51.0  444.0
2018  89  3 30 0000  -19.3  989.6    4.3  159.0   60.0  444.0
2018  89  3 30 0300  -20.4  989.2    4.8  161.0   58.0  444.0
2018  89  3 30 0600  -21.9  988.7    0.7  209.0   39.1  444.0
2018  89  3 30 0900  -25.2  988.2    3.1  230.0   65.0  444.0
2018  89  3 30 1200  -23.1  988.9    2.4  175.0   60.0  444.0
2018  89  3 30 1500  -28.8  988.7    3.8  207.0   68.0  444.0
2018  89  3 30 1800  -23.6  989.2    3.7  212.0   63.9  444.0
2018  89  3 30 2100  -20.2  990.3    3.1  141.0   65.0  444.0
2018  90  3 31 0000  -15.9  991.2    5.2  145.0   57.4  444.0
2018  90  3 31 0300  -15.1  991.8    5.9  140.0   65.0  444.0
2018  90  3 31 0600  -12.4  992.0    7.5  148.0   53.0  444.0
2018  90  3 31 0900  -15.9  992.3    6.8  156.0   67.0  444.0
2018  90  3 31 1200  -15.3  992.3    6.5  141.0   71.1  444.0
2018  90  3 31 1500  -16.2  992.2    5.4  129.0   72.0  444.0
2018  90  3 31 1800  -18.8  992.2    4.9  168.0   71.0  444.0
2018  90  3 31 2100  -19.9  991.9    5.2  146.0   67.0  444.0
