Year: 2018  Month: 07  ID: EMA  ARGOS:  8919  Name: Emma                
Lat: 84.00S  Lon: 175.01W  Elev:   79m
2018 182  7  1 0000  -32.2  985.8    5.0  145.0   53.0  444.0
2018 182  7  1 0300  -30.8  984.3    6.7  123.0   55.6  444.0
2018 182  7  1 0600  -29.7  983.0    7.0  121.0   57.0  444.0
2018 182  7  1 0900  -29.4  982.1    6.4  136.0   53.4  444.0
2018 182  7  1 1200  -30.0  981.3    6.0  122.0   57.0  444.0
2018 182  7  1 1500  -29.0  980.9    4.8  126.0   56.0  444.0
2018 182  7  1 1800  -30.2  981.5    4.2  146.0   52.0  444.0
2018 182  7  1 2100  -31.9  982.5    3.2  155.0   52.8  444.0
2018 183  7  2 0000  -31.2  983.2    3.7  170.0   54.0  444.0
2018 183  7  2 0300  -29.5  983.3    3.7  172.0   50.1  444.0
2018 183  7  2 0600  -30.6  983.4    4.1  187.0   54.0  444.0
2018 183  7  2 0900  -23.9  982.5    4.4  174.0   35.0  444.0
2018 183  7  2 1200  -22.5  981.4    5.3  150.0   40.4  444.0
2018 183  7  2 1500  -22.2  978.6    4.5  214.0   48.0  444.0
2018 183  7  2 1800  -20.0  975.6    6.7  216.0   42.0  444.0
2018 183  7  2 2100  -18.2  973.7    7.1  212.0   46.0  444.0
2018 184  7  3 0000  -17.1  972.4    7.8  222.0   82.5  444.0
2018 184  7  3 0300  -13.1  974.8    6.8  185.0   87.0  444.0
2018 184  7  3 0600  -29.5  979.8   15.4   99.0   70.3  444.0
2018 184  7  3 0900  -31.5  987.0   11.1  109.0   68.0  444.0
2018 184  7  3 1200  -28.6  990.1    7.4   98.0   71.5  444.0
2018 184  7  3 1500  -27.9  991.7    4.1  115.0   72.0  444.0
2018 184  7  3 1800  -28.3  991.8    5.3  108.0   71.7  444.0
2018 184  7  3 2100  -29.2  992.1    2.5   51.0   71.0  444.0
2018 185  7  4 0000  -32.2  992.4    3.0  301.0   67.0  444.0
2018 185  7  4 0300  -34.0  992.4    3.5  298.0   65.0  444.0
2018 185  7  4 0600  -34.4  992.7    3.2  325.0   64.0  444.0
2018 185  7  4 0900  -34.4  994.7    3.2  346.0   65.0  444.0
2018 185  7  4 1200  -36.3  997.1    2.6   82.0   62.0  444.0
2018 185  7  4 1500  -37.0  999.2    5.1  100.0   62.0  444.0
2018 185  7  4 1800  -37.0  999.5    3.2  120.0   61.7  444.0
2018 185  7  4 2100  -39.1  999.2    1.9  134.0   59.0  444.0
2018 186  7  5 0000  -39.4  997.0    2.6  146.0   59.0  444.0
2018 186  7  5 0300  -40.0  995.8    2.8  189.0   58.0  444.0
2018 186  7  5 0600  -37.2  993.8    1.7  196.0   61.0  444.0
2018 186  7  5 0900  -34.3  992.5    0.4  255.0   64.0  444.0
2018 186  7  5 1200  -33.0  990.5    1.8  169.0   66.0  444.0
2018 186  7  5 1500  -32.8  988.7    1.2  251.0   66.0  444.0
2018 186  7  5 1800  -33.0  986.3    2.9  177.0   66.0  444.0
2018 186  7  5 2100  -31.1  984.0    3.2  139.0   68.2  444.0
2018 187  7  6 0000  -30.2  981.8    4.9  123.0   69.0  444.0
2018 187  7  6 0300  -29.9  979.0    2.9  181.0   69.7  444.0
2018 187  7  6 0600  -28.7  976.4    4.0  200.0   71.0  444.0
2018 187  7  6 0900  -26.6  974.6    3.6  180.0   73.0  444.0
2018 187  7  6 1200  -28.7  973.5    3.3  219.0   71.0  444.0
2018 187  7  6 1500  -28.7  973.3    2.4  194.0   71.2  444.0
2018 187  7  6 1800  -31.2  972.6    2.7  298.0   67.0  444.0
2018 187  7  6 2100  -31.9  973.9    3.7   70.0   67.0  444.0
2018 188  7  7 0000  -36.4  974.7    2.4  336.0   62.0  444.0
2018 188  7  7 0300  -35.7  975.3    2.8  252.0   63.0  444.0
2018 188  7  7 0600  -37.6  976.7    2.2  149.0   60.1  444.0
2018 188  7  7 0900  -39.4  978.9    3.7  105.0   59.0  444.0
2018 188  7  7 1200  -42.1  980.4    2.0  120.0   55.9  444.0
2018 188  7  7 1500  -45.4  981.9    2.3  151.0   52.0  444.0
2018 188  7  7 1800  -45.7  982.7    2.9  174.0   51.6  444.0
2018 188  7  7 2100  -44.6  983.0    3.3  149.0   52.0  444.0
2018 189  7  8 0000  -43.4  984.0    4.4  139.0   54.6  444.0
2018 189  7  8 0300  -40.2  983.8    5.5  147.0   57.0  444.0
2018 189  7  8 0600  -36.5  983.9    7.7  133.0   61.6  444.0
2018 189  7  8 0900  -39.3  983.8    3.6  176.0   58.1  444.0
2018 189  7  8 1200  -33.7  982.5    1.1  212.0   65.0  444.0
2018 189  7  8 1500  -41.5  982.1    4.1  268.0   54.8  444.0
2018 189  7  8 1800  -45.0  980.9    2.3  264.0   51.0  444.0
2018 189  7  8 2100  -44.6  979.8    2.2  274.0   52.5  444.0
2018 190  7  9 0000  -47.2  978.3    2.7  280.0   49.2  444.0
2018 190  7  9 0300  -50.1  977.2    2.4  286.0   47.0  444.0
2018 190  7  9 0600  -51.1  976.7    0.8  314.0   45.0  444.0
2018 190  7  9 0900  -51.4  976.3    1.1  328.0   45.0  444.0
2018 190  7  9 1200  -50.7  976.3    0.1  356.0   45.0  444.0
2018 190  7  9 1500  -53.1  975.6    0.2  193.0   43.0  444.0
2018 190  7  9 1800  -52.4  975.5    2.2   90.0   43.0  444.0
2018 190  7  9 2100  -48.0  975.9    1.6  106.0   44.0  444.0
2018 191  7 10 0000  -51.2  976.3    0.9  254.0   43.0  444.0
2018 191  7 10 0300  -50.3  976.3    0.4  221.0   45.8  444.0
2018 191  7 10 0600  -47.0  976.6    0.9  243.0   49.0  444.0
2018 191  7 10 0900  -47.4  977.0    1.7  281.0   48.0  444.0
2018 191  7 10 1200  -45.0  976.9    3.0  230.0   50.2  444.0
2018 191  7 10 1500  -46.1  976.6    1.1  254.0   50.0  444.0
2018 191  7 10 1800  -51.9  976.8    3.4  116.0   43.5  444.0
2018 191  7 10 2100  -48.7  976.4    2.7  173.0   46.3  444.0
2018 192  7 11 0000  -46.4  974.8    3.3  132.0   48.0  444.0
2018 192  7 11 0300  -42.5  972.4    3.6  159.0   52.0  444.0
2018 192  7 11 0600  -46.0  970.0    2.1  176.0   49.8  444.0
2018 192  7 11 0900  -42.7  966.5    3.8  198.0   54.0  444.0
2018 192  7 11 1200  -42.9  962.9    3.4  198.0   52.0  444.0
2018 192  7 11 1500  -39.2  958.9    5.1  230.0   56.0  444.0
2018 192  7 11 1800  -36.6  955.4    4.6  209.0   59.0  444.0
2018 192  7 11 2100  -37.7  952.3    4.8  238.0   58.0  444.0
2018 193  7 12 0000  -37.6  949.6    4.7  216.0   60.0  444.0
2018 193  7 12 0300  -38.1  947.7    4.9  242.0   60.0  444.0
2018 193  7 12 0600  -24.5  946.4    8.2  196.0   75.6  444.0
2018 193  7 12 0900  -18.5  945.8    8.8  142.0   82.0  444.0
2018 193  7 12 1200  -18.6  945.0    7.5  172.0   82.0  444.0
2018 193  7 12 1500  -18.5  945.1    6.4  176.0   82.0  444.0
2018 193  7 12 1800  -17.1  946.7    5.8  170.0   83.1  444.0
2018 193  7 12 2100  -15.6  949.2    5.6  158.0   85.0  444.0
2018 194  7 13 0000  -13.6  952.2   22.6  115.0   86.9  444.0
2018 194  7 13 0300  -14.4  956.5   22.0  102.0   87.0  444.0
2018 194  7 13 0600  -17.6  960.0   23.1   92.0   83.6  444.0
2018 194  7 13 0900  -27.7  967.8   14.8   79.0   73.3  444.0
2018 194  7 13 1200  -20.8  969.1   13.9   98.0   80.0  444.0
2018 194  7 13 1500  -16.5  966.9   12.5  102.0   84.4  444.0
2018 194  7 13 1800  -20.4  963.3    5.4  217.0   81.0  444.0
2018 194  7 13 2100  -18.5  958.3    9.6  222.0   81.7  444.0
2018 195  7 14 0000  -16.4  957.2    4.8  194.0   83.0  444.0
2018 195  7 14 0300  -16.1  955.2    3.5  185.0   84.0  444.0
2018 195  7 14 0600  -13.4  957.1    5.3  196.0   86.0  444.0
2018 195  7 14 0900  -14.0  959.9   24.6  119.0   86.8  444.0
2018 195  7 14 1200  -17.9  964.3   16.9   98.0   83.0  444.0
2018 195  7 14 1500  -16.6  967.5   21.6  102.0   84.5  444.0
2018 195  7 14 1800  -18.6  970.3   20.4   92.0   83.0  444.0
2018 195  7 14 2100  -18.6  972.9   20.1   91.0   83.0  444.0
2018 196  7 15 0000  -19.6  976.9   18.2   84.0   81.7  444.0
2018 196  7 15 0300  -19.9  979.8    9.9   88.0   81.3  444.0
2018 196  7 15 0600  -21.4  980.5    4.4   96.0   79.0  444.0
2018 196  7 15 0900  -26.9  979.0    4.1  155.0   74.0  444.0
2018 196  7 15 1200  -27.2  976.9    4.5  212.0   72.9  444.0
2018 196  7 15 1500  -25.8  974.6    5.8  225.0   74.0  444.0
2018 196  7 15 1800  -27.1  972.7    4.5  225.0   73.0  444.0
2018 196  7 15 2100  -28.5  971.2    0.0    0.0   71.0  444.0
2018 197  7 16 0000  -32.0  970.5    0.0    0.0   67.0  444.0
2018 197  7 16 0300  -28.5  968.9    6.9  263.0   70.0  444.0
2018 197  7 16 0600  -32.8  969.5    1.9  155.0   66.9  444.0
2018 197  7 16 0900  -34.6  969.2    1.6  184.0   64.0  444.0
2018 197  7 16 1200  -35.3  968.9    3.7  209.0   63.0  444.0
2018 197  7 16 1500  -27.3  968.4    4.3  215.0   70.0  444.0
2018 197  7 16 1800  -29.6  968.2    0.6  168.0   70.0  444.0
2018 197  7 16 2100  -27.7  967.1    8.2  268.0   71.0  444.0
2018 198  7 17 0000  -30.9  966.4    2.8  232.0   67.1  444.0
2018 198  7 17 0300  -37.6  966.3    2.0  194.0   62.0  444.0
2018 198  7 17 0600  -32.1  966.7    3.0  144.0   64.8  444.0
2018 198  7 17 0900  -28.8  966.3    1.2   52.0   71.1  444.0
2018 198  7 17 1200  -27.1  966.6    2.6  253.0   70.0  444.0
2018 198  7 17 1500  -26.0  966.0    8.3  174.0   74.0  444.0
2018 198  7 17 1800  -20.8  967.2   12.5  180.0   80.0  444.0
2018 198  7 17 2100  -19.7  968.3   10.1  172.0   81.0  444.0
2018 199  7 18 0000  -19.0  970.0    6.1  142.0   82.0  444.0
2018 199  7 18 0300  -17.4  969.9   15.8  124.0   83.4  444.0
2018 199  7 18 0600  -17.4  970.2   16.5  117.0   83.0  444.0
2018 199  7 18 0900  -20.9  970.4    9.3   96.0   80.1  444.0
2018 199  7 18 1200  -21.6  969.6    6.0  139.0   79.0  444.0
2018 199  7 18 1500  -22.8  966.9    5.0  142.0   77.8  444.0
2018 199  7 18 1800  -23.5  963.0    2.4  224.0   74.0  444.0
2018 199  7 18 2100  -27.0  958.4    5.6  239.0   74.0  444.0
2018 200  7 19 0000  -29.3  955.0    4.6  237.0   71.0  444.0
2018 200  7 19 0300  -29.5  952.4    4.1  235.0   69.9  444.0
2018 200  7 19 0600  -25.0  950.8    4.0  231.0   74.2  444.0
2018 200  7 19 0900  -15.7  949.5    8.5  215.0   84.0  444.0
2018 200  7 19 1200  -13.0  949.4    8.7  185.0   87.0  444.0
2018 200  7 19 1500  -12.8  950.6   15.8  108.0   88.0  444.0
2018 200  7 19 1800  -25.0  956.9   11.3   93.0   76.0  444.0
2018 200  7 19 2100  -25.4  962.0   13.3   77.0   76.0  444.0
2018 201  7 20 0000  -25.0  966.8   12.8   94.0   76.0  444.0
2018 201  7 20 0300  -24.8  969.3    8.1   87.0   76.0  444.0
2018 201  7 20 0600  -21.8  970.1   12.8  104.0   79.3  444.0
2018 201  7 20 0900  -23.5  970.1    9.0  105.0   77.0  444.0
2018 201  7 20 1200  -25.5  969.6    2.9  171.0   73.0  444.0
2018 201  7 20 1500  -26.9  968.1    5.6  212.0   73.0  444.0
2018 201  7 20 1800  -15.9  967.5   10.7  136.0   84.8  444.0
2018 201  7 20 2100  -16.0  966.8   12.5  121.0   85.0  444.0
2018 202  7 21 0000  -18.9  967.4   11.3   88.0   82.0  444.0
2018 202  7 21 0300  -21.9  968.9    6.6  103.0   79.0  444.0
2018 202  7 21 0600  -20.3  968.6    8.0  111.0   80.0  444.0
2018 202  7 21 0900  -21.3  968.7    5.1  145.0   80.0  444.0
2018 202  7 21 1200  -19.9  967.2    5.9  131.0   80.7  444.0
2018 202  7 21 1500  -17.6  966.0    9.3  144.0   83.0  444.0
2018 202  7 21 1800  -18.4  964.7    8.1  154.0   82.3  444.0
2018 202  7 21 2100  -17.9  964.1    8.7  107.0   82.5  444.0
2018 203  7 22 0000  -19.4  963.6    7.5  140.0   81.0  444.0
2018 203  7 22 0300  -18.3  962.8    8.5  137.0   82.0  444.0
2018 203  7 22 0600  -19.3  961.4    3.0  131.0   81.0  444.0
2018 203  7 22 0900  -15.1  960.3    7.6  160.0   85.0  444.0
2018 203  7 22 1200  -15.1  959.9   12.4  124.0   85.0  444.0
2018 203  7 22 1500  -16.8  959.8   19.0  102.0   84.0  444.0
2018 203  7 22 1800  -18.0  962.7   15.7   92.0   83.0  444.0
2018 203  7 22 2100  -18.2  966.1   14.1   91.0   82.6  444.0
2018 204  7 23 0000  -19.4  969.6   10.2   96.0   82.0  444.0
2018 204  7 23 0300  -19.8  972.1    9.4  111.0   80.7  444.0
2018 204  7 23 0600  -22.0  974.5    7.1  126.0   79.0  444.0
2018 204  7 23 0900  -21.5  976.4    6.5  136.0   79.0  444.0
2018 204  7 23 1200  -22.9  976.6    5.3  151.0   77.0  444.0
2018 204  7 23 1500  -23.5  976.6    6.0  110.0   75.0  444.0
2018 204  7 23 1800  -24.0  976.4    4.9  141.0   75.0  444.0
2018 204  7 23 2100  -25.9  975.7    3.8  140.0   74.0  444.0
2018 205  7 24 0000  -32.8  974.1    3.5  209.0   66.0  444.0
2018 205  7 24 0300  -30.0  973.0    2.5  209.0   67.0  444.0
2018 205  7 24 0600  -30.6  972.2    4.6   98.0   67.5  444.0
2018 205  7 24 0900  -37.6  973.3    2.7  168.0   61.0  444.0
2018 205  7 24 1200  -28.6  972.9    5.8  177.0   71.0  444.0
2018 205  7 24 1500  -24.9  975.0    7.6  126.0   75.0  444.0
2018 205  7 24 1800  -29.3  977.5    7.5  113.0   70.0  444.0
2018 205  7 24 2100  -30.1  979.3    7.4   88.0   69.0  444.0
2018 206  7 25 0000  -33.4  979.5    3.2  186.0   65.4  444.0
2018 206  7 25 0300  -34.2  977.4    4.0  220.0   64.0  444.0
2018 206  7 25 0600  -32.5  974.0    0.3  226.0   65.5  444.0
2018 206  7 25 0900  -34.3  972.0    2.4   19.0   64.0  444.0
2018 206  7 25 1200  -36.5  973.2    2.7  160.0   62.0  444.0
2018 206  7 25 1500  -36.0  973.2    1.6   42.0   62.0  444.0
2018 206  7 25 1800  -30.4  973.8    5.0  122.0   67.2  444.0
2018 206  7 25 2100  -24.4  975.7    3.7  167.0   76.0  444.0
2018 207  7 26 0000  -24.1  973.2    8.8  216.0   75.0  444.0
2018 207  7 26 0300  -21.4  976.4    5.8  137.0   77.5  444.0
2018 207  7 26 0600  -20.0  978.4    9.6  141.0   80.0  444.0
2018 207  7 26 0900  -20.9  980.9    7.4  154.0   79.6  444.0
2018 207  7 26 1200  -21.1  982.4    6.8  139.0   78.0  444.0
2018 207  7 26 1500  -21.6  983.4    5.8  128.0   77.0  444.0
2018 207  7 26 1800  -25.7  983.2    2.0  133.0   72.0  444.0
2018 207  7 26 2100  -24.6  983.0    1.8  195.0   73.2  444.0
2018 208  7 27 0000  -28.9  981.8    4.9  248.0   70.0  444.0
2018 208  7 27 0300  -29.6  981.4    4.4   67.0   68.0  444.0
2018 208  7 27 0600  -27.6  979.9    3.7  162.0   71.0  444.0
2018 208  7 27 0900  -30.8  977.2    4.6  224.0   68.0  444.0
2018 208  7 27 1200  -28.8  975.2    1.1  194.0   69.2  444.0
2018 208  7 27 1500  -31.8  975.6    1.9   77.0   66.4  444.0
2018 208  7 27 1800  -35.3  975.2    3.5  200.0   63.0  444.0
2018 208  7 27 2100  -32.4  975.9    3.5  165.0   64.0  444.0
2018 209  7 28 0000  -30.3  975.5    1.6  246.0   69.0  444.0
2018 209  7 28 0300  -26.1  974.9    0.9  274.0   73.5  444.0
2018 209  7 28 0600  -35.4  976.4    3.1   67.0   63.0  444.0
2018 209  7 28 0900  -38.4  978.9    2.9  116.0   60.0  444.0
2018 209  7 28 1200  -36.4  981.5    4.6  103.0   62.0  444.0
2018 209  7 28 1500  -34.8  984.6    3.1  191.0   61.0  444.0
2018 209  7 28 1800  -28.3  984.6    4.8  199.0   67.2  444.0
2018 209  7 28 2100  -31.5  986.2    5.3  212.0   65.0  444.0
2018 210  7 29 0000  -29.0  988.0    5.2  133.0   68.0  444.0
2018 210  7 29 0300  -25.0  988.9    9.7  107.0   73.0  444.0
2018 210  7 29 0600  -29.0  989.3    8.0  108.0   68.9  444.0
2018 210  7 29 0900  -32.1  989.5    5.2  136.0   65.0  444.0
2018 210  7 29 1200  -33.0  989.9    4.0  155.0   64.0  444.0
2018 210  7 29 1500  -35.6  989.0    4.0  122.0   62.0  444.0
2018 210  7 29 1800  -35.0  989.4    4.8  103.0   61.6  444.0
2018 210  7 29 2100  -35.0  989.8    6.7  102.0   62.0  444.0
2018 211  7 30 0000  -39.8  990.9    2.6  158.0   57.4  444.0
2018 211  7 30 0300  -40.3  991.5    3.2  144.0   56.0  444.0
2018 211  7 30 0600  -41.9  992.2    3.6  146.0   55.3  444.0
2018 211  7 30 0900  -42.5  993.0    3.7  151.0   54.6  444.0
2018 211  7 30 1200  -42.8  993.5    3.4  162.0   54.0  444.0
2018 211  7 30 1500  -44.1  993.5    2.8  148.0   53.0  444.0
2018 211  7 30 1800  -40.5  994.0    3.8  186.0   55.0  444.0
2018 211  7 30 2100  -41.4  994.6    3.9  198.0   55.4  444.0
2018 212  7 31 0000  -41.1  995.0    2.8  190.0   55.0  444.0
2018 212  7 31 0300  -38.2  995.8    3.0  185.0   57.4  444.0
2018 212  7 31 0600  -45.8  996.1    2.3  136.0   51.0  444.0
2018 212  7 31 0900  -40.6  996.4    1.7  235.0   55.0  444.0
2018 212  7 31 1200  -42.2  996.3    2.1  215.0   54.0  444.0
2018 212  7 31 1500  -41.9  996.0    2.7  206.0   55.0  444.0
2018 212  7 31 1800  -42.0  995.6    1.2  240.0   55.0  444.0
2018 212  7 31 2100  -41.7  994.9    0.7   44.0   57.0  444.0
