Year: 2018  Month: 10  ID: EMA  ARGOS:  8919  Name: Emma                
Lat: 84.00S  Lon: 175.01W  Elev:   79m
2018 274 10  1 0000  -26.8  982.5    6.6   94.0   74.0  444.0
2018 274 10  1 0300  -28.6  983.2    6.5  121.0   72.0  444.0
2018 274 10  1 0600  -29.7  982.7    6.2  113.0   70.5  444.0
2018 274 10  1 0900  -28.8  981.4    7.5  116.0   71.3  444.0
2018 274 10  1 1200  -28.6  978.6    6.9  129.0   71.0  444.0
2018 274 10  1 1500  -28.0  975.8    8.7  115.0   72.0  444.0
2018 274 10  1 1800  -24.2  972.6   10.2  104.0   76.0  444.0
2018 274 10  1 2100  -21.7  969.1    9.2  123.0   79.0  444.0
2018 275 10  2 0000  -16.8  966.0   10.6   94.0   84.0  444.0
2018 275 10  2 0300  -15.3  964.3    7.9   88.0   85.0  444.0
2018 275 10  2 0600  -16.8  963.2   15.1   85.0   84.0  444.0
2018 275 10  2 0900  -17.4  963.8   12.0   75.0   83.0  444.0
2018 275 10  2 1200  -16.9  962.3   10.2   76.0   83.8  444.0
2018 275 10  2 1500  -16.7  960.7    3.7   66.0   84.0  444.0
2018 275 10  2 1800  -15.3  958.8    2.3  185.0   85.0  444.0
2018 275 10  2 2100  -15.9  956.9    1.5  185.0   85.0  444.0
2018 276 10  3 0000  -13.5  956.3    5.1  156.0   86.6  444.0
2018 276 10  3 0300  -19.3  957.1    6.8   62.0   79.8  444.0
2018 276 10  3 0600  -19.6  957.6    2.5  142.0   81.0  444.0
2018 276 10  3 0900  -14.9  956.5    4.2  138.0   85.0  444.0
2018 276 10  3 1200  -13.1  954.6    9.1  132.0   86.9  444.0
2018 276 10  3 1500  -11.4  952.4   12.0  133.0   88.7  444.0
2018 276 10  3 1800  -10.3  950.9   12.4  124.0   90.0  444.0
2018 276 10  3 2100   -9.2  950.4   19.3  101.0   91.0  444.0
2018 277 10  4 0000   -9.4  951.7   17.9   82.0   90.0  444.0
2018 277 10  4 0300  -13.6  956.2   17.2   87.0   87.0  444.0
2018 277 10  4 0600  -11.9  957.8   17.2   78.0   88.0  444.0
2018 277 10  4 0900  -11.6  956.0   15.3   92.0   88.6  444.0
2018 277 10  4 1200  -11.4  953.2    9.6  101.0   89.0  444.0
2018 277 10  4 1500  -10.1  950.8   15.0   83.0   89.8  444.0
2018 277 10  4 1800   -9.1  951.5   18.4   84.0   91.0  444.0
2018 277 10  4 2100  -10.7  952.1   16.1   72.0   90.0  444.0
2018 278 10  5 0000  -10.5  951.7   16.9   68.0   90.0  444.0
2018 278 10  5 0300  -10.2  951.5   14.8   76.0   90.0  444.0
2018 278 10  5 0600  -10.8  951.7   15.9   80.0   89.3  444.0
2018 278 10  5 0900  -12.1  953.8   16.4   80.0   88.0  444.0
2018 278 10  5 1200  -13.4  954.7   18.6   75.0   87.1  444.0
2018 278 10  5 1500  -13.8  956.1   16.2   77.0   87.0  444.0
2018 278 10  5 1800  -14.8  958.6   14.1   80.0   86.0  444.0
2018 278 10  5 2100  -16.0  960.2   12.8   75.0   85.0  444.0
2018 279 10  6 0000  -15.3  961.7   11.4   78.0   85.0  444.0
2018 279 10  6 0300  -15.5  962.1   14.8   91.0   85.0  444.0
2018 279 10  6 0600  -15.7  963.7   11.7   75.0   85.0  444.0
2018 279 10  6 0900  -15.7  965.1   13.5   76.0   85.0  444.0
2018 279 10  6 1200  -15.5  966.5   10.2   80.0   85.0  444.0
2018 279 10  6 1500  -14.1  967.6   11.9   79.0   86.0  444.0
2018 279 10  6 1800  -15.0  967.5   13.7   84.0   85.0  444.0
2018 279 10  6 2100  -14.8  968.7   10.2  118.0   85.0  444.0
2018 280 10  7 0000  -14.2  968.2    9.0  134.0   86.0  444.0
2018 280 10  7 0300  -12.8  967.2    9.4  139.0   87.0  444.0
2018 280 10  7 0600  -11.4  965.5   13.3   88.0   87.9  444.0
2018 280 10  7 0900  -12.4  966.6   14.8   93.0   87.0  444.0
2018 280 10  7 1200  -11.3  966.8   18.3   86.0   88.6  444.0
2018 280 10  7 1500  -12.7  968.4   17.9   87.0   88.0  444.0
2018 280 10  7 1800  -12.2  967.3   17.2   76.0   87.6  444.0
2018 280 10  7 2100  -12.1  966.7   19.6   72.0   88.2  444.0
2018 281 10  8 0000  -12.4  967.5   20.8   90.0   88.0  444.0
2018 281 10  8 0300  -13.5  969.0   19.2   88.0   87.0  444.0
2018 281 10  8 0600  -13.8  969.4   19.4   94.0   86.0  444.0
2018 281 10  8 0900  -12.6  969.7   19.4   80.0   87.0  444.0
2018 281 10  8 1200  -13.3  971.0   15.5   71.0   87.0  444.0
2018 281 10  8 1500  -13.0  969.7   14.7   77.0   87.0  444.0
2018 281 10  8 1800  -13.8  970.1   14.0   83.0   86.0  444.0
2018 281 10  8 2100  -13.0  968.7   14.4   71.0   86.9  444.0
2018 282 10  9 0000  -12.6  967.8   17.1  108.0   87.0  444.0
2018 282 10  9 0300  -12.4  967.1   19.7  134.0   88.0  444.0
2018 282 10  9 0600  -13.3  966.5   20.0  100.0   87.0  444.0
2018 282 10  9 0900  -13.6  966.3   21.1   93.0   86.8  444.0
2018 282 10  9 1200  -14.9  966.9   19.4  100.0   85.7  444.0
2018 282 10  9 1500  -15.2  966.7   19.8  100.0   86.0  444.0
2018 282 10  9 1800  -14.3  966.2   19.8   92.0   86.0  444.0
2018 282 10  9 2100  -13.9  965.0   16.9   76.0   86.0  444.0
2018 283 10 10 0000  -13.4  962.2    8.1   98.0   86.5  444.0
2018 283 10 10 0300  -10.4  958.6   18.2   85.0   89.0  444.0
2018 283 10 10 0600  -11.1  957.1   19.1   89.0   89.0  444.0
2018 283 10 10 0900  -12.0  956.6   24.1   94.0   88.0  444.0
2018 283 10 10 1200  -12.8  958.6   18.5   87.0   88.0  444.0
2018 283 10 10 1500  -11.2  958.5   17.3   81.0   89.2  444.0
2018 283 10 10 1800  -11.1  956.6   16.6   79.0   89.2  444.0
2018 283 10 10 2100   -8.0  952.6   14.7  102.0   92.0  444.0
2018 284 10 11 0000   -6.5  949.2   23.1   90.0   93.0  444.0
2018 284 10 11 0300   -7.3  951.1   16.9    6.0   92.0  444.0
2018 284 10 11 0600   -7.7  953.3   16.4   80.0   92.0  444.0
2018 284 10 11 0900   -9.2  957.6   16.4   75.0   90.0  444.0
2018 284 10 11 1200  -12.2  964.5   15.5   82.0   87.7  444.0
2018 284 10 11 1500  -19.6  971.9   12.6   74.0   81.2  444.0
2018 284 10 11 1800  -19.5  974.3    4.9   72.0   81.0  444.0
2018 284 10 11 2100  -13.2  972.9    4.9   88.0   87.0  444.0
2018 285 10 12 0000  -10.4  971.5    8.3   93.0   89.0  444.0
2018 285 10 12 0300   -9.2  969.3   12.9   89.0   90.0  444.0
2018 285 10 12 0600   -8.9  968.7   12.8   88.0   91.0  444.0
2018 285 10 12 0900  -10.5  969.4   13.9   97.0   89.4  444.0
2018 285 10 12 1200  -13.5  969.5   12.6   72.0   87.0  444.0
2018 285 10 12 1500  -20.8  972.7    9.0   65.0   80.0  444.0
2018 285 10 12 1800  -24.6  973.4    1.6   59.0   76.0  444.0
2018 285 10 12 2100  -23.7  973.4    1.9   56.0   77.0  444.0
2018 286 10 13 0000  -22.9  973.5    2.2   54.0   78.0  444.0
2018 286 10 13 0300  -24.2  974.8    5.4   43.0   76.0  444.0
2018 286 10 13 0600  -25.4  977.2    5.4   66.0   75.0  444.0
2018 286 10 13 0900  -26.2  980.9    4.9   85.0   74.0  444.0
2018 286 10 13 1200  -25.2  984.4    4.8  101.0   75.0  444.0
2018 286 10 13 1500  -26.7  986.1    5.1  132.0   73.0  444.0
2018 286 10 13 1800  -29.5  986.7    4.3   98.0   71.0  444.0
2018 286 10 13 2100  -27.8  987.4    3.9  112.0   72.0  444.0
2018 287 10 14 0000  -27.7  987.6    2.6  133.0   72.7  444.0
2018 287 10 14 0300  -29.3  986.6    1.9  129.0   70.3  444.0
2018 287 10 14 0600  -29.9  985.8    0.9  178.0   69.0  444.0
2018 287 10 14 0900  -31.2  984.2  444.0  444.0   67.0  444.0
2018 287 10 14 1200  -34.9  983.4  444.0  444.0   64.0  444.0
2018 287 10 14 1500  -34.1  982.9  444.0  444.0   65.0  444.0
2018 287 10 14 1800  -32.4  984.2  444.0  444.0   66.9  444.0
2018 287 10 14 2100  -31.2  986.2  444.0  444.0   68.0  444.0
2018 288 10 15 0000  -30.8  989.9  444.0  444.0   69.4  444.0
2018 288 10 15 0300  -29.7  992.9  444.0  444.0   70.0  444.0
2018 288 10 15 0600  -26.6  994.4  444.0  444.0   73.4  444.0
2018 288 10 15 0900  -27.1  995.1    6.8  110.0   73.0  444.0
2018 288 10 15 1200  -29.1  994.9    3.2  122.0   71.0  444.0
2018 288 10 15 1500  -27.9  993.6    2.0  125.0   72.0  444.0
2018 288 10 15 1800  -30.3  992.5    0.0    0.0   69.0  444.0
2018 288 10 15 2100  -29.9  990.6    2.8  176.0   70.0  444.0
2018 289 10 16 0000  -26.4  988.5    3.2  119.0   74.0  444.0
2018 289 10 16 0300  -29.6  985.4    2.4  157.0   70.3  444.0
2018 289 10 16 0600  -30.9  981.7    2.6  204.0   68.0  444.0
2018 289 10 16 0900  -32.1  976.9    3.4  226.0   66.9  444.0
2018 289 10 16 1200  -34.1  970.7    3.3  227.0   65.0  444.0
2018 289 10 16 1500  -30.9  964.2    6.8  235.0   68.0  444.0
2018 289 10 16 1800  -29.3  959.9    3.9  230.0   70.5  444.0
2018 289 10 16 2100  -16.0  956.8    8.3  170.0   84.0  444.0
2018 290 10 17 0000  -14.8  954.8    7.2  203.0   86.0  444.0
2018 290 10 17 0300  -11.0  953.5   10.1  149.0   89.0  444.0
2018 290 10 17 0600   -9.6  951.7   16.6  105.0   90.0  444.0
2018 290 10 17 0900  -22.0  956.9   15.4  140.0   78.9  444.0
2018 290 10 17 1200  -22.2  958.4   13.6   87.0   79.0  444.0
2018 290 10 17 1500  -13.2  958.7   17.4   90.0   87.0  444.0
2018 290 10 17 1800  -13.2  959.4   15.8   92.0   87.0  444.0
2018 290 10 17 2100  -11.1  957.6   13.4   95.0   88.7  444.0
2018 291 10 18 0000   -9.5  956.0    9.6   92.0   89.6  444.0
2018 291 10 18 0300   -7.8  954.3   12.3   95.0   91.0  444.0
2018 291 10 18 0600   -7.6  954.1   15.7  118.0   92.0  444.0
2018 291 10 18 0900   -6.9  954.1   19.9   98.0   92.2  444.0
2018 291 10 18 1200   -9.0  954.9   24.2   85.0   91.0  444.0
2018 291 10 18 1500   -9.6  957.7   21.2   74.0   90.0  444.0
2018 291 10 18 1800  -10.8  961.7   19.0   83.0   89.1  444.0
2018 291 10 18 2100  -11.5  965.2   16.4    1.0   88.3  444.0
2018 292 10 19 0000  -11.9  967.2   14.9   83.0   87.9  444.0
2018 292 10 19 0300  -12.5  969.7   10.9  100.0   87.0  444.0
2018 292 10 19 0600  -14.6  970.7    4.5  108.0   85.0  444.0
2018 292 10 19 0900  -15.6  970.1    3.5  205.0   84.0  444.0
2018 292 10 19 1200  -18.0  969.0    3.6  227.0   82.2  444.0
2018 292 10 19 1500  -16.7  968.0    4.5  235.0   82.9  444.0
2018 292 10 19 1800  -18.9  967.5    4.7  231.0   81.0  444.0
2018 292 10 19 2100  -20.2  968.4    3.3  107.0   79.0  444.0
2018 293 10 20 0000  -21.2  969.9    3.3   48.0   79.0  444.0
2018 293 10 20 0300  -22.9  972.0    2.6   78.0   78.0  444.0
2018 293 10 20 0600  -25.2  973.5    3.6   91.0   75.1  444.0
2018 293 10 20 0900  -27.5  975.6    1.6    2.0   72.8  444.0
2018 293 10 20 1200  -29.3  977.5    3.0   71.0   71.0  444.0
2018 293 10 20 1500  -30.6  978.7    1.8  100.0   69.2  444.0
2018 293 10 20 1800  -29.4  979.7    2.4   98.0   71.0  444.0
2018 293 10 20 2100  -27.4  980.0    0.8   53.0   72.9  444.0
2018 294 10 21 0000  -27.5  980.0    1.3   30.0   73.0  444.0
2018 294 10 21 0300  -27.2  980.0    1.4  313.0   73.0  444.0
2018 294 10 21 0600  -27.8  979.5    0.6    6.0   72.0  444.0
2018 294 10 21 0900  -29.2  979.8    1.0  304.0   71.1  444.0
2018 294 10 21 1200  -31.1  980.3    1.4  313.0   68.0  444.0
2018 294 10 21 1500  -31.1  980.2    2.1  260.0   68.0  444.0
2018 294 10 21 1800  -31.1  979.8    1.9  246.0   69.0  444.0
2018 294 10 21 2100  -30.3  979.6    2.2  250.0   69.3  444.0
2018 295 10 22 0000  -29.3  979.0    2.5  222.0   71.0  444.0
2018 295 10 22 0300  -28.8  977.9    2.7  241.0   71.0  444.0
2018 295 10 22 0600  -29.4  977.1    2.0  218.0   71.0  444.0
2018 295 10 22 0900  -30.7  976.2    2.1  217.0   69.0  444.0
2018 295 10 22 1200  -29.9  975.1    2.3  187.0   69.0  444.0
2018 295 10 22 1500  -30.2  974.2    2.8  185.0   68.0  444.0
2018 295 10 22 1800  -29.0  973.6    2.7  190.0   70.1  444.0
2018 295 10 22 2100  -28.8  972.7    3.2  228.0   71.0  444.0
2018 296 10 23 0000  -26.3  972.3    2.2  150.0   73.4  444.0
2018 296 10 23 0300  -23.8  971.5    1.7  217.0   74.0  444.0
2018 296 10 23 0600  -23.9  971.8    3.2  177.0   75.0  444.0
2018 296 10 23 0900  -27.1  972.1    3.8  176.0   73.0  444.0
2018 296 10 23 1200  -24.6  972.4    4.9  153.0   75.0  444.0
2018 296 10 23 1500  -22.4  972.2    8.2  145.0   77.0  444.0
2018 296 10 23 1800  -22.0  972.0    7.0  135.0   77.7  444.0
2018 296 10 23 2100  -20.9  972.1    6.6  139.0   79.0  444.0
2018 297 10 24 0000  -19.3  971.8    7.3  147.0   81.0  444.0
2018 297 10 24 0300  -18.0  970.5    6.5  147.0   82.0  444.0
2018 297 10 24 0600  -19.7  969.3    6.2  196.0   79.3  444.0
2018 297 10 24 0900  -19.6  968.2    4.4  192.0   78.8  444.0
2018 297 10 24 1200  -17.7  967.2    6.5  149.0   78.0  444.0
2018 297 10 24 1500  -19.5  965.8    3.9  163.0   78.0  444.0
2018 297 10 24 1800  -17.2  964.2    3.9  177.0   77.2  444.0
2018 297 10 24 2100  -12.8  962.6    4.3  167.0   75.6  444.0
2018 298 10 25 0000   -9.6  961.1   11.6  148.0   62.0  444.0
2018 298 10 25 0300   -8.1  959.7   15.4  139.0   54.0  444.0
2018 298 10 25 0600   -7.8  959.0   20.4  100.0   76.0  444.0
2018 298 10 25 0900   -7.2  959.2   21.0   83.0   91.4  444.0
2018 298 10 25 1200   -7.0  960.0   17.5   95.0   79.0  444.0
2018 298 10 25 1500   -7.3  960.8   17.4   45.0   84.1  444.0
2018 298 10 25 1800   -6.6  962.6   16.0   78.0   82.0  444.0
2018 298 10 25 2100   -6.4  963.3   17.0   96.0   79.4  444.0
2018 299 10 26 0000   -7.1  964.7   18.0   84.0   91.0  444.0
2018 299 10 26 0300   -7.9  967.7   18.6   69.0   91.6  444.0
2018 299 10 26 0600   -9.0  974.7   16.9   86.0   91.0  444.0
2018 299 10 26 0900  -11.2  976.9   12.1   79.0   89.0  444.0
2018 299 10 26 1200  -11.8  977.4   11.6   84.0   88.2  444.0
2018 299 10 26 1500  -12.9  977.4    9.2  115.0   87.2  444.0
2018 299 10 26 1800  -12.4  975.3    5.6  157.0   87.0  444.0
2018 299 10 26 2100  -13.8  970.9    4.4  240.0   86.0  444.0
2018 300 10 27 0000  -10.4  968.2    5.4  222.0   88.8  444.0
2018 300 10 27 0300   -4.4  965.5   14.5  123.0   90.8  444.0
2018 300 10 27 0600   -5.1  963.3   17.0   99.0   81.0  444.0
2018 300 10 27 0900   -5.0  962.3   14.7  134.0   76.0  444.0
2018 300 10 27 1200   -4.7  961.6   14.9   97.0   84.0  444.0
2018 300 10 27 1500   -4.2  961.2   18.4   93.0   93.9  444.0
2018 300 10 27 1800   -5.9  964.0   17.5   90.0   92.0  444.0
2018 300 10 27 2100   -5.6  965.5   16.4   85.0   86.0  444.0
2018 301 10 28 0000   -5.4  967.7   16.1   84.0   83.0  444.0
2018 301 10 28 0300   -5.6  969.8   14.3   82.0   77.0  444.0
2018 301 10 28 0600   -7.2  972.4    4.8   69.0   78.0  444.0
2018 301 10 28 0900   -7.1  972.8    6.7   83.0   76.0  444.0
2018 301 10 28 1200   -5.1  972.8   11.8   99.0   72.0  444.0
2018 301 10 28 1500   -5.3  973.2   10.7   83.0   71.3  444.0
2018 301 10 28 1800   -5.7  973.3    9.7   83.0   68.0  444.0
2018 301 10 28 2100   -5.5  973.4    7.8  106.0   65.0  444.0
2018 302 10 29 0000   -5.0  973.2    7.6  122.0   65.5  444.0
2018 302 10 29 0300   -5.5  972.6    5.9  134.0   65.0  444.0
2018 302 10 29 0600   -7.0  972.2    5.5  131.0   63.0  444.0
2018 302 10 29 0900   -8.0  972.0    4.5  136.0   60.0  444.0
2018 302 10 29 1200   -7.3  971.2    8.0  115.0   51.9  444.0
2018 302 10 29 1500  -10.0  970.9    4.8  146.0   60.0  444.0
2018 302 10 29 1800   -8.7  970.5    6.5  105.0   56.0  444.0
2018 302 10 29 2100   -9.1  970.2    5.7  145.0   58.0  444.0
2018 303 10 30 0000   -9.9  969.5    3.4  160.0   66.0  444.0
2018 303 10 30 0300  -10.1  968.5    4.0  157.0   67.0  444.0
2018 303 10 30 0600  -10.0  967.7    3.2  134.0   56.0  444.0
2018 303 10 30 0900  -11.6  966.9    2.3  213.0   60.2  444.0
2018 303 10 30 1200  -11.1  966.2    2.8  228.0   55.0  444.0
2018 303 10 30 1500  -15.0  965.6    2.6  231.0   62.0  444.0
2018 303 10 30 1800  444.0  965.1    1.5  292.0   41.0  444.0
2018 303 10 30 2100  -14.6  965.3    1.9   50.0   61.0  444.0
2018 304 10 31 0000  -12.9  965.5    1.2  169.0   53.0  444.0
2018 304 10 31 0300  -14.8  965.6    1.8  192.0   68.0  444.0
2018 304 10 31 0600  -16.0  966.1    0.5  161.0   69.0  444.0
2018 304 10 31 0900  -17.8  966.5    2.7  156.0   66.0  444.0
2018 304 10 31 1200  -17.4  967.2    4.0  108.0   60.9  444.0
2018 304 10 31 1500  -17.0  967.6    2.4  136.0   58.0  444.0
2018 304 10 31 1800  -17.3  968.1    2.7  148.0   51.0  444.0
2018 304 10 31 2100  -18.1  969.1    1.6   98.0   58.0  444.0
