Year: 2018  Month: 08  ID: EML  ARGOS:  8939  Name: Emilia              
Lat: 78.48S  Lon: 173.15E  Elev:   51m
2018 213  8  1 0000  -45.6  996.4  444.0  444.0   55.8  444.0
2018 213  8  1 0300  -46.4  995.4  444.0  444.0   54.9  444.0
2018 213  8  1 0600  -46.5  994.1  444.0  444.0   54.9  444.0
2018 213  8  1 0900  -47.6  993.4  444.0  444.0   53.6  444.0
2018 213  8  1 1200  -44.6  992.3  444.0  444.0   56.6  444.0
2018 213  8  1 1500  -44.5  991.4  444.0  444.0   57.5  444.0
2018 213  8  1 1800  -37.9  991.2  444.0  444.0   65.4  444.0
2018 213  8  1 2100  -47.0  991.0  444.0  444.0   54.4  444.0
2018 214  8  2 0000  -44.0  991.4  444.0  444.0   57.5  444.0
2018 214  8  2 0300  -44.5  991.7  444.0  444.0   57.1  444.0
2018 214  8  2 0600  -43.9  991.6  444.0  444.0   58.0  444.0
2018 214  8  2 0900  -49.5  991.7    4.1  225.0   51.4  444.0
2018 214  8  2 1200  -49.4  991.4    2.7  204.0   51.4  444.0
2018 214  8  2 1500  -49.4  991.3    0.2  259.0   50.9  444.0
2018 214  8  2 1800  -50.4  990.5    1.8  281.0   49.6  444.0
2018 214  8  2 2100  -51.0  990.6    0.0  281.0   49.2  444.0
2018 215  8  3 0000  -51.1  992.1    0.0  281.0   48.7  444.0
2018 215  8  3 0300  -51.0  993.3    0.0  190.0   48.7  444.0
2018 215  8  3 0600  -49.9  994.5    0.0  190.0   50.5  444.0
2018 215  8  3 0900  -50.9  995.8    1.9  190.0   49.2  444.0
2018 215  8  3 1200  -49.6  996.9  444.0  444.0   50.5  444.0
2018 215  8  3 1500  -48.6  997.3  444.0  444.0   51.8  444.0
2018 215  8  3 1800  -51.6  997.2  444.0  444.0   47.8  444.0
2018 215  8  3 2100  -52.4  997.2  444.0  444.0   47.0  444.0
2018 216  8  4 0000  -53.4  995.5  444.0  444.0   45.6  444.0
2018 216  8  4 0300  -53.1  994.6  444.0  444.0   45.6  444.0
2018 216  8  4 0600  -53.4  993.0  444.0  444.0   45.2  444.0
2018 216  8  4 0900  -52.1  991.7  444.0  444.0   47.0  444.0
2018 216  8  4 1200  -52.1  991.1  444.0  444.0   47.0  444.0
2018 216  8  4 1500  -52.6  990.5  444.0  444.0   46.5  444.0
2018 216  8  4 1800  -52.0  989.8  444.0  444.0   47.0  444.0
2018 216  8  4 2100  -52.8  988.3  444.0  444.0   46.1  444.0
2018 217  8  5 0000  -53.0  987.3  444.0  444.0   45.6  444.0
2018 217  8  5 0300  -50.6  985.3  444.0  444.0   48.3  444.0
2018 217  8  5 0600  -48.2  983.1  444.0  444.0   51.8  444.0
2018 217  8  5 0900  -46.2  980.3  444.0  444.0   54.4  444.0
2018 217  8  5 1200  -47.9  977.8  444.0  444.0   52.7  444.0
2018 217  8  5 1500  -48.4  975.9  444.0  444.0   51.8  444.0
2018 217  8  5 1800  -47.6  973.8  444.0  444.0   52.7  444.0
2018 217  8  5 2100  -48.4  973.4  444.0  444.0   52.7  444.0
2018 218  8  6 0000  -45.6  973.6  444.0  444.0   55.3  444.0
2018 218  8  6 0300  -46.2  974.1  444.0  444.0   54.9  444.0
2018 218  8  6 0600  -50.6  974.3  444.0  444.0   49.2  444.0
2018 218  8  6 0900  -50.8  975.4  444.0  444.0   48.7  444.0
2018 218  8  6 1200  -47.0  976.6  444.0  444.0   53.6  444.0
2018 218  8  6 1500  -40.8  976.6  444.0  444.0   61.5  444.0
2018 218  8  6 1800  -36.1  975.5  444.0  444.0   67.2  444.0
2018 218  8  6 2100  -39.4  975.7  444.0  444.0   63.7  444.0
2018 219  8  7 0000  -42.6  976.9  444.0  444.0   59.7  444.0
2018 219  8  7 0300  -44.8  977.4  444.0  444.0   57.1  444.0
2018 219  8  7 0600  -43.5  976.1  444.0  444.0   58.4  444.0
2018 219  8  7 0900  -42.1  975.0  444.0  444.0   59.7  444.0
2018 219  8  7 1200  -36.8  973.9  444.0  444.0   66.8  444.0
2018 219  8  7 1500  -37.1  971.5  444.0  444.0   66.8  444.0
2018 219  8  7 1800  -29.0  969.1  444.0  444.0   77.3  444.0
2018 219  8  7 2100  -25.0  966.8  444.0  444.0   82.6  444.0
2018 220  8  8 0000  -21.5  966.3  444.0  444.0   87.0  444.0
2018 220  8  8 0300  -24.5  966.9  444.0  444.0   82.6  444.0
2018 220  8  8 0600  -38.1  971.7  444.0  444.0   66.3  444.0
2018 220  8  8 0900  -43.2  977.1  444.0  444.0   61.5  444.0
2018 220  8  8 1200  -39.8  979.6  444.0  444.0   65.9  444.0
2018 220  8  8 1500  -35.4  979.3  444.0  444.0   70.7  444.0
2018 220  8  8 1800  -34.8  979.2  444.0  444.0   71.6  444.0
2018 220  8  8 2100  -36.9  979.8  444.0  444.0   69.0  444.0
2018 221  8  9 0000  -35.4  981.3  444.0  444.0   70.7  444.0
2018 221  8  9 0300  -33.2  982.4  444.0  444.0   72.9  444.0
2018 221  8  9 0600  -32.9  982.5  444.0  444.0   73.4  444.0
2018 221  8  9 0900  -33.9  984.3  444.0  444.0   72.0  444.0
2018 221  8  9 1200  -34.8  985.5  444.0  444.0   71.2  444.0
2018 221  8  9 1500  -35.0  986.8  444.0  444.0   71.2  444.0
2018 221  8  9 1800  -39.4  986.8  444.0  444.0   65.0  444.0
2018 221  8  9 2100  -39.0  985.6  444.0  444.0   65.4  444.0
2018 222  8 10 0000  -39.5  985.1  444.0  444.0   65.0  444.0
2018 222  8 10 0300  -41.8  983.4  444.0  444.0   61.9  444.0
2018 222  8 10 0600  -40.5  982.1  444.0  444.0   63.7  444.0
2018 222  8 10 0900  -36.4  979.7  444.0  444.0   69.0  444.0
2018 222  8 10 1200  -30.8  975.0  444.0  444.0   76.0  444.0
2018 222  8 10 1500  -23.6  970.8  444.0  444.0   84.8  444.0
2018 222  8 10 1800  -22.8  969.1  444.0  444.0   86.1  444.0
2018 222  8 10 2100  -25.5  969.5  444.0  444.0   82.6  444.0
2018 223  8 11 0000  -26.6  971.3  444.0  444.0   81.3  444.0
2018 223  8 11 0300  -28.1  972.6  444.0  444.0   80.0  444.0
2018 223  8 11 0600  -30.0  974.2  444.0  444.0   77.3  444.0
2018 223  8 11 0900  -31.9  976.2  444.0  444.0   75.1  444.0
2018 223  8 11 1200  -33.5  977.3  444.0  444.0   72.9  444.0
2018 223  8 11 1500  -33.8  977.4  444.0  444.0   72.9  444.0
2018 223  8 11 1800  -35.2  977.3  444.0  444.0   70.7  444.0
2018 223  8 11 2100  -35.8  976.4  444.0  444.0   70.3  444.0
2018 224  8 12 0000  -37.0  975.2  444.0  444.0   68.1  444.0
2018 224  8 12 0300  -37.6  973.9  444.0  444.0   67.6  444.0
2018 224  8 12 0600  -38.1  972.1  444.0  444.0   66.8  444.0
2018 224  8 12 0900  -39.8  970.9  444.0  444.0   64.6  444.0
2018 224  8 12 1200  -43.5  970.3  444.0  444.0   60.2  444.0
2018 224  8 12 1500  -41.6  970.2  444.0  444.0   61.9  444.0
2018 224  8 12 1800  -40.1  969.7  444.0  444.0   64.1  444.0
2018 224  8 12 2100  -38.8  969.4  444.0  444.0   65.9  444.0
2018 225  8 13 0000  -36.8  970.3  444.0  444.0   68.1  444.0
2018 225  8 13 0300  -35.8  970.9  444.0  444.0   69.4  444.0
2018 225  8 13 0600  -31.6  970.6  444.0  444.0   74.2  444.0
2018 225  8 13 0900  -30.8  969.8  444.0  444.0   76.0  444.0
2018 225  8 13 1200  -27.5  969.6  444.0  444.0   80.0  444.0
2018 225  8 13 1500  -24.9  970.2  444.0  444.0   83.0  444.0
2018 225  8 13 1800  -24.9  970.2  444.0  444.0   83.5  444.0
2018 225  8 13 2100  -23.4  969.2  444.0  444.0   84.8  444.0
2018 226  8 14 0000  -24.5  969.6  444.0  444.0   84.4  444.0
2018 226  8 14 0300  -19.9  968.7  444.0  444.0   89.6  444.0
2018 226  8 14 0600  -22.6  969.8  444.0  444.0   86.6  444.0
2018 226  8 14 0900  -32.6  973.2  444.0  444.0   75.1  444.0
2018 226  8 14 1200  -35.2  976.4  444.0  444.0   71.2  444.0
2018 226  8 14 1500  -37.4  978.9  444.0  444.0   68.5  444.0
2018 226  8 14 1800  -39.2  980.4  444.0  444.0   65.9  444.0
2018 226  8 14 2100  -39.8  982.7  444.0  444.0   65.4  444.0
2018 227  8 15 0000  -40.9  985.3  444.0  444.0   63.7  444.0
2018 227  8 15 0300  -42.1  987.2  444.0  444.0   61.9  444.0
2018 227  8 15 0600  -43.2  989.8  444.0  444.0   60.6  444.0
2018 227  8 15 0900  -42.6  991.7  444.0  444.0   61.0  444.0
2018 227  8 15 1200  -44.8  993.0  444.0  444.0   58.4  444.0
2018 227  8 15 1500  -45.5  993.8  444.0  444.0   57.1  444.0
2018 227  8 15 1800  -45.4  994.0  444.0  444.0   58.0  444.0
2018 227  8 15 2100  -40.5  993.7  444.0  444.0   63.7  444.0
2018 228  8 16 0000  -34.8  993.1  444.0  444.0   71.2  444.0
2018 228  8 16 0300  -32.1  992.3  444.0  444.0   74.2  444.0
2018 228  8 16 0600  -35.8  992.0  444.0  444.0   69.8  444.0
2018 228  8 16 0900  -35.4  992.2  444.0  444.0   70.3  444.0
2018 228  8 16 1200  -31.9  991.8  444.0  444.0   74.7  444.0
2018 228  8 16 1500  -33.1  991.0  444.0  444.0   73.4  444.0
2018 228  8 16 1800  -31.4  989.4  444.0  444.0   75.6  444.0
2018 228  8 16 2100  -30.5  987.4  444.0  444.0   76.4  444.0
2018 229  8 17 0000  -31.5  986.6  444.0  444.0   75.6  444.0
2018 229  8 17 0300  -33.2  984.8  444.0  444.0   73.4  444.0
2018 229  8 17 0600  -35.9  985.1  444.0  444.0   69.4  444.0
2018 229  8 17 0900  -35.6  985.0  444.0  444.0   70.7  444.0
2018 229  8 17 1200  -32.2  984.8  444.0  444.0   74.2  444.0
2018 229  8 17 1500  -28.6  983.3  444.0  444.0   79.1  444.0
2018 229  8 17 1800  -28.1  983.5  444.0  444.0   79.5  444.0
2018 229  8 17 2100  -27.4  983.9  444.0  444.0   80.4  444.0
2018 230  8 18 0000  -27.2  985.7  444.0  444.0   80.4  444.0
2018 230  8 18 0300  -28.6  985.7  444.0  444.0   78.6  444.0
2018 230  8 18 0600  -31.9  986.5  444.0  444.0   75.1  444.0
2018 230  8 18 0900  -34.0  986.2  444.0  444.0   72.5  444.0
2018 230  8 18 1200  -33.0  985.4  444.0  444.0   73.4  444.0
2018 230  8 18 1500  -34.1  984.2  444.0  444.0   72.5  444.0
2018 230  8 18 1800  -30.8  981.7  444.0  444.0   76.4  444.0
2018 230  8 18 2100  -35.0  982.5  444.0  444.0   71.2  444.0
2018 231  8 19 0000  -38.6  982.6  444.0  444.0   66.8  444.0
2018 231  8 19 0300  -42.2  982.9  444.0  444.0   61.9  444.0
2018 231  8 19 0600  -43.6  980.9  444.0  444.0   60.2  444.0
2018 231  8 19 0900  -44.5  979.1  444.0  444.0   59.3  444.0
2018 231  8 19 1200  -44.5  977.7  444.0  444.0   58.8  444.0
2018 231  8 19 1500  -45.4  977.1  444.0  444.0   58.0  444.0
2018 231  8 19 1800  -44.5  976.4  444.0  444.0   58.4  444.0
2018 231  8 19 2100  -38.9  976.1  444.0  444.0   65.4  444.0
2018 232  8 20 0000  -39.5  974.8  444.0  444.0   65.0  444.0
2018 232  8 20 0300  -40.0  973.4  444.0  444.0   64.6  444.0
2018 232  8 20 0600  -37.9  973.0  444.0  444.0   66.8  444.0
2018 232  8 20 0900  -35.1  972.6  444.0  444.0   70.3  444.0
2018 232  8 20 1200  -38.8  972.5  444.0  444.0   65.9  444.0
2018 232  8 20 1500  -38.0  972.7  444.0  444.0   66.3  444.0
2018 232  8 20 1800  -43.5  973.3  444.0  444.0   60.2  444.0
2018 232  8 20 2100  -44.5  973.6  444.0  444.0   58.8  444.0
2018 233  8 21 0000  -43.1  974.0  444.0  444.0   60.6  444.0
2018 233  8 21 0300  -43.4  974.7  444.0  444.0   59.7  444.0
2018 233  8 21 0600  -44.0  975.9  444.0  444.0   58.8  444.0
2018 233  8 21 0900  -42.1  977.1  444.0  444.0   61.0  444.0
2018 233  8 21 1200  -40.6  978.2  444.0  444.0   63.2  444.0
2018 233  8 21 1500  -43.0  979.5  444.0  444.0   60.2  444.0
2018 233  8 21 1800  -43.9  980.6  444.0  444.0   58.8  444.0
2018 233  8 21 2100  -44.8  981.9  444.0  444.0   58.0  444.0
2018 234  8 22 0000  -46.4  982.5  444.0  444.0   55.8  444.0
2018 234  8 22 0300  -47.1  983.0  444.0  444.0   54.9  444.0
2018 234  8 22 0600  -49.5  983.4  444.0  444.0   51.8  444.0
2018 234  8 22 0900  -48.2  984.2  444.0  444.0   52.7  444.0
2018 234  8 22 1200  -46.4  984.9  444.0  444.0   55.3  444.0
2018 234  8 22 1500  -46.9  985.0  444.0  444.0   54.9  444.0
2018 234  8 22 1800  -46.2  985.0  444.0  444.0   55.8  444.0
2018 234  8 22 2100  -44.9  985.5  444.0  444.0   57.1  444.0
2018 235  8 23 0000  -44.6  985.5  444.0  444.0   57.5  444.0
2018 235  8 23 0300  -44.0  985.5  444.0  444.0   58.4  444.0
2018 235  8 23 0600  -47.0  985.6  444.0  444.0   54.9  444.0
2018 235  8 23 0900  -48.1  985.6  444.0  444.0   53.1  444.0
2018 235  8 23 1200  -47.8  985.4  444.0  444.0   53.6  444.0
2018 235  8 23 1500  -42.8  985.1  444.0  444.0   59.7  444.0
2018 235  8 23 1800  -47.6  984.8  444.0  444.0   54.0  444.0
2018 235  8 23 2100  -46.2  984.5  444.0  444.0   55.8  444.0
2018 236  8 24 0000  -46.2  984.8  444.0  444.0   55.8  444.0
2018 236  8 24 0300  -47.4  984.5  444.0  444.0   54.0  444.0
2018 236  8 24 0600  -43.4  984.3  444.0  444.0   59.3  444.0
2018 236  8 24 0900  -42.1  984.4  444.0  444.0   61.0  444.0
2018 236  8 24 1200  -47.0  984.2  444.0  444.0   55.3  444.0
2018 236  8 24 1500  -45.0  984.3  444.0  444.0   57.1  444.0
2018 236  8 24 1800  -44.5  984.0  444.0  444.0   58.4  444.0
2018 236  8 24 2100  -47.1  984.7  444.0  444.0   54.9  444.0
2018 237  8 25 0000  -47.2  985.2  444.0  444.0   54.9  444.0
2018 237  8 25 0300  -48.4  985.4  444.0  444.0   53.1  444.0
2018 237  8 25 0600  -49.8  985.9  444.0  444.0   50.5  444.0
2018 237  8 25 0900  -52.8  987.0  444.0  444.0   47.0  444.0
2018 237  8 25 1200  -51.0  987.6  444.0  444.0   49.2  444.0
2018 237  8 25 1500  -48.0  988.1  444.0  444.0   52.7  444.0
2018 237  8 25 1800  -44.0  988.7  444.0  444.0   57.1  444.0
2018 237  8 25 2100  -41.2  989.0  444.0  444.0   60.6  444.0
2018 238  8 26 0000  -40.0  988.8  444.0  444.0   63.2  444.0
2018 238  8 26 0300  -39.8  987.3  444.0  444.0   63.7  444.0
2018 238  8 26 0600  -40.4  986.5  444.0  444.0   62.8  444.0
2018 238  8 26 0900  -41.5  985.3  444.0  444.0   61.5  444.0
2018 238  8 26 1200  -42.6  983.9  444.0  444.0   60.2  444.0
2018 238  8 26 1500  -41.8  981.3  444.0  444.0   61.0  444.0
2018 238  8 26 1800  -44.0  979.7  444.0  444.0   58.4  444.0
2018 238  8 26 2100  -46.1  979.3  444.0  444.0   55.8  444.0
2018 239  8 27 0000  -47.1  978.3  444.0  444.0   54.4  444.0
2018 239  8 27 0300  -46.5  977.0  444.0  444.0   55.3  444.0
2018 239  8 27 0600  -43.9  974.8  444.0  444.0   58.0  444.0
2018 239  8 27 0900  -43.0  973.5  444.0  444.0   58.8  444.0
2018 239  8 27 1200  -42.9  971.8  444.0  444.0   59.3  444.0
2018 239  8 27 1500  -41.9  970.2  444.0  444.0   60.6  444.0
2018 239  8 27 1800  -41.4  968.4  444.0  444.0   61.0  444.0
2018 239  8 27 2100  -42.9  967.1  444.0  444.0   59.7  444.0
2018 240  8 28 0000  -42.1  964.3  444.0  444.0   60.2  444.0
2018 240  8 28 0300  -41.9  962.7  444.0  444.0   60.6  444.0
2018 240  8 28 0600  -41.1  961.1  444.0  444.0   61.5  444.0
2018 240  8 28 0900  -41.9  959.6  444.0  444.0   60.6  444.0
2018 240  8 28 1200  -46.2  959.0  444.0  444.0   56.2  444.0
2018 240  8 28 1500  -47.1  958.9  444.0  444.0   54.4  444.0
2018 240  8 28 1800  -46.0  958.8  444.0  444.0   55.8  444.0
2018 240  8 28 2100  -46.0  960.0  444.0  444.0   55.8  444.0
2018 241  8 29 0000  -45.6  960.8  444.0  444.0   56.2  444.0
2018 241  8 29 0300  -42.6  961.7  444.0  444.0   59.7  444.0
2018 241  8 29 0600  -41.6  962.9  444.0  444.0   61.0  444.0
2018 241  8 29 0900  -39.4  963.8  444.0  444.0   63.7  444.0
2018 241  8 29 1200  -41.6  964.9  444.0  444.0   60.6  444.0
2018 241  8 29 1500  -40.0  965.8  444.0  444.0   63.2  444.0
2018 241  8 29 1800  -41.5  966.5  444.0  444.0   61.5  444.0
2018 241  8 29 2100  -42.5  967.9  444.0  444.0   60.2  444.0
2018 242  8 30 0000  -39.8  968.5  444.0  444.0   63.7  444.0
2018 242  8 30 0300  -40.5  969.0  444.0  444.0   62.8  444.0
2018 242  8 30 0600  -41.1  969.5  444.0  444.0   62.4  444.0
2018 242  8 30 0900  -43.1  970.0  444.0  444.0   59.7  444.0
2018 242  8 30 1200  -44.8  970.2  444.0  444.0   57.5  444.0
2018 242  8 30 1500  -46.5  969.8  444.0  444.0   55.3  444.0
2018 242  8 30 1800  -45.9  970.0  444.0  444.0   56.2  444.0
2018 242  8 30 2100  -46.6  969.8  444.0  444.0   54.9  444.0
2018 243  8 31 0000  -46.9  970.6  444.0  444.0   54.9  444.0
2018 243  8 31 0300  -46.6  969.7  444.0  444.0   54.9  444.0
2018 243  8 31 0600  -45.9  968.6  444.0  444.0   56.2  444.0
2018 243  8 31 0900  -41.6  967.9  444.0  444.0   60.6  444.0
2018 243  8 31 1200  -39.4  967.3  444.0  444.0   63.7  444.0
2018 243  8 31 1500  -41.0  967.2  444.0  444.0   62.4  444.0
2018 243  8 31 1800  -42.5  966.5  444.0  444.0   60.6  444.0
2018 243  8 31 2100  -40.6  966.2  444.0  444.0   64.6  444.0
