Year: 2018  Month: 05  ID: EML  ARGOS:  8939  Name: Emilia              
Lat: 78.48S  Lon: 173.15E  Elev:   51m
2018 121  5  1 0000  -24.5  970.6    7.8  221.0   83.5  444.0
2018 121  5  1 0300  -24.2  969.6    7.6  228.0   83.5  444.0
2018 121  5  1 0600  -23.9  967.9    8.4  233.0   84.4  444.0
2018 121  5  1 0900  -23.4  966.8    9.6  235.0   85.7  444.0
2018 121  5  1 1200  -23.9  964.7    9.4  231.0   84.8  444.0
2018 121  5  1 1500  -28.0  964.1    5.8  207.0   80.4  444.0
2018 121  5  1 1800  -33.2  963.9    8.0  212.0   73.8  444.0
2018 121  5  1 2100  -34.5  963.7    6.2  204.0   72.5  444.0
2018 122  5  2 0000  -31.2  963.2    7.2  204.0   76.4  444.0
2018 122  5  2 0300  -28.6  962.9    8.6  201.0   79.5  444.0
2018 122  5  2 0600  -28.1  962.7    7.2  197.0   80.0  444.0
2018 122  5  2 0900  -29.1  962.7    6.4  204.0   78.6  444.0
2018 122  5  2 1200  -31.0  962.8    2.9  243.0   76.4  444.0
2018 122  5  2 1500  -31.0  962.3    5.8  214.0   76.4  444.0
2018 122  5  2 1800  -28.2  961.3    7.0  239.0   80.0  444.0
2018 122  5  2 2100  -32.4  961.6    5.1  200.0   74.7  444.0
2018 123  5  3 0000  -33.0  961.4    4.7  238.0   73.8  444.0
2018 123  5  3 0300  -33.0  962.4    4.9  235.0   73.8  444.0
2018 123  5  3 0600  -25.9  961.1    7.6  236.0   82.6  444.0
2018 123  5  3 0900  -27.5  961.0    6.0  231.0   80.4  444.0
2018 123  5  3 1200  -32.6  961.8    6.6  217.0   74.2  444.0
2018 123  5  3 1500  -34.0  962.6    5.7  222.0   72.5  444.0
2018 123  5  3 1800  -31.4  962.4    7.0  228.0   76.0  444.0
2018 123  5  3 2100  -34.0  964.8   10.1  201.0   72.5  444.0
2018 124  5  4 0000  -36.5  966.9    6.2  191.0   69.4  444.0
2018 124  5  4 0300  -34.4  966.8    3.1  252.0   72.0  444.0
2018 124  5  4 0600  -33.2  968.2    9.8  198.0   73.4  444.0
2018 124  5  4 0900  -36.9  970.8    8.0  202.0   69.0  444.0
2018 124  5  4 1200  -35.2  973.4    7.2  198.0   70.7  444.0
2018 124  5  4 1500  -38.2  975.2    3.7  212.0   66.8  444.0
2018 124  5  4 1800  -40.5  976.5    2.5  243.0   64.1  444.0
2018 124  5  4 2100  -30.6  977.2    3.5  259.0   76.4  444.0
2018 125  5  5 0000  -28.9  977.1    4.9  246.0   78.6  444.0
2018 125  5  5 0300  -34.8  978.0    5.3  207.0   71.2  444.0
2018 125  5  5 0600  -38.6  978.8    2.1  269.0   66.8  444.0
2018 125  5  5 0900  -36.8  978.3    4.1  264.0   68.5  444.0
2018 125  5  5 1200  -36.2  978.7    3.5  248.0   68.5  444.0
2018 125  5  5 1500  -38.6  978.6    2.7  263.0   65.9  444.0
2018 125  5  5 1800  -40.4  978.0    1.6  263.0   64.1  444.0
2018 125  5  5 2100  -41.6  977.1    1.8  259.0   61.9  444.0
2018 126  5  6 0000  -39.8  976.2  444.0  444.0   65.0  444.0
2018 126  5  6 0300  -37.1  974.3  444.0  444.0   68.1  444.0
2018 126  5  6 0600  -33.5  973.5  444.0  444.0   72.5  444.0
2018 126  5  6 0900  -38.4  972.3    1.9  248.0   66.3  444.0
2018 126  5  6 1200  -39.4  971.5    1.8  243.0   64.6  444.0
2018 126  5  6 1500  -38.2  970.5    4.1  252.0   66.3  444.0
2018 126  5  6 1800  -37.9  970.4    4.1  250.0   66.8  444.0
2018 126  5  6 2100  -41.5  970.6    2.1  219.0   62.4  444.0
2018 127  5  7 0000  -44.5  971.2    1.9  222.0   58.8  444.0
2018 127  5  7 0300  -45.4  971.3    2.7  242.0   57.5  444.0
2018 127  5  7 0600  -45.1  971.7    0.2  231.0   57.5  444.0
2018 127  5  7 0900  -45.4  972.1    1.0  245.0   57.1  444.0
2018 127  5  7 1200  -44.8  971.9    1.0  225.0   57.5  444.0
2018 127  5  7 1500  -47.4  972.8    1.6  224.0   54.9  444.0
2018 127  5  7 1800  -48.0  973.5    2.3  246.0   53.6  444.0
2018 127  5  7 2100  -48.0  975.2    1.8  224.0   53.6  444.0
2018 128  5  8 0000  -48.0  976.6    3.9  207.0   54.0  444.0
2018 128  5  8 0300  -49.4  978.5    4.1  211.0   51.8  444.0
2018 128  5  8 0600  -49.6  979.4    4.5  211.0   51.4  444.0
2018 128  5  8 0900  -49.9  979.7    2.9  207.0   50.9  444.0
2018 128  5  8 1200  -49.4  978.2    1.2  240.0   51.4  444.0
2018 128  5  8 1500  -48.8  977.6    1.9  270.0   52.2  444.0
2018 128  5  8 1800  -46.5  976.3    2.7  269.0   54.9  444.0
2018 128  5  8 2100  -45.4  976.1    2.9  243.0   56.2  444.0
2018 129  5  9 0000  -39.8  975.5    4.5  236.0   63.2  444.0
2018 129  5  9 0300  -42.6  974.9    2.9  245.0   60.2  444.0
2018 129  5  9 0600  -40.0  973.8    2.7  193.0   63.2  444.0
2018 129  5  9 0900  -40.2  972.9    6.4  226.0   63.7  444.0
2018 129  5  9 1200  -40.6  971.9    5.5  212.0   62.8  444.0
2018 129  5  9 1500  -41.9  970.2    4.3  218.0   61.0  444.0
2018 129  5  9 1800  -43.4  969.0    3.5  201.0   59.3  444.0
2018 129  5  9 2100  -46.6  967.6    2.5  218.0   55.3  444.0
2018 130  5 10 0000  -45.5  966.4    2.5  190.0   56.6  444.0
2018 130  5 10 0300  -44.5  964.3    1.6  194.0   58.0  444.0
2018 130  5 10 0600  -46.6  963.1    1.6  228.0   55.3  444.0
2018 130  5 10 0900  -49.2  962.6    1.6  231.0   51.4  444.0
2018 130  5 10 1200  -50.0  961.9    1.4  235.0   50.5  444.0
2018 130  5 10 1500  -48.9  960.7    2.1  250.0   51.8  444.0
2018 130  5 10 1800  -46.9  959.5    4.3  240.0   54.4  444.0
2018 130  5 10 2100  -47.6  958.8    3.3  214.0   53.6  444.0
2018 131  5 11 0000  -43.5  957.6    2.5  224.0   58.4  444.0
2018 131  5 11 0300  -42.1  954.2    3.7  267.0   60.2  444.0
2018 131  5 11 0600  -30.8  951.0    6.4  250.0   74.7  444.0
2018 131  5 11 0900  -39.9  951.8    9.6  207.0   64.6  444.0
2018 131  5 11 1200  -37.4  953.5   10.1  207.0   67.2  444.0
2018 131  5 11 1500  -37.1  955.1    8.2  200.0   67.6  444.0
2018 131  5 11 1800  -37.4  954.4    3.5  200.0   67.2  444.0
2018 131  5 11 2100  -34.4  952.4    2.9  290.0   71.2  444.0
2018 132  5 12 0000  -26.9  950.1    2.9  323.0   80.4  444.0
2018 132  5 12 0300  -22.9  947.9    4.3  321.0   85.7  444.0
2018 132  5 12 0600  -21.2  946.8    0.6  263.0   88.3  444.0
2018 132  5 12 0900  -20.2  948.4    1.9  319.0   89.6  444.0
2018 132  5 12 1200  -23.4  950.8    2.3  215.0   86.1  444.0
2018 132  5 12 1500  -24.2  953.7    0.4  173.0   84.8  444.0
2018 132  5 12 1800  -24.4  956.3    3.9  242.0   84.8  444.0
2018 132  5 12 2100  -29.6  957.6    3.5  228.0   78.6  444.0
2018 133  5 13 0000  -30.0  957.8    2.5  278.0   78.2  444.0
2018 133  5 13 0300  -28.8  957.9    5.1  232.0   79.5  444.0
2018 133  5 13 0600  -28.9  959.1    3.7  222.0   79.1  444.0
2018 133  5 13 0900  -29.4  960.3    3.5  228.0   78.6  444.0
2018 133  5 13 1200  -33.0  961.1    5.3  205.0   74.2  444.0
2018 133  5 13 1500  -33.5  962.8    6.2  191.0   73.4  444.0
2018 133  5 13 1800  -31.0  963.1    4.1  204.0   76.4  444.0
2018 133  5 13 2100  -31.5  961.6    1.0  256.0   76.4  444.0
2018 134  5 14 0000  -30.8  961.1    3.1  233.0   76.9  444.0
2018 134  5 14 0300  -31.4  960.2    1.8  224.0   75.6  444.0
2018 134  5 14 0600  -29.9  960.1    3.1  207.0   77.8  444.0
2018 134  5 14 0900  -34.0  958.6    1.4  288.0   72.5  444.0
2018 134  5 14 1200  -30.6  957.3    0.8  264.0   76.4  444.0
2018 134  5 14 1500  -23.1  956.4    2.5  222.0   85.7  444.0
2018 134  5 14 1800  -22.9  956.4    2.5  229.0   86.1  444.0
2018 134  5 14 2100  -27.2  957.5    3.3  202.0   81.3  444.0
2018 135  5 15 0000  -33.1  958.1    1.4  195.0   74.2  444.0
2018 135  5 15 0300  -35.4  959.0    0.8  253.0   71.2  444.0
2018 135  5 15 0600  -33.8  959.5    0.0  217.0   72.9  444.0
2018 135  5 15 0900  -34.0  961.2    0.0  172.0   72.5  444.0
2018 135  5 15 1200  -32.8  963.8    0.8  172.0   74.2  444.0
2018 135  5 15 1500  -32.2  966.5    3.1  200.0   74.7  444.0
2018 135  5 15 1800  -28.6  969.9    4.1  215.0   78.6  444.0
2018 135  5 15 2100  -28.8  972.1    7.4  208.0   79.1  444.0
2018 136  5 16 0000  -28.5  973.9   10.3  212.0   79.5  444.0
2018 136  5 16 0300  -28.0  974.8   11.1  204.0   80.0  444.0
2018 136  5 16 0600  -25.9  976.3    9.4  207.0   82.6  444.0
2018 136  5 16 0900  -26.9  977.7    9.6  205.0   81.3  444.0
2018 136  5 16 1200  -26.9  977.6    5.5  215.0   81.3  444.0
2018 136  5 16 1500  -29.4  975.9    2.1  222.0   77.8  444.0
2018 136  5 16 1800  -33.4  975.4    1.8  280.0   72.9  444.0
2018 136  5 16 2100  -31.6  975.4    1.0  305.0   74.7  444.0
2018 137  5 17 0000  -32.2  975.8    1.0  300.0   74.7  444.0
2018 137  5 17 0300  -34.5  976.5    0.8  300.0   72.0  444.0
2018 137  5 17 0600  -30.2  978.4    0.4  300.0   77.3  444.0
2018 137  5 17 0900  -31.6  980.7    0.0  307.0   75.1  444.0
2018 137  5 17 1200  -31.6  982.7    1.9  307.0   75.1  444.0
2018 137  5 17 1500  -28.0  984.9    3.1  255.0   79.5  444.0
2018 137  5 17 1800  -26.5  987.5    5.1  240.0   81.7  444.0
2018 137  5 17 2100  -27.0  989.1    3.5  280.0   81.3  444.0
2018 138  5 18 0000  -25.8  990.1    4.9  269.0   82.6  444.0
2018 138  5 18 0300  -24.8  990.5    7.8  256.0   83.9  444.0
2018 138  5 18 0600  -24.2  990.7    6.0  243.0   84.8  444.0
2018 138  5 18 0900  -24.5  990.3    7.0  249.0   84.4  444.0
2018 138  5 18 1200  -26.2  990.1    5.3  229.0   82.6  444.0
2018 138  5 18 1500  -30.0  988.9    2.9  256.0   77.8  444.0
2018 138  5 18 1800  -31.8  987.7    0.8  260.0   75.1  444.0
2018 138  5 18 2100  -30.8  986.2    0.4  269.0   76.0  444.0
2018 139  5 19 0000  -32.6  984.5    1.2  283.0   74.2  444.0
2018 139  5 19 0300  -36.8  983.1    2.9  283.0   69.0  444.0
2018 139  5 19 0600  -37.6  982.4  444.0  444.0   68.1  444.0
2018 139  5 19 0900  -36.1  981.8  444.0  444.0   69.8  444.0
2018 139  5 19 1200  -35.0  980.9  444.0  444.0   71.2  444.0
2018 139  5 19 1500  -34.0  980.6    1.4  167.0   71.6  444.0
2018 139  5 19 1800  -39.8  980.1    3.3  260.0   65.0  444.0
2018 139  5 19 2100  -39.8  979.5    1.4  283.0   65.0  444.0
2018 140  5 20 0000  -37.1  978.2    3.3  297.0   67.6  444.0
2018 140  5 20 0300  -42.1  978.2    5.3  231.0   62.4  444.0
2018 140  5 20 0600  -39.5  979.2    3.1  235.0   65.0  444.0
2018 140  5 20 0900  -33.8  979.9    2.7  235.0   72.0  444.0
2018 140  5 20 1200  -34.4  980.8    2.9  260.0   71.6  444.0
2018 140  5 20 1500  -38.1  981.7    3.7  252.0   66.8  444.0
2018 140  5 20 1800  -39.8  982.7    3.7  269.0   65.4  444.0
2018 140  5 20 2100  -36.1  983.9    5.5  243.0   69.0  444.0
2018 141  5 21 0000  -32.2  984.3    5.3  266.0   74.2  444.0
2018 141  5 21 0300  -29.9  984.2    6.2  257.0   76.9  444.0
2018 141  5 21 0600  -28.1  984.5    4.9  253.0   79.5  444.0
2018 141  5 21 0900  -31.6  985.6    3.7  201.0   75.6  444.0
2018 141  5 21 1200  -36.2  987.5    4.5  180.0   69.8  444.0
2018 141  5 21 1500  -36.8  988.9    4.9  173.0   69.0  444.0
2018 141  5 21 1800  -39.9  990.8    6.0  181.0   65.0  444.0
2018 141  5 21 2100  -40.9  993.2    6.6  180.0   63.7  444.0
2018 142  5 22 0000  -38.8  995.0    6.8  179.0   65.9  444.0
2018 142  5 22 0300  -36.6  994.8    8.0  181.0   68.5  444.0
2018 142  5 22 0600  -36.2  994.2    9.9  198.0   69.0  444.0
2018 142  5 22 0900  -36.6  992.9    9.4  190.0   68.5  444.0
2018 142  5 22 1200  -35.9  991.5   10.3  202.0   69.4  444.0
2018 142  5 22 1500  -33.4  990.1   11.1  191.0   72.5  444.0
2018 142  5 22 1800  -31.4  988.0   11.7  193.0   75.1  444.0
2018 142  5 22 2100  -30.8  987.2    9.6  194.0   76.0  444.0
2018 143  5 23 0000  -31.5  985.8    9.9  204.0   75.1  444.0
2018 143  5 23 0300  -32.8  984.5   11.7  205.0   73.8  444.0
2018 143  5 23 0600  -31.9  983.5   10.1  204.0   74.7  444.0
2018 143  5 23 0900  -33.0  982.2    7.8  205.0   73.4  444.0
2018 143  5 23 1200  -34.4  980.8    4.7  210.0   71.6  444.0
2018 143  5 23 1500  -37.6  979.0    3.7  257.0   67.6  444.0
2018 143  5 23 1800  -37.4  977.6    2.5  232.0   68.1  444.0
2018 143  5 23 2100  -36.8  976.5    2.1  236.0   68.5  444.0
2018 144  5 24 0000  -35.0  974.7    2.1  257.0   70.7  444.0
2018 144  5 24 0300  -30.8  972.9    1.9  201.0   76.0  444.0
2018 144  5 24 0600  -30.0  971.4    1.4  173.0   77.3  444.0
2018 144  5 24 0900  -30.0  969.9    1.6  232.0   76.9  444.0
2018 144  5 24 1200  -31.5  968.4    2.9  235.0   75.1  444.0
2018 144  5 24 1500  -28.4  967.3    5.1  245.0   79.5  444.0
2018 144  5 24 1800  -26.9  964.9    6.6  255.0   81.3  444.0
2018 144  5 24 2100  -28.8  964.5    7.2  238.0   79.1  444.0
2018 145  5 25 0000  -25.1  963.9    6.0  250.0   83.0  444.0
2018 145  5 25 0300  -28.0  965.3    5.8  208.0   80.0  444.0
2018 145  5 25 0600  -24.9  964.3    3.5  311.0   83.5  444.0
2018 145  5 25 0900  -21.5  964.6    4.9  240.0   87.9  444.0
2018 145  5 25 1200  -19.9  964.3    8.8  283.0   89.6  444.0
2018 145  5 25 1500  -19.0  964.6    7.8  257.0   91.0  444.0
2018 145  5 25 1800  -19.8  965.9    7.6  276.0   90.1  444.0
2018 145  5 25 2100  -22.5  967.4    5.1  302.0   87.0  444.0
2018 146  5 26 0000  -27.2  969.2    4.5  307.0   81.3  444.0
2018 146  5 26 0300  -29.9  970.6    3.3  318.0   78.2  444.0
2018 146  5 26 0600  -32.0  971.7    0.0  323.0   75.1  444.0
2018 146  5 26 0900  -34.8  973.2    0.8  325.0   71.6  444.0
2018 146  5 26 1200  -28.6  974.9  444.0  444.0   78.6  444.0
2018 146  5 26 1500  -23.9  976.2  444.0  444.0   84.8  444.0
2018 146  5 26 1800  -25.1  977.9  444.0  444.0   83.9  444.0
2018 146  5 26 2100  -24.8  980.0  444.0  444.0   84.4  444.0
2018 147  5 27 0000  -24.1  981.9  444.0  444.0   84.8  444.0
2018 147  5 27 0300  -29.1  983.3  444.0  444.0   79.1  444.0
2018 147  5 27 0600  -32.9  984.6  444.0  444.0   74.7  444.0
2018 147  5 27 0900  -29.4  985.9    4.1  219.0   78.2  444.0
2018 147  5 27 1200  -27.2  986.2    7.6  224.0   80.8  444.0
2018 147  5 27 1500  -29.8  986.2    9.0  215.0   77.8  444.0
2018 147  5 27 1800  -30.5  986.4    6.4  211.0   76.9  444.0
2018 147  5 27 2100  -29.9  986.9    9.0  222.0   77.3  444.0
2018 148  5 28 0000  -30.8  985.9    9.0  224.0   76.4  444.0
2018 148  5 28 0300  -32.2  985.2    7.0  226.0   74.7  444.0
2018 148  5 28 0600  -30.9  984.2   13.5  207.0   76.0  444.0
2018 148  5 28 0900  -32.1  985.1    8.4  210.0   74.7  444.0
2018 148  5 28 1200  -34.0  984.7    9.2  210.0   72.5  444.0
2018 148  5 28 1500  -33.8  984.5   12.7  212.0   72.9  444.0
2018 148  5 28 1800  -32.8  985.2   12.9  201.0   73.8  444.0
2018 148  5 28 2100  -36.1  985.9    5.7  201.0   69.8  444.0
2018 149  5 29 0000  -39.5  985.7  444.0  444.0   65.4  444.0
2018 149  5 29 0300  -40.9  984.5  444.0  444.0   63.2  444.0
2018 149  5 29 0600  -41.9  982.2  444.0  444.0   61.9  444.0
2018 149  5 29 0900  -41.0  980.3  444.0  444.0   63.2  444.0
2018 149  5 29 1200  -38.2  978.2    2.7  339.0   66.3  444.0
2018 149  5 29 1500  -39.1  977.1    0.4  329.0   65.4  444.0
2018 149  5 29 1800  -42.1  976.5    1.9  345.0   61.9  444.0
2018 149  5 29 2100  -41.0  978.0    1.6  297.0   62.8  444.0
2018 150  5 30 0000  -43.6  979.0    1.0  277.0   59.3  444.0
2018 150  5 30 0300  -40.9  979.5    2.3  250.0   62.8  444.0
2018 150  5 30 0600  -38.8  979.6    6.4  236.0   65.9  444.0
2018 150  5 30 0900  -37.5  980.3    5.7  224.0   66.8  444.0
2018 150  5 30 1200  -35.8  980.2    7.6  226.0   69.0  444.0
2018 150  5 30 1500  -34.4  981.4    6.4  215.0   71.2  444.0
2018 150  5 30 1800  -34.0  981.9    6.8  210.0   71.6  444.0
2018 150  5 30 2100  -35.8  983.2    5.1  231.0   69.8  444.0
2018 151  5 31 0000  -36.6  984.4    5.8  212.0   68.5  444.0
2018 151  5 31 0300  -37.4  984.7    5.8  226.0   67.6  444.0
2018 151  5 31 0600  -36.1  985.7    7.8  217.0   69.4  444.0
2018 151  5 31 0900  -35.2  985.8    8.6  224.0   70.3  444.0
2018 151  5 31 1200  -33.4  985.2    9.9  224.0   72.5  444.0
2018 151  5 31 1500  -31.8  985.1   11.9  214.0   74.7  444.0
2018 151  5 31 1800  -31.4  985.3   13.6  217.0   75.6  444.0
2018 151  5 31 2100  -28.2  984.3   10.7  221.0   79.1  444.0
