Year: 2018  Month: 09  ID: EML  ARGOS:  8939  Name: Emilia              
Lat: 78.48S  Lon: 173.15E  Elev:   51m
2018 244  9  1 0000  -41.1  965.5  444.0  444.0   62.8  444.0
2018 244  9  1 0300  -42.1  963.9  444.0  444.0   61.5  444.0
2018 244  9  1 0600  -41.5  962.8  444.0  444.0   61.9  444.0
2018 244  9  1 0900  -39.8  962.5  444.0  444.0   63.7  444.0
2018 244  9  1 1200  -41.6  962.2  444.0  444.0   61.0  444.0
2018 244  9  1 1500  -45.9  964.3  444.0  444.0   56.6  444.0
2018 244  9  1 1800  -48.1  966.3  444.0  444.0   53.1  444.0
2018 244  9  1 2100  -47.4  968.0  444.0  444.0   54.0  444.0
2018 245  9  2 0000  -41.5  966.7  444.0  444.0   60.6  444.0
2018 245  9  2 0300  -40.0  965.3  444.0  444.0   63.2  444.0
2018 245  9  2 0600  -40.9  963.3  444.0  444.0   62.4  444.0
2018 245  9  2 0900  -40.9  962.1  444.0  444.0   62.4  444.0
2018 245  9  2 1200  -42.2  958.1  444.0  444.0   60.6  444.0
2018 245  9  2 1500  -40.9  954.5  444.0  444.0   62.4  444.0
2018 245  9  2 1800  -39.4  950.2   20.5  205.0   64.1  444.0
2018 245  9  2 2100  -40.1  945.7   19.7  202.0   63.7  444.0
2018 246  9  3 0000  -35.9  939.9   18.3  201.0   69.0  444.0
2018 246  9  3 0300  -33.8  935.5   19.5  204.0   71.6  444.0
2018 246  9  3 0600  -32.2  932.3   21.4  198.0   73.8  444.0
2018 246  9  3 0900  -29.4  929.5   22.8  204.0   77.8  444.0
2018 246  9  3 1200  -28.2  927.2   16.8  194.0   79.1  444.0
2018 246  9  3 1500  -27.9  926.4   14.8  208.0   79.5  444.0
2018 246  9  3 1800  -26.9  925.9   14.0  198.0   80.8  444.0
2018 246  9  3 2100  -26.2  926.5   10.9  214.0   81.7  444.0
2018 247  9  4 0000  -24.8  926.6    8.4  218.0   84.4  444.0
2018 247  9  4 0300  -25.5  927.1    8.2  214.0   83.0  444.0
2018 247  9  4 0600  -27.5  930.2    7.0  207.0   80.4  444.0
2018 247  9  4 0900  -26.8  933.3    5.8  212.0   81.7  444.0
2018 247  9  4 1200  -25.2  934.4    7.8  214.0   83.0  444.0
2018 247  9  4 1500  -28.5  938.3    7.0  215.0   79.5  444.0
2018 247  9  4 1800  -28.9  940.7   10.9  211.0   79.1  444.0
2018 247  9  4 2100  -29.9  943.1   10.3  212.0   77.8  444.0
2018 248  9  5 0000  -31.5  945.1   11.1  215.0   75.6  444.0
2018 248  9  5 0300  -32.9  947.0    9.4  218.0   73.8  444.0
2018 248  9  5 0600  -35.2  949.0    8.2  211.0   71.2  444.0
2018 248  9  5 0900  -37.4  951.4    7.4  212.0   68.1  444.0
2018 248  9  5 1200  -38.6  952.7    8.4  221.0   66.8  444.0
2018 248  9  5 1500  -39.4  954.7    6.0  215.0   65.4  444.0
2018 248  9  5 1800  -37.6  955.1    8.0  211.0   67.6  444.0
2018 248  9  5 2100  -34.6  955.9   11.5  217.0   70.7  444.0
2018 249  9  6 0000  -33.9  957.7    9.9  204.0   72.0  444.0
2018 249  9  6 0300  -34.8  959.1   11.1  212.0   70.7  444.0
2018 249  9  6 0600  -35.1  959.8    8.2  217.0   70.3  444.0
2018 249  9  6 0900  -36.5  960.9    7.8  212.0   67.6  444.0
2018 249  9  6 1200  -37.1  960.6    7.0  201.0   67.2  444.0
2018 249  9  6 1500  -39.2  961.2    5.3  214.0   65.0  444.0
2018 249  9  6 1800  -41.0  961.0    5.8  231.0   63.2  444.0
2018 249  9  6 2100  -41.5  961.9    3.9  207.0   62.4  444.0
2018 250  9  7 0000  -38.8  961.9    6.6  231.0   64.6  444.0
2018 250  9  7 0300  -38.0  961.5    5.7  236.0   65.9  444.0
2018 250  9  7 0600  -39.4  960.5    7.4  252.0   65.9  444.0
2018 250  9  7 0900  -39.4  959.9    7.4  239.0   64.6  444.0
2018 250  9  7 1200  -38.2  959.3    7.2  243.0   66.3  444.0
2018 250  9  7 1500  -37.4  958.5    6.8  236.0   67.6  444.0
2018 250  9  7 1800  -37.9  958.2    3.5  238.0   66.8  444.0
2018 250  9  7 2100  -35.9  957.8    7.4  235.0   70.7  444.0
2018 251  9  8 0000  -35.4  957.9    5.8  242.0   70.3  444.0
2018 251  9  8 0300  -31.6  958.7    7.6  238.0   74.7  444.0
2018 251  9  8 0600  -32.2  960.8    7.0  240.0   73.4  444.0
2018 251  9  8 0900  -33.9  962.3    7.0  226.0   72.0  444.0
2018 251  9  8 1200  -33.8  964.6    5.1  229.0   72.0  444.0
2018 251  9  8 1500  -34.6  965.8    5.8  210.0   71.2  444.0
2018 251  9  8 1800  -34.8  967.3    4.9  207.0   70.3  444.0
2018 251  9  8 2100  -35.8  968.7    5.1  214.0   70.7  444.0
2018 252  9  9 0000  -29.9  969.7    7.8  212.0   73.8  444.0
2018 252  9  9 0300  -31.5  971.6    8.4  215.0   73.4  444.0
2018 252  9  9 0600  -32.2  973.4    7.8  215.0   74.2  444.0
2018 252  9  9 0900  -31.9  974.7   11.1  212.0   74.2  444.0
2018 252  9  9 1200  -36.9  976.7    4.1  250.0   67.2  444.0
2018 252  9  9 1500  -37.4  977.9    3.5  242.0   66.3  444.0
2018 252  9  9 1800  -39.8  978.9    1.9  236.0   64.1  444.0
2018 252  9  9 2100  -41.2  979.8    1.0  240.0   63.2  444.0
2018 253  9 10 0000  -40.1  980.7    2.3  243.0   65.0  444.0
2018 253  9 10 0300  -33.9  979.4    6.6  291.0   66.8  444.0
2018 253  9 10 0600  -35.5  978.5    8.6  187.0   69.4  444.0
2018 253  9 10 0900  -37.4  981.0    4.7  243.0   67.2  444.0
2018 253  9 10 1200  -41.0  982.4    3.5  229.0   63.2  444.0
2018 253  9 10 1500  -41.5  983.8    3.3  240.0   61.5  444.0
2018 253  9 10 1800  -39.8  984.2    3.3  269.0   64.1  444.0
2018 253  9 10 2100  -33.4  985.3    4.5  260.0   72.5  444.0
2018 254  9 11 0000  -38.8  986.1  444.0  444.0   67.2  444.0
2018 254  9 11 0300  -38.8  985.4  444.0  444.0   66.3  444.0
2018 254  9 11 0600  -42.5  985.5  444.0  444.0   61.5  444.0
2018 254  9 11 0900  -43.0  984.7  444.0  444.0   59.7  444.0
2018 254  9 11 1200  -42.6  984.4  444.0  444.0   60.6  444.0
2018 254  9 11 1500  -42.6  983.5  444.0  444.0   60.6  444.0
2018 254  9 11 1800  -43.5  983.2  444.0  444.0   58.8  444.0
2018 254  9 11 2100  -41.6  982.9  444.0  444.0   62.4  444.0
2018 255  9 12 0000  -35.9  982.7  444.0  444.0   70.3  444.0
2018 255  9 12 0300  -37.4  982.6  444.0  444.0   66.3  444.0
2018 255  9 12 0600  -42.4  982.4  444.0  444.0   61.0  444.0
2018 255  9 12 0900  -44.2  982.8  444.0  444.0   58.8  444.0
2018 255  9 12 1200  -44.6  982.8  444.0  444.0   58.4  444.0
2018 255  9 12 1500  -44.6  981.0  444.0  444.0   58.0  444.0
2018 255  9 12 1800  -46.4  979.8  444.0  444.0   55.8  444.0
2018 255  9 12 2100  -44.1  978.2  444.0  444.0   58.4  444.0
2018 256  9 13 0000  -38.1  976.7  444.0  444.0   65.9  444.0
2018 256  9 13 0300  -34.4  974.7  444.0  444.0   69.4  444.0
2018 256  9 13 0600  -34.4  974.3    4.3  208.0   71.2  444.0
2018 256  9 13 0900  -36.2  975.1    6.2  225.0   68.5  444.0
2018 256  9 13 1200  -35.9  974.8    6.4  210.0   69.4  444.0
2018 256  9 13 1500  -38.8  975.2    7.2  225.0   65.9  444.0
2018 256  9 13 1800  -36.2  975.1    8.0  205.0   69.0  444.0
2018 256  9 13 2100  -36.8  976.0    8.0  211.0   68.1  444.0
2018 257  9 14 0000  -36.8  975.7    8.8  202.0   68.1  444.0
2018 257  9 14 0300  -35.9  975.2    8.0  214.0   69.0  444.0
2018 257  9 14 0600  -35.1  974.8    6.6  201.0   70.3  444.0
2018 257  9 14 0900  -35.0  973.8    7.8  221.0   70.7  444.0
2018 257  9 14 1200  -36.1  972.9    9.8  210.0   69.4  444.0
2018 257  9 14 1500  -39.2  973.1    7.4  217.0   64.6  444.0
2018 257  9 14 1800  -41.6  972.8    5.3  204.0   61.9  444.0
2018 257  9 14 2100  -39.8  972.9    8.4  191.0   64.6  444.0
2018 258  9 15 0000  -38.2  973.3    7.6  193.0   65.0  444.0
2018 258  9 15 0300  -38.1  972.5    5.1  205.0   63.2  444.0
2018 258  9 15 0600  -41.0  972.5    4.7  214.0   62.4  444.0
2018 258  9 15 0900  -41.6  971.6    7.2  212.0   61.5  444.0
2018 258  9 15 1200  -40.9  971.4    8.2  193.0   62.4  444.0
2018 258  9 15 1500  -43.5  971.0    6.4  204.0   59.3  444.0
2018 258  9 15 1800  -42.1  970.4    6.2  208.0   61.5  444.0
2018 258  9 15 2100  -40.1  970.0    8.0  211.0   63.7  444.0
2018 259  9 16 0000  -37.4  969.3   11.9  210.0   66.8  444.0
2018 259  9 16 0300  -35.6  967.2   14.2  214.0   69.4  444.0
2018 259  9 16 0600  -33.9  966.5   14.6  215.0   71.6  444.0
2018 259  9 16 0900  -33.0  965.1   15.4  208.0   72.9  444.0
2018 259  9 16 1200  -34.2  963.2   17.7  212.0   71.6  444.0
2018 259  9 16 1500  -33.8  962.7   17.5  205.0   72.0  444.0
2018 259  9 16 1800  -30.0  961.8   17.9  204.0   76.9  444.0
2018 259  9 16 2100  -28.8  962.1   14.4  212.0   78.6  444.0
2018 260  9 17 0000  -27.6  962.8   10.7  217.0   79.5  444.0
2018 260  9 17 0300  -23.2  963.3    8.0  202.0   84.4  444.0
2018 260  9 17 0600  -23.6  963.2   10.9  198.0   85.2  444.0
2018 260  9 17 0900  -24.0  963.8   12.9  191.0   84.4  444.0
2018 260  9 17 1200  -25.5  963.6   12.9  201.0   83.0  444.0
2018 260  9 17 1500  -25.2  963.4   15.6  197.0   83.5  444.0
2018 260  9 17 1800  -24.4  964.1   10.1  198.0   84.4  444.0
2018 260  9 17 2100  -25.2  963.6   10.1  194.0   82.6  444.0
2018 261  9 18 0000  -26.4  963.1    9.6  191.0   79.5  444.0
2018 261  9 18 0300  -27.1  962.4   10.7  191.0   80.0  444.0
2018 261  9 18 0600  -25.0  963.0   10.3  207.0   82.6  444.0
2018 261  9 18 0900  -29.6  961.4    7.4  207.0   78.2  444.0
2018 261  9 18 1200  -30.8  959.6    9.4  205.0   76.9  444.0
2018 261  9 18 1500  -28.6  957.8    9.2  197.0   79.5  444.0
2018 261  9 18 1800  -26.4  956.2   11.7  204.0   81.7  444.0
2018 261  9 18 2100  -25.2  954.3   12.5  200.0   81.7  444.0
2018 262  9 19 0000  -24.5  951.9   12.3  219.0   81.7  444.0
2018 262  9 19 0300  -26.1  951.6   12.9  207.0   79.5  444.0
2018 262  9 19 0600  -27.9  950.9   13.8  201.0   80.4  444.0
2018 262  9 19 0900  -26.8  949.7   17.9  215.0   81.3  444.0
2018 262  9 19 1200  -27.6  950.2   14.6  208.0   80.0  444.0
2018 262  9 19 1500  -27.6  950.4   14.0  222.0   80.0  444.0
2018 262  9 19 1800  -28.1  951.9   10.7  207.0   79.1  444.0
2018 262  9 19 2100  -26.9  952.7   12.5  214.0   78.6  444.0
2018 263  9 20 0000  -25.6  954.1   15.0  221.0   79.5  444.0
2018 263  9 20 0300  -25.5  956.2   12.1  221.0   80.4  444.0
2018 263  9 20 0600  -25.8  958.4   10.5  221.0   82.2  444.0
2018 263  9 20 0900  -26.8  960.0   12.5  231.0   81.3  444.0
2018 263  9 20 1200  -25.9  961.7    9.4  225.0   82.6  444.0
2018 263  9 20 1500  -25.0  963.5    7.8  228.0   83.0  444.0
2018 263  9 20 1800  -24.4  964.2    9.9  217.0   84.4  444.0
2018 263  9 20 2100  -24.5  965.4   10.9  205.0   80.0  444.0
2018 264  9 21 0000  -25.5  966.3  444.0  444.0   68.1  444.0
2018 264  9 21 0300  -26.4  966.8  444.0  444.0   69.8  444.0
2018 264  9 21 0600  -31.0  966.2  444.0  444.0   74.7  444.0
2018 264  9 21 0900  -31.4  967.3  444.0  444.0   77.3  444.0
2018 264  9 21 1200  -31.0  969.2  444.0  444.0   75.6  444.0
2018 264  9 21 1500  -33.4  970.6  444.0  444.0   72.5  444.0
2018 264  9 21 1800  -36.9  972.4  444.0  444.0   69.0  444.0
2018 264  9 21 2100  -33.0  973.6  444.0  444.0   75.1  444.0
2018 265  9 22 0000  -31.0  974.9  444.0  444.0   76.4  444.0
2018 265  9 22 0300  -30.5  975.4  444.0  444.0   73.4  444.0
2018 265  9 22 0600  -31.4  976.3  444.0  444.0   71.6  444.0
2018 265  9 22 0900  -32.0  976.6  444.0  444.0   71.6  444.0
2018 265  9 22 1200  -32.1  977.4  444.0  444.0   73.4  444.0
2018 265  9 22 1500  -31.6  977.2  444.0  444.0   72.5  444.0
2018 265  9 22 1800  -31.8  976.7  444.0  444.0   72.9  444.0
2018 265  9 22 2100  -31.6  976.2    6.4  195.0   71.6  444.0
2018 266  9 23 0000  -33.6  976.1    6.8  190.0   68.5  444.0
2018 266  9 23 0300  -34.0  975.9    7.0  198.0   65.9  444.0
2018 266  9 23 0600  -35.0  975.6    6.0  191.0   70.3  444.0
2018 266  9 23 0900  -37.4  975.6    6.6  212.0   68.1  444.0
2018 266  9 23 1200  -37.9  975.7    8.2  202.0   67.2  444.0
2018 266  9 23 1500  -38.6  975.3    6.6  204.0   66.3  444.0
2018 266  9 23 1800  -39.4  975.4    4.7  193.0   65.0  444.0
2018 266  9 23 2100  -39.0  975.2    3.9  191.0   65.9  444.0
2018 267  9 24 0000  -37.6  975.1    2.9  207.0   64.6  444.0
2018 267  9 24 0300  -37.1  974.0    2.9  201.0   63.2  444.0
2018 267  9 24 0600  -38.2  973.6    2.9  224.0   63.7  444.0
2018 267  9 24 0900  -40.6  973.3    2.1  212.0   63.7  444.0
2018 267  9 24 1200  -40.9  972.8    3.7  238.0   63.2  444.0
2018 267  9 24 1500  -44.2  972.3    3.3  219.0   58.8  444.0
2018 267  9 24 1800  -45.8  972.2    2.5  232.0   57.1  444.0
2018 267  9 24 2100  -43.4  971.8  444.0  444.0   54.9  444.0
2018 268  9 25 0000  -41.1  971.2  444.0  444.0   53.1  444.0
2018 268  9 25 0300  -39.1  970.2  444.0  444.0   54.0  444.0
2018 268  9 25 0600  -37.5  969.4  444.0  444.0   60.2  444.0
2018 268  9 25 0900  -40.9  969.0  444.0  444.0   60.6  444.0
2018 268  9 25 1200  -41.1  968.8  444.0  444.0   63.2  444.0
2018 268  9 25 1500  -37.8  969.0    0.8  238.0   67.2  444.0
2018 268  9 25 1800  -37.8  968.5    5.3  219.0   65.0  444.0
2018 268  9 25 2100  -41.5  969.0    1.6  191.0   65.0  444.0
2018 269  9 26 0000  -37.8  969.1  444.0  444.0   58.8  444.0
2018 269  9 26 0300  -37.0  969.1  444.0  444.0   59.7  444.0
2018 269  9 26 0600  -36.8  969.3  444.0  444.0   64.6  444.0
2018 269  9 26 0900  -40.9  969.2  444.0  444.0   61.9  444.0
2018 269  9 26 1200  -42.2  968.8  444.0  444.0   60.6  444.0
2018 269  9 26 1500  -45.1  968.6  444.0  444.0   57.5  444.0
2018 269  9 26 1800  -46.2  968.4  444.0  444.0   56.2  444.0
2018 269  9 26 2100  -43.1  967.8  444.0  444.0   59.3  444.0
2018 270  9 27 0000  -38.0  966.3    5.7  208.0   61.5  444.0
2018 270  9 27 0300  -38.8  963.5    7.2  214.0   62.8  444.0
2018 270  9 27 0600  -40.9  959.0   12.9  226.0   62.8  444.0
2018 270  9 27 0900  -37.9  954.1   13.3  222.0   66.8  444.0
2018 270  9 27 1200  -33.2  947.8   13.8  224.0   72.5  444.0
2018 270  9 27 1500  -24.5  940.8   12.3  228.0   83.5  444.0
2018 270  9 27 1800  -18.9  935.0   14.0  219.0   90.5  444.0
2018 270  9 27 2100  -17.1  932.1    9.6  238.0   89.2  444.0
2018 271  9 28 0000  -14.8  929.6    9.6  269.0   91.4  444.0
2018 271  9 28 0300  -15.9  928.2   16.8  326.0   92.3  444.0
2018 271  9 28 0600  -18.2  930.1   17.4  340.0   91.4  444.0
2018 271  9 28 0900  -19.2  936.0   12.5  347.0   90.5  444.0
2018 271  9 28 1200  -20.6  939.8   11.3    8.0   89.2  444.0
2018 271  9 28 1500  -25.1  942.8   11.9   51.0   83.5  444.0
2018 271  9 28 1800  -26.1  945.3    4.9   97.0   82.2  444.0
2018 271  9 28 2100  -27.2  947.8    2.9  117.0   76.4  444.0
2018 272  9 29 0000  -27.2  948.9    2.1  117.0   72.5  444.0
2018 272  9 29 0300  -26.6  949.1    0.0  117.0   75.1  444.0
2018 272  9 29 0600  -27.4  948.6    5.3  222.0   79.5  444.0
2018 272  9 29 0900  -29.0  947.0    3.5  242.0   79.5  444.0
2018 272  9 29 1200  -28.5  946.4    5.3  263.0   79.5  444.0
2018 272  9 29 1500  -26.4  945.5    5.7  263.0   82.2  444.0
2018 272  9 29 1800  -31.0  946.5    3.3  304.0   76.9  444.0
2018 272  9 29 2100  -29.9  949.0    2.1  321.0   73.8  444.0
2018 273  9 30 0000  -26.9  950.4    4.7  322.0   76.0  444.0
2018 273  9 30 0300  -29.4  951.1    2.7  332.0   69.0  444.0
2018 273  9 30 0600  -32.0  952.0    4.9  346.0   74.7  444.0
2018 273  9 30 0900  -36.5  953.3    2.3  359.0   69.0  444.0
2018 273  9 30 1200  -33.0  954.3    2.3   44.0   74.2  444.0
2018 273  9 30 1500  -29.2  954.7    1.4   82.0   78.6  444.0
2018 273  9 30 1800  -24.9  954.7    6.6  167.0   83.9  444.0
2018 273  9 30 2100  -22.9  954.6   12.5  167.0   87.0  444.0
