Year: 2018  Month: 07  ID: EML  ARGOS:  8939  Name: Emilia              
Lat: 78.47S  Lon: 173.15E  Elev:   51m
2018 182  7  1 0000  -30.0  979.5    9.6  197.0   77.3  444.0
2018 182  7  1 0300  -29.9  978.8    6.6  210.0   77.8  444.0
2018 182  7  1 0600  -30.5  977.9    8.6  202.0   76.9  444.0
2018 182  7  1 0900  -28.6  977.3    7.2  218.0   79.5  444.0
2018 182  7  1 1200  -29.9  977.3    6.4  200.0   77.8  444.0
2018 182  7  1 1500  -32.0  977.3    5.8  219.0   75.1  444.0
2018 182  7  1 1800  -35.1  978.3    5.1  222.0   71.2  444.0
2018 182  7  1 2100  -37.4  979.0    4.3  212.0   68.1  444.0
2018 183  7  2 0000  -39.0  980.6    3.9  226.0   66.3  444.0
2018 183  7  2 0300  -39.8  981.7    2.3  229.0   65.0  444.0
2018 183  7  2 0600  -38.9  982.4    3.5  239.0   65.9  444.0
2018 183  7  2 0900  -37.9  983.0    5.3  242.0   66.8  444.0
2018 183  7  2 1200  -36.8  983.4    4.1  235.0   68.5  444.0
2018 183  7  2 1500  -36.4  983.4    4.5  248.0   69.0  444.0
2018 183  7  2 1800  -36.8  983.1    4.3  243.0   68.5  444.0
2018 183  7  2 2100  -40.6  983.2    0.0  250.0   63.7  444.0
2018 184  7  3 0000  -40.4  982.5    1.4  250.0   63.7  444.0
2018 184  7  3 0300  -34.6  982.1    2.7  332.0   71.2  444.0
2018 184  7  3 0600  -34.0  982.4    6.6  360.0   72.5  444.0
2018 184  7  3 0900  -36.0  984.5    3.7   14.0   69.4  444.0
2018 184  7  3 1200  -34.1  986.4    3.1   11.0   71.6  444.0
2018 184  7  3 1500  -29.9  988.3    0.6    3.0   77.3  444.0
2018 184  7  3 1800  -28.4  989.9    1.8    3.0   79.1  444.0
2018 184  7  3 2100  -27.9  991.5    5.3  173.0   80.4  444.0
2018 185  7  4 0000  -29.6  992.5    5.3  179.0   78.2  444.0
2018 185  7  4 0300  -30.2  992.3    5.8  197.0   77.8  444.0
2018 185  7  4 0600  -29.9  992.2    5.3  187.0   77.8  444.0
2018 185  7  4 0900  -30.4  991.4    5.3  186.0   77.3  444.0
2018 185  7  4 1200  -30.2  990.4    5.7  183.0   77.3  444.0
2018 185  7  4 1500  -28.8  989.3    5.8  186.0   79.1  444.0
2018 185  7  4 1800  -28.5  987.8    7.4  183.0   79.1  444.0
2018 185  7  4 2100  -29.2  987.1    7.6  180.0   78.6  444.0
2018 186  7  5 0000  -29.5  986.4    8.2  179.0   78.2  444.0
2018 186  7  5 0300  -28.1  985.8    7.0  183.0   80.0  444.0
2018 186  7  5 0600  -27.5  984.8    8.2  184.0   80.8  444.0
2018 186  7  5 0900  -27.9  983.9    8.2  188.0   80.4  444.0
2018 186  7  5 1200  -27.9  982.9    6.8  204.0   80.0  444.0
2018 186  7  5 1500  -28.4  981.9    7.8  200.0   79.5  444.0
2018 186  7  5 1800  -28.4  981.2    5.8  212.0   79.5  444.0
2018 186  7  5 2100  -30.6  981.2    3.5  225.0   76.4  444.0
2018 187  7  6 0000  -35.0  981.8    3.1  245.0   71.2  444.0
2018 187  7  6 0300  -33.9  981.7    1.8  212.0   72.5  444.0
2018 187  7  6 0600  -37.1  981.6    0.0  269.0   69.0  444.0
2018 187  7  6 0900  -29.1  981.9  444.0  444.0   78.6  444.0
2018 187  7  6 1200  -31.9  979.6  444.0  444.0   74.7  444.0
2018 187  7  6 1500  -31.0  978.5  444.0  444.0   76.0  444.0
2018 187  7  6 1800  -26.8  977.1  444.0  444.0   81.3  444.0
2018 187  7  6 2100  -26.0  976.3  444.0  444.0   82.2  444.0
2018 188  7  7 0000  -27.9  975.8    3.5  127.0   80.4  444.0
2018 188  7  7 0300  -30.2  975.6    3.5  150.0   77.3  444.0
2018 188  7  7 0600  -32.6  977.1    6.8  173.0   74.7  444.0
2018 188  7  7 0900  -35.8  977.7    3.7  205.0   70.3  444.0
2018 188  7  7 1200  -35.5  977.1    4.9  217.0   70.3  444.0
2018 188  7  7 1500  -38.6  976.6    5.1  226.0   66.8  444.0
2018 188  7  7 1800  -40.4  977.4    2.3  236.0   64.1  444.0
2018 188  7  7 2100  -40.9  979.1    5.1  215.0   63.7  444.0
2018 189  7  8 0000  -41.5  980.7    3.5  229.0   62.8  444.0
2018 189  7  8 0300  -40.5  981.7    1.9  236.0   63.7  444.0
2018 189  7  8 0600  -38.8  982.1    1.6  208.0   65.9  444.0
2018 189  7  8 0900  -42.1  982.4    1.9  255.0   61.9  444.0
2018 189  7  8 1200  -41.6  982.1    4.5  215.0   61.9  444.0
2018 189  7  8 1500  -40.9  982.1    2.9  200.0   62.4  444.0
2018 189  7  8 1800  -44.0  981.1    1.9  253.0   58.8  444.0
2018 189  7  8 2100  -46.1  980.5    0.8  238.0   56.6  444.0
2018 190  7  9 0000  -46.5  979.7    0.8  245.0   55.3  444.0
2018 190  7  9 0300  -45.9  978.0    2.7  239.0   56.2  444.0
2018 190  7  9 0600  -45.0  976.2    3.1  240.0   58.0  444.0
2018 190  7  9 0900  -45.6  975.5    1.2  235.0   56.6  444.0
2018 190  7  9 1200  -48.4  974.6    1.9  219.0   53.1  444.0
2018 190  7  9 1500  -50.4  974.6    3.1  249.0   50.5  444.0
2018 190  7  9 1800  -50.6  974.8    1.9  228.0   50.0  444.0
2018 190  7  9 2100  -51.4  975.1    1.4  169.0   49.2  444.0
2018 191  7 10 0000  -52.4  975.4    1.8  198.0   47.4  444.0
2018 191  7 10 0300  -52.8  975.1    0.0  155.0   47.0  444.0
2018 191  7 10 0600  -52.6  974.7    1.6  219.0   47.4  444.0
2018 191  7 10 0900  -51.6  973.9    0.0  158.0   48.3  444.0
2018 191  7 10 1200  -51.6  972.4    2.3  214.0   47.8  444.0
2018 191  7 10 1500  -47.4  971.2    4.9  219.0   53.6  444.0
2018 191  7 10 1800  -50.8  970.3    5.7  225.0   49.6  444.0
2018 191  7 10 2100  -50.8  970.3    4.3  194.0   49.6  444.0
2018 192  7 11 0000  -48.8  968.5    5.5  198.0   52.2  444.0
2018 192  7 11 0300  -47.8  966.6    7.0  207.0   53.6  444.0
2018 192  7 11 0600  -46.9  965.5    8.4  214.0   54.9  444.0
2018 192  7 11 0900  -42.8  963.6    9.6  211.0   59.7  444.0
2018 192  7 11 1200  -41.1  961.7   10.3  211.0   61.5  444.0
2018 192  7 11 1500  -40.2  959.1    7.0  207.0   62.8  444.0
2018 192  7 11 1800  -39.5  956.7    6.8  214.0   64.1  444.0
2018 192  7 11 2100  -43.9  954.5    4.3  202.0   58.4  444.0
2018 193  7 12 0000  -46.6  952.7    4.1  242.0   55.3  444.0
2018 193  7 12 0300  -46.6  950.8    4.5  249.0   54.9  444.0
2018 193  7 12 0600  -46.9  950.3    2.5  240.0   54.9  444.0
2018 193  7 12 0900  -46.2  950.5    2.7  266.0   55.8  444.0
2018 193  7 12 1200  -48.0  951.2    1.2  263.0   52.7  444.0
2018 193  7 12 1500  -48.6  952.3    2.3  269.0   52.7  444.0
2018 193  7 12 1800  -47.4  954.1    2.1  264.0   54.0  444.0
2018 193  7 12 2100  -45.8  955.8    1.2  194.0   52.7  444.0
2018 194  7 13 0000  -50.2  957.5  444.0  444.0   50.5  444.0
2018 194  7 13 0300  -48.6  958.6  444.0  444.0   52.2  444.0
2018 194  7 13 0600  -50.0  959.9  444.0  444.0   50.5  444.0
2018 194  7 13 0900  -50.0  961.3  444.0  444.0   50.5  444.0
2018 194  7 13 1200  -50.9  963.1  444.0  444.0   49.2  444.0
2018 194  7 13 1500  -51.8  964.5  444.0  444.0   48.3  444.0
2018 194  7 13 1800  -51.8  965.1  444.0  444.0   47.8  444.0
2018 194  7 13 2100  -47.2  964.7    2.9  245.0   53.6  444.0
2018 195  7 14 0000  -40.4  964.4    2.7  224.0   62.4  444.0
2018 195  7 14 0300  -42.4  963.7    1.9  277.0   60.2  444.0
2018 195  7 14 0600  -41.1  962.9  444.0  444.0   61.5  444.0
2018 195  7 14 0900  -43.2  964.1  444.0  444.0   58.8  444.0
2018 195  7 14 1200  -41.1  965.8  444.0  444.0   61.0  444.0
2018 195  7 14 1500  -40.2  967.6  444.0  444.0   62.8  444.0
2018 195  7 14 1800  -39.2  969.4    1.0  235.0   63.7  444.0
2018 195  7 14 2100  -36.9  970.4    2.5  260.0   67.2  444.0
2018 196  7 15 0000  -34.6  969.5    2.1  270.0   69.4  444.0
2018 196  7 15 0300  -28.6  968.0    5.7  229.0   77.8  444.0
2018 196  7 15 0600  -27.2  967.9    6.4  235.0   80.0  444.0
2018 196  7 15 0900  -30.8  968.5    4.1  232.0   76.0  444.0
2018 196  7 15 1200  -34.8  969.0    5.8  226.0   71.6  444.0
2018 196  7 15 1500  -35.8  971.8    7.4  225.0   70.3  444.0
2018 196  7 15 1800  -35.0  972.2    8.6  226.0   71.2  444.0
2018 196  7 15 2100  -30.2  971.8    7.6  198.0   76.4  444.0
2018 197  7 16 0000  -29.4  971.7    6.2  200.0   77.8  444.0
2018 197  7 16 0300  -30.8  971.7    2.7  197.0   76.4  444.0
2018 197  7 16 0600  -36.1  972.1    1.0  193.0   69.4  444.0
2018 197  7 16 0900  -36.2  972.2    2.5  197.0   68.5  444.0
2018 197  7 16 1200  -35.8  972.3    2.7  208.0   69.8  444.0
2018 197  7 16 1500  -38.2  972.3    1.0  273.0   66.3  444.0
2018 197  7 16 1800  -38.8  971.5    0.8  273.0   66.3  444.0
2018 197  7 16 2100  -40.9  971.8    1.2  273.0   63.7  444.0
2018 198  7 17 0000  -35.5  971.7    3.1  228.0   69.4  444.0
2018 198  7 17 0300  -40.0  972.4    1.8  252.0   64.6  444.0
2018 198  7 17 0600  -40.9  971.7    0.6  262.0   63.2  444.0
2018 198  7 17 0900  -40.5  971.5    0.0  278.0   63.7  444.0
2018 198  7 17 1200  -41.0  971.1    0.2  277.0   63.2  444.0
2018 198  7 17 1500  -29.2  971.4    6.6  259.0   77.3  444.0
2018 198  7 17 1800  -24.9  969.3   18.9  219.0   83.5  444.0
2018 198  7 17 2100  -29.2  970.8    4.1  219.0   77.3  444.0
2018 199  7 18 0000  -31.2  970.0    6.2  270.0   75.1  444.0
2018 199  7 18 0300  -26.6  969.0    9.4  257.0   81.3  444.0
2018 199  7 18 0600  -29.9  968.6    9.4  217.0   78.2  444.0
2018 199  7 18 0900  -31.4  968.7    9.9  229.0   75.6  444.0
2018 199  7 18 1200  -31.4  968.3    5.7  228.0   75.6  444.0
2018 199  7 18 1500  -33.9  966.5    7.0  238.0   72.5  444.0
2018 199  7 18 1800  -36.5  963.8    6.4  257.0   69.0  444.0
2018 199  7 18 2100  -35.1  961.2    3.9  264.0   70.7  444.0
2018 200  7 19 0000  -34.5  958.7    5.5  238.0   71.2  444.0
2018 200  7 19 0300  -35.0  957.1    3.9  249.0   70.7  444.0
2018 200  7 19 0600  -33.9  955.3    0.6  266.0   70.7  444.0
2018 200  7 19 0900  -39.8  953.8    0.0  280.0   64.6  444.0
2018 200  7 19 1200  -30.9  953.8    1.2  280.0   76.0  444.0
2018 200  7 19 1500  -35.2  953.5    3.5  246.0   70.3  444.0
2018 200  7 19 1800  -35.6  954.9    2.7  200.0   69.4  444.0
2018 200  7 19 2100  -39.4  956.2    2.3  270.0   65.9  444.0
2018 201  7 20 0000  -27.6  956.1    9.2  240.0   80.0  444.0
2018 201  7 20 0300  -24.5  955.6   12.1  225.0   83.5  444.0
2018 201  7 20 0600  -28.5  956.6    9.8  208.0   79.1  444.0
2018 201  7 20 0900  -28.4  957.4   11.7  211.0   79.5  444.0
2018 201  7 20 1200  -28.0  960.2   11.9  190.0   79.5  444.0
2018 201  7 20 1500  -27.9  962.4   11.7  195.0   80.4  444.0
2018 201  7 20 1800  -27.9  963.0    7.4  207.0   80.0  444.0
2018 201  7 20 2100  -27.9  963.0    8.4  190.0   80.4  444.0
2018 202  7 21 0000  -34.5  962.1    6.4  215.0   72.0  444.0
2018 202  7 21 0300  -26.8  959.3    8.8  242.0   81.3  444.0
2018 202  7 21 0600  -23.8  956.5   11.7  224.0   84.8  444.0
2018 202  7 21 0900  -32.0  958.2   11.1  190.0   75.1  444.0
2018 202  7 21 1200  -35.4  960.4    8.2  198.0   71.2  444.0
2018 202  7 21 1500  -36.5  960.7    6.2  205.0   69.4  444.0
2018 202  7 21 1800  -38.5  960.4    5.1  201.0   66.8  444.0
2018 202  7 21 2100  -37.6  958.5    3.5  229.0   68.1  444.0
2018 203  7 22 0000  -26.9  957.4    7.6  224.0   81.3  444.0
2018 203  7 22 0300  -26.4  956.3    9.6  214.0   81.7  444.0
2018 203  7 22 0600  -25.5  956.2    9.2  210.0   82.6  444.0
2018 203  7 22 0900  -26.9  956.1    8.8  214.0   81.3  444.0
2018 203  7 22 1200  -26.9  955.6    7.2  215.0   81.3  444.0
2018 203  7 22 1500  -27.9  955.6    7.4  200.0   80.0  444.0
2018 203  7 22 1800  -27.2  955.7    8.0  200.0   80.8  444.0
2018 203  7 22 2100  -24.2  956.1   13.1  217.0   85.2  444.0
2018 204  7 23 0000  -26.2  957.9   10.5  225.0   82.2  444.0
2018 204  7 23 0300  -29.0  962.9   11.1  191.0   79.1  444.0
2018 204  7 23 0600  -29.8  968.7   10.1  197.0   77.8  444.0
2018 204  7 23 0900  -28.5  972.2    5.3  194.0   79.1  444.0
2018 204  7 23 1200  -25.5  973.8    8.2  205.0   83.0  444.0
2018 204  7 23 1500  -25.2  974.5   11.3  200.0   83.5  444.0
2018 204  7 23 1800  -28.4  973.8    8.4  211.0   79.5  444.0
2018 204  7 23 2100  -30.9  974.8    5.8  218.0   76.4  444.0
2018 205  7 24 0000  -30.5  974.7    6.4  204.0   77.8  444.0
2018 205  7 24 0300  -33.0  973.9    3.5  207.0   74.2  444.0
2018 205  7 24 0600  -31.2  971.5    5.3  281.0   76.4  444.0
2018 205  7 24 0900  -33.2  970.0    4.1  252.0   72.5  444.0
2018 205  7 24 1200  -31.6  968.4    4.3  269.0   75.6  444.0
2018 205  7 24 1500  -31.8  967.7    7.8  201.0   74.7  444.0
2018 205  7 24 1800  -36.9  971.8    6.8  202.0   68.5  444.0
2018 205  7 24 2100  -35.0  976.1    6.6  212.0   71.2  444.0
2018 206  7 25 0000  -31.8  974.9    8.6  233.0   75.1  444.0
2018 206  7 25 0300  -28.1  973.2    8.8  205.0   79.1  444.0
2018 206  7 25 0600  -36.9  974.2   10.5  195.0   69.0  444.0
2018 206  7 25 0900  -39.2  975.1    3.9  186.0   65.9  444.0
2018 206  7 25 1200  -41.5  972.3    1.8  245.0   62.8  444.0
2018 206  7 25 1500  -41.1  971.4    1.9  290.0   62.8  444.0
2018 206  7 25 1800  -39.9  970.6    3.9  290.0   64.6  444.0
2018 206  7 25 2100  -33.0  968.0    4.3  256.0   72.9  444.0
2018 207  7 26 0000  -34.6  969.0    6.0  215.0   71.2  444.0
2018 207  7 26 0300  -35.8  970.5    6.6  191.0   69.8  444.0
2018 207  7 26 0600  -33.0  971.7    8.0  224.0   72.9  444.0
2018 207  7 26 0900  -27.5  970.2   13.3  232.0   80.0  444.0
2018 207  7 26 1200  -26.5  972.0   11.7  190.0   81.3  444.0
2018 207  7 26 1500  -33.5  974.8   11.5  200.0   72.9  444.0
2018 207  7 26 1800  -35.8  978.4    8.8  201.0   69.8  444.0
2018 207  7 26 2100  -37.4  979.0    3.7  201.0   67.6  444.0
2018 208  7 27 0000  -34.4  978.8    2.5  233.0   71.6  444.0
2018 208  7 27 0300  -27.2  977.6    8.4  202.0   80.0  444.0
2018 208  7 27 0600  -30.2  977.2    5.8  207.0   76.9  444.0
2018 208  7 27 0900  -29.6  976.1    7.4  208.0   77.8  444.0
2018 208  7 27 1200  -30.6  975.7    5.1  219.0   76.0  444.0
2018 208  7 27 1500  -32.2  973.0    3.7  195.0   74.2  444.0
2018 208  7 27 1800  -34.4  971.7    2.5  242.0   71.6  444.0
2018 208  7 27 2100  -32.9  971.3    3.7  250.0   73.4  444.0
2018 209  7 28 0000  -34.8  971.3    3.7  233.0   71.2  444.0
2018 209  7 28 0300  -36.1  971.9    2.7  194.0   69.4  444.0
2018 209  7 28 0600  -38.5  972.4    0.4  177.0   66.3  444.0
2018 209  7 28 0900  -40.1  973.2    3.1  214.0   64.6  444.0
2018 209  7 28 1200  -40.4  975.8    2.3  169.0   63.7  444.0
2018 209  7 28 1500  -41.6  978.2    1.9  188.0   62.4  444.0
2018 209  7 28 1800  -40.9  980.5    2.1  214.0   62.8  444.0
2018 209  7 28 2100  -41.1  982.5    2.7  231.0   62.8  444.0
2018 210  7 29 0000  -40.9  984.2    2.3  228.0   62.8  444.0
2018 210  7 29 0300  -43.4  986.5    2.3  221.0   59.7  444.0
2018 210  7 29 0600  -43.5  988.3    3.5  208.0   59.7  444.0
2018 210  7 29 0900  -43.6  989.3    3.7  238.0   59.3  444.0
2018 210  7 29 1200  -42.1  989.9    3.3  221.0   61.0  444.0
2018 210  7 29 1500  -43.2  989.5    1.9  221.0   59.7  444.0
2018 210  7 29 1800  -41.8  989.5    2.1  205.0   61.5  444.0
2018 210  7 29 2100  -44.0  989.7    1.6  243.0   58.4  444.0
2018 211  7 30 0000  -45.0  990.0  444.0  444.0   57.5  444.0
2018 211  7 30 0300  -44.1  990.1  444.0  444.0   58.4  444.0
2018 211  7 30 0600  -44.1  990.0  444.0  444.0   58.4  444.0
2018 211  7 30 0900  -42.5  990.0  444.0  444.0   60.6  444.0
2018 211  7 30 1200  -43.5  990.1  444.0  444.0   58.8  444.0
2018 211  7 30 1500  -42.8  990.0    1.0  280.0   60.2  444.0
2018 211  7 30 1800  -42.8  990.7    1.9  229.0   59.7  444.0
2018 211  7 30 2100  -42.9  991.7    1.8  232.0   59.7  444.0
2018 212  7 31 0000  -45.9  993.1    1.9  232.0   56.2  444.0
2018 212  7 31 0300  -46.9  994.2    2.3  240.0   55.3  444.0
2018 212  7 31 0600  -47.5  995.2    1.9  232.0   54.0  444.0
2018 212  7 31 0900  -49.5  996.7    1.4  228.0   51.4  444.0
2018 212  7 31 1200  -49.9  997.5    1.0  219.0   50.9  444.0
2018 212  7 31 1500  -50.0  997.7    0.4  249.0   50.5  444.0
2018 212  7 31 1800  -49.5  997.4    0.0  249.0   51.4  444.0
2018 212  7 31 2100  -47.4  997.0    0.0  267.0   53.6  444.0
