Year: 2018  Month: 04  ID: EML  ARGOS:  8939  Name: Emilia              
Lat: 78.48S  Lon: 173.15E  Elev:   51m
2018  91  4  1 0000  -22.9  986.2    6.2  205.0   77.3  444.0
2018  91  4  1 0300  -23.6  986.1    5.1  202.0   78.2  444.0
2018  91  4  1 0600  -27.5  986.2    3.7  211.0   81.3  444.0
2018  91  4  1 0900  -29.0  986.3    3.3  207.0   79.5  444.0
2018  91  4  1 1200  -29.4  986.6    4.1  188.0   78.6  444.0
2018  91  4  1 1500  -30.5  987.5    2.7  212.0   76.9  444.0
2018  91  4  1 1800  -30.9  987.9    3.3  233.0   76.4  444.0
2018  91  4  1 2100  -30.0  988.1    3.7  207.0   77.8  444.0
2018  92  4  2 0000  -29.0  988.8    3.9  214.0   79.1  444.0
2018  92  4  2 0300  -29.0  989.0    3.5  226.0   75.1  444.0
2018  92  4  2 0600  -30.8  989.6    3.7  204.0   76.9  444.0
2018  92  4  2 0900  -33.4  990.9    2.5  184.0   73.4  444.0
2018  92  4  2 1200  -35.0  991.3    2.3  235.0   71.2  444.0
2018  92  4  2 1500  -33.4  991.5    2.9  214.0   72.9  444.0
2018  92  4  2 1800  -32.9  991.5    3.1  210.0   73.4  444.0
2018  92  4  2 2100  -29.8  991.6    3.3  193.0   78.2  444.0
2018  93  4  3 0000  -25.1  991.2    5.5  190.0   78.6  444.0
2018  93  4  3 0300  -27.5  990.2    3.9  193.0   76.9  444.0
2018  93  4  3 0600  -31.1  989.1    1.6  224.0   76.0  444.0
2018  93  4  3 0900  -29.9  988.8    2.5  195.0   77.3  444.0
2018  93  4  3 1200  -28.5  987.4    2.9  198.0   79.1  444.0
2018  93  4  3 1500  -24.5  986.3    4.1  170.0   74.7  444.0
2018  93  4  3 1800  -24.9  985.5    1.6  219.0   78.6  444.0
2018  93  4  3 2100  -24.9  984.8    2.9  187.0   76.4  444.0
2018  94  4  4 0000  -26.9  984.1    1.6  200.0   73.8  444.0
2018  94  4  4 0300  -25.0  983.5    2.1  218.0   77.3  444.0
2018  94  4  4 0600  -26.0  982.9    2.9  288.0   76.9  444.0
2018  94  4  4 0900  -32.2  982.7    3.5  249.0   75.1  444.0
2018  94  4  4 1200  -29.9  981.8    4.1  256.0   73.8  444.0
2018  94  4  4 1500  -29.2  981.6    3.5  232.0   79.1  444.0
2018  94  4  4 1800  -30.4  981.3    2.1  217.0   72.0  444.0
2018  94  4  4 2100  -32.0  981.6    5.5  242.0   72.9  444.0
2018  95  4  5 0000  -25.5  981.4    8.8  218.0   76.0  444.0
2018  95  4  5 0300  -29.6  980.7    5.3  221.0   73.8  444.0
2018  95  4  5 0600  -30.9  981.0    5.1  200.0   76.0  444.0
2018  95  4  5 0900  -35.4  981.5    3.1  217.0   70.7  444.0
2018  95  4  5 1200  -35.2  981.3    2.5  210.0   70.3  444.0
2018  95  4  5 1500  -36.8  981.5    3.3  193.0   69.0  444.0
2018  95  4  5 1800  -33.8  980.8    3.7  228.0   72.5  444.0
2018  95  4  5 2100  -32.2  979.7    3.9  224.0   74.2  444.0
2018  96  4  6 0000  -26.8  978.6    6.2  229.0   81.7  444.0
2018  96  4  6 0300  -23.6  977.2    6.4  207.0   85.2  444.0
2018  96  4  6 0600  -21.5  976.5    8.0  207.0   87.4  444.0
2018  96  4  6 0900  -21.5  975.6    7.2  200.0   87.9  444.0
2018  96  4  6 1200  -23.1  975.1    4.7  208.0   86.1  444.0
2018  96  4  6 1500  -24.9  975.0    2.5  226.0   83.9  444.0
2018  96  4  6 1800  -26.4  974.6    4.1  205.0   82.2  444.0
2018  96  4  6 2100  -25.0  974.7    3.1  256.0   83.9  444.0
2018  97  4  7 0000  -22.5  974.6    3.7  224.0   86.1  444.0
2018  97  4  7 0300  -19.6  974.3    7.2  226.0   89.2  444.0
2018  97  4  7 0600  -19.5  974.7    4.7  226.0   90.1  444.0
2018  97  4  7 0900  -20.8  974.9    3.7  226.0   88.8  444.0
2018  97  4  7 1200  -20.8  975.8    4.5  218.0   89.2  444.0
2018  97  4  7 1500  -21.5  976.5    4.1  219.0   87.9  444.0
2018  97  4  7 1800  -22.5  977.8    4.5  226.0   87.0  444.0
2018  97  4  7 2100  -22.8  978.5    6.8  214.0   86.6  444.0
2018  98  4  8 0000  -23.1  979.0    8.0  211.0   86.1  444.0
2018  98  4  8 0300  -22.8  979.8    6.2  215.0   86.1  444.0
2018  98  4  8 0600  -22.5  980.2    3.9  225.0   87.0  444.0
2018  98  4  8 0900  -23.1  980.8    3.3  255.0   86.1  444.0
2018  98  4  8 1200  -25.8  980.7    1.2  240.0   82.6  444.0
2018  98  4  8 1500  -26.0  980.8    4.3  283.0   82.2  444.0
2018  98  4  8 1800  -26.9  981.5    3.9  255.0   80.8  444.0
2018  98  4  8 2100  -28.9  982.2    2.7  229.0   78.6  444.0
2018  99  4  9 0000  -28.9  983.0    3.3  266.0   80.0  444.0
2018  99  4  9 0300  -30.0  982.9    2.5  281.0   78.2  444.0
2018  99  4  9 0600  -30.8  983.2    3.3  277.0   76.4  444.0
2018  99  4  9 0900  -26.8  984.4    3.1  260.0   81.7  444.0
2018  99  4  9 1200  -27.9  984.7    2.3  276.0   80.0  444.0
2018  99  4  9 1500  -30.9  985.7    2.1  274.0   76.0  444.0
2018  99  4  9 1800  -31.1  985.6    2.5  283.0   76.0  444.0
2018  99  4  9 2100  -33.4  986.7    2.3  250.0   73.4  444.0
2018 100  4 10 0000  -31.6  986.7    3.5  252.0   76.0  444.0
2018 100  4 10 0300  -26.8  985.8    2.9  267.0   81.3  444.0
2018 100  4 10 0600  -33.0  985.0    2.7  281.0   73.8  444.0
2018 100  4 10 0900  -31.6  983.6    3.3  280.0   75.1  444.0
2018 100  4 10 1200  -31.2  982.2    4.5  262.0   75.6  444.0
2018 100  4 10 1500  -27.2  979.8    5.8  222.0   80.4  444.0
2018 100  4 10 1800  -26.8  978.4    6.8  250.0   81.7  444.0
2018 100  4 10 2100  -24.2  977.2   12.3  228.0   84.8  444.0
2018 101  4 11 0000  -23.5  977.9    8.2  215.0   85.2  444.0
2018 101  4 11 0300  -21.9  978.0    7.2  218.0   87.4  444.0
2018 101  4 11 0600  -20.9  977.8   12.5  221.0   88.8  444.0
2018 101  4 11 0900  -21.9  979.1    9.4  205.0   87.9  444.0
2018 101  4 11 1200  -25.9  980.6    5.7  212.0   83.0  444.0
2018 101  4 11 1500  -27.9  981.3    1.4  246.0   80.4  444.0
2018 101  4 11 1800  -28.4  981.5    0.0  294.0   80.0  444.0
2018 101  4 11 2100  -26.5  981.4    2.1  250.0   81.7  444.0
2018 102  4 12 0000  -30.9  981.2    2.7  256.0   74.2  444.0
2018 102  4 12 0300  -33.9  980.5    1.0  273.0   72.9  444.0
2018 102  4 12 0600  -33.4  979.1    4.5  173.0   73.4  444.0
2018 102  4 12 0900  -25.9  977.5    8.4  172.0   80.8  444.0
2018 102  4 12 1200  -31.8  976.7    3.7  139.0   74.7  444.0
2018 102  4 12 1500  -35.0  975.9    5.1  191.0   72.0  444.0
2018 102  4 12 1800  -33.2  974.8    5.5  218.0   72.9  444.0
2018 102  4 12 2100  -36.2  974.1    3.5  243.0   69.4  444.0
2018 103  4 13 0000  -32.6  973.7    4.5  253.0   74.2  444.0
2018 103  4 13 0300  -27.2  972.0    7.4  224.0   80.8  444.0
2018 103  4 13 0600  -27.4  970.1    8.4  211.0   80.4  444.0
2018 103  4 13 0900  -32.0  970.2    5.1  204.0   75.1  444.0
2018 103  4 13 1200  -35.0  969.7    6.0  208.0   71.6  444.0
2018 103  4 13 1500  -35.4  968.8    1.8  236.0   70.3  444.0
2018 103  4 13 1800  -36.9  968.7    2.9  210.0   68.5  444.0
2018 103  4 13 2100  -36.6  968.8    6.0  224.0   69.0  444.0
2018 104  4 14 0000  -37.8  969.8    3.9  207.0   67.6  444.0
2018 104  4 14 0300  -40.1  969.5    7.2  207.0   64.6  444.0
2018 104  4 14 0600  -35.4  970.5    3.7  208.0   70.3  444.0
2018 104  4 14 0900  -32.8  969.3    9.4  240.0   73.8  444.0
2018 104  4 14 1200  -34.4  970.1    6.0  262.0   71.6  444.0
2018 104  4 14 1500  -34.4  970.8    8.0  285.0   71.6  444.0
2018 104  4 14 1800  -32.6  970.0    7.4  287.0   73.8  444.0
2018 104  4 14 2100  -31.6  969.6    6.0  264.0   74.7  444.0
2018 105  4 15 0000  -30.5  970.1    6.4  257.0   76.0  444.0
2018 105  4 15 0300  -31.8  969.8    5.1  276.0   74.7  444.0
2018 105  4 15 0600  -36.4  970.5    3.3  328.0   69.4  444.0
2018 105  4 15 0900  -31.8  970.2    2.5  300.0   74.7  444.0
2018 105  4 15 1200  -32.6  970.7    3.3  300.0   73.8  444.0
2018 105  4 15 1500  -32.0  971.1    5.3  288.0   74.7  444.0
2018 105  4 15 1800  -28.2  971.6    6.0  274.0   79.5  444.0
2018 105  4 15 2100  -24.2  971.9    7.4  270.0   84.4  444.0
2018 106  4 16 0000  -20.5  973.4   13.5  246.0   90.5  444.0
2018 106  4 16 0300  -20.4  975.8   11.9  224.0   87.4  444.0
2018 106  4 16 0600  -22.2  977.9   10.5  217.0   83.9  444.0
2018 106  4 16 0900  -21.4  980.5   12.1  224.0   85.2  444.0
2018 106  4 16 1200  -21.5  983.2    9.9  214.0   81.3  444.0
2018 106  4 16 1500  -24.5  985.2    5.7  273.0   79.5  444.0
2018 106  4 16 1800  -26.0  986.3    6.6  262.0   81.7  444.0
2018 106  4 16 2100  -26.0  987.9    6.0  252.0   80.0  444.0
2018 107  4 17 0000  -31.4  988.5    2.9  301.0   74.7  444.0
2018 107  4 17 0300  -34.4  988.1    3.5  330.0   72.9  444.0
2018 107  4 17 0600  -33.2  987.6    1.4  298.0   74.2  444.0
2018 107  4 17 0900  -31.8  985.8    3.9  352.0   75.1  444.0
2018 107  4 17 1200  -33.0  985.3    1.4  221.0   73.8  444.0
2018 107  4 17 1500  -34.4  984.9    1.6  330.0   71.6  444.0
2018 107  4 17 1800  -27.2  983.7    6.4  263.0   80.4  444.0
2018 107  4 17 2100  -29.5  983.8    3.7  252.0   78.2  444.0
2018 108  4 18 0000  -32.0  982.9    1.6  252.0   75.1  444.0
2018 108  4 18 0300  -35.8  981.4    1.2  322.0   70.3  444.0
2018 108  4 18 0600  -35.8  980.5    2.5   30.0   70.3  444.0
2018 108  4 18 0900  -26.8  979.8    2.3   70.0   80.8  444.0
2018 108  4 18 1200  -24.5  981.2    1.0  186.0   83.9  444.0
2018 108  4 18 1500  -28.4  981.1    1.0  187.0   79.5  444.0
2018 108  4 18 1800  -32.9  983.0    2.1  226.0   74.2  444.0
2018 108  4 18 2100  -35.0  985.7    3.7  238.0   71.2  444.0
2018 109  4 19 0000  -37.6  987.3    6.4  198.0   68.1  444.0
2018 109  4 19 0300  -38.9  988.4    7.2  210.0   66.8  444.0
2018 109  4 19 0600  -37.6  989.7    6.6  207.0   67.6  444.0
2018 109  4 19 0900  -37.6  990.2    5.7  211.0   67.6  444.0
2018 109  4 19 1200  -35.4  990.1    6.6  210.0   70.3  444.0
2018 109  4 19 1500  -33.6  989.0    6.2  204.0   72.5  444.0
2018 109  4 19 1800  -34.4  987.9    5.5  190.0   71.6  444.0
2018 109  4 19 2100  -35.0  986.8    6.0  194.0   70.7  444.0
2018 110  4 20 0000  -39.8  986.5    4.3  163.0   65.0  444.0
2018 110  4 20 0300  -41.1  985.5    3.7  201.0   63.2  444.0
2018 110  4 20 0600  -41.9  985.2    3.5  197.0   61.9  444.0
2018 110  4 20 0900  -41.9  984.0    2.5  186.0   61.5  444.0
2018 110  4 20 1200  -42.1  983.4    2.1  228.0   61.5  444.0
2018 110  4 20 1500  -40.8  982.5    2.3  212.0   63.2  444.0
2018 110  4 20 1800  -41.0  981.9    2.1  231.0   62.4  444.0
2018 110  4 20 2100  -38.8  981.4    4.1  229.0   65.4  444.0
2018 111  4 21 0000  -39.8  981.1    2.7  224.0   64.6  444.0
2018 111  4 21 0300  -42.4  981.1    2.3  205.0   61.0  444.0
2018 111  4 21 0600  -43.5  981.5    2.3  243.0   59.7  444.0
2018 111  4 21 0900  -42.1  981.4    2.3  240.0   61.0  444.0
2018 111  4 21 1200  -40.6  981.3    2.3  255.0   63.2  444.0
2018 111  4 21 1500  -41.5  980.9    1.6  235.0   61.9  444.0
2018 111  4 21 1800  -42.9  980.2    1.8  218.0   60.2  444.0
2018 111  4 21 2100  -42.1  980.2    1.8  197.0   60.6  444.0
2018 112  4 22 0000  -42.4  980.4    1.9  179.0   60.6  444.0
2018 112  4 22 0300  -43.9  980.6    1.8  181.0   58.4  444.0
2018 112  4 22 0600  -38.8  981.4    1.9  149.0   65.0  444.0
2018 112  4 22 0900  -37.1  982.1    2.5  160.0   67.2  444.0
2018 112  4 22 1200  -36.5  982.6    1.6  180.0   68.1  444.0
2018 112  4 22 1500  -35.2  983.4    2.5  179.0   69.8  444.0
2018 112  4 22 1800  -32.0  983.1    7.2  200.0   74.2  444.0
2018 112  4 22 2100  -30.5  982.8    9.2  198.0   76.0  444.0
2018 113  4 23 0000  -31.1  982.8    9.2  197.0   75.6  444.0
2018 113  4 23 0300  -37.1  981.7   10.1  212.0   68.1  444.0
2018 113  4 23 0600  -36.4  980.5   10.9  211.0   69.0  444.0
2018 113  4 23 0900  -38.4  979.9   10.9  208.0   66.8  444.0
2018 113  4 23 1200  -31.8  978.0   12.3  211.0   74.7  444.0
2018 113  4 23 1500  -30.2  974.8   15.6  222.0   76.4  444.0
2018 113  4 23 1800  -30.5  972.6   13.8  221.0   76.4  444.0
2018 113  4 23 2100  -29.2  971.5   15.4  221.0   78.2  444.0
2018 114  4 24 0000  -28.0  969.2   15.6  214.0   80.0  444.0
2018 114  4 24 0300  -28.4  966.6   14.0  221.0   78.6  444.0
2018 114  4 24 0600  -26.9  964.0   15.8  226.0   76.0  444.0
2018 114  4 24 0900  -24.5  960.4   15.6  224.0   58.0  444.0
2018 114  4 24 1200  -23.9  957.3   15.2  222.0   79.5  444.0
2018 114  4 24 1500  -22.0  953.3   18.3  226.0   87.0  444.0
2018 114  4 24 1800  -20.2  950.4   16.0  229.0   89.2  444.0
2018 114  4 24 2100  -18.8  947.5   13.3  236.0   91.0  444.0
2018 115  4 25 0000  -17.1  945.3   13.3  231.0   92.7  444.0
2018 115  4 25 0300  -14.9  943.3   13.8  226.0   94.9  444.0
2018 115  4 25 0600  -13.0  939.8   16.6  231.0   97.1  444.0
2018 115  4 25 0900  -12.8  939.1   19.7  236.0   97.1  444.0
2018 115  4 25 1200  -13.8  939.4   11.7  218.0   96.2  444.0
2018 115  4 25 1500  -13.8  942.5    9.8  195.0   96.2  444.0
2018 115  4 25 1800  -15.1  944.8    7.0  200.0   94.5  444.0
2018 115  4 25 2100  -16.0  947.3    5.8  211.0   94.0  444.0
2018 116  4 26 0000  -18.9  949.4    6.8  210.0   91.0  444.0
2018 116  4 26 0300  -22.8  951.9    7.0  201.0   86.6  444.0
2018 116  4 26 0600  -20.4  956.7    5.5  145.0   89.6  444.0
2018 116  4 26 0900  -16.6  965.6    7.2  149.0   93.6  444.0
2018 116  4 26 1200  -23.1  969.7    6.2  188.0   86.1  444.0
2018 116  4 26 1500  -23.4  971.6    6.2  210.0   86.6  444.0
2018 116  4 26 1800  -24.5  972.5    4.9  239.0   84.8  444.0
2018 116  4 26 2100  -24.9  972.4    4.1  224.0   84.8  444.0
2018 117  4 27 0000  -25.5  971.7    3.9  233.0   83.5  444.0
2018 117  4 27 0300  -28.6  971.0    4.3  262.0   79.5  444.0
2018 117  4 27 0600  -27.4  970.4    5.1  207.0   81.3  444.0
2018 117  4 27 0900  -29.8  970.3    4.9  211.0   78.2  444.0
2018 117  4 27 1200  -26.8  969.1    7.0  214.0   82.2  444.0
2018 117  4 27 1500  -23.8  967.7    9.2  226.0   85.7  444.0
2018 117  4 27 1800  -24.1  965.2   12.5  224.0   85.2  444.0
2018 117  4 27 2100  -25.0  964.2   11.9  221.0   84.8  444.0
2018 118  4 28 0000  -23.9  962.6   12.1  186.0   83.9  444.0
2018 118  4 28 0300  -24.5  961.2   11.7  245.0   84.4  444.0
2018 118  4 28 0600  -21.5  958.2   13.6  238.0   87.9  444.0
2018 118  4 28 0900  -22.2  957.3   12.9  224.0   87.4  444.0
2018 118  4 28 1200  -23.6  957.7   11.1  210.0   84.8  444.0
2018 118  4 28 1500  -25.0  958.1    8.8  210.0   83.5  444.0
2018 118  4 28 1800  -25.2  957.9    4.5  218.0   83.9  444.0
2018 118  4 28 2100  -24.4  957.0    5.3  207.0   84.4  444.0
2018 119  4 29 0000  -23.4  956.6    7.6  202.0   85.7  444.0
2018 119  4 29 0300  -22.9  954.4   12.5  226.0   86.1  444.0
2018 119  4 29 0600  -25.0  955.3   10.9  214.0   83.9  444.0
2018 119  4 29 0900  -25.1  956.4   10.1  207.0   83.9  444.0
2018 119  4 29 1200  -25.5  957.3    8.0  215.0   83.5  444.0
2018 119  4 29 1500  -24.6  957.2    9.0  219.0   84.4  444.0
2018 119  4 29 1800  -24.9  959.0   12.1  219.0   84.4  444.0
2018 119  4 29 2100  -24.9  961.4   12.3  212.0   84.4  444.0
2018 120  4 30 0000  -25.8  965.5    8.8  202.0   83.0  444.0
2018 120  4 30 0300  -25.2  966.9    8.8  215.0   83.9  444.0
2018 120  4 30 0600  -25.6  968.1    8.4  214.0   84.4  444.0
2018 120  4 30 0900  -28.0  970.1    9.2  215.0   80.0  444.0
2018 120  4 30 1200  -31.1  971.4    4.1  208.0   76.4  444.0
2018 120  4 30 1500  -31.0  971.8    1.9  233.0   76.4  444.0
2018 120  4 30 1800  -31.1  971.3    4.1  233.0   76.4  444.0
2018 120  4 30 2100  -25.8  971.2    6.2  221.0   82.6  444.0
