Year: 2018  Month: 03  ID: ERN  ARGOS: 21363  Name: Erin                
Lat: 84.91S  Lon: 128.83W  Elev:  990m
2018  60  3  1 0000  -17.0  859.0    5.1   60.0   78.0  444.0
2018  60  3  1 0300  -16.0  858.6    4.5   66.0   81.0  444.0
2018  60  3  1 0600  -20.4  857.8    4.7   74.0   76.7  444.0
2018  60  3  1 0900  -20.9  857.7    4.3   70.0   77.0  444.0
2018  60  3  1 1200  -20.4  857.8    4.6   78.0   77.0  444.0
2018  60  3  1 1500  -19.7  857.7    3.9   83.0   76.0  444.0
2018  60  3  1 1800  -19.7  857.4    7.6   90.0   74.0  444.0
2018  60  3  1 2100  -21.1  856.8   10.9   98.0   74.0  444.0
2018  61  3  2 0000  -20.9  856.7   10.3   99.0   73.0  444.0
2018  61  3  2 0300  -20.8  856.0   10.7   97.0   73.0  444.0
2018  61  3  2 0600  -20.0  856.4    9.1   83.0   73.0  444.0
2018  61  3  2 0900  -20.1  856.7    8.1   86.0   75.3  444.0
2018  61  3  2 1200  -21.0  856.2   13.4   80.0   72.0  444.0
2018  61  3  2 1500  -21.3  856.8   10.4   91.0   68.0  444.0
2018  61  3  2 1800  -21.8  857.4    9.1  105.0   69.0  444.0
2018  61  3  2 2100  -19.5  856.8   14.3   77.0   72.1  444.0
2018  62  3  3 0000  -19.9  857.3   14.2   76.0   72.0  444.0
2018  62  3  3 0300  -20.6  857.1   12.8   85.0   68.0  444.0
2018  62  3  3 0600  -22.3  855.8   11.8   96.0   69.0  444.0
2018  62  3  3 0900  -21.1  854.1   14.6   76.0   73.0  444.0
2018  62  3  3 1200  -20.6  853.8   18.2   79.0   75.0  444.0
2018  62  3  3 1500  -19.1  853.9   17.7   82.0   75.0  444.0
2018  62  3  3 1800  -17.2  854.9   16.7   79.0   76.0  444.0
2018  62  3  3 2100  -16.6  855.9   16.3   73.0   76.9  444.0
2018  63  3  4 0000  -16.8  856.9   17.0   67.0   77.0  444.0
2018  63  3  4 0300  -16.3  858.6   15.8   73.0   77.0  444.0
2018  63  3  4 0600  -15.3  859.0   15.9   64.0   78.9  444.0
2018  63  3  4 0900  -14.5  860.8   13.8   65.0   82.0  444.0
2018  63  3  4 1200  -14.6  862.4   13.1   65.0   81.0  444.0
2018  63  3  4 1500  -14.9  863.9   10.9   56.0   81.0  444.0
2018  63  3  4 1800  -15.9  865.1    9.3   47.0   79.0  444.0
2018  63  3  4 2100  -18.3  866.3    9.4   47.0   77.0  444.0
2018  64  3  5 0000  -19.7  867.3    8.2   44.0   75.9  444.0
2018  64  3  5 0300  -21.1  867.6    8.2   49.0   76.0  444.0
2018  64  3  5 0600  -21.7  867.5    8.0   51.0   76.0  444.0
2018  64  3  5 0900  -22.6  867.3    6.2   44.0   75.4  444.0
2018  64  3  5 1200  -23.2  866.7    6.4   33.0   75.0  444.0
2018  64  3  5 1500  -24.2  865.8    4.4   27.0   74.2  444.0
2018  64  3  5 1800  -25.7  864.8    4.0    8.0   73.0  444.0
2018  64  3  5 2100  -26.4  863.8    2.0   18.0   72.0  444.0
2018  65  3  6 0000  -27.0  863.0    0.0    0.0   72.0  444.0
2018  65  3  6 0300  -26.7  861.5    0.9  137.0   72.3  444.0
2018  65  3  6 0600  -26.5  860.3    0.7   79.0   73.0  444.0
2018  65  3  6 0900  -27.1  859.0    0.9   54.0   72.0  444.0
2018  65  3  6 1200  -28.9  857.2    6.9   49.0   71.0  444.0
2018  65  3  6 1500  -25.6  856.0    9.2   52.0   72.6  444.0
2018  65  3  6 1800  -25.1  856.0    8.4   63.0   73.0  444.0
2018  65  3  6 2100  -28.2  854.3   12.4   93.0   71.0  444.0
2018  66  3  7 0000  -28.6  852.8   14.1   88.0   71.0  444.0
2018  66  3  7 0300  -26.6  850.5   13.0   76.0   72.0  444.0
2018  66  3  7 0600  -24.1  848.6   14.7   64.0   74.0  444.0
2018  66  3  7 0900  -22.6  846.9   18.5   71.0   75.0  444.0
2018  66  3  7 1200  -21.1  844.7   21.4   71.0   76.0  444.0
2018  66  3  7 1500  -21.6  843.5   22.3   73.0   75.0  444.0
2018  66  3  7 1800  -21.1  843.3   23.0   75.0   74.6  444.0
2018  66  3  7 2100  -20.4  844.4   22.4   72.0   75.0  444.0
2018  67  3  8 0000  -19.7  845.9   19.5   76.0   76.0  444.0
2018  67  3  8 0300  -19.6  845.9   20.0   76.0   76.0  444.0
2018  67  3  8 0600  -20.1  846.7   18.9   69.0   76.0  444.0
2018  67  3  8 0900  -20.3  847.7   21.2   70.0   76.0  444.0
2018  67  3  8 1200  -20.7  850.0   18.8   71.0   76.0  444.0
2018  67  3  8 1500  -20.6  850.5   19.9   62.0   75.0  444.0
2018  67  3  8 1800  -20.9  851.7   18.8   63.0   75.0  444.0
2018  67  3  8 2100  -20.3  853.6   17.9   66.0   74.0  444.0
2018  68  3  9 0000  -20.2  854.6   18.1   64.0   72.7  444.0
2018  68  3  9 0300  -20.5  855.0   16.9   57.0   72.0  444.0
2018  68  3  9 0600  -20.8  855.5   15.1   65.0   73.0  444.0
2018  68  3  9 0900  -20.9  855.9   13.9   58.0   70.2  444.0
2018  68  3  9 1200  -22.3  856.2   13.0   56.0   68.0  444.0
2018  68  3  9 1500  -22.9  855.6   13.7   51.0   64.0  444.0
2018  68  3  9 1800  -22.7  855.8   12.6   50.0   64.7  444.0
2018  68  3  9 2100  -22.6  855.7   12.3   56.0   67.0  444.0
2018  69  3 10 0000  -22.2  856.0   13.4   50.0   66.0  444.0
2018  69  3 10 0300  -21.2  855.8   15.8   41.0   69.0  444.0
2018  69  3 10 0600  -22.1  856.6   16.0   50.0   68.0  444.0
2018  69  3 10 0900  -22.7  857.0   15.3   54.0   68.9  444.0
2018  69  3 10 1200  -21.8  857.7   16.7   47.0   71.0  444.0
2018  69  3 10 1500  -20.8  858.4   16.1   63.0   69.4  444.0
2018  69  3 10 1800  -19.7  859.4   17.9   54.0   70.0  444.0
2018  69  3 10 2100  -19.0  860.9   17.8   61.0   71.0  444.0
2018  70  3 11 0000  -18.3  863.2   16.4   48.0   74.0  444.0
2018  70  3 11 0300  -17.1  864.1   17.1   65.0   73.0  444.0
2018  70  3 11 0600  -16.3  864.9   17.5   68.0   72.0  444.0
2018  70  3 11 0900  -16.2  866.2   13.9   69.0   73.0  444.0
2018  70  3 11 1200  -15.5  866.7   14.6   75.0   70.5  444.0
2018  70  3 11 1500  -15.6  867.6   13.5   79.0   71.0  444.0
2018  70  3 11 1800  -16.3  868.3   14.2   88.0   72.0  444.0
2018  70  3 11 2100  -16.0  868.2   15.7   79.0   71.0  444.0
2018  71  3 12 0000  -15.8  869.5   11.3   74.0   67.8  444.0
2018  71  3 12 0300  -13.8  869.0   14.1   51.0   67.0  444.0
2018  71  3 12 0600  -13.8  869.3   13.1   52.0   68.0  444.0
2018  71  3 12 0900  -15.3  869.5    8.7   66.0   72.0  444.0
2018  71  3 12 1200  -15.2  870.0   10.2   62.0   71.0  444.0
2018  71  3 12 1500  -15.5  870.4    8.1   75.0   69.0  444.0
2018  71  3 12 1800  -17.0  870.0    9.0   75.0   66.0  444.0
2018  71  3 12 2100  -17.7  869.3   10.1   56.0   59.0  444.0
2018  72  3 13 0000  -19.0  868.5   10.3   58.0   57.0  444.0
2018  72  3 13 0300  -18.7  867.5   10.3   48.0   51.0  444.0
2018  72  3 13 0600  -20.5  866.7   10.7   51.0   55.0  444.0
2018  72  3 13 0900  -22.8  866.2    9.8   45.0   60.0  444.0
2018  72  3 13 1200  -22.6  864.9    9.4   42.0   59.0  444.0
2018  72  3 13 1500  -22.6  864.1   10.3   45.0   53.0  444.0
2018  72  3 13 1800  -24.0  863.6   10.7   32.0   53.0  444.0
2018  72  3 13 2100  -24.5  862.9   10.9   41.0   53.0  444.0
2018  73  3 14 0000  -23.9  862.4   12.1   22.0   52.0  444.0
2018  73  3 14 0300  -25.2  862.4   12.0   24.0   53.0  444.0
2018  73  3 14 0600  -25.6  862.0   14.0   18.0   52.0  444.0
2018  73  3 14 0900  -25.7  862.3   13.9   21.0   51.0  444.0
2018  73  3 14 1200  -27.0  862.0   12.2   26.0   53.0  444.0
2018  73  3 14 1500  -26.6  861.6   13.6   26.0   51.0  444.0
2018  73  3 14 1800  -26.4  861.2   12.8   38.0   53.0  444.0
2018  73  3 14 2100  -25.8  860.1   14.5   26.0   53.1  444.0
2018  74  3 15 0000  -24.3  859.2   13.2   22.0   55.0  444.0
2018  74  3 15 0300  -23.2  856.3   15.9   28.0   53.8  444.0
2018  74  3 15 0600  -23.4  853.7   17.7   16.0   57.0  444.0
2018  74  3 15 0900  -22.8  849.9   17.8   30.0   67.7  444.0
2018  74  3 15 1200  -22.2  845.7   20.9   26.0   73.0  444.0
2018  74  3 15 1500  -21.2  843.4   22.8   26.0   74.0  444.0
2018  74  3 15 1800  -20.9  843.3   20.8   39.0   74.0  444.0
2018  74  3 15 2100  -20.5  841.7   22.9   38.0   75.0  444.0
2018  75  3 16 0000  -20.5  841.0   24.1   55.0   75.0  444.0
2018  75  3 16 0300  -20.0  842.7   23.1   54.0   76.0  444.0
2018  75  3 16 0600  -19.5  843.9   22.6   55.0   76.2  444.0
2018  75  3 16 0900  -18.7  845.9   21.6   58.0   77.0  444.0
2018  75  3 16 1200  -18.7  849.0   20.8   45.0   77.0  444.0
2018  75  3 16 1500  -18.2  851.8   19.6   48.0   78.0  444.0
2018  75  3 16 1800  -17.9  855.1   18.1   41.0   78.0  444.0
2018  75  3 16 2100  -17.3  857.3   17.1   53.0   78.0  444.0
2018  76  3 17 0000  -17.4  860.2   15.4   59.0   78.0  444.0
2018  76  3 17 0300  -17.3  858.7   15.6   55.0   79.0  444.0
2018  76  3 17 0600  -17.0  855.7   18.1   60.0   79.0  444.0
2018  76  3 17 0900  -15.3  850.7   20.9   62.0   80.0  444.0
2018  76  3 17 1200  -14.7  845.6   20.5   62.0   81.0  444.0
2018  76  3 17 1500  -10.7  847.0   10.9   55.0   86.0  444.0
2018  76  3 17 1800   -9.9  849.8    9.6   31.0   87.0  444.0
2018  76  3 17 2100  -11.1  851.9    9.2   40.0   85.0  444.0
2018  77  3 18 0000  -12.3  853.1    9.9   38.0   84.0  444.0
2018  77  3 18 0300  -13.5  853.3    9.4   57.0   83.0  444.0
2018  77  3 18 0600  -13.6  854.2    7.5   60.0   83.0  444.0
2018  77  3 18 0900  -14.5  855.1    5.5   51.0   82.5  444.0
2018  77  3 18 1200  -16.6  857.2    5.8   33.0   81.0  444.0
2018  77  3 18 1500  -20.7  859.5    5.1   56.0   77.0  444.0
2018  77  3 18 1800  -21.4  861.5    5.6   70.0   77.0  444.0
2018  77  3 18 2100  -24.3  863.2    5.3   78.0   74.0  444.0
2018  78  3 19 0000  -22.6  864.9    7.0   70.0   72.0  444.0
2018  78  3 19 0300  -25.6  864.8    8.3   76.0   67.0  444.0
2018  78  3 19 0600  -27.6  864.7    4.9   72.0   66.0  444.0
2018  78  3 19 0900  -27.7  865.3    5.9   66.0   68.0  444.0
2018  78  3 19 1200  -28.3  865.9    5.9   59.0   68.0  444.0
2018  78  3 19 1500  -29.7  865.7    4.3   77.0   70.0  444.0
2018  78  3 19 1800  -27.8  865.6    5.0   36.0   67.0  444.0
2018  78  3 19 2100  -29.8  865.3    4.1   67.0   68.2  444.0
2018  79  3 20 0000  -30.2  864.3    4.8  112.0   67.0  444.0
2018  79  3 20 0300  -31.4  863.3    4.5   99.0   69.0  444.0
2018  79  3 20 0600  -32.0  861.6    4.9   71.0   69.0  444.0
2018  79  3 20 0900  -31.8  860.7    5.7   61.0   69.1  444.0
2018  79  3 20 1200  -29.2  860.2    9.0   65.0   70.0  444.0
2018  79  3 20 1500  -32.0  858.1    9.3   54.0   66.0  444.0
2018  79  3 20 1800  -30.8  855.8   11.9   49.0   62.0  444.0
2018  79  3 20 2100  -30.1  853.9   11.9   57.0   60.0  444.0
2018  80  3 21 0000  -30.5  852.5    8.5   55.0   59.6  444.0
2018  80  3 21 0300  -30.6  850.9   13.2   48.0   67.0  444.0
2018  80  3 21 0600  -30.6  851.9   10.1   59.0   67.0  444.0
2018  80  3 21 0900  -27.8  849.8   13.5   96.0   70.0  444.0
2018  80  3 21 1200  -25.8  849.6   10.9   51.0   69.8  444.0
2018  80  3 21 1500  -24.2  849.2   14.0   52.0   72.0  444.0
2018  80  3 21 1800  -23.7  849.9   15.9   47.0   72.0  444.0
2018  80  3 21 2100  -21.0  851.5   14.3   62.0   72.0  444.0
2018  81  3 22 0000  -19.9  853.2   11.6   60.0   70.5  444.0
2018  81  3 22 0300  -19.6  853.2    9.1   79.0   72.0  444.0
2018  81  3 22 0600  -19.4  853.3   12.0   83.0   75.5  444.0
2018  81  3 22 0900  -17.6  853.8   12.4  106.0   75.0  444.0
2018  81  3 22 1200  -20.1  851.3   15.5  117.0   74.0  444.0
2018  81  3 22 1500  -19.5  849.8   13.9   77.0   75.2  444.0
2018  81  3 22 1800  -19.2  848.0   12.8   66.0   75.0  444.0
2018  81  3 22 2100  -17.8  849.7   12.4  106.0   69.0  444.0
2018  82  3 23 0000  -19.2  850.9    7.5   77.0   66.0  444.0
2018  82  3 23 0300  -15.3  851.7    9.2   87.0   69.8  444.0
2018  82  3 23 0600  -12.5  853.9   12.3   89.0   75.0  444.0
2018  82  3 23 0900  -12.6  855.9   13.6  106.0   72.0  444.0
2018  82  3 23 1200  -12.0  857.2   16.3  108.0   73.0  444.0
2018  82  3 23 1500  -13.0  859.1   13.8  114.0   72.0  444.0
2018  82  3 23 1800  -13.3  858.3   15.9  116.0   74.0  444.0
2018  82  3 23 2100  -13.4  858.7   20.2   86.0   81.0  444.0
2018  83  3 24 0000  -15.2  863.9   12.3   83.0   73.0  444.0
2018  83  3 24 0300  -15.6  865.0   13.9  104.0   76.0  444.0
2018  83  3 24 0600  -15.6  864.6   18.1  100.0   78.1  444.0
2018  83  3 24 0900  -14.1  866.2   18.6  114.0   76.0  444.0
2018  83  3 24 1200  -13.7  866.8   18.6  108.0   75.0  444.0
2018  83  3 24 1500  -16.3  866.2   19.0  111.0   76.9  444.0
2018  83  3 24 1800  -16.4  865.4   18.7  101.0   77.0  444.0
2018  83  3 24 2100  -16.7  864.5   16.9  110.0   76.0  444.0
2018  84  3 25 0000  -17.6  863.8   18.4  114.0   74.0  444.0
2018  84  3 25 0300  -19.4  862.8   16.8  120.0   71.0  444.0
2018  84  3 25 0600  -19.3  861.2   11.9  121.0   71.0  444.0
2018  84  3 25 0900  -20.1  860.2   10.7   92.0   68.0  444.0
2018  84  3 25 1200  -20.3  858.9   10.8  104.0   68.0  444.0
2018  84  3 25 1500  -21.8  857.2   17.4   98.0   71.0  444.0
2018  84  3 25 1800  -20.2  857.7   18.7  112.0   71.3  444.0
2018  84  3 25 2100  -21.8  857.7   19.1  110.0   72.0  444.0
2018  85  3 26 0000  -22.7  858.6   16.5   84.0   70.7  444.0
2018  85  3 26 0300  -22.3  859.4   18.0  102.0   72.0  444.0
2018  85  3 26 0600  -21.0  861.1   15.9  105.0   68.6  444.0
2018  85  3 26 0900  -19.4  862.2   15.4  108.0   69.0  444.0
2018  85  3 26 1200  -18.5  863.4   16.6  117.0   69.0  444.0
2018  85  3 26 1500  -18.3  863.6   17.9  120.0   70.0  444.0
2018  85  3 26 1800  -17.4  864.5   17.7  118.0   69.1  444.0
2018  85  3 26 2100  -17.9  864.1   16.5  112.0   71.0  444.0
2018  86  3 27 0000  -17.8  863.8   17.4  114.0   74.0  444.0
2018  86  3 27 0300  -17.4  863.5   21.4  121.0   76.0  444.0
2018  86  3 27 0600  -17.2  864.6   17.2  113.0   70.7  444.0
2018  86  3 27 0900  -17.3  865.7   14.8  105.0   69.5  444.0
2018  86  3 27 1200  -18.0  865.2   17.2  113.0   71.0  444.0
2018  86  3 27 1500  -17.7  865.3   18.5  120.0   68.0  444.0
2018  86  3 27 1800  -15.7  866.0   16.5  117.0   61.0  444.0
2018  86  3 27 2100  -16.5  866.6   17.0  116.0   60.5  444.0
2018  87  3 28 0000  -17.7  867.7   17.2  113.0   62.0  444.0
2018  87  3 28 0300  -18.5  868.0   16.5  112.0   60.0  444.0
2018  87  3 28 0600  -19.9  868.2   15.4  111.0   60.0  444.0
2018  87  3 28 0900  -19.5  868.4   16.2  115.0   57.5  444.0
2018  87  3 28 1200  -19.8  868.6   15.5  116.0   59.0  444.0
2018  87  3 28 1500  -19.6  869.9   14.6  114.0   63.0  444.0
2018  87  3 28 1800  -18.1  871.4   12.8  102.0   61.0  444.0
2018  87  3 28 2100  -19.2  872.2   13.3  113.0   61.0  444.0
2018  88  3 29 0000  -18.5  873.1   12.8  113.0   58.8  444.0
2018  88  3 29 0300  -17.6  872.6   14.5  103.0   60.0  444.0
2018  88  3 29 0600  -16.6  873.4   14.8  117.0   59.0  444.0
2018  88  3 29 0900  -15.7  873.1   16.4  121.0   56.0  444.0
2018  88  3 29 1200  -17.2  872.2   16.2  123.0   57.1  444.0
2018  88  3 29 1500  -18.3  869.9   19.6  117.0   63.0  444.0
2018  88  3 29 1800  -18.6  868.2   23.1  116.0   62.0  444.0
2018  88  3 29 2100  -18.1  868.4   19.0  114.0   71.0  444.0
2018  89  3 30 0000  -18.6  867.9   22.7  113.0   71.0  444.0
2018  89  3 30 0300  -16.6  866.8   22.3  118.0   64.0  444.0
2018  89  3 30 0600  -16.4  867.4   20.0  117.0   70.3  444.0
2018  89  3 30 0900  -16.5  869.0   18.7  111.0   67.0  444.0
2018  89  3 30 1200  -14.8  870.2   17.4  114.0   79.0  444.0
2018  89  3 30 1500  -15.1  871.0   16.3  114.0   80.0  444.0
2018  89  3 30 1800  -14.3  872.1   16.1  112.0   78.9  444.0
2018  89  3 30 2100  -15.5  873.0   17.8  116.0   75.0  444.0
2018  90  3 31 0000  -15.9  874.5   17.0  111.0   63.0  444.0
2018  90  3 31 0300  -14.9  875.2   16.1  113.0   64.0  444.0
2018  90  3 31 0600  -13.8  874.7   12.9  111.0   60.0  444.0
2018  90  3 31 0900  -16.1  874.5   16.0  113.0   61.0  444.0
2018  90  3 31 1200  -17.2  873.9   15.9  118.0   60.2  444.0
2018  90  3 31 1500  -19.2  872.9   14.1  110.0   59.0  444.0
2018  90  3 31 1800  -20.0  871.6   17.0  111.0   58.0  444.0
2018  90  3 31 2100  -20.2  870.6   15.0  100.0   57.0  444.0
