Year: 2018  Month: 05  ID: ERN  ARGOS: 21363  Name: Erin                
Lat: 84.91S  Lon: 128.83W  Elev:  990m
2018 121  5  1 0000  -25.5  854.0   13.6   43.0   69.0  444.0
2018 121  5  1 0300  -26.4  854.0   11.9   47.0   67.0  444.0
2018 121  5  1 0600  -27.0  853.5   11.3   37.0   65.8  444.0
2018 121  5  1 0900  -28.6  852.7    9.6   45.0   65.6  444.0
2018 121  5  1 1200  -29.2  851.8   10.4   52.0   64.0  444.0
2018 121  5  1 1500  -29.9  850.4   10.3   40.0   63.0  444.0
2018 121  5  1 1800  -30.2  849.4    9.9   42.0   65.0  444.0
2018 121  5  1 2100  -30.0  848.1   11.6   35.0   66.0  444.0
2018 122  5  2 0000  -30.5  847.6   10.0   37.0   67.0  444.0
2018 122  5  2 0300  -30.3  846.8   14.4   21.0   68.2  444.0
2018 122  5  2 0600  -29.2  846.3   12.0   40.0   69.0  444.0
2018 122  5  2 0900  -27.9  845.8   11.3   35.0   68.5  444.0
2018 122  5  2 1200  -26.7  845.8   13.4   33.0   69.1  444.0
2018 122  5  2 1500  -25.8  846.1   14.7   40.0   71.0  444.0
2018 122  5  2 1800  -26.2  846.1   16.5   39.0   70.0  444.0
2018 122  5  2 2100  -26.4  846.4   18.8   35.0   70.8  444.0
2018 123  5  3 0000  -25.7  846.8   20.2   28.0   71.0  444.0
2018 123  5  3 0300  -25.2  847.6   18.6   37.0   71.0  444.0
2018 123  5  3 0600  -25.7  848.2   18.2   41.0   70.6  444.0
2018 123  5  3 0900  -25.8  850.3   16.5   32.0   70.0  444.0
2018 123  5  3 1200  -25.9  850.9   17.4   33.0   70.4  444.0
2018 123  5  3 1500  -25.9  852.0   16.9   39.0   71.0  444.0
2018 123  5  3 1800  -26.1  852.8   16.8   37.0   70.0  444.0
2018 123  5  3 2100  -26.7  853.7   16.6   33.0   69.0  444.0
2018 124  5  4 0000  -27.4  854.6   13.7   50.0   67.0  444.0
2018 124  5  4 0300  -26.7  854.1   13.8   35.0   67.0  444.0
2018 124  5  4 0600  -27.9  854.6   10.9   44.0   64.5  444.0
2018 124  5  4 0900  -28.6  854.1   10.6   43.0   63.0  444.0
2018 124  5  4 1200  -27.9  853.8   10.5   34.0   61.0  444.0
2018 124  5  4 1500  -28.6  853.9    9.4   43.0   62.0  444.0
2018 124  5  4 1800  -28.9  853.6   10.3   38.0   61.4  444.0
2018 124  5  4 2100  -30.3  853.9   10.6   45.0   63.0  444.0
2018 125  5  5 0000  -31.2  853.8   11.1   35.0   66.0  444.0
2018 125  5  5 0300  -31.1  853.3   10.4   42.0   66.0  444.0
2018 125  5  5 0600  -29.7  853.7    9.2   38.0   66.0  444.0
2018 125  5  5 0900  -31.0  854.0    9.0   43.0   66.5  444.0
2018 125  5  5 1200  -29.9  854.0    6.4   54.0   64.0  444.0
2018 125  5  5 1500  -31.3  852.7    9.4   41.0   66.0  444.0
2018 125  5  5 1800  -33.9  851.9    8.2   43.0   66.0  444.0
2018 125  5  5 2100  -34.5  851.2    8.4   34.0   65.4  444.0
2018 126  5  6 0000  -35.3  849.9    7.5   41.0   62.0  444.0
2018 126  5  6 0300  -36.8  848.2    9.0   30.0   61.0  444.0
2018 126  5  6 0600  -37.4  847.4    8.5   25.0   61.0  444.0
2018 126  5  6 0900  -38.3  847.1    7.2   14.0   61.0  444.0
2018 126  5  6 1200  -38.4  847.1    8.5   26.0   63.0  444.0
2018 126  5  6 1500  -38.7  846.9    6.2   19.0   62.0  444.0
2018 126  5  6 1800  -36.8  847.3    6.7   32.0   63.0  444.0
2018 126  5  6 2100  -38.0  846.9    5.5   29.0   62.0  444.0
2018 127  5  7 0000  -37.8  846.4    5.0   34.0   61.0  444.0
2018 127  5  7 0300  -37.0  845.4    5.3   28.0   60.9  444.0
2018 127  5  7 0600  -37.0  845.6    7.4   24.0   63.0  444.0
2018 127  5  7 0900  -36.6  846.7    8.3   24.0   63.0  444.0
2018 127  5  7 1200  -36.0  847.9   10.2   29.0   61.0  444.0
2018 127  5  7 1500  -33.9  849.3    9.9   28.0   66.0  444.0
2018 127  5  7 1800  -31.9  851.1   10.2   29.0   67.0  444.0
2018 127  5  7 2100  -30.5  851.9   11.4   27.0   69.0  444.0
2018 128  5  8 0000  -28.7  852.0   15.6   19.0   68.0  444.0
2018 128  5  8 0300  -30.8  850.8   12.7   21.0   68.0  444.0
2018 128  5  8 0600  -30.7  851.2    9.1   25.0   67.8  444.0
2018 128  5  8 0900  -29.4  851.2   13.6   21.0   68.0  444.0
2018 128  5  8 1200  -29.0  851.1   14.3   20.0   69.2  444.0
2018 128  5  8 1500  -27.9  851.4   14.6   35.0   70.0  444.0
2018 128  5  8 1800  -27.5  851.8   16.1   27.0   70.0  444.0
2018 128  5  8 2100  -28.0  853.2   14.4   32.0   70.0  444.0
2018 129  5  9 0000  -28.7  853.8   10.9   43.0   69.4  444.0
2018 129  5  9 0300  -29.0  853.5    9.2   30.0   69.0  444.0
2018 129  5  9 0600  -30.0  852.1    9.7   35.0   66.0  444.0
2018 129  5  9 0900  -31.9  850.8    9.7   29.0   65.4  444.0
2018 129  5  9 1200  -33.0  848.9    9.3   25.0   64.0  444.0
2018 129  5  9 1500  -34.7  847.5    8.4   29.0   64.1  444.0
2018 129  5  9 1800  -34.9  845.5   11.9   23.0   65.0  444.0
2018 129  5  9 2100  -34.9  844.0   10.9   33.0   66.0  444.0
2018 130  5 10 0000  -32.7  842.5   11.5   38.0   65.0  444.0
2018 130  5 10 0300  -31.5  840.3   13.3   18.0   67.6  444.0
2018 130  5 10 0600  -25.8  839.5   18.0   22.0   72.0  444.0
2018 130  5 10 0900  -24.3  839.7   18.9   22.0   72.6  444.0
2018 130  5 10 1200  -23.7  840.2   19.1   24.0   73.0  444.0
2018 130  5 10 1500  -22.3  841.7   18.4   27.0   74.0  444.0
2018 130  5 10 1800  -22.2  842.7   20.5   28.0   74.0  444.0
2018 130  5 10 2100  -22.2  846.4   18.9   37.0   74.0  444.0
2018 131  5 11 0000  -22.2  848.2   17.8   38.0   74.0  444.0
2018 131  5 11 0300  -21.1  847.3   19.0   32.0   75.0  444.0
2018 131  5 11 0600  -18.1  846.0   22.2   45.0   78.0  444.0
2018 131  5 11 0900  -17.1  847.0   21.8   33.0   78.0  444.0
2018 131  5 11 1200  -16.3  846.8   23.5   39.0   79.2  444.0
2018 131  5 11 1500  -16.1  850.1   23.8   36.0   79.0  444.0
2018 131  5 11 1800  -15.7  853.4   21.3   36.0   79.0  444.0
2018 131  5 11 2100  -16.6  854.8   18.3   42.0   78.3  444.0
2018 132  5 12 0000  -13.5  853.2   21.0   44.0   80.0  444.0
2018 132  5 12 0300  -13.7  853.5   21.2   44.0   81.0  444.0
2018 132  5 12 0600  -15.0  853.6   23.5   25.0   80.0  444.0
2018 132  5 12 0900  -15.2  854.9   22.0   27.0   80.0  444.0
2018 132  5 12 1200  -16.2  856.9   18.2   29.0   80.0  444.0
2018 132  5 12 1500  -17.3  858.1   19.4   29.0   78.0  444.0
2018 132  5 12 1800  -18.4  858.8   18.8   24.0   75.8  444.0
2018 132  5 12 2100  -18.5  859.5   18.2   34.0   75.0  444.0
2018 133  5 13 0000  -18.4  860.2   17.3   32.0   75.0  444.0
2018 133  5 13 0300  -19.1  860.8   15.4   21.0   74.0  444.0
2018 133  5 13 0600  -18.9  861.1   15.3   24.0   71.0  444.0
2018 133  5 13 0900  -19.5  860.2   13.6   25.0   71.0  444.0
2018 133  5 13 1200  -18.2  858.2   15.8   34.0   73.0  444.0
2018 133  5 13 1500  -16.6  856.8   16.2   33.0   74.0  444.0
2018 133  5 13 1800  -15.9  855.5   16.8   30.0   76.0  444.0
2018 133  5 13 2100  -16.0  854.5   16.5   39.0   76.5  444.0
2018 134  5 14 0000  -15.9  853.5   19.4   33.0   75.0  444.0
2018 134  5 14 0300  -16.8  852.3   17.2   40.0   75.0  444.0
2018 134  5 14 0600  -18.4  851.7   12.4   36.0   74.0  444.0
2018 134  5 14 0900  -15.3  851.0   19.9   34.0   78.1  444.0
2018 134  5 14 1200  -15.2  852.1   16.1   24.0   76.0  444.0
2018 134  5 14 1500  -15.2  852.2   15.7   28.0   72.0  444.0
2018 134  5 14 1800  -16.6  852.9   17.1   33.0   73.0  444.0
2018 134  5 14 2100  -18.8  854.6   16.0   33.0   72.5  444.0
2018 135  5 15 0000  -19.7  855.9   16.5   30.0   70.0  444.0
2018 135  5 15 0300  -20.8  856.8   16.1   23.0   70.0  444.0
2018 135  5 15 0600  -24.1  857.4   18.4   22.0   70.0  444.0
2018 135  5 15 0900  -25.7  860.3   19.2   13.0   71.3  444.0
2018 135  5 15 1200  -24.5  866.5   13.7   10.0   73.0  444.0
2018 135  5 15 1500  -25.1  868.6   14.5   14.0   73.0  444.0
2018 135  5 15 1800  -25.6  868.5   15.1   13.0   71.0  444.0
2018 135  5 15 2100  -25.0  868.3   12.7   18.0   72.0  444.0
2018 136  5 16 0000  -23.4  866.7   14.1   19.0   71.9  444.0
2018 136  5 16 0300  -21.7  864.2   13.4   20.0   72.0  444.0
2018 136  5 16 0600  -19.6  861.2   10.2   61.0   67.9  444.0
2018 136  5 16 0900  -16.5  858.0   19.6   16.0   78.0  444.0
2018 136  5 16 1200  -17.7  855.3   22.1   22.0   63.7  444.0
2018 136  5 16 1500  -18.8  854.7   19.7   30.0   71.0  444.0
2018 136  5 16 1800  -19.9  856.1   19.2   19.0   75.0  444.0
2018 136  5 16 2100  -20.8  858.5   15.5   23.0   73.0  444.0
2018 137  5 17 0000  -22.5  862.1   12.4   28.0   72.0  444.0
2018 137  5 17 0300  -25.5  864.6    9.9   32.0   73.0  444.0
2018 137  5 17 0600  -26.6  867.2    9.1   37.0   72.0  444.0
2018 137  5 17 0900  -27.4  869.5    8.6   27.0   71.0  444.0
2018 137  5 17 1200  -25.7  871.0    7.5   34.0   72.0  444.0
2018 137  5 17 1500  -24.6  871.2    6.8   42.0   74.0  444.0
2018 137  5 17 1800  -24.8  871.8    7.0   41.0   73.4  444.0
2018 137  5 17 2100  -24.9  871.4    6.7   40.0   73.0  444.0
2018 138  5 18 0000  -25.0  870.8    5.4   47.0   73.0  444.0
2018 138  5 18 0300  -25.9  868.8    6.1   39.0   74.0  444.0
2018 138  5 18 0600  -26.8  867.4    4.7   31.0   72.0  444.0
2018 138  5 18 0900  -27.3  866.1    4.5   39.0   72.0  444.0
2018 138  5 18 1200  -27.6  865.3    5.2   38.0   71.0  444.0
2018 138  5 18 1500  -28.6  864.3    5.5   38.0   71.0  444.0
2018 138  5 18 1800  -28.8  864.0    5.8   52.0   71.0  444.0
2018 138  5 18 2100  -30.9  862.7    8.8   25.0   69.4  444.0
2018 139  5 19 0000  -31.6  862.0    9.8   25.0   69.0  444.0
2018 139  5 19 0300  -31.6  861.6    9.3   30.0   69.0  444.0
2018 139  5 19 0600  -30.0  861.8   10.1   23.0   70.0  444.0
2018 139  5 19 0900  -32.0  861.3   10.0   18.0   68.0  444.0
2018 139  5 19 1200  -32.1  859.3   10.5   14.0   68.0  444.0
2018 139  5 19 1500  -31.8  857.1   12.9   15.0   68.5  444.0
2018 139  5 19 1800  -31.4  856.4   11.9   23.0   68.0  444.0
2018 139  5 19 2100  -30.4  855.4   12.5   23.0   68.8  444.0
2018 140  5 20 0000  -26.1  854.8   20.5   12.0   72.0  444.0
2018 140  5 20 0300  -26.6  852.9   24.2   14.0   71.5  444.0
2018 140  5 20 0600  -26.1  853.1   23.4   18.0   72.0  444.0
2018 140  5 20 0900  -25.7  853.8   26.3   14.0   72.0  444.0
2018 140  5 20 1200  -26.2  856.5   23.9   15.0   71.4  444.0
2018 140  5 20 1500  -26.1  858.3   24.2   23.0   72.0  444.0
2018 140  5 20 1800  -25.1  859.5   23.0    8.0   71.5  444.0
2018 140  5 20 2100  -26.1  860.5   19.0   13.0   71.0  444.0
2018 141  5 21 0000  -26.9  861.0   20.5    9.0   70.0  444.0
2018 141  5 21 0300  -29.1  861.1   18.6   16.0   69.0  444.0
2018 141  5 21 0600  -30.6  862.1   19.6   13.0   67.9  444.0
2018 141  5 21 0900  -31.7  865.1   15.7   18.0   68.0  444.0
2018 141  5 21 1200  -33.9  867.5   10.1   24.0   65.0  444.0
2018 141  5 21 1500  -36.0  868.3    9.3   21.0   62.0  444.0
2018 141  5 21 1800  -37.2  869.3    7.9   20.0   60.0  444.0
2018 141  5 21 2100  -37.9  870.2    7.9   12.0   59.0  444.0
2018 142  5 22 0000  -38.5  870.9    8.1   17.0   58.0  444.0
2018 142  5 22 0300  -39.2  871.3    7.3   21.0   58.0  444.0
2018 142  5 22 0600  -39.7  871.6    8.5   24.0   58.0  444.0
2018 142  5 22 0900  -40.4  871.4    9.5    9.0   59.0  444.0
2018 142  5 22 1200  -39.7  871.2    8.3   15.0   59.0  444.0
2018 142  5 22 1500  -39.3  870.5    8.7   15.0   59.0  444.0
2018 142  5 22 1800  -37.3  869.7    8.3   21.0   59.0  444.0
2018 142  5 22 2100  -34.1  868.3    8.3   21.0   58.0  444.0
2018 143  5 23 0000  -33.9  866.8    8.1   17.0   64.0  444.0
2018 143  5 23 0300  -29.4  864.6   10.6   16.0   60.0  444.0
2018 143  5 23 0600  -28.0  862.2   10.8   25.0   62.0  444.0
2018 143  5 23 0900  -27.9  859.6   12.8   18.0   64.0  444.0
2018 143  5 23 1200  -27.1  857.2   13.5   14.0   64.0  444.0
2018 143  5 23 1500  -24.7  855.2   15.4   16.0   58.0  444.0
2018 143  5 23 1800  -24.1  854.4   14.2   22.0   51.0  444.0
2018 143  5 23 2100  -25.9  854.0   13.0   18.0   51.2  444.0
2018 144  5 24 0000  -23.8  854.8   12.8   16.0   51.0  444.0
2018 144  5 24 0300  -22.9  855.9   14.4   17.0   61.0  444.0
2018 144  5 24 0600  -23.4  857.1   14.2   19.0   73.1  444.0
2018 144  5 24 0900  -23.5  858.6   12.6   22.0   74.0  444.0
2018 144  5 24 1200  -23.3  859.8   11.6   30.0   74.0  444.0
2018 144  5 24 1500  -23.2  859.0   11.5   26.0   74.1  444.0
2018 144  5 24 1800  -23.0  858.1   11.2   27.0   74.0  444.0
2018 144  5 24 2100  -22.8  855.1   10.5   48.0   74.0  444.0
2018 145  5 25 0000  -23.7  852.1   10.6   55.0   73.5  444.0
2018 145  5 25 0300  -25.5  847.5   11.0   46.0   72.0  444.0
2018 145  5 25 0600  -25.0  845.7   13.0   32.0   72.0  444.0
2018 145  5 25 0900  -25.6  844.7   16.1   25.0   72.0  444.0
2018 145  5 25 1200  -25.1  845.2   15.5   18.0   72.0  444.0
2018 145  5 25 1500  -26.4  845.2   15.0    9.0   72.0  444.0
2018 145  5 25 1800  -27.2  845.1   15.4   15.0   70.9  444.0
2018 145  5 25 2100  -23.7  845.9   16.1   21.0   73.0  444.0
2018 146  5 26 0000  -23.9  846.4   15.7   19.0   72.0  444.0
2018 146  5 26 0300  -28.5  847.0   16.4   18.0   70.0  444.0
2018 146  5 26 0600  -29.1  849.2   16.6   20.0   69.0  444.0
2018 146  5 26 0900  -28.1  853.0    9.8   23.0   71.0  444.0
2018 146  5 26 1200  -28.9  855.5   12.0   14.0   70.0  444.0
2018 146  5 26 1500  -29.0  857.3   12.3   20.0   70.0  444.0
2018 146  5 26 1800  -30.4  858.4   14.2   13.0   69.0  444.0
2018 146  5 26 2100  -32.5  859.8   12.4   21.0   67.7  444.0
2018 147  5 27 0000  -32.9  860.6   13.3   24.0   68.0  444.0
2018 147  5 27 0300  -32.9  861.3   13.5   22.0   68.0  444.0
2018 147  5 27 0600  -33.3  862.3   11.5   27.0   68.0  444.0
2018 147  5 27 0900  -33.4  862.9   11.1   27.0   67.0  444.0
2018 147  5 27 1200  -33.7  863.0   10.8   29.0   66.0  444.0
2018 147  5 27 1500  -34.2  863.1    9.1   27.0   65.0  444.0
2018 147  5 27 1800  -34.5  862.8    9.4   23.0   64.0  444.0
2018 147  5 27 2100  -35.1  862.8   10.1   19.0   63.0  444.0
2018 148  5 28 0000  -36.6  863.1   10.4   15.0   64.0  444.0
2018 148  5 28 0300  -37.5  863.0   10.5   17.0   64.0  444.0
2018 148  5 28 0600  -37.4  862.7   11.6   13.0   64.0  444.0
2018 148  5 28 0900  -37.8  862.5   10.0   20.0   63.0  444.0
2018 148  5 28 1200  -36.3  861.8   10.1   17.0   63.5  444.0
2018 148  5 28 1500  -35.2  860.3    9.3   17.0   63.0  444.0
2018 148  5 28 1800  -34.6  858.6    8.0   31.0   63.0  444.0
2018 148  5 28 2100  -33.9  856.9    6.9   30.0   62.0  444.0
2018 149  5 29 0000  -32.1  854.2    8.6   33.0   67.0  444.0
2018 149  5 29 0300  -30.7  852.3    9.5   37.0   68.0  444.0
2018 149  5 29 0600  -28.6  850.8   12.3   51.0   68.0  444.0
2018 149  5 29 0900  -27.9  850.9   13.0   57.0   69.0  444.0
2018 149  5 29 1200  -27.8  852.3   11.9   32.0   69.0  444.0
2018 149  5 29 1500  -27.4  853.6   12.2   31.0   70.0  444.0
2018 149  5 29 1800  -24.5  855.1   14.5   19.0   72.0  444.0
2018 149  5 29 2100  -25.8  856.2   13.3   27.0   71.0  444.0
2018 150  5 30 0000  -24.7  857.1   15.3   34.0   72.0  444.0
2018 150  5 30 0300  -22.9  858.3   17.0   27.0   73.0  444.0
2018 150  5 30 0600  -23.3  859.1   17.2   21.0   73.1  444.0
2018 150  5 30 0900  -23.8  860.7   18.8   19.0   73.0  444.0
2018 150  5 30 1200  -24.1  861.7   15.6   27.0   70.4  444.0
2018 150  5 30 1500  -24.7  861.9   17.5   17.0   71.0  444.0
2018 150  5 30 1800  -25.5  862.9   14.1   19.0   68.2  444.0
2018 150  5 30 2100  -28.9  864.3   11.4   27.0   69.0  444.0
2018 151  5 31 0000  -28.4  865.5   12.8   31.0   68.2  444.0
2018 151  5 31 0300  -29.2  865.8   13.3   37.0   68.1  444.0
2018 151  5 31 0600  -29.1  866.5   12.1   31.0   68.0  444.0
2018 151  5 31 0900  -29.1  867.3   11.0   57.0   69.2  444.0
2018 151  5 31 1200  -29.6  867.8   10.3   29.0   68.6  444.0
2018 151  5 31 1500  -27.2  867.6   12.8   64.0   70.2  444.0
2018 151  5 31 1800  -23.9  868.1   10.5   24.0   70.0  444.0
2018 151  5 31 2100  -21.7  867.9   12.5   32.0   70.0  444.0
