Year: 2018  Month: 08  ID: ERN  ARGOS: 21363  Name: Erin                
Lat: 84.91S  Lon: 128.83W  Elev:  990m
2018 213  8  1 0000  -32.6  866.5    7.2   68.0   63.1  444.0
2018 213  8  1 0300  -33.2  865.0    9.4   25.0   62.0  444.0
2018 213  8  1 0600  -34.0  864.7    8.3   32.0   60.0  444.0
2018 213  8  1 0900  -35.6  864.2    8.8   29.0   61.0  444.0
2018 213  8  1 1200  -35.4  863.9    9.6   27.0   62.0  444.0
2018 213  8  1 1500  -35.3  863.8   13.9   14.0   64.2  444.0
2018 213  8  1 1800  -34.4  863.1   15.1   41.0   64.0  444.0
2018 213  8  1 2100  -34.1  862.5   13.3   67.0   63.0  444.0
2018 214  8  2 0000  -33.8  862.0   10.1   32.0   60.0  444.0
2018 214  8  2 0300  -37.8  861.0    6.1   19.0   59.0  444.0
2018 214  8  2 0600  -38.6  860.1    2.9   35.0   57.0  444.0
2018 214  8  2 0900  -38.1  858.7    7.9   33.0   55.0  444.0
2018 214  8  2 1200  -39.6  858.0    7.2   19.0   57.0  444.0
2018 214  8  2 1500  -38.9  858.9    7.9   31.0   58.0  444.0
2018 214  8  2 1800  -39.0  860.2    5.8   30.0   60.9  444.0
2018 214  8  2 2100  -37.6  861.8    7.1   24.0   58.0  444.0
2018 215  8  3 0000  -37.8  863.6    4.1   31.0   58.0  444.0
2018 215  8  3 0300  -33.8  864.8    1.6   73.0   60.0  444.0
2018 215  8  3 0600  -35.1  865.3    5.3   17.0   60.0  444.0
2018 215  8  3 0900  -33.6  867.0    3.9   64.0   54.0  444.0
2018 215  8  3 1200  -29.2  866.6   14.2   58.0   57.3  444.0
2018 215  8  3 1500  -29.9  866.4   13.2   72.0   63.0  444.0
2018 215  8  3 1800  -28.9  865.9   11.3   44.0   60.0  444.0
2018 215  8  3 2100  -29.3  864.8    7.8   75.0   58.0  444.0
2018 216  8  4 0000  -31.1  864.3    3.8   66.0   61.8  444.0
2018 216  8  4 0300  -34.0  864.9    5.5  163.0   55.0  444.0
2018 216  8  4 0600  -30.5  865.4    0.9   96.0   56.0  444.0
2018 216  8  4 0900  -27.5  863.0   15.7   51.0   67.0  444.0
2018 216  8  4 1200  -27.6  864.1   13.4   68.0   63.0  444.0
2018 216  8  4 1500  -28.7  862.6   14.3   78.0   62.9  444.0
2018 216  8  4 1800  -29.9  862.1   13.5   93.0   62.0  444.0
2018 216  8  4 2100  -31.5  861.0   12.2   93.0   62.0  444.0
2018 217  8  5 0000  -32.6  859.4    8.8   76.0   59.0  444.0
2018 217  8  5 0300  -32.7  858.5    9.1   60.0   59.7  444.0
2018 217  8  5 0600  -33.6  856.5    9.4   56.0   60.0  444.0
2018 217  8  5 0900  -34.5  855.5    9.9   71.0   60.6  444.0
2018 217  8  5 1200  -35.0  853.3    9.4   51.0   61.0  444.0
2018 217  8  5 1500  -34.5  852.7    9.6   77.0   61.0  444.0
2018 217  8  5 1800  -32.5  851.5   10.1   62.0   63.0  444.0
2018 217  8  5 2100  -30.7  850.6   11.8   59.0   62.9  444.0
2018 218  8  6 0000  -28.8  851.2   15.6   62.0   66.0  444.0
2018 218  8  6 0300  -29.8  852.1   17.5   38.0   62.0  444.0
2018 218  8  6 0600  -31.2  854.7   14.2   47.0   59.7  444.0
2018 218  8  6 0900  -30.9  857.4   13.0   46.0   52.0  444.0
2018 218  8  6 1200  -31.1  858.3   11.4   42.0   49.6  444.0
2018 218  8  6 1500  -30.8  859.7   12.1   49.0   51.0  444.0
2018 218  8  6 1800  -29.0  860.1    9.6   43.0   54.0  444.0
2018 218  8  6 2100  -25.6  859.6   13.5   41.0   57.0  444.0
2018 219  8  7 0000  -22.4  859.6   14.4   57.0   60.3  444.0
2018 219  8  7 0300  -21.9  859.0   18.1   63.0   54.0  444.0
2018 219  8  7 0600  -20.5  859.2   17.1   60.0   50.0  444.0
2018 219  8  7 0900  -20.9  859.8   14.5   64.0   59.0  444.0
2018 219  8  7 1200  -20.5  859.8   14.2   67.0   59.0  444.0
2018 219  8  7 1500  -18.5  859.8   15.7   74.0   68.0  444.0
2018 219  8  7 1800  -18.0  862.2   15.0   56.0   76.0  444.0
2018 219  8  7 2100  -17.7  865.0   13.1   75.0   67.0  444.0
2018 220  8  8 0000  -19.3  867.1   11.3   76.0   68.0  444.0
2018 220  8  8 0300  -20.0  868.2   11.9   78.0   68.0  444.0
2018 220  8  8 0600  -19.4  870.7   10.1   79.0   68.0  444.0
2018 220  8  8 0900  -20.2  871.1   11.1   73.0   67.0  444.0
2018 220  8  8 1200  -23.1  870.8   11.8   75.0   69.0  444.0
2018 220  8  8 1500  -24.3  870.9   11.3   74.0   69.0  444.0
2018 220  8  8 1800  -21.7  869.8   13.9   64.0   71.0  444.0
2018 220  8  8 2100  -21.5  870.8   13.2   60.0   73.0  444.0
2018 221  8  9 0000  -20.3  872.0   15.2   64.0   71.0  444.0
2018 221  8  9 0300  -18.5  872.1   14.2   66.0   78.0  444.0
2018 221  8  9 0600  -18.4  873.3   13.4   62.0   78.0  444.0
2018 221  8  9 0900  -18.5  874.4   13.7   63.0   77.9  444.0
2018 221  8  9 1200  -19.4  874.2   12.5   73.0   75.0  444.0
2018 221  8  9 1500  -20.0  874.5   14.1   59.0   72.7  444.0
2018 221  8  9 1800  -20.7  874.7   11.2   76.0   70.0  444.0
2018 221  8  9 2100  -20.7  873.1   12.9   73.0   72.0  444.0
2018 222  8 10 0000  -19.7  872.3   15.0   74.0   70.0  444.0
2018 222  8 10 0300  -19.8  872.2   12.1   68.0   63.5  444.0
2018 222  8 10 0600  -19.0  871.9   10.9   86.0   53.0  444.0
2018 222  8 10 0900  -18.9  871.5   12.0   73.0   47.0  444.0
2018 222  8 10 1200  -20.0  871.3   10.1   83.0   56.6  444.0
2018 222  8 10 1500  -19.9  870.3   11.2   67.0   66.0  444.0
2018 222  8 10 1800  -20.5  870.3   14.7   98.0   58.4  444.0
2018 222  8 10 2100  -20.6  870.1   16.1  102.0   57.0  444.0
2018 223  8 11 0000  -19.1  870.6   16.3  105.0   44.2  444.0
2018 223  8 11 0300  -19.8  869.9   15.7  102.0   49.0  444.0
2018 223  8 11 0600  -20.3  869.2   14.5   65.0   49.0  444.0
2018 223  8 11 0900  -20.1  866.4   15.0   54.0   53.0  444.0
2018 223  8 11 1200  -20.8  863.3   13.8   52.0   49.0  444.0
2018 223  8 11 1500  -24.3  861.3   13.5   50.0   70.0  444.0
2018 223  8 11 1800  -24.2  859.3   17.0   35.0   64.0  444.0
2018 223  8 11 2100  -21.7  858.2   14.4   88.0   51.0  444.0
2018 224  8 12 0000  -25.4  858.7   18.0   28.0   66.0  444.0
2018 224  8 12 0300  -27.6  858.0   15.5   38.0   67.0  444.0
2018 224  8 12 0600  -27.2  856.3   18.2   49.0   67.0  444.0
2018 224  8 12 0900  -29.1  857.1   14.5   28.0   67.0  444.0
2018 224  8 12 1200  -28.7  855.5   14.5   30.0   68.0  444.0
2018 224  8 12 1500  -27.8  855.6   13.9   41.0   57.0  444.0
2018 224  8 12 1800  -27.5  855.0   15.3   41.0   66.0  444.0
2018 224  8 12 2100  -27.4  854.6   16.8   23.0   70.0  444.0
2018 225  8 13 0000  -22.5  854.8   25.7   51.0   73.2  444.0
2018 225  8 13 0300  -22.0  856.9   22.4   43.0   72.8  444.0
2018 225  8 13 0600  -20.0  859.3   18.0   43.0   75.0  444.0
2018 225  8 13 0900  -21.1  861.0   14.8   44.0   75.0  444.0
2018 225  8 13 1200  -19.8  862.0   17.3   63.0   67.0  444.0
2018 225  8 13 1500  -17.5  862.2   19.8   62.0   58.0  444.0
2018 225  8 13 1800  -19.6  863.0   25.9   64.0   61.0  444.0
2018 225  8 13 2100  -17.8  864.4   21.0   73.0   65.0  444.0
2018 226  8 14 0000  -17.6  865.0   22.9   73.0   62.0  444.0
2018 226  8 14 0300  -17.0  865.4   24.4   65.0   56.0  444.0
2018 226  8 14 0600  -18.2  867.3   22.6   68.0   58.0  444.0
2018 226  8 14 0900  -17.7  869.0   19.5   68.0   57.9  444.0
2018 226  8 14 1200  -16.8  871.0   17.0   69.0   60.0  444.0
2018 226  8 14 1500  -16.6  872.7   12.8   70.0   61.0  444.0
2018 226  8 14 1800  -14.3  873.8   13.7   65.0   59.0  444.0
2018 226  8 14 2100  -14.8  874.3   12.2   76.0   61.0  444.0
2018 227  8 15 0000  -15.0  874.9    9.0   79.0   61.8  444.0
2018 227  8 15 0300  -18.6  875.4    7.1   76.0   70.0  444.0
2018 227  8 15 0600  -16.2  874.4   13.2   96.0   57.0  444.0
2018 227  8 15 0900  -17.7  874.8   10.9   71.0   53.0  444.0
2018 227  8 15 1200  -20.4  874.0   13.5   96.0   53.3  444.0
2018 227  8 15 1500  -21.1  873.0   14.9  100.0   47.0  444.0
2018 227  8 15 1800  -21.2  872.0   11.7  114.0   47.0  444.0
2018 227  8 15 2100  -17.3  869.2    7.3   79.0   40.0  444.0
2018 228  8 16 0000  -17.5  867.1   11.2  132.0   41.6  444.0
2018 228  8 16 0300  -20.3  865.9   15.9   37.0   50.0  444.0
2018 228  8 16 0600  -16.3  865.6   11.6   64.0   43.0  444.0
2018 228  8 16 0900  -22.0  865.8    2.3  103.0   45.0  444.0
2018 228  8 16 1200  -24.7  865.2    1.3  320.0   57.8  444.0
2018 228  8 16 1500  -23.9  864.5    4.3  171.0   54.0  444.0
2018 228  8 16 1800  -26.3  864.4    3.4  182.0   59.0  444.0
2018 228  8 16 2100  -22.7  863.7    3.1  158.0   50.0  444.0
2018 229  8 17 0000  -25.0  863.4    0.9  123.0   53.0  444.0
2018 229  8 17 0300  -25.6  862.8    4.7  315.0   52.2  444.0
2018 229  8 17 0600  -28.0  862.6    7.2  179.0   57.0  444.0
2018 229  8 17 0900  -26.8  862.5    2.7   96.0   53.0  444.0
2018 229  8 17 1200  -27.3  861.6   14.2   89.0   60.0  444.0
2018 229  8 17 1500  -28.1  862.1   10.5  112.0   63.0  444.0
2018 229  8 17 1800  -29.8  861.4   17.3   93.0   50.0  444.0
2018 229  8 17 2100  -29.9  860.9   17.9   96.0   60.0  444.0
2018 230  8 18 0000  -31.7  860.8   16.0   94.0   65.0  444.0
2018 230  8 18 0300  -31.6  860.8   13.6   88.0   61.0  444.0
2018 230  8 18 0600  -30.3  860.8   10.0   82.0   48.0  444.0
2018 230  8 18 0900  -30.2  860.9   10.4   83.0   48.0  444.0
2018 230  8 18 1200  -29.9  860.9   10.9   94.0   47.0  444.0
2018 230  8 18 1500  -27.3  860.3   12.4  104.0   43.0  444.0
2018 230  8 18 1800  -26.0  859.9   12.8   93.0   42.0  444.0
2018 230  8 18 2100  -24.0  858.8   13.6  110.0   44.0  444.0
2018 231  8 19 0000  -24.9  857.9   13.8  112.0   46.0  444.0
2018 231  8 19 0300  -24.2  856.9   14.0  104.0   44.1  444.0
2018 231  8 19 0600  -23.0  856.3   12.4  105.0   42.0  444.0
2018 231  8 19 0900  -23.7  856.0   11.4   95.0   44.0  444.0
2018 231  8 19 1200  -22.6  855.4   12.2  110.0   46.0  444.0
2018 231  8 19 1500  -22.0  855.7    9.4   85.0   46.0  444.0
2018 231  8 19 1800  -21.5  855.7    9.4   85.0   48.0  444.0
2018 231  8 19 2100  -23.2  855.7   11.9   70.0   54.0  444.0
2018 232  8 20 0000  -24.3  857.0   10.4   59.0   68.2  444.0
2018 232  8 20 0300  -24.8  857.8   11.1   48.0   56.0  444.0
2018 232  8 20 0600  -25.4  857.9   11.9   61.0   54.7  444.0
2018 232  8 20 0900  -26.9  858.0   11.0   75.0   57.0  444.0
2018 232  8 20 1200  -27.6  857.5   11.5   71.0   56.3  444.0
2018 232  8 20 1500  -27.0  858.1   11.3   69.0   56.0  444.0
2018 232  8 20 1800  -27.9  858.4   13.4   72.0   56.8  444.0
2018 232  8 20 2100  -28.5  859.5   12.6   65.0   56.0  444.0
2018 233  8 21 0000  -30.2  859.9   13.9   57.0   57.0  444.0
2018 233  8 21 0300  -31.9  860.9   13.6   50.0   58.3  444.0
2018 233  8 21 0600  -33.0  862.5   11.6   65.0   59.0  444.0
2018 233  8 21 0900  -33.8  863.6   11.0   74.0   59.0  444.0
2018 233  8 21 1200  -34.3  864.3    9.9   79.0   59.0  444.0
2018 233  8 21 1500  -34.3  864.6   10.6   77.0   58.0  444.0
2018 233  8 21 1800  -33.2  864.9   11.3   72.0   57.0  444.0
2018 233  8 21 2100  -33.2  865.6    9.9   73.0   56.7  444.0
2018 234  8 22 0000  -33.3  865.6    9.3   78.0   58.0  444.0
2018 234  8 22 0300  -32.3  865.7    9.1   76.0   58.0  444.0
2018 234  8 22 0600  -31.5  865.4    9.6   77.0   57.0  444.0
2018 234  8 22 0900  -30.8  865.4    9.1   74.0   57.0  444.0
2018 234  8 22 1200  -29.9  864.7   10.8   71.0   55.0  444.0
2018 234  8 22 1500  -30.6  864.7   10.2   77.0   55.0  444.0
2018 234  8 22 1800  -30.1  864.3   11.0   73.0   54.0  444.0
2018 234  8 22 2100  -30.2  864.5   11.6   70.0   54.0  444.0
2018 235  8 23 0000  -30.7  864.0   12.1   72.0   54.0  444.0
2018 235  8 23 0300  -30.1  863.9   11.5   73.0   52.0  444.0
2018 235  8 23 0600  -29.7  864.0   10.9   69.0   51.0  444.0
2018 235  8 23 0900  -28.9  864.1   11.3   67.0   49.0  444.0
2018 235  8 23 1200  -28.6  864.0   10.6   72.0   48.0  444.0
2018 235  8 23 1500  -28.5  863.9   10.2   68.0   46.2  444.0
2018 235  8 23 1800  -29.0  863.4    9.3   66.0   46.0  444.0
2018 235  8 23 2100  -27.9  863.5    9.8   63.0   46.0  444.0
2018 236  8 24 0000  -27.8  863.3   10.3   63.0   48.0  444.0
2018 236  8 24 0300  -29.0  862.7   11.3   71.0   51.0  444.0
2018 236  8 24 0600  -28.3  862.3   11.6   81.0   50.0  444.0
2018 236  8 24 0900  -28.7  862.1   11.8   90.0   52.0  444.0
2018 236  8 24 1200  -29.4  861.9   11.7   90.0   52.0  444.0
2018 236  8 24 1500  -29.9  861.8   14.0  103.0   51.0  444.0
2018 236  8 24 1800  -30.0  862.1   12.4   97.0   53.0  444.0
2018 236  8 24 2100  -30.9  863.0   12.1   98.0   56.0  444.0
2018 237  8 25 0000  -29.7  863.4   13.6   94.0   53.1  444.0
2018 237  8 25 0300  -29.9  863.7   12.9   88.0   54.0  444.0
2018 237  8 25 0600  -29.7  864.0   11.9   97.0   54.4  444.0
2018 237  8 25 0900  -30.5  864.2   12.8  100.0   57.0  444.0
2018 237  8 25 1200  -29.2  865.2   11.2   88.0   54.0  444.0
2018 237  8 25 1500  -30.4  865.5   12.2   94.0   54.0  444.0
2018 237  8 25 1800  -30.6  866.0   13.2  108.0   51.0  444.0
2018 237  8 25 2100  -31.0  866.6   12.4  106.0   51.0  444.0
2018 238  8 26 0000  -30.1  866.6   13.7  102.0   48.0  444.0
2018 238  8 26 0300  -30.6  866.7   12.5   97.0   48.0  444.0
2018 238  8 26 0600  -28.9  866.0   15.3  100.0   46.0  444.0
2018 238  8 26 0900  -29.6  865.8   13.7   96.0   44.0  444.0
2018 238  8 26 1200  -28.4  865.3   14.4   97.0   41.0  444.0
2018 238  8 26 1500  -26.4  864.0   16.8  107.0   36.0  444.0
2018 238  8 26 1800  -27.0  862.9   15.1  101.0   37.0  444.0
2018 238  8 26 2100  -26.6  861.5   17.6  109.0   38.0  444.0
2018 239  8 27 0000  -28.6  859.8   14.7  110.0   41.0  444.0
2018 239  8 27 0300  -27.9  857.6   16.5   98.0   41.8  444.0
2018 239  8 27 0600  -27.4  855.6   17.8  109.0   42.0  444.0
2018 239  8 27 0900  -27.4  854.3   18.9  111.0   40.0  444.0
2018 239  8 27 1200  -27.4  852.1   19.0  110.0   39.0  444.0
2018 239  8 27 1500  -28.6  849.4   21.2  108.0   40.0  444.0
2018 239  8 27 1800  -30.1  847.5   20.7  109.0   43.0  444.0
2018 239  8 27 2100  -30.7  846.2   17.2  104.0   42.0  444.0
2018 240  8 28 0000  -30.3  845.5   13.5  101.0   41.8  444.0
2018 240  8 28 0300  -30.2  844.4   13.2  103.0   42.0  444.0
2018 240  8 28 0600  -29.9  844.1   13.0  100.0   42.5  444.0
2018 240  8 28 0900  -30.0  844.3   12.8   96.0   45.0  444.0
2018 240  8 28 1200  -30.6  844.2   12.8   86.0   55.0  444.0
2018 240  8 28 1500  -31.4  844.6   13.4   83.0   56.0  444.0
2018 240  8 28 1800  -31.1  845.0   14.8   75.0   57.0  444.0
2018 240  8 28 2100  -30.6  845.8   16.2   73.0   53.0  444.0
2018 241  8 29 0000  -30.7  846.5   16.6   70.0   57.0  444.0
2018 241  8 29 0300  -30.9  847.3   16.9   73.0   58.0  444.0
2018 241  8 29 0600  -31.2  848.8   15.5   71.0   64.0  444.0
2018 241  8 29 0900  -30.5  849.4   16.8   65.0   63.0  444.0
2018 241  8 29 1200  -30.5  849.1   18.0   67.0   61.0  444.0
2018 241  8 29 1500  -30.3  849.0   20.0   64.0   60.0  444.0
2018 241  8 29 1800  -28.6  849.9   19.6   67.0   66.1  444.0
2018 241  8 29 2100  -27.9  850.6   20.0   68.0   66.0  444.0
2018 242  8 30 0000  -27.8  850.9   19.9   61.0   66.1  444.0
2018 242  8 30 0300  -27.6  851.8   18.7   58.0   69.0  444.0
2018 242  8 30 0600  -27.4  852.1   18.0   59.0   69.0  444.0
2018 242  8 30 0900  -26.8  851.5   17.7   67.0   60.0  444.0
2018 242  8 30 1200  -24.8  850.8   15.9   57.0   50.0  444.0
2018 242  8 30 1500  -25.4  848.7   19.3   60.0   53.0  444.0
2018 242  8 30 1800  -24.9  847.5   18.6   58.0   58.0  444.0
2018 242  8 30 2100  -25.6  846.8   16.3   59.0   63.1  444.0
2018 243  8 31 0000  -28.4  844.6   16.8   45.0   62.0  444.0
2018 243  8 31 0300  -29.1  842.4   18.6   53.0   61.0  444.0
2018 243  8 31 0600  -30.0  841.7   13.8   55.0   63.0  444.0
2018 243  8 31 0900  -30.4  840.0   14.7   52.0   64.3  444.0
2018 243  8 31 1200  -32.8  839.0    8.7   77.0   61.0  444.0
2018 243  8 31 1500  -33.1  837.7    8.6   65.0   60.0  444.0
2018 243  8 31 1800  -33.7  836.6    9.2   65.0   60.0  444.0
2018 243  8 31 2100  -33.4  836.9    9.4   90.0   64.0  444.0
