Year: 2018  Month: 02  ID: ERN  ARGOS: 21363  Name: Erin                
Lat: 84.91S  Lon: 128.83W  Elev:  990m
2018  32  2  1 0000  -13.3  865.9    8.6   54.0   67.7  444.0
2018  32  2  1 0300  -13.9  866.0    7.2   56.0   70.0  444.0
2018  32  2  1 0600  -16.1  865.8    6.5   53.0   75.0  444.0
2018  32  2  1 0900  -15.8  866.3    3.7   55.0   75.0  444.0
2018  32  2  1 1200  -12.5  866.4    7.7   54.0   74.0  444.0
2018  32  2  1 1500  -12.1  866.3    9.1   53.0   70.0  444.0
2018  32  2  1 1800  -11.6  866.6    8.7   57.0   71.0  444.0
2018  32  2  1 2100  -14.0  866.8   10.0   43.0   75.0  444.0
2018  33  2  2 0000  -15.0  868.0    4.9   26.0   79.0  444.0
2018  33  2  2 0300  -14.7  868.3    4.5   52.0   78.0  444.0
2018  33  2  2 0600  -14.2  868.4    3.4   33.0   78.0  444.0
2018  33  2  2 0900  -13.8  867.7    6.1   78.0   70.0  444.0
2018  33  2  2 1200  -13.6  867.0    5.2   98.0   72.0  444.0
2018  33  2  2 1500  -13.1  866.6    7.7   50.0   76.0  444.0
2018  33  2  2 1800  -12.7  866.9    7.6   47.0   78.0  444.0
2018  33  2  2 2100  -15.0  867.7    8.2   47.0   79.3  444.0
2018  34  2  3 0000  -15.1  868.1    7.5   48.0   80.0  444.0
2018  34  2  3 0300  -14.5  868.3    5.3   50.0   80.0  444.0
2018  34  2  3 0600  -13.4  868.1    5.3   68.0   77.2  444.0
2018  34  2  3 0900  -12.9  867.9    6.0   74.0   74.9  444.0
2018  34  2  3 1200  -12.5  867.4    6.0   72.0   72.0  444.0
2018  34  2  3 1500  -12.9  866.3    8.6   86.0   71.0  444.0
2018  34  2  3 1800  -12.3  865.7   12.0   62.0   67.1  444.0
2018  34  2  3 2100  -11.7  865.7   10.3   58.0   70.0  444.0
2018  35  2  4 0000  -12.0  865.2   11.1   58.0   72.0  444.0
2018  35  2  4 0300  -12.4  864.5   11.5   59.0   68.0  444.0
2018  35  2  4 0600  -13.8  864.3   10.5   63.0   68.0  444.0
2018  35  2  4 0900  -15.3  863.9    9.8   56.0   66.8  444.0
2018  35  2  4 1200  -16.2  863.9   10.7   71.0   67.0  444.0
2018  35  2  4 1500  -15.1  863.8   13.5   54.0   59.5  444.0
2018  35  2  4 1800  -15.0  864.4   11.7   81.0   60.0  444.0
2018  35  2  4 2100  -14.5  864.5   11.2   83.0   61.1  444.0
2018  36  2  5 0000  -14.0  864.5   12.3   85.0   61.0  444.0
2018  36  2  5 0300  -14.0  864.2   10.9   66.0   62.0  444.0
2018  36  2  5 0600  -14.5  864.6   11.4   58.0   67.0  444.0
2018  36  2  5 0900  -14.6  864.5   12.2   50.0   62.6  444.0
2018  36  2  5 1200  -14.3  864.6   13.0   60.0   65.7  444.0
2018  36  2  5 1500  -15.4  864.0   12.1   62.0   69.0  444.0
2018  36  2  5 1800  -14.9  864.0   10.6   60.0   72.2  444.0
2018  36  2  5 2100  -13.6  863.1   10.6   63.0   70.0  444.0
2018  37  2  6 0000  -13.4  862.8    9.8   66.0   72.3  444.0
2018  37  2  6 0300  -13.7  861.8    8.1   71.0   73.0  444.0
2018  37  2  6 0600  -14.7  861.1    8.3   72.0   69.7  444.0
2018  37  2  6 0900  -14.1  860.2   10.1   66.0   71.0  444.0
2018  37  2  6 1200  -15.1  859.7   10.7   68.0   70.0  444.0
2018  37  2  6 1500  -15.0  859.0   10.8   72.0   73.6  444.0
2018  37  2  6 1800  -13.3  858.4   12.4   74.0   74.3  444.0
2018  37  2  6 2100  -12.4  858.1   13.7   71.0   66.0  444.0
2018  38  2  7 0000  -13.1  858.3   13.2   68.0   75.0  444.0
2018  38  2  7 0300  -11.9  858.0   14.6   56.0   64.0  444.0
2018  38  2  7 0600  -13.8  857.5   15.6   68.0   67.0  444.0
2018  38  2  7 0900  -15.1  857.7   15.6   70.0   77.0  444.0
2018  38  2  7 1200  -16.2  857.0   15.0   76.0   74.0  444.0
2018  38  2  7 1500  -15.8  856.0   16.3   69.0   73.0  444.0
2018  38  2  7 1800  -15.3  856.0   16.7   69.0   73.0  444.0
2018  38  2  7 2100  -14.4  856.1   15.6   72.0   74.9  444.0
2018  39  2  8 0000  -14.1  856.7   14.9   71.0   74.8  444.0
2018  39  2  8 0300  -13.8  855.9   15.9   59.0   76.0  444.0
2018  39  2  8 0600  -13.7  855.5   12.9   73.0   78.0  444.0
2018  39  2  8 0900  -14.2  854.1   13.6   80.0   77.0  444.0
2018  39  2  8 1200  -13.8  852.5   14.5   75.0   77.0  444.0
2018  39  2  8 1500  -13.2  850.8   15.6   73.0   74.0  444.0
2018  39  2  8 1800  -12.8  848.7   15.3   71.0   73.0  444.0
2018  39  2  8 2100  -12.6  846.4   16.0   71.0   73.0  444.0
2018  40  2  9 0000  -12.6  844.7   15.5   67.0   73.0  444.0
2018  40  2  9 0300  -10.9  843.8   15.0   71.0   83.9  444.0
2018  40  2  9 0600  -11.4  844.8   15.5   71.0   83.0  444.0
2018  40  2  9 0900  -12.5  845.3   15.8   77.0   80.0  444.0
2018  40  2  9 1200  -13.5  846.5   16.5   80.0   78.0  444.0
2018  40  2  9 1500  -12.5  847.4   16.4   75.0   76.6  444.0
2018  40  2  9 1800  -11.9  849.1   15.1   78.0   75.0  444.0
2018  40  2  9 2100  -10.3  850.8   14.3   68.0   78.0  444.0
2018  41  2 10 0000   -9.5  853.1   13.1   73.0   81.0  444.0
2018  41  2 10 0300   -8.5  854.8   10.1   74.0   84.9  444.0
2018  41  2 10 0600   -7.9  857.1    8.2   51.0   88.8  444.0
2018  41  2 10 0900  -11.7  860.3    8.0   16.0   84.0  444.0
2018  41  2 10 1200  -11.9  863.5    6.0   30.0   85.0  444.0
2018  41  2 10 1500  -12.4  865.9    4.5   25.0   82.0  444.0
2018  41  2 10 1800  -12.5  867.7    4.4   53.0   81.4  444.0
2018  41  2 10 2100  -12.2  869.3    4.4   61.0   80.0  444.0
2018  42  2 11 0000  -13.1  869.6    3.3   77.0   78.0  444.0
2018  42  2 11 0300  -14.5  868.9    4.6   66.0   79.0  444.0
2018  42  2 11 0600  -17.3  868.0    4.8   77.0   78.0  444.0
2018  42  2 11 0900  -18.6  866.8    5.4   79.0   77.8  444.0
2018  42  2 11 1200  -16.3  865.3    3.9   60.0   79.0  444.0
2018  42  2 11 1500  -14.3  864.4    3.3   72.0   81.0  444.0
2018  42  2 11 1800  -15.9  863.1   10.1   87.0   72.0  444.0
2018  42  2 11 2100  -16.3  861.8    9.1   82.0   71.0  444.0
2018  43  2 12 0000  -16.9  860.6    9.9   81.0   71.0  444.0
2018  43  2 12 0300  -16.2  859.2    7.8   80.0   66.0  444.0
2018  43  2 12 0600  -16.4  858.2    6.6   82.0   76.0  444.0
2018  43  2 12 0900  -16.7  857.2    6.7   88.0   75.0  444.0
2018  43  2 12 1200  -17.3  855.9    7.0   85.0   72.0  444.0
2018  43  2 12 1500  -17.9  854.7    7.3   86.0   69.4  444.0
2018  43  2 12 1800  -18.6  853.8    7.4   82.0   65.0  444.0
2018  43  2 12 2100  -17.8  853.5    7.5   82.0   59.8  444.0
2018  44  2 13 0000  -18.5  853.0    8.8   79.0   61.0  444.0
2018  44  2 13 0300  -18.7  852.8    3.6   87.0   56.0  444.0
2018  44  2 13 0600  -19.1  853.2    4.7  109.0   52.0  444.0
2018  44  2 13 0900  -21.1  852.7    7.2   62.0   60.0  444.0
2018  44  2 13 1200  -21.6  852.5    5.8   70.0   57.1  444.0
2018  44  2 13 1500  -22.1  853.2    7.3   67.0   57.0  444.0
2018  44  2 13 1800  -20.8  853.0    8.5   71.0   59.0  444.0
2018  44  2 13 2100  -20.6  853.6    6.5   58.0   61.0  444.0
2018  45  2 14 0000  -23.6  854.4    3.7   46.0   65.8  444.0
2018  45  2 14 0300  -21.6  854.6    5.4   71.0   60.0  444.0
2018  45  2 14 0600  -23.1  854.8    6.5   75.0   65.0  444.0
2018  45  2 14 0900  -22.8  854.2    7.9   58.0   59.1  444.0
2018  45  2 14 1200  -23.8  854.2    9.1   62.0   61.0  444.0
2018  45  2 14 1500  -23.1  854.5    7.6   64.0   57.0  444.0
2018  45  2 14 1800  -23.1  854.8    6.9   68.0   58.0  444.0
2018  45  2 14 2100  -22.8  854.6    7.0   65.0   59.0  444.0
2018  46  2 15 0000  -21.1  854.7    7.2   55.0   60.0  444.0
2018  46  2 15 0300  -22.8  854.7    5.8   59.0   61.0  444.0
2018  46  2 15 0600  -23.2  854.6    6.4   67.0   58.5  444.0
2018  46  2 15 0900  -22.9  853.7    6.8   72.0   56.0  444.0
2018  46  2 15 1200  -23.2  853.6    3.2   61.0   56.4  444.0
2018  46  2 15 1500  -24.1  852.8    7.2   63.0   56.0  444.0
2018  46  2 15 1800  -23.9  853.1    8.0   64.0   60.0  444.0
2018  46  2 15 2100  -23.5  852.8    7.7   71.0   60.0  444.0
2018  47  2 16 0000  -22.9  853.3    7.5   65.0   62.0  444.0
2018  47  2 16 0300  -23.2  853.1    6.8   73.0   60.0  444.0
2018  47  2 16 0600  -23.8  853.1    7.2   75.0   60.0  444.0
2018  47  2 16 0900  -25.1  853.0    8.1   75.0   61.0  444.0
2018  47  2 16 1200  -23.4  853.6    7.4   78.0   57.0  444.0
2018  47  2 16 1500  -23.9  854.0   11.0   64.0   62.5  444.0
2018  47  2 16 1800  -23.7  855.5    8.4   71.0   64.0  444.0
2018  47  2 16 2100  -20.4  857.2    8.1   78.0   60.2  444.0
2018  48  2 17 0000  -20.1  858.4    7.6   78.0   60.0  444.0
2018  48  2 17 0300  -20.8  858.7    8.4   71.0   60.0  444.0
2018  48  2 17 0600  -22.0  859.5   11.2   70.0   62.0  444.0
2018  48  2 17 0900  -22.5  860.5   11.5   69.0   65.3  444.0
2018  48  2 17 1200  -21.6  862.2   12.2   68.0   68.0  444.0
2018  48  2 17 1500  -22.6  863.9   12.3   70.0   67.0  444.0
2018  48  2 17 1800  -22.7  865.3   12.6   67.0   67.0  444.0
2018  48  2 17 2100  -21.2  866.4   12.2   57.0   66.0  444.0
2018  49  2 18 0000  -21.6  867.0   11.2   69.0   63.0  444.0
2018  49  2 18 0300  -23.0  865.7   10.8   72.0   63.0  444.0
2018  49  2 18 0600  -23.1  864.3   10.6   51.0   62.3  444.0
2018  49  2 18 0900  -23.1  863.6    9.6   63.0   67.0  444.0
2018  49  2 18 1200  -23.6  863.7    8.0   60.0   68.0  444.0
2018  49  2 18 1500  -24.5  863.9    5.9   59.0   69.2  444.0
2018  49  2 18 1800  -22.2  864.2    6.0   64.0   68.0  444.0
2018  49  2 18 2100  -20.4  864.8    4.1   60.0   71.0  444.0
2018  50  2 19 0000  -20.4  865.1    3.9   70.0   72.0  444.0
2018  50  2 19 0300  -21.0  864.8    4.1   74.0   72.0  444.0
2018  50  2 19 0600  -21.2  864.7    3.2   75.0   70.0  444.0
2018  50  2 19 0900  -21.7  864.4    2.5   72.0   70.0  444.0
2018  50  2 19 1200  -22.0  864.4    1.3   25.0   72.0  444.0
2018  50  2 19 1500  -22.9  864.5    1.3  287.0   77.0  444.0
2018  50  2 19 1800  -24.8  864.6    4.1   45.0   70.0  444.0
2018  50  2 19 2100  -25.2  864.8    5.2   51.0   72.0  444.0
2018  51  2 20 0000  -24.2  864.9    4.9   69.0   70.0  444.0
2018  51  2 20 0300  -24.8  864.2    5.6   65.0   68.0  444.0
2018  51  2 20 0600  -25.6  863.3    6.9   75.0   63.3  444.0
2018  51  2 20 0900  -26.5  862.6    7.4   78.0   63.0  444.0
2018  51  2 20 1200  -27.0  861.8    9.1   86.0   60.0  444.0
2018  51  2 20 1500  -26.4  860.9    8.1  102.0   59.0  444.0
2018  51  2 20 1800  -23.8  860.2    9.9   89.0   57.0  444.0
2018  51  2 20 2100  -22.3  860.1   10.3   88.0   59.7  444.0
2018  52  2 21 0000  -22.1  860.3   10.4   97.0   62.0  444.0
2018  52  2 21 0300  -22.5  859.8   10.6   95.0   62.0  444.0
2018  52  2 21 0600  -22.9  859.8   11.7   95.0   63.0  444.0
2018  52  2 21 0900  -23.2  859.2   12.3   94.0   62.0  444.0
2018  52  2 21 1200  -22.8  859.4   11.2   83.0   59.0  444.0
2018  52  2 21 1500  -21.6  859.4   11.8   99.0   59.1  444.0
2018  52  2 21 1800  -20.3  859.6   11.2   98.0   60.0  444.0
2018  52  2 21 2100  -18.9  860.4   10.8   96.0   58.0  444.0
2018  53  2 22 0000  -18.5  860.7   10.4   94.0   61.5  444.0
2018  53  2 22 0300  -19.0  860.9   10.9   96.0   62.3  444.0
2018  53  2 22 0600  -20.3  861.3   11.6   96.0   63.0  444.0
2018  53  2 22 0900  -21.4  861.5   12.6  102.0   63.1  444.0
2018  53  2 22 1200  -22.5  861.8   13.5  102.0   66.0  444.0
2018  53  2 22 1500  -22.4  861.9   13.7  102.0   66.0  444.0
2018  53  2 22 1800  -22.5  862.0   16.2  110.0   71.0  444.0
2018  53  2 22 2100  -20.7  862.9   14.4  110.0   66.0  444.0
2018  54  2 23 0000  -20.9  863.3   15.8  108.0   67.0  444.0
2018  54  2 23 0300  -22.1  862.9   16.2  110.0   68.0  444.0
2018  54  2 23 0600  -23.1  862.9   15.4  110.0   68.0  444.0
2018  54  2 23 0900  -23.5  861.8   18.9  112.0   71.0  444.0
2018  54  2 23 1200  -23.4  861.4   17.5  111.0   69.7  444.0
2018  54  2 23 1500  -22.9  860.6   17.8  109.0   70.0  444.0
2018  54  2 23 1800  -22.0  860.6   16.8  109.0   68.0  444.0
2018  54  2 23 2100  -20.8  860.0   15.6  137.0   67.0  444.0
2018  55  2 24 0000  -20.4  859.6   14.8  112.0   63.0  444.0
2018  55  2 24 0300  -21.5  858.5   16.0  112.0   64.0  444.0
2018  55  2 24 0600  -22.5  857.6   15.8  112.0   64.0  444.0
2018  55  2 24 0900  -23.2  857.1   14.7  115.0   63.0  444.0
2018  55  2 24 1200  -23.0  856.7   13.2  114.0   61.0  444.0
2018  55  2 24 1500  -23.4  856.1   12.7  113.0   61.7  444.0
2018  55  2 24 1800  -23.8  855.8   14.3  102.0   62.0  444.0
2018  55  2 24 2100  -24.2  855.1   15.0  101.0   62.0  444.0
2018  56  2 25 0000  -23.9  855.3   15.6  103.0   61.5  444.0
2018  56  2 25 0300  -25.4  854.7   14.0  105.0   64.0  444.0
2018  56  2 25 0600  -25.3  855.0   12.3  102.0   62.0  444.0
2018  56  2 25 0900  -25.3  854.8   11.6  102.0   61.0  444.0
2018  56  2 25 1200  -24.5  854.4   13.0   86.0   62.0  444.0
2018  56  2 25 1500  -24.1  854.5   13.1   84.0   64.0  444.0
2018  56  2 25 1800  -22.9  855.1   11.3   80.0   64.0  444.0
2018  56  2 25 2100  -21.5  855.7   10.2   78.0   67.0  444.0
2018  57  2 26 0000  -19.2  856.4    9.8   69.0   70.0  444.0
2018  57  2 26 0300  -17.9  856.9    9.2   57.0   77.0  444.0
2018  57  2 26 0600  -17.6  857.7    9.1   64.0   76.6  444.0
2018  57  2 26 0900  -17.8  858.3    9.1   73.0   75.3  444.0
2018  57  2 26 1200  -18.5  858.7    8.0   86.0   73.0  444.0
2018  57  2 26 1500  -18.6  858.4   10.6   97.0   73.0  444.0
2018  57  2 26 1800  -18.8  858.3   11.8   96.0   72.0  444.0
2018  57  2 26 2100  -18.4  857.8   12.9  102.0   73.8  444.0
2018  58  2 27 0000  -18.4  857.6   13.7   99.0   73.0  444.0
2018  58  2 27 0300  -17.4  857.1   13.1   99.0   75.1  444.0
2018  58  2 27 0600  -16.3  856.6   13.4   78.0   79.0  444.0
2018  58  2 27 0900  -16.9  856.6   15.0   74.0   79.0  444.0
2018  58  2 27 1200  -16.7  856.7   13.5   73.0   79.5  444.0
2018  58  2 27 1500  -16.9  857.4   11.4   64.0   79.0  444.0
2018  58  2 27 1800  -17.0  858.2   10.8   64.0   79.0  444.0
2018  58  2 27 2100  -16.6  859.0    9.2   68.0   78.0  444.0
2018  59  2 28 0000  -16.6  859.2    8.2   73.0   77.6  444.0
2018  59  2 28 0300  -15.9  858.6    7.5   82.0   78.0  444.0
2018  59  2 28 0600  -17.0  857.9    9.9  103.0   75.9  444.0
2018  59  2 28 0900  -16.9  857.5    9.6  106.0   77.0  444.0
2018  59  2 28 1200  -17.2  857.4    9.8  106.0   75.1  444.0
2018  59  2 28 1500  -16.9  857.8    7.4   95.0   75.0  444.0
2018  59  2 28 1800  -16.5  858.4    5.2   80.0   77.0  444.0
2018  59  2 28 2100  -17.0  858.7    5.8   67.0   76.6  444.0
