Year: 2018  Month: 01  ID: ERN  ARGOS: 21363  Name: Erin                
Lat: 84.91S  Lon: 128.83W  Elev:  990m
2018   1  1  1 0000   -9.7  864.5   10.7   79.0   63.8  444.0
2018   1  1  1 0300   -9.9  864.2   10.2   74.0   61.0  444.0
2018   1  1  1 0600  -10.3  864.0    9.2   76.0   62.0  444.0
2018   1  1  1 0900  -10.5  863.8   10.2   67.0   64.0  444.0
2018   1  1  1 1200  -11.0  863.8    9.6   75.0   62.0  444.0
2018   1  1  1 1500  -11.5  863.5   11.7   76.0   66.0  444.0
2018   1  1  1 1800  -11.4  863.7   12.4   75.0   69.0  444.0
2018   1  1  1 2100  -10.6  864.6   12.5   75.0   69.0  444.0
2018   2  1  2 0000  -10.1  865.1   12.7   75.0   72.0  444.0
2018   2  1  2 0300   -9.9  866.0   11.8   80.0   74.0  444.0
2018   2  1  2 0600   -9.9  866.9   11.2   79.0   74.0  444.0
2018   2  1  2 0900   -9.8  867.9   11.5   71.0   72.2  444.0
2018   2  1  2 1200   -9.5  869.3   12.2   72.0   71.0  444.0
2018   2  1  2 1500   -9.6  870.0   12.3   69.0   68.0  444.0
2018   2  1  2 1800   -9.4  870.7   11.5   70.0   69.9  444.0
2018   2  1  2 2100   -9.3  871.8   11.6   70.0   71.0  444.0
2018   3  1  3 0000   -9.4  872.4   10.8   64.0   71.8  444.0
2018   3  1  3 0300   -9.3  872.5    9.5   62.0   72.0  444.0
2018   3  1  3 0600   -9.9  872.6    8.5   69.0   72.0  444.0
2018   3  1  3 0900  -10.9  872.3    7.6   76.0   72.0  444.0
2018   3  1  3 1200  -11.4  871.7    7.2   82.0   69.8  444.0
2018   3  1  3 1500  -11.3  870.6    6.8   71.0   68.0  444.0
2018   3  1  3 1800  -10.7  869.4    5.9   69.0   67.0  444.0
2018   3  1  3 2100   -9.9  868.4    5.4   62.0   68.0  444.0
2018   4  1  4 0000   -9.6  867.0    4.9   50.0   69.0  444.0
2018   4  1  4 0300   -9.9  865.7    2.8   54.0   71.4  444.0
2018   4  1  4 0600  -10.8  864.3    3.1   61.0   73.0  444.0
2018   4  1  4 0900  -11.9  863.4    3.8   64.0   73.0  444.0
2018   4  1  4 1200  -12.6  862.9    4.7   62.0   74.0  444.0
2018   4  1  4 1500  -12.0  863.2    5.5   67.0   72.6  444.0
2018   4  1  4 1800  -11.3  863.8    6.4   76.0   71.0  444.0
2018   4  1  4 2100  -10.3  865.0    6.8   66.0   69.0  444.0
2018   5  1  5 0000   -9.8  866.4    6.7   71.0   71.0  444.0
2018   5  1  5 0300   -9.7  867.1    7.4   75.0   69.0  444.0
2018   5  1  5 0600  -10.4  867.7    7.0   81.0   69.0  444.0
2018   5  1  5 0900  -11.3  868.1    8.2   83.0   67.0  444.0
2018   5  1  5 1200  -11.4  868.5    8.2   83.0   66.0  444.0
2018   5  1  5 1500  -11.0  868.7    9.1   74.0   66.0  444.0
2018   5  1  5 1800  -10.4  868.9    8.3   78.0   70.2  444.0
2018   5  1  5 2100   -9.2  869.3    8.4   73.0   77.0  444.0
2018   6  1  6 0000   -9.1  869.3    8.1   60.0   79.0  444.0
2018   6  1  6 0300   -9.2  869.0    7.7   66.0   78.0  444.0
2018   6  1  6 0600   -9.5  868.7    8.0   73.0   76.0  444.0
2018   6  1  6 0900  -10.4  868.2    7.8   79.0   72.0  444.0
2018   6  1  6 1200  -10.8  867.4    7.5   86.0   70.0  444.0
2018   6  1  6 1500  -10.6  866.3    8.3   90.0   68.0  444.0
2018   6  1  6 1800   -9.4  865.3    8.5   87.0   66.0  444.0
2018   6  1  6 2100   -8.5  864.8    9.6   80.0   66.0  444.0
2018   7  1  7 0000   -8.0  864.7    9.1   76.0   66.0  444.0
2018   7  1  7 0300   -8.2  864.4    9.5   72.0   66.0  444.0
2018   7  1  7 0600   -8.9  864.7    8.6   73.0   67.0  444.0
2018   7  1  7 0900   -9.8  865.1    9.6   77.0   68.7  444.0
2018   7  1  7 1200  -10.1  866.0   10.1   73.0   70.0  444.0
2018   7  1  7 1500   -9.5  867.2   10.6   72.0   69.0  444.0
2018   7  1  7 1800   -8.3  869.3    9.1   71.0   68.0  444.0
2018   7  1  7 2100   -7.4  871.2    8.9   71.0   70.0  444.0
2018   8  1  8 0000   -6.6  873.3    7.1   69.0   72.0  444.0
2018   8  1  8 0300   -6.3  874.9    6.7   71.0   70.0  444.0
2018   8  1  8 0600   -8.0  876.1   10.9   76.0   67.1  444.0
2018   8  1  8 0900   -9.0  876.9    9.8   93.0   71.0  444.0
2018   8  1  8 1200  -10.1  878.0   10.2   84.0   69.0  444.0
2018   8  1  8 1500  -10.4  878.2   10.5   96.0   67.8  444.0
2018   8  1  8 1800   -9.6  878.6   10.4   96.0   64.3  444.0
2018   8  1  8 2100   -9.2  878.9    9.7   94.0   65.0  444.0
2018   9  1  9 0000   -9.1  879.0    8.4   81.0   67.0  444.0
2018   9  1  9 0300   -9.6  878.7    7.0   87.0   67.0  444.0
2018   9  1  9 0600  -11.1  878.5    5.3   64.0   80.0  444.0
2018   9  1  9 0900  -11.7  877.4    5.5   72.0   78.1  444.0
2018   9  1  9 1200  -12.4  876.7    6.3   74.0   68.0  444.0
2018   9  1  9 1500  -11.9  875.7    6.8   75.0   64.0  444.0
2018   9  1  9 1800  -11.6  874.5    6.0   81.0   69.0  444.0
2018   9  1  9 2100  -10.8  873.5    4.7   90.0   66.9  444.0
2018  10  1 10 0000   -9.9  872.3    4.8   71.0   65.0  444.0
2018  10  1 10 0300  -10.7  870.7    3.8   58.0   74.0  444.0
2018  10  1 10 0600  -11.3  869.4    3.5   63.0   71.0  444.0
2018  10  1 10 0900  -12.0  868.1    5.9   71.0   70.0  444.0
2018  10  1 10 1200  -13.1  867.2    6.7   74.0   70.7  444.0
2018  10  1 10 1500  -13.1  866.0    7.4   76.0   69.0  444.0
2018  10  1 10 1800  -12.4  865.1    8.9   76.0   65.3  444.0
2018  10  1 10 2100  -11.0  864.4    9.1   79.0   59.0  444.0
2018  11  1 11 0000  -10.9  864.3    9.1   74.0   68.6  444.0
2018  11  1 11 0300  -10.6  863.6    6.8   85.0   66.0  444.0
2018  11  1 11 0600  -10.5  863.2    9.9   79.0   63.0  444.0
2018  11  1 11 0900  -11.3  862.9   11.0   76.0   65.0  444.0
2018  11  1 11 1200  -11.8  863.2   12.4   73.0   63.0  444.0
2018  11  1 11 1500  -12.1  863.3   11.0   71.0   67.4  444.0
2018  11  1 11 1800  -11.0  863.6   12.6   74.0   67.0  444.0
2018  11  1 11 2100  -10.2  864.0   12.4   72.0   69.0  444.0
2018  12  1 12 0000   -9.7  864.6   12.1   73.0   70.0  444.0
2018  12  1 12 0300   -9.8  865.0   11.0   69.0   68.1  444.0
2018  12  1 12 0600  -10.5  865.1   11.6   72.0   67.0  444.0
2018  12  1 12 0900  -11.4  865.0   14.0   72.0   68.0  444.0
2018  12  1 12 1200  -12.4  865.4   14.3   72.0   70.9  444.0
2018  12  1 12 1500  -13.0  865.7   15.0   75.0   72.0  444.0
2018  12  1 12 1800  -12.4  865.8   13.5   81.0   75.0  444.0
2018  12  1 12 2100  -11.4  866.6   12.7   81.0   74.0  444.0
2018  13  1 13 0000  -10.1  867.3   12.9   76.0   74.2  444.0
2018  13  1 13 0300   -9.6  867.9   12.5   74.0   74.0  444.0
2018  13  1 13 0600   -9.4  868.7   10.8   78.0   74.0  444.0
2018  13  1 13 0900   -9.2  869.0    9.8   76.0   75.1  444.0
2018  13  1 13 1200   -9.1  869.6    7.9   77.0   75.0  444.0
2018  13  1 13 1500   -9.0  869.6    7.7   84.0   70.4  444.0
2018  13  1 13 1800   -8.2  869.5    6.8   62.0   77.0  444.0
2018  13  1 13 2100   -8.7  869.3    3.8   20.0   86.0  444.0
2018  14  1 14 0000   -7.4  869.2    2.3   37.0   84.0  444.0
2018  14  1 14 0300   -8.3  868.0    3.2  302.0   78.0  444.0
2018  14  1 14 0600   -7.1  867.1    0.0    0.0   70.0  444.0
2018  14  1 14 0900   -8.3  865.7    1.3   35.0   86.0  444.0
2018  14  1 14 1200   -8.9  864.4    1.8  261.0   86.0  444.0
2018  14  1 14 1500  444.0  863.1    0.0    0.0   86.0  444.0
2018  14  1 14 1800   -9.3  861.8    2.8  327.0   85.1  444.0
2018  14  1 14 2100  -10.6  860.8    3.2  254.0   83.0  444.0
2018  15  1 15 0000  -10.9  859.7    3.1  235.0   83.0  444.0
2018  15  1 15 0300  -10.9  858.5    2.7  228.0   84.0  444.0
2018  15  1 15 0600  -11.3  856.9    2.3  213.0   84.2  444.0
2018  15  1 15 0900  -11.8  855.6    1.8  205.0   83.0  444.0
2018  15  1 15 1200  -12.5  854.6    2.6  193.0   81.6  444.0
2018  15  1 15 1500  -12.9  853.0    1.6  164.0   80.0  444.0
2018  15  1 15 1800  -13.4  852.4    1.4  168.0   79.0  444.0
2018  15  1 15 2100  -13.8  852.2    3.2  129.0   76.0  444.0
2018  16  1 16 0000  -16.0  851.9    5.8  102.0   74.7  444.0
2018  16  1 16 0300  -14.3  851.5    6.1   89.0   71.0  444.0
2018  16  1 16 0600  -12.7  850.9    6.4   82.0   73.0  444.0
2018  16  1 16 0900  -10.7  851.8   10.2   80.0   79.7  444.0
2018  16  1 16 1200  -10.9  853.1    9.8   73.0   80.0  444.0
2018  16  1 16 1500  -11.8  854.1   13.2   72.0   77.0  444.0
2018  16  1 16 1800  -11.6  854.5   15.1   78.0   75.0  444.0
2018  16  1 16 2100  -10.5  855.5   14.7   71.0   72.0  444.0
2018  17  1 17 0000  -10.4  855.6   15.9   68.0   72.0  444.0
2018  17  1 17 0300  -10.4  855.5   14.3   72.0   70.5  444.0
2018  17  1 17 0600  -10.9  855.8   12.5   74.0   68.8  444.0
2018  17  1 17 0900  -11.1  856.1   12.6   73.0   69.0  444.0
2018  17  1 17 1200  -11.3  856.1   11.8   79.0   68.0  444.0
2018  17  1 17 1500  -11.3  856.0   12.2   60.0   68.0  444.0
2018  17  1 17 1800  -10.9  856.4   11.0   77.0   65.0  444.0
2018  17  1 17 2100  -11.0  856.3   10.5   69.0   65.0  444.0
2018  18  1 18 0000  -11.6  856.1   10.4   65.0   68.0  444.0
2018  18  1 18 0300  -12.2  855.9    9.8   69.0   68.0  444.0
2018  18  1 18 0600  -13.1  855.7    9.3   77.0   67.0  444.0
2018  18  1 18 0900  -13.8  855.9    8.7   77.0   64.3  444.0
2018  18  1 18 1200  -14.2  856.0    9.1   76.0   61.0  444.0
2018  18  1 18 1500  -14.1  855.9   10.3   77.0   60.0  444.0
2018  18  1 18 1800  -13.7  856.2    9.8   77.0   60.0  444.0
2018  18  1 18 2100  -12.3  856.3   10.6   70.0   56.6  444.0
2018  19  1 19 0000  -12.7  856.0   11.2   75.0   65.0  444.0
2018  19  1 19 0300  -12.1  855.7   11.6   72.0   65.0  444.0
2018  19  1 19 0600  -12.6  855.7   12.8   78.0   68.0  444.0
2018  19  1 19 0900  -12.6  855.6   12.5   88.0   68.6  444.0
2018  19  1 19 1200  -12.3  856.2   13.7   35.0   68.2  444.0
2018  19  1 19 1500  -11.6  856.7   13.2   79.0   70.0  444.0
2018  19  1 19 1800  -10.8  856.8   13.3   87.0   72.0  444.0
2018  19  1 19 2100  -10.3  856.4   15.9   77.0   74.0  444.0
2018  20  1 20 0000   -9.8  855.9   16.2   78.0   76.1  444.0
2018  20  1 20 0300   -9.5  854.9   20.5   85.0   83.0  444.0
2018  20  1 20 0600  -10.1  855.8   19.9   89.0   83.0  444.0
2018  20  1 20 0900  -10.2  857.1   19.5   87.0   82.0  444.0
2018  20  1 20 1200  -10.1  858.9   17.9   79.0   79.9  444.0
2018  20  1 20 1500  -10.2  859.4   17.1   82.0   81.4  444.0
2018  20  1 20 1800   -9.8  860.7   15.0   79.0   76.0  444.0
2018  20  1 20 2100   -9.1  861.7   13.2   79.0   72.0  444.0
2018  21  1 21 0000   -8.0  861.6   11.6   76.0   70.0  444.0
2018  21  1 21 0300   -8.1  861.6   10.0   80.0   72.7  444.0
2018  21  1 21 0600   -8.4  861.4    9.3   72.0   73.0  444.0
2018  21  1 21 0900   -9.1  861.4   10.0   75.0   74.0  444.0
2018  21  1 21 1200   -9.6  862.0    9.5   76.0   72.0  444.0
2018  21  1 21 1500  -10.3  861.9   10.4   71.0   71.2  444.0
2018  21  1 21 1800  -10.2  862.4   10.3   76.0   69.0  444.0
2018  21  1 21 2100   -9.9  862.9   10.0   88.0   64.4  444.0
2018  22  1 22 0000   -9.2  863.9    8.6   85.0   63.0  444.0
2018  22  1 22 0300   -9.9  864.2   10.8   86.0   63.0  444.0
2018  22  1 22 0600  -11.8  864.8    8.8   76.0   64.0  444.0
2018  22  1 22 0900  -13.1  864.4   10.3   77.0   65.0  444.0
2018  22  1 22 1200  -12.7  864.2   11.8   56.0   61.0  444.0
2018  22  1 22 1500  -12.6  864.6   11.8   54.0   63.0  444.0
2018  22  1 22 1800  -12.2  864.2   12.1   52.0   64.9  444.0
2018  22  1 22 2100  -12.0  864.4   11.1   50.0   66.0  444.0
2018  23  1 23 0000  -11.2  864.8   10.7   56.0   65.0  444.0
2018  23  1 23 0300  -11.5  864.3    8.9   53.0   65.0  444.0
2018  23  1 23 0600  -11.6  864.2    8.5   64.0   66.0  444.0
2018  23  1 23 0900  -12.1  864.2    8.6   69.0   65.0  444.0
2018  23  1 23 1200  -12.5  864.3    8.0   67.0   63.0  444.0
2018  23  1 23 1500  -12.7  864.1    8.6   69.0   59.9  444.0
2018  23  1 23 1800  -12.5  863.9    9.0   55.0   61.0  444.0
2018  23  1 23 2100  -12.1  863.6    8.5   47.0   63.0  444.0
2018  24  1 24 0000  -11.9  863.7    8.0   48.0   67.0  444.0
2018  24  1 24 0300  -11.8  863.2    8.0   56.0   66.0  444.0
2018  24  1 24 0600  -12.9  862.9    8.6   57.0   64.0  444.0
2018  24  1 24 0900  -13.9  862.5    9.7   55.0   63.0  444.0
2018  24  1 24 1200  -14.4  862.8    9.9   53.0   59.0  444.0
2018  24  1 24 1500  -14.1  863.0    9.0   51.0   59.0  444.0
2018  24  1 24 1800  -13.7  863.3   10.4   49.0   60.2  444.0
2018  24  1 24 2100  -13.0  863.6   10.9   49.0   65.0  444.0
2018  25  1 25 0000  -12.6  863.9   10.2   49.0   66.0  444.0
2018  25  1 25 0300  -12.9  863.8   10.5   50.0   61.0  444.0
2018  25  1 25 0600  -13.4  864.0   10.8   48.0   58.2  444.0
2018  25  1 25 0900  -14.5  864.4   11.8   43.0   61.0  444.0
2018  25  1 25 1200  -15.0  865.0   12.2   49.0   59.0  444.0
2018  25  1 25 1500  -15.2  865.8   11.9   48.0   65.0  444.0
2018  25  1 25 1800  -14.7  866.2   11.8   54.0   62.0  444.0
2018  25  1 25 2100  -13.2  866.1   10.1   50.0   63.6  444.0
2018  26  1 26 0000  -12.5  866.3    8.5   54.0   64.0  444.0
2018  26  1 26 0300  -12.6  865.6    9.7   48.0   59.5  444.0
2018  26  1 26 0600  -12.7  865.0    9.0   51.0   61.0  444.0
2018  26  1 26 0900  -13.5  864.1   10.7   52.0   61.9  444.0
2018  26  1 26 1200  -14.8  863.6   11.5   43.0   63.0  444.0
2018  26  1 26 1500  -14.6  863.6   11.4   49.0   68.0  444.0
2018  26  1 26 1800  -14.9  863.6   11.2   47.0   70.0  444.0
2018  26  1 26 2100  -14.2  863.9   11.6   48.0   74.0  444.0
2018  27  1 27 0000  -14.0  864.5   10.4   52.0   71.3  444.0
2018  27  1 27 0300  -13.7  864.2    9.8   53.0   72.0  444.0
2018  27  1 27 0600  -13.2  864.5    8.9   54.0   67.0  444.0
2018  27  1 27 0900  -13.6  864.6    8.8   51.0   72.0  444.0
2018  27  1 27 1200  -13.8  864.8   10.4   54.0   72.5  444.0
2018  27  1 27 1500  -13.8  865.4   11.1   54.0   70.0  444.0
2018  27  1 27 1800  -13.4  865.9   12.2   57.0   70.0  444.0
2018  27  1 27 2100  -13.2  866.7   12.6   52.0   72.9  444.0
2018  28  1 28 0000  -12.3  867.9   12.6   55.0   72.0  444.0
2018  28  1 28 0300  -12.7  868.3   12.8   51.0   72.0  444.0
2018  28  1 28 0600  -13.1  868.7   11.5   51.0   68.0  444.0
2018  28  1 28 0900  -13.9  869.1   10.4   62.0   66.3  444.0
2018  28  1 28 1200  -15.1  868.8   10.6   62.0   66.0  444.0
2018  28  1 28 1500  -14.8  868.4   10.0   63.0   62.0  444.0
2018  28  1 28 1800  -14.6  868.0    9.7   57.0   63.0  444.0
2018  28  1 28 2100  -13.7  867.1    8.5   62.0   63.0  444.0
2018  29  1 29 0000  -13.8  866.5    7.8   60.0   64.3  444.0
2018  29  1 29 0300  -13.9  865.3    4.7   65.0   66.8  444.0
2018  29  1 29 0600  -16.4  864.3    5.0   52.0   68.0  444.0
2018  29  1 29 0900  -16.0  863.1    6.5   44.0   67.0  444.0
2018  29  1 29 1200  -14.9  862.8    6.4   43.0   70.0  444.0
2018  29  1 29 1500  -15.2  862.4    4.1   50.0   74.0  444.0
2018  29  1 29 1800  -13.8  861.6    5.5   62.0   65.0  444.0
2018  29  1 29 2100  -14.6  861.5    7.0   56.0   62.0  444.0
2018  30  1 30 0000  -15.0  860.4    9.2   48.0   66.0  444.0
2018  30  1 30 0300  -14.4  860.6    8.9   50.0   69.8  444.0
2018  30  1 30 0600  -14.2  860.6    5.3   60.0   65.0  444.0
2018  30  1 30 0900  -16.0  860.2    6.5   71.0   66.0  444.0
2018  30  1 30 1200  -15.1  860.1    8.1   61.0   65.5  444.0
2018  30  1 30 1500  -15.7  860.7   10.6   50.0   64.0  444.0
2018  30  1 30 1800  -15.7  861.4   11.1   52.0   61.0  444.0
2018  30  1 30 2100  -15.9  862.3   11.1   50.0   66.8  444.0
2018  31  1 31 0000  -15.5  863.0   10.8   45.0   69.0  444.0
2018  31  1 31 0300  -15.4  863.7    9.2   54.0   70.0  444.0
2018  31  1 31 0600  -14.3  864.3    9.3   58.0   69.0  444.0
2018  31  1 31 0900  -14.7  865.2    7.6   83.0   71.9  444.0
2018  31  1 31 1200  -14.1  865.2    8.0   86.0   70.0  444.0
2018  31  1 31 1500  -14.6  865.0    8.6   63.0   69.0  444.0
2018  31  1 31 1800  -14.9  865.3    9.4   58.0   67.0  444.0
2018  31  1 31 2100  -14.5  865.8    7.2   57.0   70.0  444.0
