Year: 2018  Month: 09  ID: FER  ARGOS:  8947  Name: Ferrell             
Lat: 77.84S  Lon: 170.82E  Elev:   45m
2018 244  9  1 0000  -33.6  973.3    2.8   53.0   71.3  444.0
2018 244  9  1 0300  -35.3  971.8    3.2   25.0   69.0  444.0
2018 244  9  1 0600  -35.4  970.1    2.3   26.0   70.0  444.0
2018 244  9  1 0900  -36.1  969.7    2.9  350.0   68.0  444.0
2018 244  9  1 1200  -43.8  971.0    0.4  338.0   60.5  444.0
2018 244  9  1 1500  -42.9  972.9    2.2  196.0   62.0  444.0
2018 244  9  1 1800  -40.0  975.2    3.4  173.0   64.6  444.0
2018 244  9  1 2100  -37.2  976.0    4.9  150.0   67.0  444.0
2018 245  9  2 0000  -34.8  975.4    5.8  175.0   70.0  444.0
2018 245  9  2 0300  -36.6  974.2   14.0  192.0   67.0  444.0
2018 245  9  2 0600  -36.8  973.0   18.6  192.0   67.7  444.0
2018 245  9  2 0900  -38.8  971.1   21.9  202.0   66.0  444.0
2018 245  9  2 1200  -40.6  969.4   23.6  203.0   64.0  444.0
2018 245  9  2 1500  -40.7  967.2   25.8  200.0   64.0  444.0
2018 245  9  2 1800  -37.8  964.3   23.1  211.0   67.0  444.0
2018 245  9  2 2100  -35.9  958.9   24.5  215.0   68.5  444.0
2018 246  9  3 0000  -31.8  952.5   27.2  216.0   73.0  444.0
2018 246  9  3 0300  -28.6  949.4   26.8  221.0   76.0  444.0
2018 246  9  3 0600  -27.6  946.3   28.0  211.0   78.0  444.0
2018 246  9  3 0900  -24.6  944.4   23.0  215.0   80.6  444.0
2018 246  9  3 1200  -24.4  942.5   22.6  212.0   81.0  444.0
2018 246  9  3 1500  -23.7  940.5   17.8  209.0   82.0  444.0
2018 246  9  3 1800  -23.2  939.6   15.8  213.0   87.0  444.0
2018 246  9  3 2100  -22.9  939.8   15.5  220.0   83.0  444.0
2018 247  9  4 0000  -20.8  939.5   14.0  211.0   84.0  444.0
2018 247  9  4 0300  -21.5  939.8   15.7  216.0   83.9  444.0
2018 247  9  4 0600  -21.3  941.5   16.9  204.0   84.0  444.0
2018 247  9  4 0900  -21.2  943.0   16.9  201.0   84.0  444.0
2018 247  9  4 1200  -21.1  945.6   16.0  202.0   84.0  444.0
2018 247  9  4 1500  -22.6  949.2   15.0  202.0   82.9  444.0
2018 247  9  4 1800  -23.0  952.0   13.5  206.0   83.0  444.0
2018 247  9  4 2100  -25.1  954.8   14.3  202.0   80.0  444.0
2018 248  9  5 0000  -26.6  957.2   10.2  212.0   79.0  444.0
2018 248  9  5 0300  -27.3  958.5   12.8  200.0   78.2  444.0
2018 248  9  5 0600  -28.0  960.4   12.1  199.0   78.0  444.0
2018 248  9  5 0900  -30.8  962.1   10.5  207.0   75.0  444.0
2018 248  9  5 1200  -31.4  963.3    9.7  195.0   74.0  444.0
2018 248  9  5 1500  -31.1  965.4    7.5  198.0   75.0  444.0
2018 248  9  5 1800  -32.3  966.0   10.0  187.0   72.8  444.0
2018 248  9  5 2100  -33.2  967.6    8.3  194.0   72.0  444.0
2018 249  9  6 0000  -32.6  969.1    8.6  195.0   73.0  444.0
2018 249  9  6 0300  -35.2  970.8    3.4  221.0   70.0  444.0
2018 249  9  6 0600  -36.1  971.5    5.5  235.0   69.4  444.0
2018 249  9  6 0900  -38.6  971.9  444.0  444.0   65.0  444.0
2018 249  9  6 1200  -40.3  971.8  444.0  444.0   64.0  444.0
2018 249  9  6 1500  -42.1  972.1  444.0  444.0   63.0  444.0
2018 249  9  6 1800  -40.4  971.5  444.0  444.0   64.0  444.0
2018 249  9  6 2100  -39.6  972.2  444.0  444.0   65.0  444.0
2018 250  9  7 0000  -41.5  972.3  444.0  444.0   63.0  444.0
2018 250  9  7 0300  -43.1  972.7  444.0  444.0   62.3  444.0
2018 250  9  7 0600  -43.6  971.6    1.8  240.0   59.0  444.0
2018 250  9  7 0900  -42.3  971.0  444.0  444.0   63.0  444.0
2018 250  9  7 1200  -41.6  970.3  444.0  444.0   62.0  444.0
2018 250  9  7 1500  -42.3  969.3  444.0  444.0   61.0  444.0
2018 250  9  7 1800  -40.2  968.4  444.0  444.0   64.0  444.0
2018 250  9  7 2100  -39.1  968.2  444.0  444.0   66.1  444.0
2018 251  9  8 0000  -39.4  968.6    0.8  165.0   65.2  444.0
2018 251  9  8 0300  -38.1  969.7    1.1  165.0   67.0  444.0
2018 251  9  8 0600  -38.0  970.9    1.7  165.0   67.0  444.0
2018 251  9  8 0900  -31.4  973.2    2.5  147.0   72.0  444.0
2018 251  9  8 1200  -39.6  975.0    0.3  147.0   65.0  444.0
2018 251  9  8 1500  -37.7  976.3    2.9  147.0   67.0  444.0
2018 251  9  8 1800  -43.0  978.2  444.0  444.0   62.0  444.0
2018 251  9  8 2100  -41.9  979.8  444.0  444.0   62.0  444.0
2018 252  9  9 0000  -39.0  981.0  444.0  444.0   66.0  444.0
2018 252  9  9 0300  -38.8  983.0    2.9  252.0   65.9  444.0
2018 252  9  9 0600  -38.4  984.8    4.4  217.0   65.7  444.0
2018 252  9  9 0900  -37.0  986.5    5.6  200.0   68.0  444.0
2018 252  9  9 1200  -37.3  987.5    3.7  203.0   67.0  444.0
2018 252  9  9 1500  -33.3  988.4  444.0  444.0   71.3  444.0
2018 252  9  9 1800  -35.3  988.5  444.0  444.0   67.0  444.0
2018 252  9  9 2100  -38.3  988.6  444.0  444.0   66.0  444.0
2018 253  9 10 0000  -40.4  989.4  444.0  444.0   64.0  444.0
2018 253  9 10 0300  -37.0  990.8  444.0  444.0   69.0  444.0
2018 253  9 10 0600  -41.6  990.8  444.0  444.0   62.0  444.0
2018 253  9 10 0900  -35.0  991.4  444.0  444.0   70.0  444.0
2018 253  9 10 1200  -36.8  992.5  444.0  444.0   67.0  444.0
2018 253  9 10 1500  -38.0  993.5  444.0  444.0   66.0  444.0
2018 253  9 10 1800  -40.9  994.7  444.0  444.0   64.0  444.0
2018 253  9 10 2100  -41.0  995.7  444.0  444.0   62.0  444.0
2018 254  9 11 0000  -37.5  995.3  444.0  444.0   65.8  444.0
2018 254  9 11 0300  -33.5  994.4  444.0  444.0   73.0  444.0
2018 254  9 11 0600  -33.0  994.8  444.0  444.0   71.5  444.0
2018 254  9 11 0900  -34.1  994.0  444.0  444.0   69.0  444.0
2018 254  9 11 1200  -38.8  993.1  444.0  444.0   64.8  444.0
2018 254  9 11 1500  -38.8  992.3  444.0  444.0   62.0  444.0
2018 254  9 11 1800  -33.9  992.2  444.0  444.0   71.4  444.0
2018 254  9 11 2100  -35.0  992.5  444.0  444.0   69.0  444.0
2018 255  9 12 0000  -30.8  992.6  444.0  444.0   74.0  444.0
2018 255  9 12 0300  -29.6  992.6  444.0  444.0   75.5  444.0
2018 255  9 12 0600  -35.3  992.2  444.0  444.0   69.0  444.0
2018 255  9 12 0900  -37.4  992.3  444.0  444.0   68.2  444.0
2018 255  9 12 1200  -30.2  991.4  444.0  444.0   75.0  444.0
2018 255  9 12 1500  -43.2  989.9  444.0  444.0   61.8  444.0
2018 255  9 12 1800  -43.2  987.9  444.0  444.0   61.0  444.0
2018 255  9 12 2100  -37.2  985.9  444.0  444.0   68.0  444.0
2018 256  9 13 0000  -33.9  984.3  444.0  444.0   71.0  444.0
2018 256  9 13 0300  -34.6  983.8  444.0  444.0   70.0  444.0
2018 256  9 13 0600  -37.5  984.0    4.2  209.0   68.0  444.0
2018 256  9 13 0900  -34.0  984.8    4.8  189.0   71.0  444.0
2018 256  9 13 1200  -36.1  985.3    6.5  177.0   68.0  444.0
2018 256  9 13 1500  -36.8  985.4   10.8  177.0   68.0  444.0
2018 256  9 13 1800  -35.9  986.0    7.6  191.0   68.8  444.0
2018 256  9 13 2100  -35.2  986.2    8.3  198.0   69.0  444.0
2018 257  9 14 0000  -34.7  986.4    7.4  210.0   70.0  444.0
2018 257  9 14 0300  -35.2  986.6    7.5  208.0   70.0  444.0
2018 257  9 14 0600  -36.8  986.5    7.7  213.0   68.0  444.0
2018 257  9 14 0900  -34.8  985.6    7.0  199.0   70.0  444.0
2018 257  9 14 1200  -33.7  984.7    8.3  226.0   71.0  444.0
2018 257  9 14 1500  -36.3  984.0    7.8  222.0   69.0  444.0
2018 257  9 14 1800  -40.1  983.9    6.1  225.0   65.0  444.0
2018 257  9 14 2100  -38.5  983.8    6.4  231.0   67.0  444.0
2018 258  9 15 0000  -37.3  984.0    6.2  210.0   67.0  444.0
2018 258  9 15 0300  -39.2  983.2    5.1  228.0   66.0  444.0
2018 258  9 15 0600  -39.7  982.9    5.6  218.0   64.9  444.0
2018 258  9 15 0900  -38.5  981.7    8.2  199.0   66.0  444.0
2018 258  9 15 1200  -41.5  982.2    7.1  206.0   63.0  444.0
2018 258  9 15 1500  -39.1  980.5    9.9  182.0   65.0  444.0
2018 258  9 15 1800  -39.1  980.8   10.1  184.0   65.0  444.0
2018 258  9 15 2100  -37.7  980.3   11.2  198.0   67.0  444.0
2018 259  9 16 0000  -35.8  980.2   13.0  192.0   68.0  444.0
2018 259  9 16 0300  -33.4  978.2   16.1  201.0   71.0  444.0
2018 259  9 16 0600  -32.5  978.2   16.1  208.0   72.0  444.0
2018 259  9 16 0900  -29.8  977.1   15.9  209.0   75.0  444.0
2018 259  9 16 1200  -29.1  974.6   24.9  198.0   76.0  444.0
2018 259  9 16 1500  -29.6  973.7   23.3  202.0   76.0  444.0
2018 259  9 16 1800  -26.4  972.1   21.8  205.0   79.0  444.0
2018 259  9 16 2100  -25.2  972.3   22.0  204.0   80.0  444.0
2018 260  9 17 0000  -24.6  972.2   21.1  198.0   81.0  444.0
2018 260  9 17 0300  -25.2  973.6   18.1  198.0   80.1  444.0
2018 260  9 17 0600  -25.2  974.7   19.2  204.0   80.0  444.0
2018 260  9 17 0900  -23.9  975.1   17.8  200.0   81.0  444.0
2018 260  9 17 1200  -24.1  974.8   18.4  204.0   81.0  444.0
2018 260  9 17 1500  -22.5  973.9   20.2  204.0   83.0  444.0
2018 260  9 17 1800  -20.8  975.6   13.9  206.0   84.5  444.0
2018 260  9 17 2100  -20.6  975.1   15.2  201.0   84.0  444.0
2018 261  9 18 0000  -22.5  974.3   13.2  197.0   83.0  444.0
2018 261  9 18 0300  -24.2  973.7   14.0  193.0   81.0  444.0
2018 261  9 18 0600  -22.4  973.0   11.2  189.0   83.0  444.0
2018 261  9 18 0900  -24.3  972.3   11.7  199.0   81.0  444.0
2018 261  9 18 1200  -24.7  971.3   10.6  206.0   80.0  444.0
2018 261  9 18 1500  -24.3  969.6    7.4  221.0   81.0  444.0
2018 261  9 18 1800  -22.6  967.6   11.7  196.0   81.7  444.0
2018 261  9 18 2100  -25.3  966.2    8.5  198.0   79.0  444.0
2018 262  9 19 0000  -25.7  965.0   11.0  193.0   78.0  444.0
2018 262  9 19 0300  -24.9  963.0   15.1  205.0   80.0  444.0
2018 262  9 19 0600  -26.4  963.0   12.1  203.0   78.0  444.0
2018 262  9 19 0900  -25.9  961.9   11.5  209.0   77.0  444.0
2018 262  9 19 1200  -27.2  962.7   10.5  192.0   75.8  444.0
2018 262  9 19 1500  -28.6  962.9   10.6  203.0   76.0  444.0
2018 262  9 19 1800  -25.2  963.2   10.0  205.0   77.0  444.0
2018 262  9 19 2100  -27.7  964.9    7.6  214.0   74.4  444.0
2018 263  9 20 0000  -24.4  966.7   10.9  212.0   78.0  444.0
2018 263  9 20 0300  -24.0  969.0    9.7  212.0   75.0  444.0
2018 263  9 20 0600  -23.2  970.8   11.7  218.0   74.0  444.0
2018 263  9 20 0900  -22.6  972.6   11.3  220.0   78.0  444.0
2018 263  9 20 1200  -22.6  974.9   10.9  234.0   81.0  444.0
2018 263  9 20 1500  -21.7  976.1   10.7  220.0   82.0  444.0
2018 263  9 20 1800  -22.0  977.0    9.2  216.0   79.0  444.0
2018 263  9 20 2100  -22.0  977.3    9.2  218.0   76.0  444.0
2018 264  9 21 0000  -26.1  977.7    1.9  209.0   69.0  444.0
2018 264  9 21 0300  -25.1  977.0    3.1  209.0   65.0  444.0
2018 264  9 21 0600  -21.8  975.7    4.0  209.0   83.0  444.0
2018 264  9 21 0900  -21.3  976.2    6.0    6.0   77.0  444.0
2018 264  9 21 1200  -24.1  977.2    3.3  304.0   77.0  444.0
2018 264  9 21 1500  -28.1  979.4    5.6  181.0   77.0  444.0
2018 264  9 21 1800  -30.9  981.5    2.9  196.0   70.0  444.0
2018 264  9 21 2100  -30.8  982.9    5.0  190.0   65.9  444.0
2018 265  9 22 0000  -29.6  984.2    4.8  200.0   64.0  444.0
2018 265  9 22 0300  -28.8  985.1    4.8  194.0   64.5  444.0
2018 265  9 22 0600  -28.7  985.8    5.2  193.0   65.0  444.0
2018 265  9 22 0900  -28.5  986.3    5.6  204.0   69.4  444.0
2018 265  9 22 1200  -28.9  986.6    5.8  203.0   69.0  444.0
2018 265  9 22 1500  -28.3  986.5    5.9  188.0   65.0  444.0
2018 265  9 22 1800  -29.4  986.4    4.1  206.0   70.2  444.0
2018 265  9 22 2100  -29.6  985.9    5.4  196.0   73.1  444.0
2018 266  9 23 0000  -30.2  986.2    7.2  192.0   74.4  444.0
2018 266  9 23 0300  -30.1  985.5    9.9  192.0   72.0  444.0
2018 266  9 23 0600  -31.9  985.7    7.3  205.0   72.0  444.0
2018 266  9 23 0900  -31.9  985.5    8.9  189.0   73.0  444.0
2018 266  9 23 1200  -33.1  985.6    7.6  193.0   71.7  444.0
2018 266  9 23 1500  -33.5  985.0    7.0  187.0   71.0  444.0
2018 266  9 23 1800  -33.6  984.7    6.1  190.0   70.0  444.0
2018 266  9 23 2100  -34.3  984.9    3.5  187.0   64.0  444.0
2018 267  9 24 0000  -35.4  985.0    3.2  224.0   64.5  444.0
2018 267  9 24 0300  -34.6  984.2    3.4  204.0   61.4  444.0
2018 267  9 24 0600  -37.6  983.6    3.2  231.0   63.0  444.0
2018 267  9 24 0900  -39.1  983.6    3.3  243.0   65.0  444.0
2018 267  9 24 1200  -38.9  983.0    3.4  254.0   68.0  444.0
2018 267  9 24 1500  -36.0  982.4    3.2  197.0   60.4  444.0
2018 267  9 24 1800  -40.4  982.0    2.8  180.0   68.0  444.0
2018 267  9 24 2100  -41.6  981.4    2.7  275.0   62.0  444.0
2018 268  9 25 0000  -36.0  980.9    0.6  255.0   68.0  444.0
2018 268  9 25 0300  -38.0  979.4  444.0  444.0   64.1  444.0
2018 268  9 25 0600  -36.0  978.3  444.0  444.0   64.0  444.0
2018 268  9 25 0900  -34.8  977.7  444.0  444.0   74.0  444.0
2018 268  9 25 1200  -31.9  977.4  444.0  444.0   74.0  444.0
2018 268  9 25 1500  -34.8  977.2  444.0  444.0   70.0  444.0
2018 268  9 25 1800  -32.1  977.2    4.7  142.0   72.0  444.0
2018 268  9 25 2100  -35.2  978.0    2.9  231.0   69.2  444.0
2018 269  9 26 0000  -34.0  977.7    3.2  153.0   67.0  444.0
2018 269  9 26 0300  -34.6  977.8    3.2  172.0   67.0  444.0
2018 269  9 26 0600  -36.0  977.0    4.9  108.0   66.0  444.0
2018 269  9 26 0900  -35.8  976.7    5.0   65.0   69.3  444.0
2018 269  9 26 1200  -36.5  977.0    2.3  323.0   70.0  444.0
2018 269  9 26 1500  -40.7  976.9    2.1  221.0   63.1  444.0
2018 269  9 26 1800  -38.8  976.6    3.8  196.0   64.0  444.0
2018 269  9 26 2100  -42.3  976.6    2.1  170.0   61.0  444.0
2018 270  9 27 0000  -41.1  976.3    3.8  206.0   61.0  444.0
2018 270  9 27 0300  -36.2  974.0    8.6  204.0   67.0  444.0
2018 270  9 27 0600  -34.4  971.2   11.2  215.0   70.0  444.0
2018 270  9 27 0900  -30.8  967.0   13.8  215.0   75.0  444.0
2018 270  9 27 1200  -25.6  961.9   15.4  225.0   79.5  444.0
2018 270  9 27 1500  -21.8  956.5   15.3  230.0   84.0  444.0
2018 270  9 27 1800  -16.0  951.0   16.0  244.0   89.0  444.0
2018 270  9 27 2100  -14.8  947.6   13.5  257.0   90.0  444.0
2018 271  9 28 0000  -15.1  945.5   10.0  312.0   86.9  444.0
2018 271  9 28 0300  -17.3  942.6   15.1  329.0   87.0  444.0
2018 271  9 28 0600  -18.4  942.2   16.8  339.0   87.0  444.0
2018 271  9 28 0900  -19.3  944.3   16.5  347.0   86.0  444.0
2018 271  9 28 1200  -20.6  948.0   10.1    5.0   85.0  444.0
2018 271  9 28 1500  -21.1  950.5    6.7    6.0   84.0  444.0
2018 271  9 28 1800  -24.2  953.0    3.7   67.0   81.0  444.0
2018 271  9 28 2100  -25.6  956.4    5.1  134.0   79.0  444.0
2018 272  9 29 0000  -27.7  958.3    8.1  185.0   77.0  444.0
2018 272  9 29 0300  -28.5  959.1    6.4  191.0   76.0  444.0
2018 272  9 29 0600  -27.0  959.0    4.8  184.0   78.0  444.0
2018 272  9 29 0900  -30.1  958.1    2.9  248.0   72.0  444.0
2018 272  9 29 1200  -30.2  957.2    3.1  289.0   76.0  444.0
2018 272  9 29 1500  -28.6  956.3    3.9  287.0   75.0  444.0
2018 272  9 29 1800  -31.4  956.7    4.0  335.0   75.0  444.0
2018 272  9 29 2100  -28.7  958.2    3.8  353.0   77.0  444.0
2018 273  9 30 0000  -28.3  959.9    4.6  311.0   77.0  444.0
2018 273  9 30 0300  -27.3  961.5    3.3  318.0   78.4  444.0
2018 273  9 30 0600  -27.3  961.9    4.6    9.0   73.0  444.0
2018 273  9 30 0900  -30.6  962.5    2.7   11.0   73.0  444.0
2018 273  9 30 1200  -30.2  962.6    0.9   11.0   78.0  444.0
2018 273  9 30 1500  -27.2  962.3    1.6   11.0   80.0  444.0
2018 273  9 30 1800  -23.6  962.6    8.5  167.0   82.0  444.0
2018 273  9 30 2100  -23.1  963.5   13.9  200.0   82.0  444.0
