Year: 2018  Month: 06  ID: FER  ARGOS:  8947  Name: Ferrell             
Lat: 77.84S  Lon: 170.82E  Elev:   45m
2018 152  6  1 0000  -32.7  996.3    5.0  200.0   72.0  444.0
2018 152  6  1 0300  -32.0  997.4    3.4  210.0   72.5  444.0
2018 152  6  1 0600  -33.0  997.7    4.3  231.0   73.0  444.0
2018 152  6  1 0900  -33.3  998.0    3.2  227.0   71.0  444.0
2018 152  6  1 1200  -35.8  998.3    2.9  229.0   71.0  444.0
2018 152  6  1 1500  -32.1  997.4    5.9  227.0   73.0  444.0
2018 152  6  1 1800  -28.1  997.4    7.9  217.0   76.5  444.0
2018 152  6  1 2100  -29.0  995.4    8.1  229.0   76.0  444.0
2018 153  6  2 0000  -25.0  993.8    9.2  216.0   80.0  444.0
2018 153  6  2 0300  -26.0  992.6    7.4  222.0   78.8  444.0
2018 153  6  2 0600  -24.7  990.6    9.7  199.0   80.1  444.0
2018 153  6  2 0900  -26.7  990.0    6.6  200.0   78.0  444.0
2018 153  6  2 1200  -29.0  988.4    6.1  236.0   76.0  444.0
2018 153  6  2 1500  -24.0  986.0    9.4  180.0   81.0  444.0
2018 153  6  2 1800  -24.2  984.5    8.8  190.0   81.2  444.0
2018 153  6  2 2100  -26.5  983.1    7.1  242.0   78.0  444.0
2018 154  6  3 0000  -25.5  979.3    5.8  208.0   80.0  444.0
2018 154  6  3 0300  -28.8  973.9    1.8  303.0   77.0  444.0
2018 154  6  3 0600  -27.8  966.7    5.5    2.0   78.0  444.0
2018 154  6  3 0900  -27.3  961.0    4.5  350.0   78.0  444.0
2018 154  6  3 1200  -29.7  960.0    1.0   53.0   73.0  444.0
2018 154  6  3 1500  -31.1  961.0    0.4   98.0   74.0  444.0
2018 154  6  3 1800  -29.4  963.0    6.7  222.0   77.0  444.0
2018 154  6  3 2100  -30.3  968.5   10.1  204.0   75.0  444.0
2018 155  6  4 0000  -33.0  973.5    8.5  199.0   71.9  444.0
2018 155  6  4 0300  -37.9  978.4    8.5  201.0   67.0  444.0
2018 155  6  4 0600  -38.2  982.6    7.7  221.0   66.9  444.0
2018 155  6  4 0900  -37.6  984.3    7.4  213.0   68.0  444.0
2018 155  6  4 1200  -37.9  986.4    8.2  214.0   68.0  444.0
2018 155  6  4 1500  -36.9  987.9    7.5  218.0   67.9  444.0
2018 155  6  4 1800  -40.6  989.5    5.6  222.0   64.0  444.0
2018 155  6  4 2100  -38.1  990.2    7.1  231.0   67.0  444.0
2018 156  6  5 0000  -38.0  989.9    7.1  219.0   66.0  444.0
2018 156  6  5 0300  -38.3  988.5    5.9  214.0   65.7  444.0
2018 156  6  5 0600  -37.7  987.9    4.4  214.0   67.0  444.0
2018 156  6  5 0900  -39.8  986.1    3.8  224.0   65.0  444.0
2018 156  6  5 1200  -36.6  984.5    1.9  276.0   68.0  444.0
2018 156  6  5 1500  -33.8  982.8    3.7  293.0   70.9  444.0
2018 156  6  5 1800  -31.9  981.2    3.1  214.0   73.0  444.0
2018 156  6  5 2100  -34.4  980.6    3.9  206.0   70.0  444.0
2018 157  6  6 0000  -34.1  980.4    6.0  164.0   70.0  444.0
2018 157  6  6 0300  -34.7  980.5    3.4  167.0   70.0  444.0
2018 157  6  6 0600  -35.7  979.9    2.9  207.0   69.0  444.0
2018 157  6  6 0900  -40.0  979.7    2.7  202.0   65.0  444.0
2018 157  6  6 1200  -41.1  980.0    4.4  210.0   64.0  444.0
2018 157  6  6 1500  -38.0  978.8    7.2  180.0   67.0  444.0
2018 157  6  6 1800  -33.7  978.2    8.1  189.0   71.0  444.0
2018 157  6  6 2100  -34.4  977.2    6.2  200.0   71.0  444.0
2018 158  6  7 0000  -31.7  976.6    9.3  216.0   73.0  444.0
2018 158  6  7 0300  -36.1  976.0    9.2  219.0   69.0  444.0
2018 158  6  7 0600  -31.8  975.4    8.7  223.0   73.2  444.0
2018 158  6  7 0900  -31.8  974.6    8.0  220.0   73.0  444.0
2018 158  6  7 1200  -30.9  973.9    5.3  223.0   74.0  444.0
2018 158  6  7 1500  -30.9  972.8    5.1  227.0   74.0  444.0
2018 158  6  7 1800  -28.4  971.2    6.8  227.0   77.0  444.0
2018 158  6  7 2100  -25.8  969.2   11.2  204.0   80.0  444.0
2018 159  6  8 0000  -27.1  968.9   10.7  203.0   78.0  444.0
2018 159  6  8 0300  -32.1  970.0    7.9  199.0   73.0  444.0
2018 159  6  8 0600  -37.3  970.4    5.7  214.0   68.0  444.0
2018 159  6  8 0900  -41.0  970.7    5.2  196.0   64.0  444.0
2018 159  6  8 1200  -41.5  971.3    6.6  219.0   64.0  444.0
2018 159  6  8 1500  -36.8  969.5    7.0  239.0   68.0  444.0
2018 159  6  8 1800  -29.4  967.7    8.8  229.0   77.0  444.0
2018 159  6  8 2100  -27.4  966.0    6.7  224.0   78.0  444.0
2018 160  6  9 0000  -24.5  962.8   10.6  227.0   81.0  444.0
2018 160  6  9 0300  -25.2  962.0    8.6  222.0   80.0  444.0
2018 160  6  9 0600  -25.8  960.4    9.9  224.0   80.0  444.0
2018 160  6  9 0900  -22.6  959.5   11.4  228.0   82.0  444.0
2018 160  6  9 1200  -21.4  959.0   10.3  216.0   84.0  444.0
2018 160  6  9 1500  -17.9  957.9   16.7  222.0   85.8  444.0
2018 160  6  9 1800  -16.6  957.6   17.1  229.0   85.0  444.0
2018 160  6  9 2100  -16.6  958.7   19.0  208.0   88.2  444.0
2018 161  6 10 0000  -18.7  961.7   13.2  193.0   86.0  444.0
2018 161  6 10 0300  -19.5  963.6   15.6  216.0   86.0  444.0
2018 161  6 10 0600  -16.8  964.8   17.4  206.0   88.0  444.0
2018 161  6 10 0900  -17.0  967.0   17.2  209.0   87.6  444.0
2018 161  6 10 1200  -21.3  968.4   12.3  214.0   83.0  444.0
2018 161  6 10 1500  -21.5  969.4   11.9  202.0   82.7  444.0
2018 161  6 10 1800  -23.6  971.0   11.1  222.0   80.8  444.0
2018 161  6 10 2100  -23.6  971.5    9.1  223.0   79.0  444.0
2018 162  6 11 0000  -21.1  971.3   13.5  206.0   80.1  444.0
2018 162  6 11 0300  -22.2  971.5   11.5  204.0   77.1  444.0
2018 162  6 11 0600  -22.8  972.3    9.3  200.0   78.6  444.0
2018 162  6 11 0900  -23.5  972.7   10.5  199.0   76.0  444.0
2018 162  6 11 1200  -25.3  973.2    5.4  204.0   69.0  444.0
2018 162  6 11 1500  -29.4  972.7    6.6  173.0   71.0  444.0
2018 162  6 11 1800  -27.1  972.7   11.2  197.0   60.1  444.0
2018 162  6 11 2100  -25.8  972.8   11.8  192.0   65.0  444.0
2018 163  6 12 0000  -25.5  974.0   11.7  179.0   62.0  444.0
2018 163  6 12 0300  -28.9  975.4    6.3  196.0   67.0  444.0
2018 163  6 12 0600  -32.4  976.9    3.8  239.0   69.3  444.0
2018 163  6 12 0900  -34.2  977.4    4.3  204.0   68.0  444.0
2018 163  6 12 1200  -33.5  979.0    4.2  249.0   65.0  444.0
2018 163  6 12 1500  -31.4  980.3    5.3  218.0   64.0  444.0
2018 163  6 12 1800  -32.3  981.8    3.6  226.0   67.0  444.0
2018 163  6 12 2100  -30.0  982.9    6.7  167.0   60.6  444.0
2018 164  6 13 0000  -29.2  984.8    4.0  217.0   65.4  444.0
2018 164  6 13 0300  -29.2  986.5    2.8  220.0   74.8  444.0
2018 164  6 13 0600  -28.7  988.3    5.3  210.0   76.0  444.0
2018 164  6 13 0900  -29.4  990.2    4.9  200.0   65.0  444.0
2018 164  6 13 1200  -31.6  991.8    5.3  209.0   67.0  444.0
2018 164  6 13 1500  -29.0  992.6    8.1  217.0   67.0  444.0
2018 164  6 13 1800  -29.3  993.4   11.3  205.0   74.0  444.0
2018 164  6 13 2100  -33.5  995.1    7.6  218.0   71.0  444.0
2018 165  6 14 0000  -31.7  994.9    7.5  204.0   72.0  444.0
2018 165  6 14 0300  -30.7  994.0    9.0  210.0   70.4  444.0
2018 165  6 14 0600  -34.1  993.6    8.7  188.0   66.0  444.0
2018 165  6 14 0900  -37.0  992.9    4.8  203.0   64.0  444.0
2018 165  6 14 1200  -39.2  993.3    3.2  202.0   64.0  444.0
2018 165  6 14 1500  -37.8  992.5    1.3  262.0   69.0  444.0
2018 165  6 14 1800  -37.7  992.7    1.9  264.0   66.0  444.0
2018 165  6 14 2100  -34.6  993.5    4.2  188.0   72.8  444.0
2018 166  6 15 0000  -40.0  992.8    2.0  281.0   65.0  444.0
2018 166  6 15 0300  -40.7  992.2    3.7  281.0   68.0  444.0
2018 166  6 15 0600  -33.0  991.3    4.6  281.0   59.0  444.0
2018 166  6 15 0900  -33.1  990.6    3.1  261.0   62.8  444.0
2018 166  6 15 1200  -27.6  990.2    6.8  232.0   78.0  444.0
2018 166  6 15 1500  -30.0  990.6    7.1  223.0   74.0  444.0
2018 166  6 15 1800  -31.8  991.7    7.5  225.0   73.4  444.0
2018 166  6 15 2100  -27.1  991.4   11.1  216.0   77.0  444.0
2018 167  6 16 0000  -26.3  991.6    8.4  231.0   77.1  444.0
2018 167  6 16 0300  -26.0  990.2   12.7  221.0   79.0  444.0
2018 167  6 16 0600  -22.7  988.1   12.4  211.0   81.0  444.0
2018 167  6 16 0900  -22.5  986.7   18.2  203.0   82.0  444.0
2018 167  6 16 1200  -23.8  986.8   17.9  201.0   80.2  444.0
2018 167  6 16 1500  -34.1  988.5   12.2  194.0   71.0  444.0
2018 167  6 16 1800  -35.1  990.0    8.3  200.0   70.0  444.0
2018 167  6 16 2100  -34.6  989.1    7.7  212.0   71.0  444.0
2018 168  6 17 0000  -35.0  989.7    5.7  210.0   71.0  444.0
2018 168  6 17 0300  -35.3  990.6    7.4  200.0   70.0  444.0
2018 168  6 17 0600  -33.9  991.1    8.1  207.0   72.1  444.0
2018 168  6 17 0900  -30.1  991.8   10.7  214.0   75.0  444.0
2018 168  6 17 1200  -31.1  992.1    9.6  229.0   74.0  444.0
2018 168  6 17 1500  -29.1  990.3   11.4  199.0   75.4  444.0
2018 168  6 17 1800  -29.3  990.8   10.1  209.0   76.0  444.0
2018 168  6 17 2100  -28.8  990.4   12.5  209.0   75.3  444.0
2018 169  6 18 0000  -28.6  990.3    8.8  216.0   77.0  444.0
2018 169  6 18 0300  -23.8  989.4   11.9  221.0   79.0  444.0
2018 169  6 18 0600  -21.1  988.5   12.6  228.0   82.0  444.0
2018 169  6 18 0900  -18.3  987.4   13.1  216.0   85.4  444.0
2018 169  6 18 1200  -17.9  988.0   12.7  224.0   83.0  444.0
2018 169  6 18 1500  -15.1  987.1   16.8  207.0   68.0  444.0
2018 169  6 18 1800  -16.3  988.6   14.4  212.0   65.0  444.0
2018 169  6 18 2100  -17.1  988.3   14.1  210.0   69.0  444.0
2018 170  6 19 0000  -18.1  988.5   13.4  208.0   74.0  444.0
2018 170  6 19 0300  -17.5  987.9   13.6  212.0   77.4  444.0
2018 170  6 19 0600  -17.0  987.6   11.0  211.0   79.0  444.0
2018 170  6 19 0900  -15.5  985.8   12.9  218.0   76.0  444.0
2018 170  6 19 1200  -16.8  985.1   11.9  211.0   77.0  444.0
2018 170  6 19 1500  -17.2  985.7   12.4  207.0   78.0  444.0
2018 170  6 19 1800  -17.4  987.1   11.8  204.0   77.0  444.0
2018 170  6 19 2100  -17.9  988.1   11.7  191.0   67.0  444.0
2018 171  6 20 0000  -19.7  989.1    9.3  213.0   73.0  444.0
2018 171  6 20 0300  -21.2  991.8    8.6  217.0   77.6  444.0
2018 171  6 20 0600  -21.1  993.7   10.0  216.0   75.0  444.0
2018 171  6 20 0900  -20.4  995.3   13.1  203.0   81.0  444.0
2018 171  6 20 1200  -23.1  997.4    9.3  210.0   79.0  444.0
2018 171  6 20 1500  -24.5  996.5    8.6  213.0   78.0  444.0
2018 171  6 20 1800  -24.8  995.8    8.5  228.0   76.0  444.0
2018 171  6 20 2100  -26.5  994.5    9.1  209.0   74.0  444.0
2018 172  6 21 0000  -28.1  994.2    7.2  192.0   77.0  444.0
2018 172  6 21 0300  -26.7  992.8    7.0  203.0   74.0  444.0
2018 172  6 21 0600  -23.7  991.4   10.1  205.0   74.9  444.0
2018 172  6 21 0900  -22.8  990.5   12.8  193.0   82.0  444.0
2018 172  6 21 1200  -24.8  991.1    8.7  213.0   81.0  444.0
2018 172  6 21 1500  -27.5  990.4    4.8  209.0   78.0  444.0
2018 172  6 21 1800  -25.4  989.1    6.5  202.0   75.0  444.0
2018 172  6 21 2100  -23.4  988.4    7.3  243.0   68.6  444.0
2018 173  6 22 0000  -21.5  987.7    7.6  235.0   64.0  444.0
2018 173  6 22 0300  -24.9  989.2    6.0  210.0   80.0  444.0
2018 173  6 22 0600  -28.3  989.9    3.4  172.0   79.0  444.0
2018 173  6 22 0900  -30.1  991.0    4.2  186.0   78.0  444.0
2018 173  6 22 1200  -29.9  993.3    3.6  179.0   77.0  444.0
2018 173  6 22 1500  -32.8  994.6    5.1  152.0   73.2  444.0
2018 173  6 22 1800  -35.5  996.2    4.7  148.0   70.0  444.0
2018 173  6 22 2100  -36.8  997.6    5.3  145.0   68.4  444.0
2018 174  6 23 0000  -36.4  998.4    3.6  151.0   70.0  444.0
2018 174  6 23 0300  -38.0  999.1    3.2  185.0   69.0  444.0
2018 174  6 23 0600  -36.2  999.6    3.9  176.0   70.0  444.0
2018 174  6 23 0900  -33.3  999.9    5.0  181.0   72.0  444.0
2018 174  6 23 1200  -30.1 1000.0    3.6  226.0   75.2  444.0
2018 174  6 23 1500  -25.9  998.7    4.4  213.0   79.0  444.0
2018 174  6 23 1800  -24.7  997.6    5.7  191.0   80.5  444.0
2018 174  6 23 2100  -24.1  997.4    5.4  213.0   81.0  444.0
2018 175  6 24 0000  -22.7  997.1    4.6  219.0   83.0  444.0
2018 175  6 24 0300  -19.9  995.6    6.8  213.0   84.3  444.0
2018 175  6 24 0600  -19.9  995.2    6.9  211.0   81.0  444.0
2018 175  6 24 0900  -19.4  994.0    8.2  219.0   84.0  444.0
2018 175  6 24 1200  -19.4  993.1    7.1  212.0   81.0  444.0
2018 175  6 24 1500  -19.5  992.4    5.6  207.0   78.0  444.0
2018 175  6 24 1800  -19.8  991.0    6.3  194.0   75.0  444.0
2018 175  6 24 2100  -19.9  990.3    4.4  207.0   78.0  444.0
2018 176  6 25 0000  -20.4  989.4    3.5  210.0   79.0  444.0
2018 176  6 25 0300  -20.1  988.6    4.8  205.0   78.0  444.0
2018 176  6 25 0600  -20.4  987.7    4.7  194.0   78.2  444.0
2018 176  6 25 0900  -21.0  987.4    4.2  168.0   77.0  444.0
2018 176  6 25 1200  -23.1  986.9    3.5  142.0   71.0  444.0
2018 176  6 25 1500  -26.4  986.8    2.9  153.0   73.4  444.0
2018 176  6 25 1800  -28.8  987.6    2.5  187.0   77.0  444.0
2018 176  6 25 2100  -28.7  989.0    4.7  201.0   77.0  444.0
2018 177  6 26 0000  -26.8  990.3    7.3  192.0   75.8  444.0
2018 177  6 26 0300  -25.3  990.7   10.5  192.0   78.0  444.0
2018 177  6 26 0600  -24.7  992.1   13.5  192.0   80.0  444.0
2018 177  6 26 0900  -25.0  993.6   14.6  194.0   80.0  444.0
2018 177  6 26 1200  -25.2  995.1   13.8  197.0   80.0  444.0
2018 177  6 26 1500  -24.5  996.2   13.7  197.0   80.0  444.0
2018 177  6 26 1800  -24.0  997.6   14.5  182.0   79.0  444.0
2018 177  6 26 2100  -25.5  998.9   12.8  194.0   77.0  444.0
2018 178  6 27 0000  -25.1  999.1   12.7  190.0   79.0  444.0
2018 178  6 27 0300  -25.0  999.7   12.7  184.0   79.5  444.0
2018 178  6 27 0600  -25.0  999.4   11.9  185.0   79.0  444.0
2018 178  6 27 0900  -25.0  999.0   10.4  183.0   78.4  444.0
2018 178  6 27 1200  -25.5  999.1    6.4  168.0   77.0  444.0
2018 178  6 27 1500  -25.4  998.6    4.9  161.0   77.0  444.0
2018 178  6 27 1800  -25.3  998.1    2.5  160.0   79.0  444.0
2018 178  6 27 2100  -25.7  997.3    2.4  170.0   80.0  444.0
2018 179  6 28 0000  -24.7  996.9    6.1  176.0   78.9  444.0
2018 179  6 28 0300  -28.2  996.2    3.7  174.0   79.0  444.0
2018 179  6 28 0600  -28.6  995.5    4.9  214.0   77.1  444.0
2018 179  6 28 0900  -25.8  995.2    5.5  201.0   79.2  444.0
2018 179  6 28 1200  -24.9  994.6    7.8  202.0   80.1  444.0
2018 179  6 28 1500  -22.8  993.7    5.0  207.0   82.0  444.0
2018 179  6 28 1800  -21.2  992.9    8.1  213.0   81.0  444.0
2018 179  6 28 2100  -23.3  992.6   10.3  202.0   80.0  444.0
2018 180  6 29 0000  -25.9  992.5    4.8  222.0   78.0  444.0
2018 180  6 29 0300  -25.1  991.7   11.6  195.0   80.0  444.0
2018 180  6 29 0600  -26.4  991.1    3.5  228.0   80.0  444.0
2018 180  6 29 0900  -23.7  990.9    6.6  192.0   81.0  444.0
2018 180  6 29 1200  -26.8  990.9    9.5  185.0   78.0  444.0
2018 180  6 29 1500  -26.5  991.1    6.0  216.0   78.0  444.0
2018 180  6 29 1800  -22.9  990.2    6.9  199.0   82.4  444.0
2018 180  6 29 2100  -25.9  990.9    7.9  197.0   79.0  444.0
2018 181  6 30 0000  -25.8  990.7   10.3  197.0   79.0  444.0
2018 181  6 30 0300  -26.5  991.4    7.7  213.0   79.0  444.0
2018 181  6 30 0600  -26.3  991.9    5.1  224.0   79.3  444.0
2018 181  6 30 0900  -26.3  991.8    6.6  226.0   79.0  444.0
2018 181  6 30 1200  -23.4  991.7    8.3  208.0   82.0  444.0
2018 181  6 30 1500  -24.5  991.6   10.8  203.0   80.0  444.0
2018 181  6 30 1800  -26.1  991.6    7.7  202.0   80.0  444.0
2018 181  6 30 2100  -25.8  991.8    9.2  214.0   79.6  444.0
