Year: 2018  Month: 05  ID: FER  ARGOS:  8947  Name: Ferrell             
Lat: 77.84S  Lon: 170.82E  Elev:   45m
2018 121  5  1 0000  -26.7  981.7    3.7  181.0   75.0  444.0
2018 121  5  1 0300  -26.2  980.9    3.2  221.0   77.0  444.0
2018 121  5  1 0600  -25.4  979.8    3.1  208.0   77.5  444.0
2018 121  5  1 0900  -24.4  978.7    4.4  242.0   78.0  444.0
2018 121  5  1 1200  -20.3  976.7    8.0  241.0   80.0  444.0
2018 121  5  1 1500  -21.7  975.3    8.8  208.0   80.0  444.0
2018 121  5  1 1800  -22.9  974.6    9.5  202.0   82.0  444.0
2018 121  5  1 2100  -28.0  974.5    7.2  182.0   76.0  444.0
2018 122  5  2 0000  -30.0  974.2    5.6  196.0   75.0  444.0
2018 122  5  2 0300  -28.1  973.7    6.6  205.0   77.4  444.0
2018 122  5  2 0600  -28.1  973.5    5.3  216.0   77.0  444.0
2018 122  5  2 0900  -29.2  973.3    5.2  234.0   77.3  444.0
2018 122  5  2 1200  -29.2  973.6    5.1  206.0   75.6  444.0
2018 122  5  2 1500  -29.3  973.1    4.4  180.0   72.0  444.0
2018 122  5  2 1800  -30.1  972.4    2.1  315.0   73.0  444.0
2018 122  5  2 2100  -30.6  973.1    1.2  256.0   72.0  444.0
2018 123  5  3 0000  -25.6  973.2    6.8  202.0   78.0  444.0
2018 123  5  3 0300  -27.1  973.8    5.4  235.0   77.0  444.0
2018 123  5  3 0600  -25.8  973.5    4.1  230.0   79.6  444.0
2018 123  5  3 0900  -26.3  973.0    5.5  266.0   80.0  444.0
2018 123  5  3 1200  -21.7  973.3    9.3  219.0   83.0  444.0
2018 123  5  3 1500  -26.4  974.1    8.1  213.0   80.0  444.0
2018 123  5  3 1800  -23.4  975.1    9.9  228.0   82.0  444.0
2018 123  5  3 2100  -24.6  976.3    9.9  202.0   80.0  444.0
2018 124  5  4 0000  -28.6  978.1    6.0  181.0   76.0  444.0
2018 124  5  4 0300  -30.2  978.5    3.3  191.0   76.0  444.0
2018 124  5  4 0600  -25.0  978.8   12.6  202.0   80.4  444.0
2018 124  5  4 0900  -25.9  982.0    8.7  191.0   78.0  444.0
2018 124  5  4 1200  -30.5  984.5    2.9  195.0   75.0  444.0
2018 124  5  4 1500  -32.1  986.0    3.5  235.0   72.0  444.0
2018 124  5  4 1800  -34.1  986.6    2.1  188.0   71.0  444.0
2018 124  5  4 2100  -31.6  987.3    1.4  344.0   76.0  444.0
2018 125  5  5 0000  -29.3  987.8    2.2  350.0   75.0  444.0
2018 125  5  5 0300  -27.1  988.8    2.3  213.0   76.5  444.0
2018 125  5  5 0600  -30.9  989.2    2.5  245.0   76.0  444.0
2018 125  5  5 0900  -27.7  989.2    0.1   26.0   71.9  444.0
2018 125  5  5 1200  -31.0  989.2    1.7  135.0   75.0  444.0
2018 125  5  5 1500  -33.1  988.7    2.3  142.0   76.0  444.0
2018 125  5  5 1800  -30.1  987.8    3.0   50.0   73.0  444.0
2018 125  5  5 2100  -30.5  986.3    4.2   31.0   73.0  444.0
2018 126  5  6 0000  -28.0  984.8    3.9  348.0   77.0  444.0
2018 126  5  6 0300  -29.6  983.2    3.6  331.0   76.0  444.0
2018 126  5  6 0600  -31.5  982.5    2.1  187.0   75.0  444.0
2018 126  5  6 0900  -38.4  982.5    1.6  250.0   67.0  444.0
2018 126  5  6 1200  -37.6  981.4    1.6  261.0   67.0  444.0
2018 126  5  6 1500  -40.6  980.5    2.0  187.0   67.0  444.0
2018 126  5  6 1800  -38.9  980.4    3.3  162.0   65.0  444.0
2018 126  5  6 2100  -38.9  980.9    3.8  174.0   66.0  444.0
2018 127  5  7 0000  -38.9  981.0    2.7  179.0   66.0  444.0
2018 127  5  7 0300  -38.7  980.9    1.9  197.0   66.0  444.0
2018 127  5  7 0600  -42.4  981.1    0.1  195.0   62.0  444.0
2018 127  5  7 0900  -42.4  981.3    0.4  168.0   62.0  444.0
2018 127  5  7 1200  -42.9  981.4    2.3  199.0   61.0  444.0
2018 127  5  7 1500  -44.8  981.8    2.3  163.0   59.0  444.0
2018 127  5  7 1800  -42.2  982.5    2.1  148.0   63.0  444.0
2018 127  5  7 2100  -46.9  984.4    2.4  173.0   57.0  444.0
2018 128  5  8 0000  -45.5  986.0    2.3  200.0   59.0  444.0
2018 128  5  8 0300  -42.8  987.7    5.0  184.0   61.0  444.0
2018 128  5  8 0600  -44.6  988.9    6.1  179.0   59.1  444.0
2018 128  5  8 0900  -45.1  989.0    3.6  162.0   59.0  444.0
2018 128  5  8 1200  -45.0  988.4    1.1  285.0   58.5  444.0
2018 128  5  8 1500  -46.6  987.1    2.1    7.0   57.0  444.0
2018 128  5  8 1800  -42.5  986.1    3.3  300.0   61.0  444.0
2018 128  5  8 2100  -43.5  985.5    2.6  282.0   60.0  444.0
2018 129  5  9 0000  -43.2  985.6    2.5  267.0   60.6  444.0
2018 129  5  9 0300  -43.2  985.4    0.4  100.0   60.0  444.0
2018 129  5  9 0600  -43.4  984.7    2.7  252.0   60.5  444.0
2018 129  5  9 0900  -40.7  983.5    4.5  203.0   64.0  444.0
2018 129  5  9 1200  -36.3  982.5    5.0  202.0   68.0  444.0
2018 129  5  9 1500  -37.7  980.8    4.5  193.0   66.6  444.0
2018 129  5  9 1800  -39.8  979.2    4.9  186.0   64.0  444.0
2018 129  5  9 2100  -37.0  977.4    5.7  211.0   67.0  444.0
2018 130  5 10 0000  -39.4  976.0    3.3  207.0   65.0  444.0
2018 130  5 10 0300  -43.0  974.6    2.8  238.0   61.0  444.0
2018 130  5 10 0600  -43.0  973.3    2.1  210.0   61.0  444.0
2018 130  5 10 0900  -41.2  971.8    3.2  195.0   62.6  444.0
2018 130  5 10 1200  -43.4  970.9    2.8  178.0   60.0  444.0
2018 130  5 10 1500  -45.8  970.1    2.5  220.0   58.0  444.0
2018 130  5 10 1800  -42.7  969.4    4.4  226.0   61.0  444.0
2018 130  5 10 2100  -43.3  968.6    4.1  208.0   61.0  444.0
2018 131  5 11 0000  -43.9  967.2    1.8  149.0   59.9  444.0
2018 131  5 11 0300  -44.0  965.5    3.6  276.0   60.0  444.0
2018 131  5 11 0600  -29.2  962.3    6.3  245.0   76.0  444.0
2018 131  5 11 0900  -29.8  962.7    9.0  209.0   75.0  444.0
2018 131  5 11 1200  -36.1  964.9   11.6  204.0   69.0  444.0
2018 131  5 11 1500  -33.4  965.0   10.8  188.0   72.0  444.0
2018 131  5 11 1800  -31.5  964.6    4.7  212.0   73.0  444.0
2018 131  5 11 2100  -29.6  963.1    2.3  167.0   76.0  444.0
2018 132  5 12 0000  -23.2  960.8    6.8  326.0   82.0  444.0
2018 132  5 12 0300  -21.6  959.1    7.4  313.0   84.0  444.0
2018 132  5 12 0600  -20.3  958.3    6.4  322.0   85.0  444.0
2018 132  5 12 0900  -18.5  958.6    5.8  313.0   87.0  444.0
2018 132  5 12 1200  -17.0  961.1    3.2  267.0   86.0  444.0
2018 132  5 12 1500  -18.2  964.0    7.0  213.0   87.0  444.0
2018 132  5 12 1800  -22.7  967.1    7.5  195.0   82.9  444.0
2018 132  5 12 2100  -26.1  968.5    3.4  190.0   79.0  444.0
2018 133  5 13 0000  -23.3  969.1    3.6  272.0   82.3  444.0
2018 133  5 13 0300  -20.6  969.6    5.7  217.0   86.0  444.0
2018 133  5 13 0600  -15.9  970.2   10.5  219.0   88.5  444.0
2018 133  5 13 0900  -15.8  971.1   11.1  211.0   89.0  444.0
2018 133  5 13 1200  -20.4  972.7   13.1  210.0   85.0  444.0
2018 133  5 13 1500  -22.1  974.1    9.6  203.0   83.0  444.0
2018 133  5 13 1800  -21.8  974.2    6.9  202.0   84.0  444.0
2018 133  5 13 2100  -18.8  972.5    8.6  207.0   86.4  444.0
2018 134  5 14 0000  -18.2  972.1   10.9  230.0   87.0  444.0
2018 134  5 14 0300  -17.1  970.9   10.1  227.0   88.0  444.0
2018 134  5 14 0600  -23.9  971.0    9.0  212.0   82.0  444.0
2018 134  5 14 0900  -15.2  969.0   10.0  222.0   89.7  444.0
2018 134  5 14 1200  -14.6  968.8   11.1  219.0   90.0  444.0
2018 134  5 14 1500  -13.8  967.3   13.1  210.0   91.0  444.0
2018 134  5 14 1800  -13.3  967.8   13.7  209.0   91.0  444.0
2018 134  5 14 2100  -16.5  968.2   11.6  195.0   88.3  444.0
2018 135  5 15 0000  -17.2  968.6    4.5  228.0   88.0  444.0
2018 135  5 15 0300  -21.3  969.7    5.3  219.0   86.0  444.0
2018 135  5 15 0600  -15.0  969.3   10.9  214.0   90.0  444.0
2018 135  5 15 0900  -15.6  971.1   10.1  216.0   89.4  444.0
2018 135  5 15 1200  -17.2  973.6   12.2  207.0   87.0  444.0
2018 135  5 15 1500  -24.1  976.2   12.8  202.0   81.0  444.0
2018 135  5 15 1800  -27.7  980.4   13.7  192.0   78.5  444.0
2018 135  5 15 2100  -27.9  983.6   15.5  198.0   78.0  444.0
2018 136  5 16 0000  -25.3  985.4   17.5  207.0   80.4  444.0
2018 136  5 16 0300  -25.8  986.3   17.7  203.0   79.5  444.0
2018 136  5 16 0600  -25.7  987.1   17.4  193.0   79.9  444.0
2018 136  5 16 0900  -24.6  988.2   14.4  190.0   81.0  444.0
2018 136  5 16 1200  -23.7  987.7    9.5  169.0   81.8  444.0
2018 136  5 16 1500  -23.6  987.0    3.8  223.0   82.0  444.0
2018 136  5 16 1800  -22.7  985.7  444.0  444.0   83.0  444.0
2018 136  5 16 2100  -22.0  985.3  444.0  444.0   83.0  444.0
2018 137  5 17 0000  -20.2  985.3    1.0  282.0   86.0  444.0
2018 137  5 17 0300  -22.5  985.6    3.0  319.0   82.0  444.0
2018 137  5 17 0600  -24.0  987.4    2.7  319.0   81.0  444.0
2018 137  5 17 0900  -25.6  989.8    2.2   12.0   80.0  444.0
2018 137  5 17 1200  -29.0  992.5    3.5  146.0   78.0  444.0
2018 137  5 17 1500  -29.3  995.7    2.2  244.0   78.0  444.0
2018 137  5 17 1800  -24.5  998.5    8.4  184.0   80.4  444.0
2018 137  5 17 2100  -27.4 1000.4    4.0  286.0   80.0  444.0
2018 138  5 18 0000  -25.9 1002.2    0.0  147.0   80.0  444.0
2018 138  5 18 0300  -29.3 1001.9    2.8  310.0   76.0  444.0
2018 138  5 18 0600  -26.9 1002.5    0.0  218.0   79.0  444.0
2018 138  5 18 0900  -26.4 1002.4    0.4  280.0   80.0  444.0
2018 138  5 18 1200  -23.9 1001.3    1.5  280.0   81.0  444.0
2018 138  5 18 1500  -26.5  999.6    1.2  222.0   79.0  444.0
2018 138  5 18 1800  -29.7  997.7    1.2  354.0   76.0  444.0
2018 138  5 18 2100  -31.1  995.1    3.1   93.0   76.2  444.0
2018 139  5 19 0000  -35.5  993.4    2.1   43.0   70.0  444.0
2018 139  5 19 0300  -32.5  991.8    0.4   58.0   73.3  444.0
2018 139  5 19 0600  -29.2  991.2    0.2  278.0   76.0  444.0
2018 139  5 19 0900  -27.0  990.8    0.4  250.0   79.0  444.0
2018 139  5 19 1200  -29.4  990.5    1.6  249.0   76.0  444.0
2018 139  5 19 1500  -31.9  990.8    1.4  152.0   73.7  444.0
2018 139  5 19 1800  -32.9  990.0    2.8  142.0   72.0  444.0
2018 139  5 19 2100  -36.2  989.2    1.9   52.0   68.7  444.0
2018 140  5 20 0000  -37.8  988.8    1.7   23.0   67.0  444.0
2018 140  5 20 0300  -35.9  989.0    2.4  284.0   70.0  444.0
2018 140  5 20 0600  -37.2  989.6    2.1  228.0   68.0  444.0
2018 140  5 20 0900  -36.8  990.2    0.9  300.0   68.0  444.0
2018 140  5 20 1200  -39.0  991.2  444.0  444.0   66.0  444.0
2018 140  5 20 1500  -35.2  992.1  444.0  444.0   69.0  444.0
2018 140  5 20 1800  -38.4  993.2  444.0  444.0   66.5  444.0
2018 140  5 20 2100  -35.9  994.4  444.0  444.0   70.0  444.0
2018 141  5 21 0000  -37.7  995.6  444.0  444.0   66.9  444.0
2018 141  5 21 0300  -34.0  995.6    2.6  242.0   71.0  444.0
2018 141  5 21 0600  -28.5  996.3    3.9  237.0   76.0  444.0
2018 141  5 21 0900  -25.8  996.8    6.0  234.0   80.0  444.0
2018 141  5 21 1200  -25.8  997.6    5.5  203.0   79.0  444.0
2018 141  5 21 1500  -30.6  998.7    3.6  192.0   75.0  444.0
2018 141  5 21 1800  -34.6 1000.5    4.3  183.0   71.0  444.0
2018 141  5 21 2100  -36.2 1002.7    7.2  185.0   69.0  444.0
2018 142  5 22 0000  -36.0 1004.3    6.2  189.0   70.0  444.0
2018 142  5 22 0300  -36.7 1004.7    7.7  191.0   68.0  444.0
2018 142  5 22 0600  -33.2 1004.7   10.4  190.0   72.2  444.0
2018 142  5 22 0900  -30.9 1003.4   11.2  202.0   74.0  444.0
2018 142  5 22 1200  -31.4 1002.4   12.2  203.0   74.0  444.0
2018 142  5 22 1500  -31.1 1000.8   11.2  202.0   74.0  444.0
2018 142  5 22 1800  -29.5  998.8   13.0  201.0   76.0  444.0
2018 142  5 22 2100  -28.9  998.2   11.9  208.0   76.0  444.0
2018 143  5 23 0000  -28.9  997.5   11.0  203.0   76.0  444.0
2018 143  5 23 0300  -29.0  996.0    9.9  206.0   76.0  444.0
2018 143  5 23 0600  -29.6  994.5    8.8  209.0   76.0  444.0
2018 143  5 23 0900  -31.0  993.4    6.5  216.0   74.0  444.0
2018 143  5 23 1200  -30.1  991.9    5.6  214.0   75.0  444.0
2018 143  5 23 1500  -30.4  989.6    3.6  185.0   75.0  444.0
2018 143  5 23 1800  -31.2  988.2  444.0  444.0   74.0  444.0
2018 143  5 23 2100  -31.2  986.2  444.0  444.0   74.1  444.0
2018 144  5 24 0000  -30.9  984.4  444.0  444.0   74.0  444.0
2018 144  5 24 0300  -27.0  982.2  444.0  444.0   78.0  444.0
2018 144  5 24 0600  -27.6  980.6  444.0  444.0   78.0  444.0
2018 144  5 24 0900  -28.9  979.5    1.4  330.0   76.0  444.0
2018 144  5 24 1200  -30.1  978.5    1.3  215.0   75.0  444.0
2018 144  5 24 1500  -30.2  978.1    2.5  244.0   75.0  444.0
2018 144  5 24 1800  -31.4  977.1    1.9  233.0   78.0  444.0
2018 144  5 24 2100  -28.4  976.9    3.2  219.0   77.0  444.0
2018 145  5 25 0000  -21.3  976.8    6.0  251.0   83.9  444.0
2018 145  5 25 0300  -20.0  977.2    3.5  242.0   85.0  444.0
2018 145  5 25 0600  -23.3  976.5    4.8  317.0   82.4  444.0
2018 145  5 25 0900  -22.1  976.2    4.3  312.0   83.0  444.0
2018 145  5 25 1200  -21.3  976.6    4.8  304.0   84.0  444.0
2018 145  5 25 1500  -24.2  976.7    5.5  329.0   81.0  444.0
2018 145  5 25 1800  -25.8  977.3    5.5  341.0   79.9  444.0
2018 145  5 25 2100  -25.4  978.4    3.2  329.0   80.0  444.0
2018 146  5 26 0000  -28.5  979.2    2.0    4.0   77.3  444.0
2018 146  5 26 0300  -29.5  979.7    4.7  356.0   76.0  444.0
2018 146  5 26 0600  -32.3  980.6    3.5    1.0   73.0  444.0
2018 146  5 26 0900  -31.1  981.7    3.7   23.0   75.0  444.0
2018 146  5 26 1200  -30.6  983.4    1.8   10.0   74.0  444.0
2018 146  5 26 1500  -30.8  985.0  444.0  444.0   74.0  444.0
2018 146  5 26 1800  -24.6  986.8  444.0  444.0   80.0  444.0
2018 146  5 26 2100  -30.7  989.1  444.0  444.0   75.3  444.0
2018 147  5 27 0000  -37.3  991.3    2.8  170.0   69.0  444.0
2018 147  5 27 0300  -33.6  993.4    1.8  187.0   72.0  444.0
2018 147  5 27 0600  -34.6  994.6    1.0  164.0   71.0  444.0
2018 147  5 27 0900  -34.9  995.8    0.7  164.0   70.2  444.0
2018 147  5 27 1200  -37.1  996.3    2.0  231.0   68.0  444.0
2018 147  5 27 1500  -32.5  996.7    3.0  173.0   73.0  444.0
2018 147  5 27 1800  -28.9  996.8    4.4  182.0   76.0  444.0
2018 147  5 27 2100  -28.8  997.1    4.7  167.0   76.0  444.0
2018 148  5 28 0000  -33.6  997.5    3.8  210.0   72.0  444.0
2018 148  5 28 0300  -35.2  997.1    3.5  200.0   70.0  444.0
2018 148  5 28 0600  -33.3  996.3    5.8  204.0   72.0  444.0
2018 148  5 28 0900  -31.3  996.6    6.3  201.0   74.0  444.0
2018 148  5 28 1200  -34.5  996.1    6.1  204.0   70.7  444.0
2018 148  5 28 1500  -35.1  996.3    4.3  213.0   70.0  444.0
2018 148  5 28 1800  -33.6  996.1    5.9  218.0   71.1  444.0
2018 148  5 28 2100  -35.0  996.4    4.5  181.0   70.0  444.0
2018 149  5 29 0000  -38.8  996.4    2.3  308.0   66.0  444.0
2018 149  5 29 0300  -31.2  994.5    3.1  332.0   72.0  444.0
2018 149  5 29 0600  -35.2  992.5    3.7  313.0   70.0  444.0
2018 149  5 29 0900  -34.5  989.9    2.6   25.0   70.0  444.0
2018 149  5 29 1200  -35.1  987.8    2.3  335.0   70.0  444.0
2018 149  5 29 1500  -39.5  985.8    3.3  300.0   65.0  444.0
2018 149  5 29 1800  -31.2  985.6    2.3   14.0   73.3  444.0
2018 149  5 29 2100  -34.2  986.6    1.3   20.0   70.0  444.0
2018 150  5 30 0000  -36.1  988.3    1.2   20.0   69.0  444.0
2018 150  5 30 0300  -35.0  989.6    0.0    0.0   70.0  444.0
2018 150  5 30 0600  -42.2  990.8    1.5  190.0   63.1  444.0
2018 150  5 30 0900  -45.3  991.8    0.5  265.0   59.0  444.0
2018 150  5 30 1200  -41.6  992.1    1.3  214.0   62.9  444.0
2018 150  5 30 1500  -40.0  992.9    2.8  240.0   64.0  444.0
2018 150  5 30 1800  -38.1  993.3    3.6  229.0   66.0  444.0
2018 150  5 30 2100  -37.7  994.1    3.2  202.0   66.9  444.0
2018 151  5 31 0000  -38.3  994.5    2.3  213.0   66.3  444.0
2018 151  5 31 0300  -41.5  995.4    3.1  208.0   62.9  444.0
2018 151  5 31 0600  -41.4  996.7    2.6  240.0   63.0  444.0
2018 151  5 31 0900  -39.2  997.1    2.6  238.0   65.2  444.0
2018 151  5 31 1200  -40.1  997.6    3.3  240.0   64.0  444.0
2018 151  5 31 1500  -32.1  997.6    6.8  219.0   71.8  444.0
2018 151  5 31 1800  -33.8  996.8    5.2  231.0   71.0  444.0
2018 151  5 31 2100  -27.7  996.5    5.5  231.0   77.0  444.0
