Year: 2018  Month: 04  ID: FER  ARGOS:  8947  Name: Ferrell             
Lat: 77.84S  Lon: 170.82E  Elev:   45m
2018  91  4  1 0000  -22.1  997.8    4.9  221.0   74.0  444.0
2018  91  4  1 0300  -22.5  997.8    3.9  203.0   76.0  444.0
2018  91  4  1 0600  -23.5  997.2    4.6  190.0   77.0  444.0
2018  91  4  1 0900  -24.1  996.9    3.3  183.0   75.0  444.0
2018  91  4  1 1200  -24.8  997.5    2.3  213.0   78.0  444.0
2018  91  4  1 1500  -26.1  997.5    3.1  177.0   77.8  444.0
2018  91  4  1 1800  -28.0  998.0    4.4  196.0   80.0  444.0
2018  91  4  1 2100  -31.0  998.8    3.4  234.0   80.7  444.0
2018  92  4  2 0000  -30.2  999.1    3.5  191.0   76.0  444.0
2018  92  4  2 0300  -26.6  999.5    4.3  190.0   78.0  444.0
2018  92  4  2 0600  -26.9 1000.1    6.0  179.0   78.1  444.0
2018  92  4  2 0900  -29.1 1001.2    5.0  194.0   77.0  444.0
2018  92  4  2 1200  -28.5 1001.7    4.8  190.0   77.0  444.0
2018  92  4  2 1500  -29.7 1001.9    4.4  217.0   78.0  444.0
2018  92  4  2 1800  -28.9 1002.0    3.9  212.0   76.6  444.0
2018  92  4  2 2100  -29.3 1002.0    3.4  228.0   76.0  444.0
2018  93  4  3 0000  -26.6 1001.8    3.1  222.0   78.9  444.0
2018  93  4  3 0300  -27.4 1000.8    2.8  211.0   76.9  444.0
2018  93  4  3 0600  -30.2  999.8    2.9  223.0   75.0  444.0
2018  93  4  3 0900  -29.0  998.8    2.7  224.0   77.0  444.0
2018  93  4  3 1200  -29.8  997.4    1.8  221.0   76.0  444.0
2018  93  4  3 1500  -30.4  996.0    2.2  173.0   75.0  444.0
2018  93  4  3 1800  -26.6  995.0    2.6  175.0   79.0  444.0
2018  93  4  3 2100  -24.7  994.5    2.7  176.0   79.7  444.0
2018  94  4  4 0000  -24.6  994.1    2.5  168.0   80.0  444.0
2018  94  4  4 0300  -24.3  993.4    2.6  166.0   80.0  444.0
2018  94  4  4 0600  -23.9  993.1    2.0  218.0   81.6  444.0
2018  94  4  4 0900  -24.4  993.1    2.4  196.0   81.0  444.0
2018  94  4  4 1200  -31.0  992.9    2.2  182.0   75.0  444.0
2018  94  4  4 1500  -29.5  992.5    3.2  238.0   77.0  444.0
2018  94  4  4 1800  -32.0  992.4    2.5  214.0   74.9  444.0
2018  94  4  4 2100  -33.9  992.6    3.5  218.0   72.0  444.0
2018  95  4  5 0000  -35.5  992.3    1.5  246.0   69.0  444.0
2018  95  4  5 0300  -30.2  991.3    4.5  225.0   74.7  444.0
2018  95  4  5 0600  -27.6  991.9    6.1  205.0   77.3  444.0
2018  95  4  5 0900  -27.0  992.2    6.3  201.0   77.4  444.0
2018  95  4  5 1200  -28.4  991.8    5.1  196.0   77.0  444.0
2018  95  4  5 1500  -27.1  992.0    7.8  221.0   78.0  444.0
2018  95  4  5 1800  -30.7  991.5    5.1  216.0   74.0  444.0
2018  95  4  5 2100  -29.7  990.5    5.6  202.0   75.5  444.0
2018  96  4  6 0000  -29.1  989.7    5.0  187.0   76.0  444.0
2018  96  4  6 0300  -28.5  988.3    1.3  177.0   75.0  444.0
2018  96  4  6 0600  -25.8  987.6    3.3  203.0   81.0  444.0
2018  96  4  6 0900  -24.6  986.8    2.8  206.0   80.0  444.0
2018  96  4  6 1200  -23.5  986.3    4.2  220.0   80.0  444.0
2018  96  4  6 1500  -22.1  986.1    6.4  213.0   82.0  444.0
2018  96  4  6 1800  -18.2  985.7    8.4  198.0   78.0  444.0
2018  96  4  6 2100  -23.4  985.8    4.6  225.0   77.4  444.0
2018  97  4  7 0000  -18.2  985.8    6.0  205.0   76.0  444.0
2018  97  4  7 0300  -16.4  985.5    5.9  211.0   76.0  444.0
2018  97  4  7 0600  -18.2  985.5    1.9  211.0   75.3  444.0
2018  97  4  7 0900  -17.4  986.0    3.0  199.0   73.0  444.0
2018  97  4  7 1200  -19.4  986.7    4.0  171.0   83.0  444.0
2018  97  4  7 1500  -21.9  987.9    4.2  229.0   88.0  444.0
2018  97  4  7 1800  -23.7  988.9    3.0  199.0   83.0  444.0
2018  97  4  7 2100  -18.8  989.6    7.2  191.0   86.0  444.0
2018  98  4  8 0000  -19.1  990.6    6.0  195.0   85.2  444.0
2018  98  4  8 0300  -18.3  990.8    6.0  215.0   85.0  444.0
2018  98  4  8 0600  -15.9  991.5    6.2  213.0   83.0  444.0
2018  98  4  8 0900  -20.1  991.7    3.6  307.0   86.0  444.0
2018  98  4  8 1200  -20.4  992.2    1.8  261.0   86.0  444.0
2018  98  4  8 1500  -20.5  991.8    2.5  311.0   86.0  444.0
2018  98  4  8 1800  -19.2  992.7    2.5  278.0   85.0  444.0
2018  98  4  8 2100  -19.3  992.8    3.5  336.0   84.0  444.0
2018  99  4  9 0000  -19.1  993.7    2.7  306.0   87.0  444.0
2018  99  4  9 0300  -19.5  994.0    2.8  273.0   86.0  444.0
2018  99  4  9 0600  -22.2  994.3    2.0  268.0   85.0  444.0
2018  99  4  9 0900  -17.2  994.9    1.6  236.0   86.0  444.0
2018  99  4  9 1200  -20.7  995.4    2.7  320.0   85.0  444.0
2018  99  4  9 1500  -25.4  995.8    2.0  108.0   81.0  444.0
2018  99  4  9 1800  -23.9  996.4    2.2  145.0   83.0  444.0
2018  99  4  9 2100  -28.9  997.2    2.1  235.0   77.0  444.0
2018 100  4 10 0000  -31.0  997.5    2.9  262.0   76.0  444.0
2018 100  4 10 0300  -30.6  997.3    3.1  241.0   75.0  444.0
2018 100  4 10 0600  -26.1  996.3    2.3  270.0   80.0  444.0
2018 100  4 10 0900  -27.6  994.6    1.4  269.0   80.0  444.0
2018 100  4 10 1200  -30.7  993.3    3.0  249.0   75.0  444.0
2018 100  4 10 1500  -30.2  991.1    2.9  175.0   75.9  444.0
2018 100  4 10 1800  -33.1  990.3    2.5  233.0   73.0  444.0
2018 100  4 10 2100  -32.9  989.6    3.7  280.0   74.0  444.0
2018 101  4 11 0000  -23.2  990.1    4.2  208.0   82.0  444.0
2018 101  4 11 0300  -21.2  989.8    3.9  240.0   83.6  444.0
2018 101  4 11 0600  -21.5  990.0    3.4  233.0   82.0  444.0
2018 101  4 11 0900  -21.7  991.5    0.7  299.0   83.0  444.0
2018 101  4 11 1200  -20.4  991.8    3.5  219.0   74.0  444.0
2018 101  4 11 1500  -22.4  991.6    3.9  159.0   71.0  444.0
2018 101  4 11 1800  -23.7  992.0    1.5   29.0   63.5  444.0
2018 101  4 11 2100  -25.7  991.1    2.9  105.0   74.0  444.0
2018 102  4 12 0000  -31.9  989.9    3.7  106.0   76.6  444.0
2018 102  4 12 0300  -26.2  988.5    6.5  125.0   67.0  444.0
2018 102  4 12 0600  -26.3  987.4    7.8  106.0   68.8  444.0
2018 102  4 12 0900  -27.7  987.1    5.2  140.0   73.0  444.0
2018 102  4 12 1200  -27.5  986.5    4.4  210.0   77.1  444.0
2018 102  4 12 1500  -28.0  986.0    3.1  202.0   76.0  444.0
2018 102  4 12 1800  -29.1  985.3    4.0  215.0   76.0  444.0
2018 102  4 12 2100  -32.4  985.0    2.3  231.0   75.0  444.0
2018 103  4 13 0000  -33.0  984.5    4.1  224.0   75.0  444.0
2018 103  4 13 0300  -34.0  983.4    3.7  237.0   70.0  444.0
2018 103  4 13 0600  -29.6  981.9    5.1  234.0   75.0  444.0
2018 103  4 13 0900  -28.1  981.3    4.4  218.0   76.3  444.0
2018 103  4 13 1200  -29.9  980.3    7.5  212.0   75.0  444.0
2018 103  4 13 1500  -30.9  980.0    5.2  212.0   70.8  444.0
2018 103  4 13 1800  -32.7  979.2    7.3  208.0   67.0  444.0
2018 103  4 13 2100  -33.6  979.6    4.4  191.0   69.0  444.0
2018 104  4 14 0000  -36.5  979.9    5.2  215.0   69.0  444.0
2018 104  4 14 0300  -35.6  980.3    6.7  245.0   72.5  444.0
2018 104  4 14 0600  -34.8  980.6    3.6  185.0   68.0  444.0
2018 104  4 14 0900  -32.8  980.7    3.4  179.0   72.0  444.0
2018 104  4 14 1200  -37.2  982.3    2.9  274.0   70.0  444.0
2018 104  4 14 1500  -35.4  982.4    4.2  289.0   70.0  444.0
2018 104  4 14 1800  -35.1  981.8    3.4  278.0   73.0  444.0
2018 104  4 14 2100  -32.5  981.3    4.6  324.0   73.6  444.0
2018 105  4 15 0000  -33.2  980.6    3.2  303.0   71.0  444.0
2018 105  4 15 0300  -31.1  980.4    3.6   19.0   74.0  444.0
2018 105  4 15 0600  -33.3  979.2    4.2   21.0   72.0  444.0
2018 105  4 15 0900  -35.4  979.5    3.0  108.0   68.2  444.0
2018 105  4 15 1200  -37.6  980.8    2.4   67.0   67.0  444.0
2018 105  4 15 1500  -37.7  981.3    1.2  352.0   64.0  444.0
2018 105  4 15 1800  -33.5  982.5    4.0  326.0   72.0  444.0
2018 105  4 15 2100  -29.8  983.6    1.7  318.0   75.0  444.0
2018 106  4 16 0000  -26.4  985.8    3.8  307.0   79.0  444.0
2018 106  4 16 0300  -24.0  987.4    5.3  262.0   83.0  444.0
2018 106  4 16 0600  -22.5  990.1    7.5  199.0   71.0  444.0
2018 106  4 16 0900  -28.3  993.5    3.6  303.0   81.0  444.0
2018 106  4 16 1200  -27.6  995.2    2.5  186.0   76.8  444.0
2018 106  4 16 1500  -29.2  996.3    3.7  309.0   80.0  444.0
2018 106  4 16 1800  -29.6  998.7    2.9  105.0   81.0  444.0
2018 106  4 16 2100  -23.6  998.9    2.2   99.0   83.0  444.0
2018 107  4 17 0000  -31.3  998.1    3.2   75.0   74.7  444.0
2018 107  4 17 0300  -33.7  997.4    3.5   68.0   73.0  444.0
2018 107  4 17 0600  -29.1  996.8    2.6   34.0   75.5  444.0
2018 107  4 17 0900  -29.3  995.5    2.1  349.0   76.0  444.0
2018 107  4 17 1200  -29.8  994.6    1.0  326.0   76.6  444.0
2018 107  4 17 1500  -35.9  994.9    0.7  154.0   69.6  444.0
2018 107  4 17 1800  -32.4  995.0    1.1   17.0   76.0  444.0
2018 107  4 17 2100  -34.3  994.4    2.0   15.0   71.0  444.0
2018 108  4 18 0000  -34.0  992.6    2.9   59.0   70.0  444.0
2018 108  4 18 0300  -32.0  990.1    3.9   61.0   72.7  444.0
2018 108  4 18 0600  -27.8  988.7    2.8   75.0   78.0  444.0
2018 108  4 18 0900  -24.3  987.2    1.3   52.0   81.0  444.0
2018 108  4 18 1200  -22.9  988.6    1.7  150.0   83.0  444.0
2018 108  4 18 1500  -23.8  991.1    2.5  162.0   82.0  444.0
2018 108  4 18 1800  -30.4  993.2    3.0  212.0   74.0  444.0
2018 108  4 18 2100  -29.7  995.7    6.3  188.0   76.0  444.0
2018 109  4 19 0000  -30.1  997.8    9.8  193.0   75.0  444.0
2018 109  4 19 0300  -31.3  999.0    9.4  198.0   74.1  444.0
2018 109  4 19 0600  -33.1 1001.0    4.4  215.0   72.0  444.0
2018 109  4 19 0900  -32.4 1001.5    6.3  206.0   73.0  444.0
2018 109  4 19 1200  -33.6 1000.7    5.4  184.0   72.0  444.0
2018 109  4 19 1500  -34.5  999.6    4.0  218.0   71.0  444.0
2018 109  4 19 1800  -36.0  998.2    4.1  209.0   69.0  444.0
2018 109  4 19 2100  -33.5  997.3    5.9  200.0   71.7  444.0
2018 110  4 20 0000  -35.0  996.5    4.5  203.0   70.0  444.0
2018 110  4 20 0300  -35.9  995.7    4.2  205.0   68.9  444.0
2018 110  4 20 0600  -35.6  995.0    5.5  209.0   69.5  444.0
2018 110  4 20 0900  -38.4  994.6    3.1  248.0   67.0  444.0
2018 110  4 20 1200  -38.0  993.8    4.1  220.0   67.0  444.0
2018 110  4 20 1500  -40.5  992.6    2.2  234.0   64.0  444.0
2018 110  4 20 1800  -40.2  992.2    3.6  223.0   65.0  444.0
2018 110  4 20 2100  -34.8  991.7    3.5  235.0   68.0  444.0
2018 111  4 21 0000  -37.0  991.7    2.0  234.0   67.0  444.0
2018 111  4 21 0300  -39.6  991.1    3.0  232.0   65.0  444.0
2018 111  4 21 0600  -39.0  991.1    3.6  225.0   66.0  444.0
2018 111  4 21 0900  -41.1  991.3    2.3  219.0   64.0  444.0
2018 111  4 21 1200  -38.4  991.0    2.8  198.0   65.2  444.0
2018 111  4 21 1500  -40.5  990.3    2.2  181.0   64.0  444.0
2018 111  4 21 1800  -39.5  989.6    1.7  178.0   65.0  444.0
2018 111  4 21 2100  -33.3  989.5    0.6  145.0   71.0  444.0
2018 112  4 22 0000  -34.9  988.9    2.6  138.0   68.4  444.0
2018 112  4 22 0300  -41.0  988.9    2.3  152.0   64.0  444.0
2018 112  4 22 0600  -37.2  989.9    2.5  187.0   67.1  444.0
2018 112  4 22 0900  -34.3  991.1    2.8  168.0   70.0  444.0
2018 112  4 22 1200  -33.7  992.2    3.6  210.0   71.0  444.0
2018 112  4 22 1500  -33.5  992.9    4.4  214.0   71.2  444.0
2018 112  4 22 1800  -32.0  993.4    3.6  209.0   73.0  444.0
2018 112  4 22 2100  -32.9  993.6    3.9  204.0   72.0  444.0
2018 113  4 23 0000  -33.5  993.4    7.8  204.0   71.0  444.0
2018 113  4 23 0300  -34.9  993.3    7.1  209.0   69.5  444.0
2018 113  4 23 0600  -34.8  992.3    6.9  200.0   70.0  444.0
2018 113  4 23 0900  -31.5  991.3   10.8  205.0   74.0  444.0
2018 113  4 23 1200  -28.4  989.1   11.6  197.0   76.0  444.0
2018 113  4 23 1500  -32.1  987.6    9.9  211.0   73.7  444.0
2018 113  4 23 1800  -31.4  985.8    9.4  216.0   74.0  444.0
2018 113  4 23 2100  -31.9  984.2    8.8  225.0   74.0  444.0
2018 114  4 24 0000  -31.5  982.0    8.7  206.0   73.2  444.0
2018 114  4 24 0300  -31.2  979.1    9.6  214.0   74.2  444.0
2018 114  4 24 0600  -33.2  977.4    4.2  202.0   71.0  444.0
2018 114  4 24 0900  -30.6  974.2    6.7  217.0   74.0  444.0
2018 114  4 24 1200  -28.5  971.0    6.4  237.0   77.0  444.0
2018 114  4 24 1500  -23.3  967.7    7.5  245.0   81.0  444.0
2018 114  4 24 1800  -21.5  964.4    6.7  250.0   83.5  444.0
2018 114  4 24 2100  -18.9  961.5    6.8  250.0   87.0  444.0
2018 115  4 25 0000  -15.9  959.5    8.4  250.0   89.0  444.0
2018 115  4 25 0300  -13.1  957.4    9.7  252.0   91.0  444.0
2018 115  4 25 0600  -12.4  955.6    8.8  260.0   91.9  444.0
2018 115  4 25 0900  -12.4  954.9    9.5  251.0   92.0  444.0
2018 115  4 25 1200  -10.9  954.5   11.7  252.0   93.0  444.0
2018 115  4 25 1500  -12.6  955.8   12.8  223.0   91.8  444.0
2018 115  4 25 1800  -12.7  956.3   15.6  216.0   92.0  444.0
2018 115  4 25 2100  -12.5  958.6   14.6  201.0   92.0  444.0
2018 116  4 26 0000  -13.1  960.5   12.8  189.0   90.4  444.0
2018 116  4 26 0300  -13.7  963.7    9.2  223.0   90.0  444.0
2018 116  4 26 0600  -18.7  967.4   12.1  228.0   86.8  444.0
2018 116  4 26 0900  -15.6  973.7   12.4  182.0   89.0  444.0
2018 116  4 26 1200  -19.6  978.9   11.3  187.0   85.4  444.0
2018 116  4 26 1500  -21.3  982.8    9.5  217.0   84.0  444.0
2018 116  4 26 1800  -23.6  983.7    3.4  231.0   83.0  444.0
2018 116  4 26 2100  -22.1  983.3    4.9  234.0   84.0  444.0
2018 117  4 27 0000  -21.7  982.7    5.0  215.0   84.0  444.0
2018 117  4 27 0300  -21.1  982.0    7.0  195.0   84.0  444.0
2018 117  4 27 0600  -22.2  981.2    8.2  178.0   83.0  444.0
2018 117  4 27 0900  -26.2  981.4    2.2  182.0   79.5  444.0
2018 117  4 27 1200  -30.0  980.8    4.3  207.0   76.0  444.0
2018 117  4 27 1500  -28.6  979.2    5.1  204.0   77.0  444.0
2018 117  4 27 1800  -26.1  977.7    6.4  210.0   82.0  444.0
2018 117  4 27 2100  -25.7  977.0    6.4  202.0   79.1  444.0
2018 118  4 28 0000  -25.8  975.7    4.1  244.0   79.0  444.0
2018 118  4 28 0300  -25.2  973.8    5.1  283.0   80.0  444.0
2018 118  4 28 0600  -27.5  972.2    4.4  275.0   78.0  444.0
2018 118  4 28 0900  -20.0  971.1    5.3  229.0   85.0  444.0
2018 118  4 28 1200  -19.5  970.3   11.8  218.0   85.0  444.0
2018 118  4 28 1500  -20.3  969.9   11.2  208.0   85.0  444.0
2018 118  4 28 1800  -20.9  968.9   10.6  198.0   84.0  444.0
2018 118  4 28 2100  -21.4  968.7    7.7  218.0   83.0  444.0
2018 119  4 29 0000  -21.1  967.8    8.6  213.0   82.5  444.0
2018 119  4 29 0300  -22.7  967.2    7.9  216.0   82.2  444.0
2018 119  4 29 0600  -21.5  966.9   11.3  217.0   82.0  444.0
2018 119  4 29 0900  -22.0  968.1   10.2  202.0   81.0  444.0
2018 119  4 29 1200  -21.0  969.0    9.3  208.0   80.4  444.0
2018 119  4 29 1500  -19.9  969.7   13.2  212.0   85.0  444.0
2018 119  4 29 1800  -20.8  971.5   12.0  213.0   84.0  444.0
2018 119  4 29 2100  -20.8  973.8   12.7  206.0   84.0  444.0
2018 120  4 30 0000  -21.7  976.1   13.0  205.0   82.0  444.0
2018 120  4 30 0300  -24.3  978.6    7.2  189.0   79.0  444.0
2018 120  4 30 0600  -24.6  979.5    8.4  185.0   78.9  444.0
2018 120  4 30 0900  -25.3  981.1    6.6  175.0   75.0  444.0
2018 120  4 30 1200  -26.3  982.0    5.7  160.0   73.0  444.0
2018 120  4 30 1500  -26.1  982.3    2.0  179.0   71.0  444.0
2018 120  4 30 1800  -26.4  982.4    1.5  233.0   75.0  444.0
2018 120  4 30 2100  -26.2  982.1    2.6  212.0   75.0  444.0
