Year: 2018  Month: 11  ID: FER  ARGOS:  8947  Name: Ferrell             
Lat: 77.84S  Lon: 170.82E  Elev:   45m
2018 305 11  1 0000  -14.8  974.1    4.6  168.0   67.0  444.0
2018 305 11  1 0300  -13.7  974.4    6.6  180.0   66.0  444.0
2018 305 11  1 0600  -13.9  975.1    5.6  169.0   67.0  444.0
2018 305 11  1 0900  -15.5  976.2    2.6  155.0   78.0  444.0
2018 305 11  1 1200  -16.0  976.5    5.1  165.0   75.0  444.0
2018 305 11  1 1500  -16.9  976.5    4.5  165.0   83.0  444.0
2018 305 11  1 1800  -16.3  976.7    7.2  165.0   71.0  444.0
2018 305 11  1 2100  -16.9  977.0    7.5  165.0   66.0  444.0
2018 306 11  2 0000  -16.5  976.7    9.1  184.0   72.8  444.0
2018 306 11  2 0300  -17.4  976.4    8.9  192.0   80.0  444.0
2018 306 11  2 0600  -17.8  976.6    5.8  193.0   81.0  444.0
2018 306 11  2 0900  -17.8  975.8    8.1  200.0   82.0  444.0
2018 306 11  2 1200  -20.8  975.8    6.4  194.0   83.0  444.0
2018 306 11  2 1500  -20.5  975.3    6.7  214.0   83.8  444.0
2018 306 11  2 1800  -17.9  975.3   10.3  188.0   86.0  444.0
2018 306 11  2 2100  -17.2  976.7   10.7  182.0   86.0  444.0
2018 307 11  3 0000  -16.6  977.3   11.3  183.0   86.0  444.0
2018 307 11  3 0300  -16.4  977.8   11.6  189.0   85.0  444.0
2018 307 11  3 0600  -16.8  978.7    9.2  184.0   82.0  444.0
2018 307 11  3 0900  -17.0  978.9    6.8  194.0   76.0  444.0
2018 307 11  3 1200  -19.1  979.6    3.9  215.0   74.0  444.0
2018 307 11  3 1500  -18.3  979.7    2.3  222.0   74.0  444.0
2018 307 11  3 1800  -17.6  980.1    2.2  220.0   72.0  444.0
2018 307 11  3 2100  -16.9  980.9    1.5  215.0   68.0  444.0
2018 308 11  4 0000  -15.2  981.6    1.2  202.0   53.0  444.0
2018 308 11  4 0300  -16.0  981.5    2.1  167.0   63.5  444.0
2018 308 11  4 0600  -17.4  981.3    1.6  154.0   73.0  444.0
2018 308 11  4 0900  -16.5  981.1    0.0    0.0   67.0  444.0
2018 308 11  4 1200  -18.8  980.1    1.4  191.0   80.0  444.0
2018 308 11  4 1500  -19.2  978.9    0.7  133.0   79.0  444.0
2018 308 11  4 1800  -19.4  977.6    0.2  132.0   74.0  444.0
2018 308 11  4 2100  -19.6  976.7    2.3  342.0   72.0  444.0
2018 309 11  5 0000  -16.0  975.5    4.3  279.0   67.0  444.0
2018 309 11  5 0300  -13.5  974.0    6.5  239.0   73.0  444.0
2018 309 11  5 0600  -13.1  973.6   10.3  226.0   88.0  444.0
2018 309 11  5 0900  -16.2  974.9    7.4  220.0   87.0  444.0
2018 309 11  5 1200  -16.9  976.0    5.1  214.0   85.0  444.0
2018 309 11  5 1500  -17.8  978.1    6.1  216.0   84.0  444.0
2018 309 11  5 1800  -18.5  978.7    5.0  213.0   80.9  444.0
2018 309 11  5 2100  -16.4  978.8    4.6  247.0   76.0  444.0
2018 310 11  6 0000  -12.0  978.8    2.8  250.0   80.0  444.0
2018 310 11  6 0300  -11.3  978.5    5.0  247.0   83.0  444.0
2018 310 11  6 0600  -11.3  978.4    2.2  256.0   83.0  444.0
2018 310 11  6 0900  -12.0  978.3    2.6  301.0   86.0  444.0
2018 310 11  6 1200  -12.5  978.3    1.8   19.0   85.2  444.0
2018 310 11  6 1500  -13.5  978.0    3.0   31.0   88.0  444.0
2018 310 11  6 1800  -13.9  978.5    2.1   47.0   86.0  444.0
2018 310 11  6 2100  -11.6  979.4    0.0   71.0   68.0  444.0
2018 311 11  7 0000  -10.9  979.5    1.0  210.0   80.0  444.0
2018 311 11  7 0300  -12.9  979.9    6.2  164.0   86.0  444.0
2018 311 11  7 0600  -14.2  980.0    4.0  204.0   71.0  444.0
2018 311 11  7 0900  -15.8  979.5    4.2  232.0   81.8  444.0
2018 311 11  7 1200  -16.7  978.5    4.7  230.0   72.0  444.0
2018 311 11  7 1500  -17.2  976.6    7.7  240.0   70.6  444.0
2018 311 11  7 1800  -15.2  976.4   10.9  217.0   86.0  444.0
2018 311 11  7 2100  -13.8  975.4   11.6  209.0   87.0  444.0
2018 312 11  8 0000  -12.8  974.3   12.7  208.0   88.0  444.0
2018 312 11  8 0300  -12.0  973.1   10.2  213.0   88.8  444.0
2018 312 11  8 0600  -11.2  971.7   11.9  221.0   87.0  444.0
2018 312 11  8 0900  -12.2  969.8    9.8  223.0   82.0  444.0
2018 312 11  8 1200  -13.1  968.1   10.8  230.0   78.0  444.0
2018 312 11  8 1500  -13.1  966.6   12.1  216.0   67.0  444.0
2018 312 11  8 1800  -13.6  965.8    8.4  220.0   71.4  444.0
2018 312 11  8 2100  -13.1  965.5    6.7  221.0   67.0  444.0
2018 313 11  9 0000  -12.4  963.7   12.0  206.0   77.0  444.0
2018 313 11  9 0300  -10.1  962.8   10.1  216.0   75.5  444.0
2018 313 11  9 0600   -8.3  962.2    8.7  226.0   62.4  444.0
2018 313 11  9 0900   -7.9  961.9    9.4  229.0   69.0  444.0
2018 313 11  9 1200   -8.0  961.3    8.9  225.0   66.0  444.0
2018 313 11  9 1500   -8.0  960.7    9.5  231.0   91.0  444.0
2018 313 11  9 1800   -6.9  960.9   14.9  219.0   94.0  444.0
2018 313 11  9 2100   -7.2  962.6   12.2  208.0   93.0  444.0
2018 314 11 10 0000   -7.2  964.5    8.7  204.0   91.3  444.0
2018 314 11 10 0300   -7.2  965.9    8.5  216.0   92.0  444.0
2018 314 11 10 0600   -6.9  967.1   10.5  200.0   92.5  444.0
2018 314 11 10 0900   -7.2  968.4    8.2  214.0   92.0  444.0
2018 314 11 10 1200   -7.5  969.0    5.6  195.0   92.3  444.0
2018 314 11 10 1500   -7.5  969.1    4.9  228.0   92.0  444.0
2018 314 11 10 1800   -5.8  968.6    5.8  236.0   85.0  444.0
2018 314 11 10 2100   -6.1  968.2    8.5  213.0   88.0  444.0
2018 315 11 11 0000   -7.1  967.6    7.5  205.0   86.8  444.0
2018 315 11 11 0300   -9.0  967.2    8.9  191.0   88.0  444.0
2018 315 11 11 0600   -9.7  967.3    7.8  223.0   88.0  444.0
2018 315 11 11 0900  -10.3  967.0    8.7  202.0   90.0  444.0
2018 315 11 11 1200  -10.1  967.1    8.4  198.0   91.0  444.0
2018 315 11 11 1500  -10.7  967.0    6.0  209.0   90.7  444.0
2018 315 11 11 1800   -9.1  966.6    7.5  199.0   90.0  444.0
2018 315 11 11 2100   -9.0  966.3    6.3  202.0   89.0  444.0
2018 316 11 12 0000   -8.8  965.7    7.6  211.0   89.0  444.0
2018 316 11 12 0300   -8.8  965.2    6.3  204.0   87.7  444.0
2018 316 11 12 0600   -9.1  964.7    5.0  213.0   88.0  444.0
2018 316 11 12 0900  -11.3  964.3    3.4  221.0   92.0  444.0
2018 316 11 12 1200  -10.7  963.9    4.8  212.0   91.0  444.0
2018 316 11 12 1500  -12.2  964.1    4.9  170.0   90.0  444.0
2018 316 11 12 1800  -13.3  964.6    2.5  180.0   88.0  444.0
2018 316 11 12 2100  -12.6  965.3    2.8  181.0   87.0  444.0
2018 317 11 13 0000  -12.1  965.8    2.9  172.0   84.0  444.0
2018 317 11 13 0300  -12.7  966.4    2.9  187.0   82.0  444.0
2018 317 11 13 0600  -14.3  967.2    2.6  202.0   85.0  444.0
2018 317 11 13 0900  -17.2  968.1    2.2  202.0   82.8  444.0
2018 317 11 13 1200  -18.7  968.9    1.7  246.0   86.0  444.0
2018 317 11 13 1500  -19.4  969.6    1.9  231.0   84.0  444.0
2018 317 11 13 1800  -18.8  970.4    2.1  212.0   83.0  444.0
2018 317 11 13 2100  -15.3  971.6    2.9  219.0   80.9  444.0
2018 318 11 14 0000  -12.4  972.2    4.0  210.0   77.0  444.0
2018 318 11 14 0300  -12.4  972.6    5.1  198.0   84.0  444.0
2018 318 11 14 0600  -13.2  972.9    5.0  213.0   86.0  444.0
2018 318 11 14 0900  -13.4  973.0    4.9  213.0   83.0  444.0
2018 318 11 14 1200  -14.9  973.0    3.4  199.0   79.0  444.0
2018 318 11 14 1500  -18.2  972.8    3.1  183.0   82.0  444.0
2018 318 11 14 1800  -19.3  973.0    2.6  192.0   82.0  444.0
2018 318 11 14 2100  -17.1  973.3    1.5  199.0   75.0  444.0
2018 319 11 15 0000  -13.5  973.6    1.7  168.0   75.1  444.0
2018 319 11 15 0300  -12.7  973.5    1.8  144.0   77.0  444.0
2018 319 11 15 0600  -13.1  973.4    2.4  185.0   76.0  444.0
2018 319 11 15 0900  -14.6  973.4    1.5  140.0   87.0  444.0
2018 319 11 15 1200  -15.7  973.3    1.2   89.0   87.0  444.0
2018 319 11 15 1500  -18.4  973.3    0.6  173.0   87.0  444.0
2018 319 11 15 1800  -19.8  973.6    2.8  199.0   81.0  444.0
2018 319 11 15 2100  -17.3  974.0    1.3  224.0   73.0  444.0
2018 320 11 16 0000  -13.3  974.1    1.1  281.0   74.5  444.0
2018 320 11 16 0300  -12.6  974.4    2.1  197.0   79.0  444.0
2018 320 11 16 0600  -12.7  974.3    1.9  260.0   70.0  444.0
2018 320 11 16 0900  -15.5  974.6    2.8  244.0   82.0  444.0
2018 320 11 16 1200  -15.7  975.1    2.5  195.0   83.0  444.0
2018 320 11 16 1500  -15.9  975.3    1.3  226.0   81.0  444.0
2018 320 11 16 1800  -15.7  976.2    1.7  151.0   89.0  444.0
2018 320 11 16 2100  -15.1  976.9    1.0   94.0   71.0  444.0
2018 321 11 17 0000  -13.3  977.9    1.9   52.0   77.0  444.0
2018 321 11 17 0300  -12.5  978.7    1.7   33.0   74.6  444.0
2018 321 11 17 0600  -13.9  979.6    2.5   60.0   78.0  444.0
2018 321 11 17 0900  -16.7  980.5    3.5   56.0   82.0  444.0
2018 321 11 17 1200  -17.8  981.6    3.1   37.0   75.0  444.0
2018 321 11 17 1500  -19.0  982.2    2.9   43.0   76.9  444.0
2018 321 11 17 1800  -16.7  982.9    0.6  158.0   69.7  444.0
2018 321 11 17 2100  -16.1  983.6    1.6   96.0   82.0  444.0
2018 322 11 18 0000  444.0  984.3    0.9   49.0   72.1  444.0
2018 322 11 18 0300  444.0  984.7    0.3    9.0   69.0  444.0
2018 322 11 18 0600  -10.4  985.1    1.0   22.0   76.0  444.0
2018 322 11 18 0900  -13.0  985.2    0.2  341.0   90.0  444.0
2018 322 11 18 1200  -17.5  984.8    0.1  332.0   86.0  444.0
2018 322 11 18 1500  -21.7  983.5    2.9  119.0   89.0  444.0
2018 322 11 18 1800  -21.5  982.6    2.3  183.0   82.0  444.0
2018 322 11 18 2100  -15.8  981.0    2.1  167.0   83.5  444.0
2018 323 11 19 0000  -12.7  979.7    3.3  171.0   77.0  444.0
2018 323 11 19 0300  -12.0  977.6    1.9  148.0   70.0  444.0
2018 323 11 19 0600  -13.8  975.8    1.8  269.0   77.0  444.0
2018 323 11 19 0900  -13.0  973.7    0.1  152.0   65.0  444.0
2018 323 11 19 1200  -17.9  971.3    3.5  331.0   85.7  444.0
2018 323 11 19 1500  -18.5  969.1    2.6  350.0   85.0  444.0
2018 323 11 19 1800  -20.6  967.9    1.2  238.0   82.7  444.0
2018 323 11 19 2100  -14.4  966.7    5.0  177.0   66.0  444.0
2018 324 11 20 0000  -12.3  965.4   11.5  222.0   71.0  444.0
2018 324 11 20 0300  -13.2  964.7    9.9  216.0   80.0  444.0
2018 324 11 20 0600  -13.7  965.2    7.2  205.0   84.0  444.0
2018 324 11 20 0900  -16.9  966.2    6.9  212.0   85.0  444.0
2018 324 11 20 1200  -19.5  967.0    5.7  215.0   84.0  444.0
2018 324 11 20 1500  -20.5  967.8    5.3  218.0   82.8  444.0
2018 324 11 20 1800  -17.6  968.9    6.1  209.0   83.0  444.0
2018 324 11 20 2100  -14.6  970.1    7.9  208.0   79.0  444.0
2018 325 11 21 0000  -12.3  971.0    5.4  230.0   72.0  444.0
2018 325 11 21 0300  -10.6  970.9    7.9  245.0   71.3  444.0
2018 325 11 21 0600  -10.3  969.7    9.0  258.0   72.0  444.0
2018 325 11 21 0900  -11.0  968.0    7.2  254.0   74.2  444.0
2018 325 11 21 1200  -12.1  967.2   10.6  229.0   79.0  444.0
2018 325 11 21 1500  -14.6  966.8    5.7  219.0   75.4  444.0
2018 325 11 21 1800   -7.5  965.9   10.9  238.0   93.0  444.0
2018 325 11 21 2100   -9.7  967.3   11.2  191.0   88.0  444.0
2018 326 11 22 0000  -10.0  969.6   10.8  205.0   84.0  444.0
2018 326 11 22 0300   -8.3  969.5   11.6  217.0   88.0  444.0
2018 326 11 22 0600  -10.6  971.5   11.8  190.0   85.0  444.0
2018 326 11 22 0900  -13.2  974.2   10.3  195.0   87.0  444.0
2018 326 11 22 1200  -17.1  977.4    6.8  185.0   84.0  444.0
2018 326 11 22 1500  -18.5  980.5    8.7  200.0   83.0  444.0
2018 326 11 22 1800  -18.0  982.6   10.5  211.0   83.0  444.0
2018 326 11 22 2100  -15.4  982.4    8.7  216.0   85.0  444.0
2018 327 11 23 0000  -10.8  981.1    8.5  226.0   78.0  444.0
2018 327 11 23 0300   -8.7  979.6    8.8  224.0   84.0  444.0
2018 327 11 23 0600   -7.6  979.0    7.3  214.0   77.0  444.0
2018 327 11 23 0900   -9.6  978.3    5.3  226.0   75.0  444.0
2018 327 11 23 1200  -10.8  978.0    5.6  193.0   75.0  444.0
2018 327 11 23 1500  -12.7  978.4    6.6  202.0   81.0  444.0
2018 327 11 23 1800  -10.8  979.0    8.8  228.0   81.0  444.0
2018 327 11 23 2100  -10.0  979.2   11.9  203.0   83.0  444.0
2018 328 11 24 0000   -9.1  980.0   11.1  198.0   83.3  444.0
2018 328 11 24 0300   -7.3  980.3    8.1  216.0   82.8  444.0
2018 328 11 24 0600   -6.8  980.0    7.7  226.0   77.0  444.0
2018 328 11 24 0900   -8.5  979.7    4.7  234.0   74.0  444.0
2018 328 11 24 1200  -10.5  978.6    4.0  256.0   62.2  444.0
2018 328 11 24 1500  -12.5  977.6    3.3  201.0   72.0  444.0
2018 328 11 24 1800  -11.0  977.2    4.6  202.0   70.0  444.0
2018 328 11 24 2100   -8.8  976.3    3.6  182.0   68.0  444.0
2018 329 11 25 0000   -6.6  975.7    2.8  186.0   65.0  444.0
2018 329 11 25 0300  444.0  975.1    0.3  168.0   59.8  444.0
2018 329 11 25 0600   -7.0  973.8    2.0  306.0   76.0  444.0
2018 329 11 25 0900   -8.9  972.9    3.0  282.0   68.0  444.0
2018 329 11 25 1200  -12.8  973.6    5.9  213.0   85.0  444.0
2018 329 11 25 1500  -12.6  974.5    8.4  215.0   84.0  444.0
2018 329 11 25 1800  -12.1  975.6   12.1  206.0   87.0  444.0
2018 329 11 25 2100  -11.9  976.8   13.2  218.0   85.0  444.0
2018 330 11 26 0000   -9.4  977.3   13.1  211.0   82.0  444.0
2018 330 11 26 0300   -8.1  977.0   12.2  202.0   87.0  444.0
2018 330 11 26 0600   -7.8  977.6   10.5  209.0   87.0  444.0
2018 330 11 26 0900   -9.2  978.4    7.0  208.0   87.0  444.0
2018 330 11 26 1200  -12.6  978.7    5.8  227.0   88.0  444.0
2018 330 11 26 1500  -13.9  978.9    5.8  232.0   86.2  444.0
2018 330 11 26 1800  -13.6  978.8    5.2  199.0   85.0  444.0
2018 330 11 26 2100  -12.0  979.2    5.4  227.0   82.0  444.0
2018 331 11 27 0000   -9.2  979.7    5.1  201.0   77.6  444.0
2018 331 11 27 0300   -7.8  980.0    5.0  206.0   78.2  444.0
2018 331 11 27 0600   -8.5  981.0    5.2  224.0   83.0  444.0
2018 331 11 27 0900  -10.9  982.4    4.2  212.0   85.0  444.0
2018 331 11 27 1200  -11.9  984.3    6.2  213.0   78.9  444.0
2018 331 11 27 1500  -12.4  985.3    8.5  203.0   80.0  444.0
2018 331 11 27 1800  -12.0  985.8    7.4  198.0   77.3  444.0
2018 331 11 27 2100   -9.9  986.8    6.7  226.0   76.0  444.0
2018 332 11 28 0000   -8.3  986.9    7.4  205.0   71.0  444.0
2018 332 11 28 0300   -7.2  987.2    3.6  191.0   74.0  444.0
2018 332 11 28 0600   -7.4  987.2    1.6  202.0   72.3  444.0
2018 332 11 28 0900  -11.1  987.3    2.2  257.0   82.0  444.0
2018 332 11 28 1200  -12.6  987.1    0.8  169.0   79.0  444.0
2018 332 11 28 1500  -13.3  986.7    1.4   45.0   88.9  444.0
2018 332 11 28 1800  -15.0  986.9    2.6   40.0   86.0  444.0
2018 332 11 28 2100  -10.2  986.8    3.3   46.0   82.4  444.0
2018 333 11 29 0000   -5.8  986.9    3.4   27.0   83.0  444.0
2018 333 11 29 0300   -4.4  986.4    3.5   20.0   85.0  444.0
2018 333 11 29 0600   -5.1  986.5    2.0    3.0   83.0  444.0
2018 333 11 29 0900   -8.2  986.3    1.4   43.0   82.0  444.0
2018 333 11 29 1200  -11.1  986.1    2.3  285.0   95.0  444.0
2018 333 11 29 1500  -14.7  985.6    2.5  232.0   87.0  444.0
2018 333 11 29 1800  -14.0  985.2    2.2  253.0   84.0  444.0
2018 333 11 29 2100  -12.3  984.7    4.1  215.0   84.0  444.0
2018 334 11 30 0000   -9.4  983.9    3.0  161.0   76.5  444.0
2018 334 11 30 0300  444.0  982.8    0.3  236.0   63.0  444.0
2018 334 11 30 0600  444.0  981.8    0.6   41.0   74.0  444.0
2018 334 11 30 0900   -9.5  980.5    2.9   49.0   82.0  444.0
2018 334 11 30 1200   -9.4  979.2    3.9   34.0   84.8  444.0
2018 334 11 30 1500   -9.1  978.7    3.0   40.0   87.0  444.0
2018 334 11 30 1800   -9.1  978.7    0.6  318.0   87.0  444.0
2018 334 11 30 2100   -7.4  978.8    0.6  240.0   82.0  444.0
