Year: 2018  Month: 08  ID: FER  ARGOS:  8947  Name: Ferrell             
Lat: 77.84S  Lon: 170.82E  Elev:   45m
2018 213  8  1 0000  -38.5 1005.4  444.0  444.0   64.0  444.0
2018 213  8  1 0300  -34.1 1004.1  444.0  444.0   65.0  444.0
2018 213  8  1 0600  -37.6 1002.7  444.0  444.0   74.0  444.0
2018 213  8  1 0900  -36.4 1001.7  444.0  444.0   69.0  444.0
2018 213  8  1 1200  -38.2 1000.5  444.0  444.0   67.0  444.0
2018 213  8  1 1500  -38.2  999.5  444.0  444.0   70.5  444.0
2018 213  8  1 1800  -36.8  999.2  444.0  444.0   67.0  444.0
2018 213  8  1 2100  -42.9  999.1  444.0  444.0   61.2  444.0
2018 214  8  2 0000  -42.8  999.8  444.0  444.0   62.0  444.0
2018 214  8  2 0300  -41.3 1000.1    2.5  211.0   63.0  444.0
2018 214  8  2 0600  -35.6 1000.5    5.0  163.0   68.0  444.0
2018 214  8  2 0900  -39.4 1000.7    4.7  164.0   64.0  444.0
2018 214  8  2 1200  -46.1 1000.9    2.1  118.0   58.0  444.0
2018 214  8  2 1500  -46.2 1000.4    0.4  118.0   58.0  444.0
2018 214  8  2 1800  -44.2 1000.1    0.2  118.0   60.6  444.0
2018 214  8  2 2100  -41.5 1000.3    1.5  314.0   61.0  444.0
2018 215  8  3 0000  -36.4 1001.0    2.9  334.0   69.8  444.0
2018 215  8  3 0300  -35.4 1002.2    1.6  342.0   66.0  444.0
2018 215  8  3 0600  -31.1 1003.2  444.0  444.0   74.0  444.0
2018 215  8  3 0900  -36.8 1004.6  444.0  444.0   67.0  444.0
2018 215  8  3 1200  -41.4 1006.0  444.0  444.0   62.9  444.0
2018 215  8  3 1500  -45.2 1006.6    0.2  286.0   57.0  444.0
2018 215  8  3 1800  -45.0 1006.8    2.6  166.0   59.0  444.0
2018 215  8  3 2100  -48.8 1006.7    2.2  243.0   54.6  444.0
2018 216  8  4 0000  -50.4 1005.5    2.2  237.0   53.0  444.0
2018 216  8  4 0300  -49.3 1003.6    2.0  224.0   54.0  444.0
2018 216  8  4 0600  -50.2 1002.2    1.7  198.0   53.0  444.0
2018 216  8  4 0900  -50.2 1000.6    1.9  187.0   53.0  444.0
2018 216  8  4 1200  -49.1  999.8    1.9  200.0   54.0  444.0
2018 216  8  4 1500  -48.9  999.5    2.0  163.0   54.4  444.0
2018 216  8  4 1800  -49.2  998.7    2.2  160.0   54.0  444.0
2018 216  8  4 2100  -48.5  997.6    1.2  150.0   55.1  444.0
2018 217  8  5 0000  -48.4  996.7    0.5  264.0   55.0  444.0
2018 217  8  5 0300  -45.2  995.0    0.7  265.0   58.7  444.0
2018 217  8  5 0600  -38.7  992.0    2.7  329.0   67.0  444.0
2018 217  8  5 0900  -40.3  990.0    2.1  278.0   65.9  444.0
2018 217  8  5 1200  -42.2  987.4    2.0  307.0   62.0  444.0
2018 217  8  5 1500  -31.5  985.0    0.8  294.0   73.0  444.0
2018 217  8  5 1800  -41.6  981.9    2.3  356.0   62.5  444.0
2018 217  8  5 2100  -41.4  981.8    2.1  281.0   65.0  444.0
2018 218  8  6 0000  -37.9  983.0    2.3  213.0   66.0  444.0
2018 218  8  6 0300  -40.3  983.9    3.5  177.0   63.0  444.0
2018 218  8  6 0600  -40.5  984.7    3.8  194.0   64.0  444.0
2018 218  8  6 0900  -40.5  985.7    4.0  223.0   64.0  444.0
2018 218  8  6 1200  -39.3  986.8    4.8  212.0   64.3  444.0
2018 218  8  6 1500  -42.3  987.2    2.9  220.0   62.0  444.0
2018 218  8  6 1800  -37.9  987.3    5.1  235.0   66.0  444.0
2018 218  8  6 2100  -36.9  987.5    5.5  229.0   67.0  444.0
2018 219  8  7 0000  -36.6  988.5    6.4  225.0   67.4  444.0
2018 219  8  7 0300  -39.0  988.3    5.5  196.0   65.0  444.0
2018 219  8  7 0600  -38.0  987.5    5.0  224.0   67.0  444.0
2018 219  8  7 0900  -35.6  985.9    4.8  185.0   68.0  444.0
2018 219  8  7 1200  -34.6  985.6    3.4  307.0   69.0  444.0
2018 219  8  7 1500  -38.7  983.8    3.4  298.0   65.0  444.0
2018 219  8  7 1800  -32.4  981.3    4.1  292.0   71.7  444.0
2018 219  8  7 2100  -27.6  978.3    7.0  316.0   77.0  444.0
2018 220  8  8 0000  -20.1  979.2    9.3  240.0   85.0  444.0
2018 220  8  8 0300  -15.9  979.3   12.2  226.0   89.0  444.0
2018 220  8  8 0600  -19.6  980.9   10.7  203.0   85.8  444.0
2018 220  8  8 0900  -35.8  988.1   12.5  203.0   69.0  444.0
2018 220  8  8 1200  -35.3  990.7   13.7  205.0   71.0  444.0
2018 220  8  8 1500  -31.3  991.1   12.1  218.0   74.0  444.0
2018 220  8  8 1800  -28.9  990.7   14.4  211.0   77.0  444.0
2018 220  8  8 2100  -32.5  991.2   13.2  221.0   73.2  444.0
2018 221  8  9 0000  -31.0  992.7   12.4  219.0   75.0  444.0
2018 221  8  9 0300  -33.0  993.0   11.7  206.0   72.4  444.0
2018 221  8  9 0600  -33.5  993.9    9.7  217.0   72.0  444.0
2018 221  8  9 0900  -31.5  994.4    9.2  208.0   73.5  444.0
2018 221  8  9 1200  -31.4  995.0    9.8  198.0   74.0  444.0
2018 221  8  9 1500  -32.4  996.9    6.1  208.0   72.9  444.0
2018 221  8  9 1800  -35.8  996.9    3.8  207.0   69.0  444.0
2018 221  8  9 2100  -34.8  995.3    3.5  191.0   70.2  444.0
2018 222  8 10 0000  -27.7  994.7    5.9  224.0   77.5  444.0
2018 222  8 10 0300  -27.6  993.4    6.5  206.0   77.6  444.0
2018 222  8 10 0600  -26.6  992.2    7.3  219.0   79.0  444.0
2018 222  8 10 0900  -29.0  990.7    8.4  222.0   76.0  444.0
2018 222  8 10 1200  -24.4  988.0    9.6  228.0   81.0  444.0
2018 222  8 10 1500  -19.1  984.0   12.3  238.0   86.0  444.0
2018 222  8 10 1800  -17.0  980.6   15.2  211.0   87.6  444.0
2018 222  8 10 2100  -20.0  979.5   14.4  191.0   85.0  444.0
2018 223  8 11 0000  -23.2  981.5    8.4  188.0   82.5  444.0
2018 223  8 11 0300  -24.1  982.9   10.3  195.0   82.0  444.0
2018 223  8 11 0600  -24.4  983.5   12.6  187.0   81.0  444.0
2018 223  8 11 0900  -25.8  985.2   12.8  184.0   80.0  444.0
2018 223  8 11 1200  -28.4  986.4   10.2  172.0   77.0  444.0
2018 223  8 11 1500  -28.5  986.6    9.8  174.0   77.0  444.0
2018 223  8 11 1800  -28.4  986.0    9.2  152.0   77.0  444.0
2018 223  8 11 2100  -29.0  985.9    4.1  147.0   76.0  444.0
2018 224  8 12 0000  -32.5  985.0    1.6  224.0   74.0  444.0
2018 224  8 12 0300  -34.4  983.9  444.0  444.0   71.0  444.0
2018 224  8 12 0600  -34.5  982.4  444.0  444.0   72.0  444.0
2018 224  8 12 0900  -28.5  980.5    7.4  233.0   77.0  444.0
2018 224  8 12 1200  -34.2  980.8    9.5  214.0   71.0  444.0
2018 224  8 12 1500  -33.1  980.6   10.7  216.0   72.3  444.0
2018 224  8 12 1800  -35.2  980.3    9.5  186.0   70.0  444.0
2018 224  8 12 2100  -34.4  980.3    8.1  219.0   71.0  444.0
2018 225  8 13 0000  -33.3  981.9    7.4  202.0   72.1  444.0
2018 225  8 13 0300  -30.2  982.4    8.1  233.0   75.1  444.0
2018 225  8 13 0600  -31.9  982.2    7.7  197.0   73.0  444.0
2018 225  8 13 0900  -31.8  982.4    7.1  231.0   74.0  444.0
2018 225  8 13 1200  -26.5  982.4    9.2  244.0   78.0  444.0
2018 225  8 13 1500  -20.7  982.6   10.8  224.0   82.0  444.0
2018 225  8 13 1800  -18.8  982.1   11.1  240.0   82.0  444.0
2018 225  8 13 2100  -19.0  982.0    8.1  236.0   81.0  444.0
2018 226  8 14 0000  -18.0  982.7   12.5  232.0   87.0  444.0
2018 226  8 14 0300  -13.1  981.9   12.5  221.0   88.6  444.0
2018 226  8 14 0600  -15.7  983.3   10.9  212.0   88.0  444.0
2018 226  8 14 0900  -18.4  985.0   14.7  209.0   84.8  444.0
2018 226  8 14 1200  -19.2  987.4    7.1  219.0   84.0  444.0
2018 226  8 14 1500  -23.8  989.8    5.7  231.0   81.0  444.0
2018 226  8 14 1800  -20.2  990.7    7.6  224.0   85.0  444.0
2018 226  8 14 2100  -19.1  992.2    9.1  218.0   85.0  444.0
2018 227  8 15 0000  -20.2  995.3    8.6  220.0   81.8  444.0
2018 227  8 15 0300  -24.9  996.7    7.5  195.0   77.0  444.0
2018 227  8 15 0600  -26.9  998.6    6.4  203.0   75.0  444.0
2018 227  8 15 0900  -30.4 1001.0    5.1  166.0   74.0  444.0
2018 227  8 15 1200  -34.6 1001.9    3.9  174.0   70.2  444.0
2018 227  8 15 1500  -35.3 1003.0    1.1  126.0   72.0  444.0
2018 227  8 15 1800  -33.2 1002.9    0.6  126.0   72.9  444.0
2018 227  8 15 2100  -27.2 1002.6  444.0  444.0   78.0  444.0
2018 228  8 16 0000  -21.0 1002.9  444.0  444.0   84.9  444.0
2018 228  8 16 0300  -20.3 1002.1  444.0  444.0   85.0  444.0
2018 228  8 16 0600  -24.0 1002.4  444.0  444.0   82.0  444.0
2018 228  8 16 0900  -21.6 1002.1  444.0  444.0   81.0  444.0
2018 228  8 16 1200  -24.0 1001.2  444.0  444.0   81.2  444.0
2018 228  8 16 1500  -23.2 1000.1    4.1   10.0   84.0  444.0
2018 228  8 16 1800  -23.5  998.0    6.0  360.0   82.0  444.0
2018 228  8 16 2100  -24.1  996.7    4.1  349.0   83.0  444.0
2018 229  8 17 0000  -22.5  994.9    5.8   28.0   83.0  444.0
2018 229  8 17 0300  -24.2  993.9    4.6  348.0   81.0  444.0
2018 229  8 17 0600  -29.0  993.8    3.5  134.0   80.0  444.0
2018 229  8 17 0900  -33.1  994.1    1.2  129.0   75.7  444.0
2018 229  8 17 1200  -33.0  995.0    3.0  208.0   72.0  444.0
2018 229  8 17 1500  -30.3  994.8    2.4  268.0   75.9  444.0
2018 229  8 17 1800  -32.8  995.7    0.2   17.0   73.0  444.0
2018 229  8 17 2100  -27.9  996.6    4.9  216.0   73.0  444.0
2018 230  8 18 0000  -33.5  997.7    0.9  292.0   72.0  444.0
2018 230  8 18 0300  -32.1  997.4    1.9  253.0   72.7  444.0
2018 230  8 18 0600  -33.7  997.7    2.3  313.0   71.0  444.0
2018 230  8 18 0900  -29.6  997.3    2.7  291.0   75.0  444.0
2018 230  8 18 1200  -29.6  995.5    3.1  325.0   75.0  444.0
2018 230  8 18 1500  -29.7  994.0    2.7  322.0   73.0  444.0
2018 230  8 18 1800  -33.4  993.4    1.2  194.0   71.9  444.0
2018 230  8 18 2100  -30.3  992.2    2.7  233.0   73.7  444.0
2018 231  8 19 0000  -34.6  992.5    2.0  267.0   72.0  444.0
2018 231  8 19 0300  -32.8  991.9    0.2  274.0   72.8  444.0
2018 231  8 19 0600  -36.1  990.3    1.4  274.0   70.0  444.0
2018 231  8 19 0900  -40.4  987.6    2.2   39.0   65.0  444.0
2018 231  8 19 1200  -40.4  985.6    0.7   39.0   65.0  444.0
2018 231  8 19 1500  -40.1  984.6    2.1  111.0   66.0  444.0
2018 231  8 19 1800  -40.0  985.1    5.2  186.0   63.0  444.0
2018 231  8 19 2100  -35.4  984.6    5.1  145.0   69.0  444.0
2018 232  8 20 0000  -36.6  984.9  444.0  444.0   67.9  444.0
2018 232  8 20 0300  -38.4  983.7  444.0  444.0   66.0  444.0
2018 232  8 20 0600  -35.9  982.5  444.0  444.0   66.5  444.0
2018 232  8 20 0900  -40.1  982.1  444.0  444.0   64.0  444.0
2018 232  8 20 1200  -40.8  982.0  444.0  444.0   63.8  444.0
2018 232  8 20 1500  -40.7  982.3    3.1  189.0   64.0  444.0
2018 232  8 20 1800  -38.1  982.8    2.5  145.0   66.9  444.0
2018 232  8 20 2100  -35.2  983.3    0.2  145.0   70.0  444.0
2018 233  8 21 0000  -38.0  983.6    2.7  344.0   66.0  444.0
2018 233  8 21 0300  -36.8  984.0    1.1  310.0   69.5  444.0
2018 233  8 21 0600  -36.2  985.0    0.5  310.0   68.0  444.0
2018 233  8 21 0900  -32.7  986.5    1.6  153.0   70.0  444.0
2018 233  8 21 1200  -36.0  987.7    2.9  182.0   69.0  444.0
2018 233  8 21 1500  -37.6  989.5    7.9  190.0   66.0  444.0
2018 233  8 21 1800  -41.1  990.7    5.8  188.0   63.0  444.0
2018 233  8 21 2100  -41.3  991.6    5.4  177.0   63.0  444.0
2018 234  8 22 0000  -44.4  992.3    1.9  159.0   60.0  444.0
2018 234  8 22 0300  -40.4  992.5    4.7  167.0   65.0  444.0
2018 234  8 22 0600  -42.3  993.3    3.5  198.0   62.0  444.0
2018 234  8 22 0900  -42.9  994.1    3.3  180.0   61.0  444.0
2018 234  8 22 1200  -43.1  994.8    0.6  158.0   60.0  444.0
2018 234  8 22 1500  -44.5  995.2  444.0  444.0   59.0  444.0
2018 234  8 22 1800  -41.1  995.1  444.0  444.0   64.0  444.0
2018 234  8 22 2100  -42.5  995.6  444.0  444.0   61.2  444.0
2018 235  8 23 0000  -45.1  995.6  444.0  444.0   58.0  444.0
2018 235  8 23 0300  -44.8  995.8    2.8  225.0   58.0  444.0
2018 235  8 23 0600  -46.6  996.1    2.0  221.0   57.0  444.0
2018 235  8 23 0900  -43.5  995.5    2.3  185.0   60.0  444.0
2018 235  8 23 1200  -46.1  995.3    0.9  256.0   56.0  444.0
2018 235  8 23 1500  -42.3  994.7    0.0    0.0   61.0  444.0
2018 235  8 23 1800  -43.8  994.4    0.4  107.0   58.4  444.0
2018 235  8 23 2100  -40.4  993.9    1.0  108.0   64.0  444.0
2018 236  8 24 0000  -37.1  993.8  444.0  444.0   67.0  444.0
2018 236  8 24 0300  -38.5  993.5  444.0  444.0   63.0  444.0
2018 236  8 24 0600  -38.1  993.2  444.0  444.0   66.0  444.0
2018 236  8 24 0900  -46.8  993.0  444.0  444.0   56.0  444.0
2018 236  8 24 1200  -48.7  992.8    1.5   64.0   56.0  444.0
2018 236  8 24 1500  -45.3  992.6    1.5   45.0   57.0  444.0
2018 236  8 24 1800  -47.1  992.3    1.2   42.0   56.6  444.0
2018 236  8 24 2100  -47.4  992.9    1.3   44.0   55.4  444.0
2018 237  8 25 0000  -47.4  993.4  444.0  444.0   56.4  444.0
2018 237  8 25 0300  -43.0  993.5  444.0  444.0   60.0  444.0
2018 237  8 25 0600  -47.1  993.9  444.0  444.0   56.4  444.0
2018 237  8 25 0900  -47.8  994.7  444.0  444.0   55.0  444.0
2018 237  8 25 1200  -46.7  995.4  444.0  444.0   57.0  444.0
2018 237  8 25 1500  -42.3  995.7  444.0  444.0   61.0  444.0
2018 237  8 25 1800  -41.9  996.6    1.4  166.0   62.0  444.0
2018 237  8 25 2100  -38.6  997.4    1.3  170.0   65.0  444.0
2018 238  8 26 0000  -37.5  997.2    1.0  161.0   66.0  444.0
2018 238  8 26 0300  -37.1  996.5    4.2  196.0   67.0  444.0
2018 238  8 26 0600  -36.0  995.6    5.5  183.0   68.0  444.0
2018 238  8 26 0900  -37.0  995.0    5.5  191.0   67.0  444.0
2018 238  8 26 1200  -38.0  993.4    6.4  193.0   66.0  444.0
2018 238  8 26 1500  -37.6  991.6    3.9  216.0   66.0  444.0
2018 238  8 26 1800  -37.7  989.4    9.1  191.0   66.0  444.0
2018 238  8 26 2100  -41.6  988.8    7.4  193.0   62.0  444.0
2018 239  8 27 0000  -43.4  987.9    7.1  186.0   61.0  444.0
2018 239  8 27 0300  -42.0  986.9    7.0  193.0   61.8  444.0
2018 239  8 27 0600  -39.5  984.9    7.3  194.0   64.0  444.0
2018 239  8 27 0900  -38.3  983.4    6.7  196.0   66.0  444.0
2018 239  8 27 1200  -40.5  982.4    4.6  233.0   64.0  444.0
2018 239  8 27 1500  -40.1  980.6    4.3  234.0   64.0  444.0
2018 239  8 27 1800  -38.3  978.8    4.0  230.0   66.5  444.0
2018 239  8 27 2100  -40.0  977.0    2.5  204.0   63.5  444.0
2018 240  8 28 0000  -30.0  974.0    2.3  169.0   73.9  444.0
2018 240  8 28 0300  -38.5  972.3    0.3  256.0   66.0  444.0
2018 240  8 28 0600  -36.8  970.3    2.7  338.0   70.1  444.0
2018 240  8 28 0900  -31.4  968.7    2.2  334.0   73.0  444.0
2018 240  8 28 1200  -38.9  968.0    2.2  125.0   67.0  444.0
2018 240  8 28 1500  -42.7  968.4    3.0  162.0   62.0  444.0
2018 240  8 28 1800  -42.4  969.0    2.5  139.0   64.4  444.0
2018 240  8 28 2100  -43.5  969.4    1.9  161.0   61.0  444.0
2018 241  8 29 0000  -45.3  970.6    0.9  250.0   59.0  444.0
2018 241  8 29 0300  -40.4  971.8    0.9  282.0   63.0  444.0
2018 241  8 29 0600  -40.6  972.8    1.6  304.0   62.0  444.0
2018 241  8 29 0900  -39.1  973.9    1.8  321.0   66.0  444.0
2018 241  8 29 1200  -39.5  974.8    1.6  303.0   64.0  444.0
2018 241  8 29 1500  -36.1  976.0    1.4  283.0   69.0  444.0
2018 241  8 29 1800  -33.2  976.3    1.4  294.0   73.0  444.0
2018 241  8 29 2100  -34.2  977.2    0.8  290.0   71.0  444.0
2018 242  8 30 0000  -39.1  978.0    0.6    5.0   67.5  444.0
2018 242  8 30 0300  -32.5  979.0    0.0    0.0   73.0  444.0
2018 242  8 30 0600  -36.6  979.1    0.2  129.0   67.0  444.0
2018 242  8 30 0900  -35.3  979.7    1.4   85.0   67.0  444.0
2018 242  8 30 1200  -35.8  979.5    3.6  191.0   69.0  444.0
2018 242  8 30 1500  -35.7  979.3    2.5  182.0   69.0  444.0
2018 242  8 30 1800  -38.5  979.6    2.3  188.0   66.0  444.0
2018 242  8 30 2100  -40.2  979.8    1.5  178.0   64.5  444.0
2018 243  8 31 0000  -41.4  980.1    2.7  230.0   63.0  444.0
2018 243  8 31 0300  -37.8  979.8    1.3  170.0   66.0  444.0
2018 243  8 31 0600  -40.5  978.3    2.7  351.0   64.0  444.0
2018 243  8 31 0900  -37.0  977.4    0.4  354.0   66.6  444.0
2018 243  8 31 1200  -37.8  977.1    0.1  354.0   67.0  444.0
2018 243  8 31 1500  -38.1  976.5    1.2   29.0   66.0  444.0
2018 243  8 31 1800  -36.3  975.5    1.1   29.0   67.7  444.0
2018 243  8 31 2100  -33.4  974.9    2.6   36.0   71.0  444.0
