Year: 2018  Month: 07  ID: FER  ARGOS:  8947  Name: Ferrell             
Lat: 77.83S  Lon: 170.83E  Elev:   45m
2018 182  7  1 0000  -27.2  990.9    7.4  196.0   79.0  444.0
2018 182  7  1 0300  -29.1  990.4    4.5  220.0   77.0  444.0
2018 182  7  1 0600  -26.7  989.2    8.9  203.0   79.0  444.0
2018 182  7  1 0900  -27.7  989.0    3.8  264.0   77.5  444.0
2018 182  7  1 1200  -28.3  988.3    5.7  204.0   76.0  444.0
2018 182  7  1 1500  -27.1  988.5    7.5  198.0   76.0  444.0
2018 182  7  1 1800  -31.0  989.0    5.0  196.0   74.0  444.0
2018 182  7  1 2100  -33.8  989.4    3.8  225.0   71.7  444.0
2018 183  7  2 0000  -35.9  990.9    3.3  225.0   68.0  444.0
2018 183  7  2 0300  -37.8  992.0    2.8  222.0   67.9  444.0
2018 183  7  2 0600  -39.3  992.9    2.4  244.0   66.0  444.0
2018 183  7  2 0900  -35.5  993.4    3.0  205.0   70.7  444.0
2018 183  7  2 1200  -34.1  993.8    1.2  273.0   71.1  444.0
2018 183  7  2 1500  -33.6  994.2  444.0  444.0   72.0  444.0
2018 183  7  2 1800  -33.8  993.6  444.0  444.0   73.0  444.0
2018 183  7  2 2100  -30.2  992.6    3.7  352.0   70.0  444.0
2018 184  7  3 0000  -29.0  991.6    2.6  327.0   76.2  444.0
2018 184  7  3 0300  -29.9  991.1    3.8  349.0   75.0  444.0
2018 184  7  3 0600  -29.9  991.1    4.6    2.0   74.4  444.0
2018 184  7  3 0900  -27.7  992.1    8.1  355.0   77.0  444.0
2018 184  7  3 1200  -26.6  994.8    0.6  251.0   78.4  444.0
2018 184  7  3 1500  -28.1  996.5    3.4   90.0   78.0  444.0
2018 184  7  3 1800  -26.7  997.8    5.2  167.0   79.0  444.0
2018 184  7  3 2100  -25.0  999.2    8.2  154.0   80.0  444.0
2018 185  7  4 0000  -28.0 1000.9   10.6  164.0   78.0  444.0
2018 185  7  4 0300  -27.9 1001.1    9.7  165.0   78.0  444.0
2018 185  7  4 0600  -27.0 1001.2    9.6  168.0   79.0  444.0
2018 185  7  4 0900  -27.1 1000.6    7.1  164.0   78.0  444.0
2018 185  7  4 1200  -28.9  999.5    7.5  165.0   76.0  444.0
2018 185  7  4 1500  -27.0  999.1    6.6  172.0   78.0  444.0
2018 185  7  4 1800  -25.6  997.2    8.6  179.0   80.0  444.0
2018 185  7  4 2100  -26.2  996.5    8.6  189.0   79.0  444.0
2018 186  7  5 0000  -26.8  996.5   10.0  188.0   78.0  444.0
2018 186  7  5 0300  -25.6  996.3    9.6  200.0   79.0  444.0
2018 186  7  5 0600  -25.0  995.1    9.2  194.0   80.0  444.0
2018 186  7  5 0900  -26.2  994.5   10.3  192.0   79.0  444.0
2018 186  7  5 1200  -27.3  993.6    8.2  189.0   78.0  444.0
2018 186  7  5 1500  -27.3  992.9    6.6  200.0   78.0  444.0
2018 186  7  5 1800  -27.5  992.2    5.5  195.0   78.0  444.0
2018 186  7  5 2100  -32.2  991.8    3.4  230.0   74.4  444.0
2018 187  7  6 0000  -33.1  992.2    2.8  252.0   73.0  444.0
2018 187  7  6 0300  -30.5  992.0    2.1  267.0   74.3  444.0
2018 187  7  6 0600  -28.1  991.4    3.1   20.0   78.0  444.0
2018 187  7  6 0900  -21.0  990.1    6.0  335.0   83.0  444.0
2018 187  7  6 1200  -21.2  988.4    7.7  348.0   84.0  444.0
2018 187  7  6 1500  -22.9  987.8    2.3   12.0   83.1  444.0
2018 187  7  6 1800  -20.0  985.9    5.4    1.0   85.0  444.0
2018 187  7  6 2100  -23.6  985.0    2.5  326.0   81.8  444.0
2018 188  7  7 0000  -26.6  984.5    3.5  342.0   80.0  444.0
2018 188  7  7 0300  -35.5  984.1    1.1  320.0   70.2  444.0
2018 188  7  7 0600  -31.1  985.4    8.3  159.0   74.0  444.0
2018 188  7  7 0900  -33.2  986.9    7.0  160.0   72.0  444.0
2018 188  7  7 1200  -38.1  987.5    4.1  216.0   67.0  444.0
2018 188  7  7 1500  -40.0  987.4    3.4  232.0   65.0  444.0
2018 188  7  7 1800  -39.9  988.3    5.1  222.0   65.1  444.0
2018 188  7  7 2100  -35.1  989.1    9.0  197.0   70.0  444.0
2018 189  7  8 0000  -36.7  991.1    7.1  196.0   68.8  444.0
2018 189  7  8 0300  -36.8  991.9    4.0  184.0   68.0  444.0
2018 189  7  8 0600  -39.0  992.3    4.0  244.0   65.7  444.0
2018 189  7  8 0900  -41.3  992.3    3.2  234.0   63.0  444.0
2018 189  7  8 1200  -37.6  992.2    4.8  224.0   67.0  444.0
2018 189  7  8 1500  -38.0  991.9    3.9  209.0   67.0  444.0
2018 189  7  8 1800  -39.8  991.1    3.0  208.0   64.0  444.0
2018 189  7  8 2100  -42.7  990.0    2.0  190.0   61.4  444.0
2018 190  7  9 0000  -44.4  989.1    1.6  249.0   60.3  444.0
2018 190  7  9 0300  -44.6  987.4    1.9  195.0   59.6  444.0
2018 190  7  9 0600  -45.4  986.0    2.5  199.0   59.0  444.0
2018 190  7  9 0900  -46.2  985.1    2.2  211.0   58.0  444.0
2018 190  7  9 1200  -46.5  984.5    1.5  231.0   58.0  444.0
2018 190  7  9 1500  -43.9  983.6    4.8  214.0   60.0  444.0
2018 190  7  9 1800  -42.8  984.1    3.8  216.0   60.0  444.0
2018 190  7  9 2100  -45.7  984.3    2.8  184.0   58.0  444.0
2018 191  7 10 0000  -47.1  984.2    2.3  205.0   56.0  444.0
2018 191  7 10 0300  -50.1  983.9    1.7  182.0   52.2  444.0
2018 191  7 10 0600  -49.8  983.3    1.5  175.0   54.0  444.0
2018 191  7 10 0900  -42.8  982.6    1.5  150.0   58.0  444.0
2018 191  7 10 1200  -48.2  981.3    2.4  190.0   55.0  444.0
2018 191  7 10 1500  -44.4  980.5    5.0  194.0   60.0  444.0
2018 191  7 10 1800  -40.1  979.2   11.4  186.0   63.7  444.0
2018 191  7 10 2100  -46.4  980.3    7.5  198.0   57.0  444.0
2018 192  7 11 0000  -45.4  978.8    6.0  199.0   58.0  444.0
2018 192  7 11 0300  -43.9  977.5    9.8  195.0   60.0  444.0
2018 192  7 11 0600  -40.4  975.8   11.5  188.0   63.3  444.0
2018 192  7 11 0900  -39.0  974.0   11.5  185.0   65.0  444.0
2018 192  7 11 1200  -42.1  972.9    6.6  206.0   62.0  444.0
2018 192  7 11 1500  -45.6  970.7    3.5  219.0   58.0  444.0
2018 192  7 11 1800  -43.3  968.0    5.7  207.0   60.0  444.0
2018 192  7 11 2100  -45.6  965.3    3.4  230.0   58.0  444.0
2018 193  7 12 0000  -48.0  962.9  444.0  444.0   54.9  444.0
2018 193  7 12 0300  -43.1  960.9  444.0  444.0   62.0  444.0
2018 193  7 12 0600  -41.3  959.9  444.0  444.0   66.0  444.0
2018 193  7 12 0900  -38.5  959.5    2.7  279.0   66.0  444.0
2018 193  7 12 1200  -45.0  960.4    0.3   50.0   59.0  444.0
2018 193  7 12 1500  -38.6  961.5    2.9   73.0   66.0  444.0
2018 193  7 12 1800  -45.5  962.9    2.6   93.0   59.2  444.0
2018 193  7 12 2100  -45.2  964.0    2.7   63.0   59.0  444.0
2018 194  7 13 0000  -40.9  965.4    3.1   69.0   62.4  444.0
2018 194  7 13 0300  -44.1  966.4    3.5   66.0   60.0  444.0
2018 194  7 13 0600  -43.8  968.4    2.3  338.0   65.8  444.0
2018 194  7 13 0900  -41.1  970.2    2.2  329.0   63.0  444.0
2018 194  7 13 1200  -37.0  971.6    2.5  329.0   66.0  444.0
2018 194  7 13 1500  -39.4  973.1    2.0  302.0   64.0  444.0
2018 194  7 13 1800  -43.7  974.0    2.5  300.0   60.0  444.0
2018 194  7 13 2100  -40.6  974.6    3.1  237.0   61.5  444.0
2018 195  7 14 0000  -40.8  975.1    0.8  265.0   63.0  444.0
2018 195  7 14 0300  -39.7  973.8    2.6  339.0   64.0  444.0
2018 195  7 14 0600  -42.4  972.7    2.0  317.0   62.0  444.0
2018 195  7 14 0900  -39.3  973.4    0.7  314.0   64.4  444.0
2018 195  7 14 1200  -40.0  974.4    1.8   28.0   64.0  444.0
2018 195  7 14 1500  -39.8  975.7    0.8  341.0   64.0  444.0
2018 195  7 14 1800  -40.2  978.1    0.0    0.0   65.0  444.0
2018 195  7 14 2100  -45.8  980.4    1.1  145.0   58.0  444.0
2018 196  7 15 0000  -44.6  980.3    1.7  262.0   59.5  444.0
2018 196  7 15 0300  -28.5  979.6    4.6  232.0   76.2  444.0
2018 196  7 15 0600  -22.2  980.4    8.2  230.0   82.0  444.0
2018 196  7 15 0900  -20.2  979.7    9.0  215.0   84.0  444.0
2018 196  7 15 1200  -23.0  980.0   13.5  196.0   81.4  444.0
2018 196  7 15 1500  -30.0  982.0   11.8  185.0   75.0  444.0
2018 196  7 15 1800  -28.2  982.8    8.6  207.0   77.2  444.0
2018 196  7 15 2100  -28.8  982.7    5.9  218.0   77.0  444.0
2018 197  7 16 0000  -25.2  982.8    7.9  190.0   79.0  444.0
2018 197  7 16 0300  -28.0  982.9    3.4  277.0   78.0  444.0
2018 197  7 16 0600  -27.3  982.3    0.2  291.0   78.2  444.0
2018 197  7 16 0900  -30.1  981.6    4.6   54.0   75.0  444.0
2018 197  7 16 1200  -33.8  981.2    3.6   22.0   72.0  444.0
2018 197  7 16 1500  -34.7  981.7    1.6  128.0   67.0  444.0
2018 197  7 16 1800  -37.8  981.1    2.8  320.0   67.0  444.0
2018 197  7 16 2100  -34.1  981.2    1.4  317.0   72.0  444.0
2018 198  7 17 0000  -31.8  981.2    0.4  347.0   71.0  444.0
2018 198  7 17 0300  -36.3  981.3    0.1   91.0   69.0  444.0
2018 198  7 17 0600  -39.9  981.3    1.2  104.0   65.0  444.0
2018 198  7 17 0900  -35.2  981.2    1.5  329.0   69.0  444.0
2018 198  7 17 1200  -39.8  979.8    3.4   57.0   61.8  444.0
2018 198  7 17 1500  -39.4  981.8    2.6  141.0   66.0  444.0
2018 198  7 17 1800  -29.4  982.0    2.6  199.0   76.0  444.0
2018 198  7 17 2100  -36.8  982.0    2.5  316.0   63.0  444.0
2018 199  7 18 0000  -36.2  981.6    2.9  326.0   71.0  444.0
2018 199  7 18 0300  -32.3  981.7    1.6  166.0   68.3  444.0
2018 199  7 18 0600  -27.4  980.3   12.4  197.0   77.0  444.0
2018 199  7 18 0900  -28.3  980.3   11.0  210.0   76.4  444.0
2018 199  7 18 1200  -29.8  979.3   10.0  207.0   76.0  444.0
2018 199  7 18 1500  -29.3  978.0    0.8  248.0   76.1  444.0
2018 199  7 18 1800  -30.9  975.1    6.5  231.0   75.0  444.0
2018 199  7 18 2100  -32.9  972.7    5.5  247.0   72.1  444.0
2018 200  7 19 0000  -35.5  970.1    3.9  148.0   73.0  444.0
2018 200  7 19 0300  -32.6  967.2    3.2   61.0   71.8  444.0
2018 200  7 19 0600  -33.5  964.0    4.3    7.0   74.0  444.0
2018 200  7 19 0900  -37.8  961.7    1.6   95.0   74.0  444.0
2018 200  7 19 1200  -36.2  961.8    3.9  117.0   69.0  444.0
2018 200  7 19 1500  -33.8  962.8    5.8  130.0   71.0  444.0
2018 200  7 19 1800  -33.2  965.0    2.9  141.0   72.3  444.0
2018 200  7 19 2100  -38.3  966.2    1.8  151.0   66.0  444.0
2018 201  7 20 0000  -38.0  967.6    2.2  280.0   67.0  444.0
2018 201  7 20 0300  -26.1  968.4    8.5  227.0   82.0  444.0
2018 201  7 20 0600  -20.9  968.3   17.4  204.0   83.8  444.0
2018 201  7 20 0900  -24.8  970.2   14.2  215.0   81.0  444.0
2018 201  7 20 1200  -26.4  971.1   17.9  196.0   79.0  444.0
2018 201  7 20 1500  -25.4  972.5   14.0  189.0   82.0  444.0
2018 201  7 20 1800  -25.1  973.9    9.5  189.0   80.4  444.0
2018 201  7 20 2100  -23.9  974.0    8.8  189.0   81.0  444.0
2018 202  7 21 0000  -28.6  973.7    8.0  228.0   77.0  444.0
2018 202  7 21 0300  -27.8  972.0    6.9  246.0   79.0  444.0
2018 202  7 21 0600  -21.8  968.7   12.8  227.0   83.0  444.0
2018 202  7 21 0900  -21.1  968.2   17.0  202.0   84.0  444.0
2018 202  7 21 1200  -26.0  971.1   11.8  192.0   79.0  444.0
2018 202  7 21 1500  -28.0  970.9    6.6  196.0   79.0  444.0
2018 202  7 21 1800  -25.4  970.3    8.4  212.0   80.0  444.0
2018 202  7 21 2100  -22.7  969.5   10.0  208.0   82.6  444.0
2018 203  7 22 0000  -20.0  968.7   10.6  215.0   85.0  444.0
2018 203  7 22 0300  -20.2  968.0   15.4  196.0   84.0  444.0
2018 203  7 22 0600  -20.5  968.0    9.4  217.0   85.0  444.0
2018 203  7 22 0900  -22.6  967.6    9.0  206.0   82.0  444.0
2018 203  7 22 1200  -23.7  967.1    8.4  216.0   80.0  444.0
2018 203  7 22 1500  -26.9  966.5    5.9  204.0   76.0  444.0
2018 203  7 22 1800  -27.2  966.3    5.1  199.0   74.0  444.0
2018 203  7 22 2100  -24.3  968.5    9.3  190.0   78.0  444.0
2018 204  7 23 0000  -22.9  970.4   16.1  208.0   82.0  444.0
2018 204  7 23 0300  -19.9  973.4   22.1  207.0   84.5  444.0
2018 204  7 23 0600  -22.6  979.1   14.4  200.0   83.0  444.0
2018 204  7 23 0900  -24.8  982.3   12.9  187.0   81.0  444.0
2018 204  7 23 1200  -24.0  984.9    9.3  183.0   81.0  444.0
2018 204  7 23 1500  -24.8  986.2    5.4  231.0   79.1  444.0
2018 204  7 23 1800  -24.5  986.1    8.3  179.0   78.0  444.0
2018 204  7 23 2100  -26.5  986.1    7.5  211.0   75.9  444.0
2018 205  7 24 0000  -30.8  986.0    3.5  243.0   71.0  444.0
2018 205  7 24 0300  -24.6  984.6    1.1  266.0   72.0  444.0
2018 205  7 24 0600  -32.1  982.2    3.5  294.0   72.2  444.0
2018 205  7 24 0900  -27.4  979.8    2.7  133.0   69.0  444.0
2018 205  7 24 1200  -30.7  978.6    1.3  314.0   77.0  444.0
2018 205  7 24 1500  -28.0  979.5    4.3  222.0   77.0  444.0
2018 205  7 24 1800  -28.0  981.9   13.2  222.0   77.0  444.0
2018 205  7 24 2100  -28.1  985.6   15.0  201.0   77.0  444.0
2018 206  7 25 0000  -29.7  988.1    7.4  249.0   75.7  444.0
2018 206  7 25 0300  -20.9  984.9   10.8  251.0   82.0  444.0
2018 206  7 25 0600  -28.8  985.2    9.6  183.0   76.1  444.0
2018 206  7 25 0900  -34.2  985.0    1.9  192.0   71.0  444.0
2018 206  7 25 1200  -35.8  983.1    0.2  255.0   70.2  444.0
2018 206  7 25 1500  -33.9  980.9    1.6   19.0   65.0  444.0
2018 206  7 25 1800  -28.5  979.9    4.2  353.0   76.6  444.0
2018 206  7 25 2100  -27.9  978.9    2.1  164.0   78.0  444.0
2018 207  7 26 0000  -32.8  980.1    5.0  235.0   74.0  444.0
2018 207  7 26 0300  -31.0  981.4    6.1  189.0   74.5  444.0
2018 207  7 26 0600  -26.5  983.0   11.9  208.0   79.0  444.0
2018 207  7 26 0900  -24.3  983.4   11.9  217.0   80.1  444.0
2018 207  7 26 1200  -20.0  982.1   12.7  215.0   83.0  444.0
2018 207  7 26 1500  -26.1  985.8   14.5  184.0   78.0  444.0
2018 207  7 26 1800  -27.9  988.1   12.1  193.0   78.0  444.0
2018 207  7 26 2100  -30.4  990.1    5.5  197.0   75.6  444.0
2018 208  7 27 0000  -30.0  989.3    6.2  209.0   75.0  444.0
2018 208  7 27 0300  -28.2  989.3    5.8  209.0   74.0  444.0
2018 208  7 27 0600  -30.0  988.4    5.5  221.0   74.0  444.0
2018 208  7 27 0900  -29.3  987.4    5.4  212.0   77.0  444.0
2018 208  7 27 1200  -31.2  986.3    3.0  199.0   76.0  444.0
2018 208  7 27 1500  -26.4  984.3    4.4  267.0   72.0  444.0
2018 208  7 27 1800  -28.7  981.9    4.5  312.0   79.0  444.0
2018 208  7 27 2100  -30.9  982.0    1.5  312.0   73.0  444.0
2018 209  7 28 0000  -28.2  982.1    6.1  178.0   77.0  444.0
2018 209  7 28 0300  -31.0  981.8    3.9  183.0   75.4  444.0
2018 209  7 28 0600  -34.0  982.8    3.1  266.0   72.0  444.0
2018 209  7 28 0900  -30.9  983.3    4.6  254.0   78.7  444.0
2018 209  7 28 1200  -36.5  985.4    2.9  152.0   69.0  444.0
2018 209  7 28 1500  -40.3  987.5    1.4  152.0   65.0  444.0
2018 209  7 28 1800  -42.0  990.2    3.4  213.0   63.0  444.0
2018 209  7 28 2100  -40.3  992.6    3.2  224.0   66.0  444.0
2018 210  7 29 0000  -36.2  994.1    3.3  180.0   68.0  444.0
2018 210  7 29 0300  -38.4  996.1    2.8  192.0   66.0  444.0
2018 210  7 29 0600  -38.7  996.9    5.6  152.0   65.8  444.0
2018 210  7 29 0900  -38.9  998.9    4.7  159.0   65.0  444.0
2018 210  7 29 1200  -42.7  999.9    2.6  253.0   62.0  444.0
2018 210  7 29 1500  -43.3  999.5  444.0  444.0   61.0  444.0
2018 210  7 29 1800  -39.6  999.2  444.0  444.0   64.8  444.0
2018 210  7 29 2100  -37.4  999.1  444.0  444.0   67.0  444.0
2018 211  7 30 0000  -35.9  999.4  444.0  444.0   69.2  444.0
2018 211  7 30 0300  -37.3  999.4  444.0  444.0   66.0  444.0
2018 211  7 30 0600  -34.8  999.0  444.0  444.0   71.0  444.0
2018 211  7 30 0900  -35.0  999.3  444.0  444.0   72.0  444.0
2018 211  7 30 1200  -32.6  999.1  444.0  444.0   72.0  444.0
2018 211  7 30 1500  -34.3  999.0  444.0  444.0   74.0  444.0
2018 211  7 30 1800  -34.4  999.6    1.6  193.0   72.0  444.0
2018 211  7 30 2100  -36.9 1000.8    3.0  145.0   68.4  444.0
2018 212  7 31 0000  -41.0 1002.4    3.6  168.0   64.0  444.0
2018 212  7 31 0300  -42.7 1003.5    3.9  157.0   62.2  444.0
2018 212  7 31 0600  -40.6 1004.5    3.8  176.0   63.0  444.0
2018 212  7 31 0900  -44.1 1005.9    2.0  196.0   60.0  444.0
2018 212  7 31 1200  -43.5 1007.0    2.4  202.0   61.0  444.0
2018 212  7 31 1500  -43.5 1006.7    0.1  292.0   61.0  444.0
2018 212  7 31 1800  -45.7 1006.7    1.3  292.0   57.0  444.0
2018 212  7 31 2100  -40.9 1006.4    0.3  292.0   64.0  444.0
