Year: 2018  Month: 12  ID: FER  ARGOS:  8947  Name: FERRELL             
Lat: 77.84S  Lon: 170.82E  Elev:   45m
2018 335 12  1 0000   -5.5  979.0    1.7  282.0   79.0  444.0
2018 335 12  1 0300   -5.0  978.4    3.0  205.0   78.0  444.0
2018 335 12  1 0600   -7.7  977.9    5.0  207.0   83.0  444.0
2018 335 12  1 0900  -10.9  977.8    5.2  219.0   87.6  444.0
2018 335 12  1 1200  -12.7  977.3    4.6  206.0   84.0  444.0
2018 335 12  1 1500  -12.0  976.2    2.5  188.0   74.0  444.0
2018 335 12  1 1800  -11.9  975.5    1.7  277.0   70.6  444.0
2018 335 12  1 2100   -8.7  975.0    2.3  267.0   65.0  444.0
2018 336 12  2 0000   -6.8  975.3    1.6  198.0   66.8  444.0
2018 336 12  2 0300   -5.7  975.1    3.3  238.0   74.0  444.0
2018 336 12  2 0600   -5.6  975.6    2.0  276.0   79.7  444.0
2018 336 12  2 0900   -5.8  976.3    2.0  321.0   57.0  444.0
2018 336 12  2 1200   -9.1  977.9    2.2  329.0   70.7  444.0
2018 336 12  2 1500  -10.9  979.1    2.6   53.0   93.0  444.0
2018 336 12  2 1800  -11.3  980.6    3.5   69.0   86.0  444.0
2018 336 12  2 2100   -8.4  982.5    3.3   70.0   82.0  444.0
2018 337 12  3 0000   -5.9  984.5    4.0   77.0   83.0  444.0
2018 337 12  3 0300   -3.9  985.9    4.5  103.0   83.4  444.0
2018 337 12  3 0600   -3.9  987.5    2.6  107.0   88.0  444.0
2018 337 12  3 0900   -7.3  988.9    1.7   94.0   86.6  444.0
2018 337 12  3 1200   -8.7  990.1    0.6  185.0   85.0  444.0
2018 337 12  3 1500   -8.6  990.2    2.3  104.0   89.0  444.0
2018 337 12  3 1800   -6.4  989.9    4.2  100.0   89.0  444.0
2018 337 12  3 2100   -5.6  988.8    5.8  142.0   89.0  444.0
2018 338 12  4 0000   -5.7  986.9    8.9  151.0   90.0  444.0
2018 338 12  4 0300   -7.0  986.3   11.1  171.0   94.0  444.0
2018 338 12  4 0600   -7.6  985.7   13.1  185.0   93.0  444.0
2018 338 12  4 0900   -8.1  984.6   14.6  203.0   93.6  444.0
2018 338 12  4 1200   -8.4  983.8   15.3  209.0   93.0  444.0
2018 338 12  4 1500   -7.9  983.0   15.4  214.0   93.0  444.0
2018 338 12  4 1800   -6.8  982.7    9.9  239.0   91.0  444.0
2018 338 12  4 2100   -4.7  981.4   10.1  245.0   81.0  444.0
2018 339 12  5 0000   -3.3  979.6   10.2  231.0   73.0  444.0
2018 339 12  5 0300   -6.1  977.8    9.4  216.0   87.2  444.0
2018 339 12  5 0600   -5.5  976.3    9.1  223.0   85.0  444.0
2018 339 12  5 0900   -6.7  975.2    7.5  211.0   83.0  444.0
2018 339 12  5 1200   -7.3  974.2    5.6  229.0   74.7  444.0
2018 339 12  5 1500   -8.2  972.5    3.7  190.0   72.0  444.0
2018 339 12  5 1800   -7.2  971.4    3.2  250.0   69.0  444.0
2018 339 12  5 2100   -6.1  970.7    1.7  178.0   71.0  444.0
2018 340 12  6 0000   -5.3  970.2    2.0  140.0   66.1  444.0
2018 340 12  6 0300   -4.1  970.1    1.8  290.0   65.0  444.0
2018 340 12  6 0600   -4.3  969.7    1.0  279.0   66.0  444.0
2018 340 12  6 0900   -6.2  969.6    2.1  194.0   72.0  444.0
2018 340 12  6 1200  -10.7  969.9    2.8  149.0   85.0  444.0
2018 340 12  6 1500  -12.9  970.2    3.0  132.0   92.0  444.0
2018 340 12  6 1800  -12.7  971.0    1.8  158.0   83.0  444.0
2018 340 12  6 2100   -9.3  972.2    1.7  116.0   79.0  444.0
2018 341 12  7 0000   -6.7  973.8    3.3  190.0   80.0  444.0
2018 341 12  7 0300   -6.7  974.7    7.3  193.0   83.0  444.0
2018 341 12  7 0600   -6.4  975.7    7.5  192.0   83.1  444.0
2018 341 12  7 0900   -6.9  976.8    6.8  193.0   75.0  444.0
2018 341 12  7 1200   -8.9  977.1    6.2  224.0   74.0  444.0
2018 341 12  7 1500   -9.1  977.4    8.1  228.0   80.0  444.0
2018 341 12  7 1800   -9.5  978.5    7.4  229.0   86.0  444.0
2018 341 12  7 2100   -6.7  978.7    6.3  226.0   78.0  444.0
2018 342 12  8 0000   -3.8  978.6    6.2  212.0   71.0  444.0
2018 342 12  8 0300   -3.3  978.8    5.8  219.0   80.0  444.0
2018 342 12  8 0600   -3.7  978.5    6.2  214.0   83.0  444.0
2018 342 12  8 0900   -6.4  978.5    3.4  199.0   87.9  444.0
2018 342 12  8 1200   -9.1  978.0    2.3  183.0   91.0  444.0
2018 342 12  8 1500  -10.9  977.6    0.1  357.0   92.0  444.0
2018 342 12  8 1800  -10.4  977.6    1.1   72.0   91.0  444.0
2018 342 12  8 2100   -9.8  977.4    1.5  235.0   90.6  444.0
2018 343 12  9 0000   -7.4  977.0    4.1  206.0   89.8  444.0
2018 343 12  9 0300   -6.2  976.8    5.4  164.0   90.0  444.0
2018 343 12  9 0600   -7.0  977.1    4.5  176.0   86.0  444.0
2018 343 12  9 0900   -8.8  977.2    2.8  205.0   90.7  444.0
2018 343 12  9 1200  -10.8  977.3    2.3  212.0   92.4  444.0
2018 343 12  9 1500   -9.7  977.3    3.6  210.0   95.0  444.0
2018 343 12  9 1800   -8.6  977.3    2.4  202.0   93.0  444.0
2018 343 12  9 2100   -7.5  977.7    3.4  201.0   90.0  444.0
2018 344 12 10 0000   -7.8  978.2    4.4  175.0   88.3  444.0
2018 344 12 10 0300   -7.0  978.5    2.5  176.0   84.0  444.0
2018 344 12 10 0600   -6.8  978.7    3.0  203.0   88.0  444.0
2018 344 12 10 0900   -7.4  979.1    2.9  210.0   92.0  444.0
2018 344 12 10 1200   -7.5  979.8    4.2  192.0   90.2  444.0
2018 344 12 10 1500   -8.3  980.9    3.2  200.0   88.0  444.0
2018 344 12 10 1800   -7.9  982.1    5.8  200.0   90.0  444.0
2018 344 12 10 2100   -6.8  983.6    6.6  183.0   84.0  444.0
2018 345 12 11 0000   -7.7  984.2    7.7  184.0   87.0  444.0
2018 345 12 11 0300   -6.0  984.5    6.4  235.0   86.2  444.0
2018 345 12 11 0600   -5.5  984.6    5.4  222.0   75.2  444.0
2018 345 12 11 0900   -6.9  984.4    1.5  214.0   78.0  444.0
2018 345 12 11 1200   -9.9  984.4    3.0  250.0   84.0  444.0
2018 345 12 11 1500  -10.9  983.6    2.1  286.0   85.0  444.0
2018 345 12 11 1800   -9.8  983.2    4.2  279.0   80.0  444.0
2018 345 12 11 2100   -7.0  983.2    3.0  248.0   79.0  444.0
2018 346 12 12 0000  444.0  444.0  444.0  444.0  444.0  444.0
2018 346 12 12 0300   -4.3  982.5    1.7  242.0   75.0  444.0
2018 346 12 12 0600  444.0  982.0    0.0    0.0   59.0  444.0
2018 346 12 12 0900   -7.2  981.5    2.7   19.0   88.7  444.0
2018 346 12 12 1200  -10.2  981.9    2.7   84.0   96.0  444.0
2018 346 12 12 1500  -11.5  982.0    2.9   70.0   90.0  444.0
2018 346 12 12 1800   -9.9  982.5    3.5   85.0   90.0  444.0
2018 346 12 12 2100   -7.7  983.3    2.8  116.0   88.3  444.0
2018 347 12 13 0000   -6.4  984.0    3.9  154.0   85.0  444.0
2018 347 12 13 0300   -5.4  983.8    4.7  191.0   85.8  444.0
2018 347 12 13 0600   -6.1  982.8    7.0  201.0   89.0  444.0
2018 347 12 13 0900   -6.7  981.5    4.4  187.0   90.0  444.0
2018 347 12 13 1200   -7.4  979.6    1.2  298.0   93.0  444.0
2018 347 12 13 1500   -7.5  977.7    1.8  122.0   92.0  444.0
2018 347 12 13 1800   -7.4  975.7    1.2   28.0   89.0  444.0
2018 347 12 13 2100   -4.9  974.2    1.6  202.0   74.0  444.0
2018 348 12 14 0000   -7.6  973.8    7.2  181.0   82.6  444.0
2018 348 12 14 0300   -8.5  974.4    7.4  196.0   84.0  444.0
2018 348 12 14 0600   -6.7  975.2    6.1  148.0   89.1  444.0
2018 348 12 14 0900   -8.7  976.5    5.2  184.0   90.0  444.0
2018 348 12 14 1200  -11.1  975.9    4.2  216.0   90.0  444.0
2018 348 12 14 1500  -10.4  974.3    6.7  218.0   93.0  444.0
2018 348 12 14 1800   -7.5  972.3    9.6  242.0   85.0  444.0
2018 348 12 14 2100   -7.6  972.1   11.0  199.0   90.0  444.0
2018 349 12 15 0000   -9.3  972.3   11.6  182.0   84.0  444.0
2018 349 12 15 0300   -9.2  972.6    8.5  185.0   88.0  444.0
2018 349 12 15 0600   -9.5  973.2    6.9  171.0   85.0  444.0
2018 349 12 15 0900  -10.1  974.0    6.6  170.0   87.0  444.0
2018 349 12 15 1200   -9.5  975.3    7.6  194.0   89.8  444.0
2018 349 12 15 1500   -8.6  976.5    7.0  204.0   92.0  444.0
2018 349 12 15 1800   -8.2  977.9    8.5  191.0   92.2  444.0
2018 349 12 15 2100   -7.8  979.4    7.8  189.0   87.0  444.0
2018 350 12 16 0000   -7.0  979.0    6.8  239.0   85.0  444.0
2018 350 12 16 0300   -5.2  977.7    7.7  214.0   86.0  444.0
2018 350 12 16 0600   -5.3  977.2    7.0  209.0   90.0  444.0
2018 350 12 16 0900   -5.9  977.1    5.2  203.0   86.0  444.0
2018 350 12 16 1200   -6.8  976.7    8.4  212.0   87.0  444.0
2018 350 12 16 1500   -9.8  977.8    6.4  177.0   89.8  444.0
2018 350 12 16 1800  -10.6  978.4    6.3  200.0   89.0  444.0
2018 350 12 16 2100   -9.4  978.3    6.3  217.0   89.0  444.0
2018 351 12 17 0000   -3.7  976.5    7.5  237.0   75.0  444.0
2018 351 12 17 0300   -2.2  973.2   10.5  216.0   81.7  444.0
2018 351 12 17 0600   -2.9  973.2   10.9  201.0   89.0  444.0
2018 351 12 17 0900   -3.5  974.1   10.8  181.0   89.7  444.0
2018 351 12 17 1200   -6.0  974.5    9.6  209.0   91.0  444.0
2018 351 12 17 1500   -7.1  975.7   10.8  203.0   88.0  444.0
2018 351 12 17 1800   -7.6  977.0   10.3  211.0   87.0  444.0
2018 351 12 17 2100   -6.4  977.1   12.1  206.0   86.0  444.0
2018 352 12 18 0000   -4.8  977.9   12.2  215.0   87.0  444.0
2018 352 12 18 0300   -3.9  977.8   13.4  219.0   88.0  444.0
2018 352 12 18 0600   -3.6  978.2   12.7  204.0   88.0  444.0
2018 352 12 18 0900   -4.3  979.3   11.5  207.0   86.0  444.0
2018 352 12 18 1200   -4.5  979.6    9.7  201.0   90.0  444.0
2018 352 12 18 1500   -4.7  981.2    8.4  195.0   90.0  444.0
2018 352 12 18 1800   -7.4  985.0    8.2  173.0   87.0  444.0
2018 352 12 18 2100   -6.1  987.8   10.0  190.0   91.0  444.0
2018 353 12 19 0000   -5.1  989.8   10.2  181.0   89.0  444.0
2018 353 12 19 0300   -4.9  990.9    5.5  182.0   85.0  444.0
2018 353 12 19 0600   -5.5  991.1    4.6  201.0   87.0  444.0
2018 353 12 19 0900   -5.0  990.8    2.7  247.0   87.0  444.0
2018 353 12 19 1200   -7.7  990.3    2.9  186.0   88.0  444.0
2018 353 12 19 1500   -9.2  989.4    3.9  208.0   92.0  444.0
2018 353 12 19 1800   -8.2  989.2    5.5  208.0   89.0  444.0
2018 353 12 19 2100   -7.1  989.1    5.1  211.0   85.0  444.0
2018 354 12 20 0000   -3.7  988.8    6.4  201.0   77.0  444.0
2018 354 12 20 0300   -3.0  987.8    5.0  220.0   79.0  444.0
2018 354 12 20 0600   -3.0  986.2    5.2  213.0   80.0  444.0
2018 354 12 20 0900   -3.6  983.6    7.2  231.0   85.0  444.0
2018 354 12 20 1200   -2.0  981.2    6.5  230.0   74.0  444.0
2018 354 12 20 1500   -1.2  976.3   10.1  225.0   82.8  444.0
2018 354 12 20 1800   -2.6  976.1   13.4  177.0   93.0  444.0
2018 354 12 20 2100   -2.2  977.8   12.7  172.0   91.0  444.0
2018 355 12 21 0000   -2.0  979.8   10.7  183.0   89.0  444.0
2018 355 12 21 0300   -4.7  979.9   12.4  172.0   89.6  444.0
2018 355 12 21 0600   -4.4  983.7   10.7  172.0   93.0  444.0
2018 355 12 21 0900   -4.7  986.7   10.4  181.0   95.0  444.0
2018 355 12 21 1200   -6.1  987.9    7.6  185.0   92.0  444.0
2018 355 12 21 1500   -5.8  987.6    5.8  219.0   91.0  444.0
2018 355 12 21 1800   -5.4  986.4    5.0  204.0   89.9  444.0
2018 355 12 21 2100   -6.0  985.8    5.5  211.0   89.0  444.0
2018 356 12 22 0000   -4.7  985.4    5.7  197.0   89.0  444.0
2018 356 12 22 0300   -5.0  985.0    7.0  166.0   89.0  444.0
2018 356 12 22 0600   -5.3  985.0    2.9  161.0   85.0  444.0
2018 356 12 22 0900   -6.2  984.8    3.1  193.0   89.0  444.0
2018 356 12 22 1200   -7.6  985.0    4.8  144.0   95.0  444.0
2018 356 12 22 1500   -8.0  985.5    3.8  171.0   94.4  444.0
2018 356 12 22 1800   -8.4  986.4    5.8  186.0   94.0  444.0
2018 356 12 22 2100   -8.1  986.4    8.4  208.0   92.0  444.0
2018 357 12 23 0000   -5.8  986.2    6.7  206.0   90.0  444.0
2018 357 12 23 0300   -4.2  984.7    7.5  218.0   86.4  444.0
2018 357 12 23 0600   -3.9  983.0    4.7  233.0   81.0  444.0
2018 357 12 23 0900   -3.6  980.8    8.6  235.0   93.0  444.0
2018 357 12 23 1200   -3.7  978.1   10.8  207.0   90.0  444.0
2018 357 12 23 1500   -4.9  978.9    9.8  180.0   95.0  444.0
2018 357 12 23 1800   -7.4  980.4    7.9  176.0   90.6  444.0
2018 357 12 23 2100   -6.9  981.2    7.4  187.0   92.0  444.0
2018 358 12 24 0000   -5.4  981.0   10.4  189.0   91.0  444.0
2018 358 12 24 0300   -4.8  980.6    9.1  186.0   90.0  444.0
2018 358 12 24 0600   -4.0  980.0    7.6  191.0   89.4  444.0
2018 358 12 24 0900   -4.7  979.3    6.3  188.0   85.0  444.0
2018 358 12 24 1200   -6.3  979.0    5.1  203.0   91.0  444.0
2018 358 12 24 1500   -6.2  978.6    6.4  204.0   93.0  444.0
2018 358 12 24 1800   -6.3  977.9    5.7  200.0   91.0  444.0
2018 358 12 24 2100   -4.0  976.5    8.8  224.0   88.3  444.0
2018 359 12 25 0000   -2.9  975.1    9.4  228.0   85.0  444.0
2018 359 12 25 0300   -4.4  974.3   11.8  180.0   90.8  444.0
2018 359 12 25 0600   -5.0  975.1   11.4  208.0   94.0  444.0
2018 359 12 25 0900   -5.6  975.0   12.0  197.0   91.9  444.0
2018 359 12 25 1200   -6.2  975.5    9.4  191.0   90.0  444.0
2018 359 12 25 1500   -6.7  974.7    5.1  213.0   88.7  444.0
2018 359 12 25 1800   -4.1  973.6    7.5  211.0   93.0  444.0
2018 359 12 25 2100   -4.4  973.0    8.9  198.0   92.0  444.0
2018 360 12 26 0000   -4.5  973.8    9.3  187.0   89.8  444.0
2018 360 12 26 0300   -4.3  975.2    8.8  182.0   90.0  444.0
2018 360 12 26 0600   -4.3  976.8    5.0  190.0   85.0  444.0
2018 360 12 26 0900   -3.4  976.3    4.8  232.0   91.0  444.0
2018 360 12 26 1200   -2.7  975.4    7.5  210.0   91.1  444.0
2018 360 12 26 1500   -2.8  975.1    9.4  206.0   95.0  444.0
2018 360 12 26 1800   -2.4  975.8   10.6  208.0   94.2  444.0
2018 360 12 26 2100   -2.9  976.8   10.6  202.0   95.4  444.0
2018 361 12 27 0000   -3.3  979.0    7.2  198.0   92.0  444.0
2018 361 12 27 0300   -3.4  979.7    9.9  217.0   95.0  444.0
2018 361 12 27 0600   -4.3  982.9    6.8  141.0   93.0  444.0
2018 361 12 27 0900   -5.4  984.5    5.3  153.0   91.3  444.0
2018 361 12 27 1200   -5.8  985.4    5.5  185.0   92.0  444.0
2018 361 12 27 1500   -6.1  985.3    2.7  178.0   93.0  444.0
2018 361 12 27 1800   -8.0  985.8    2.9  241.0   91.0  444.0
2018 361 12 27 2100   -5.8  985.5    5.6  213.0   89.0  444.0
2018 362 12 28 0000   -5.2  985.2    7.5  204.0   91.0  444.0
2018 362 12 28 0300   -4.7  984.8    4.4  173.0   90.0  444.0
2018 362 12 28 0600   -4.2  984.9    4.1  150.0   92.0  444.0
2018 362 12 28 0900   -5.3  984.7    5.5  149.0   94.0  444.0
2018 362 12 28 1200   -5.8  984.8    5.4  157.0   92.6  444.0
2018 362 12 28 1500   -7.3  984.3    5.5  186.0   94.0  444.0
2018 362 12 28 1800   -6.8  984.0    4.3  170.0   88.0  444.0
2018 362 12 28 2100   -6.1  983.5    4.9  182.0   85.0  444.0
2018 363 12 29 0000   -5.6  983.4    4.5  175.0   86.4  444.0
2018 363 12 29 0300   -5.2  982.9    3.7  171.0   83.8  444.0
2018 363 12 29 0600   -5.0  982.6    3.3  206.0   78.0  444.0
2018 363 12 29 0900   -5.3  982.5    4.2  208.0   87.0  444.0
2018 363 12 29 1200   -6.1  982.6    4.6  215.0   90.0  444.0
2018 363 12 29 1500   -6.4  982.4    2.7  213.0   89.8  444.0
2018 363 12 29 1800   -9.1  982.7    3.2  218.0   93.0  444.0
2018 363 12 29 2100   -6.3  983.0    3.8  222.0   90.0  444.0
2018 364 12 30 0000   -4.6  983.2    4.2  201.0   86.0  444.0
2018 364 12 30 0300   -4.0  983.2    3.8  178.0   86.6  444.0
2018 364 12 30 0600   -3.9  983.3    2.1  170.0   85.0  444.0
2018 364 12 30 0900   -6.4  983.4    1.5  239.0   88.0  444.0
2018 364 12 30 1200   -9.1  983.6    1.7  247.0   94.0  444.0
2018 364 12 30 1500  -12.0  983.4    1.9  320.0   86.9  444.0
2018 364 12 30 1800   -9.1  983.2    1.9  322.0   82.4  444.0
2018 364 12 30 2100   -5.5  983.0    3.1  301.0   84.0  444.0
2018 365 12 31 0000   -4.0  983.0    3.1  282.0   85.0  444.0
2018 365 12 31 0300   -1.6  982.8    3.1  277.0   79.0  444.0
2018 365 12 31 0600   -3.2  982.3    3.7  294.0   87.4  444.0
2018 365 12 31 0900   -3.2  981.5    7.1  242.0   82.0  444.0
2018 365 12 31 1200   -2.8  981.7    7.0  245.0   88.8  444.0
2018 365 12 31 1500   -2.9  981.9    7.3  248.0   96.0  444.0
2018 365 12 31 1800   -2.2  981.4    5.0  246.0   83.6  444.0
2018 365 12 31 2100   -3.6  981.6    4.2  202.0   81.0  444.0
