Year: 2018  Month: 06  ID: FUJ  ARGOS:  8904  Name: Dome Fuji           
Lat: 77.31S  Lon:  39.71E  Elev: 3810m
2018 152  6  1 0000  -66.0  608.1    2.5  157.0  -63.0   -3.0
2018 152  6  1 0300  -67.2  607.6    2.5  167.0  -63.3   -3.9
2018 152  6  1 0600  -65.4  607.1    2.6  174.0  -63.5   -1.6
2018 152  6  1 0900  -66.9  606.5    3.2  181.0  -63.8   -3.0
2018 152  6  1 1200  -70.7  605.7    2.1  175.0  -64.0   -6.6
2018 152  6  1 1500  -71.9  605.6    3.0  129.0  -64.8   -7.1
2018 152  6  1 1800  -71.1  605.7    3.6  106.0  -65.7   -5.4
2018 152  6  1 2100  -69.6  606.0    4.5   90.0  -66.8   -2.8
2018 153  6  2 0000  -68.5  606.4    5.3   82.0  -67.2   -1.3
2018 153  6  2 0300  -63.8  606.4    5.8   73.0  -67.4    3.5
2018 153  6  2 0600  -57.7  606.2    8.0   60.0  -66.5    9.2
2018 153  6  2 0900  -50.8  605.4   10.6   59.0  -64.9   14.1
2018 153  6  2 1200  -47.8  604.0   12.9   45.0  -62.9   15.2
2018 153  6  2 1500  -43.4  603.9   14.0   38.0  -61.1   17.6
2018 153  6  2 1800  -43.1  604.2   12.8   24.0  -60.1   17.2
2018 153  6  2 2100  -42.6  605.6    9.9   23.0  -59.2   16.5
2018 154  6  3 0000  -44.3  606.2    7.8   25.0  -57.8   13.5
2018 154  6  3 0300  -49.2  606.6    4.6   23.0  -56.8    7.6
2018 154  6  3 0600  -50.6  607.3    4.9   11.0  -56.5    5.9
2018 154  6  3 0900  -48.9  608.0    3.9  351.0  -56.6    6.8
2018 154  6  3 1200  -45.9  608.4    2.8  327.0  -56.6   11.5
2018 154  6  3 1500  -46.0  608.9  444.0  444.0  -56.2   10.2
2018 154  6  3 1800  -48.2  609.3  444.0  444.0  -55.7    7.5
2018 154  6  3 2100  -52.5  609.8  444.0  444.0  -55.5    2.7
2018 155  6  4 0000  -53.7  610.2  444.0  444.0  -55.8    2.1
2018 155  6  4 0300  -53.7  610.0    0.9  352.0  -55.9    1.9
2018 155  6  4 0600  -58.5  609.9    1.7  286.0  -56.7   -1.8
2018 155  6  4 0900  -60.8  609.1    1.5  286.0  -57.3   -3.5
2018 155  6  4 1200  -59.1  608.4    4.7  223.0  -57.9   -1.4
2018 155  6  4 1500  -60.1  607.5    4.3  207.0  -58.3   -1.8
2018 155  6  4 1800  -60.9  606.0    3.2  210.0  -58.7   -2.0
2018 155  6  4 2100  -59.0  603.5    3.5  206.0  -59.1    0.0
2018 156  6  5 0000  -60.1  601.0    4.0  194.0  -59.3   -0.9
2018 156  6  5 0300  -62.8  598.6    4.6  167.0  -59.6   -3.4
2018 156  6  5 0600  -59.8  596.8    5.3  156.0  -60.1    0.3
2018 156  6  5 0900  -56.7  595.6    6.6  146.0  -60.4    3.7
2018 156  6  5 1200  -57.8  594.4    7.0  137.0  -60.2    2.4
2018 156  6  5 1500  -59.6  592.9    7.4  136.0  -60.0    0.3
2018 156  6  5 1800  -60.2  591.8    7.0  131.0  -60.0   -0.2
2018 156  6  5 2100  -60.7  591.3    6.4  130.0  -60.2   -0.5
2018 157  6  6 0000  -62.6  590.9    5.0  116.0  -60.4   -2.2
2018 157  6  6 0300  -62.3  591.1    4.5  107.0  -60.6   -1.8
2018 157  6  6 0600  -62.2  591.7    3.3   97.0  -60.8   -0.4
2018 157  6  6 0900  -60.2  592.2    3.4   92.0  -61.0    0.5
2018 157  6  6 1200  -62.9  592.7    2.3   93.0  -61.0   -1.9
2018 157  6  6 1500  -63.5  593.1    2.3   84.0  -61.0   -3.0
2018 157  6  6 1800  -63.9  593.2    1.7   96.0  -61.2   -2.5
2018 157  6  6 2100  -63.6  593.7    2.3   84.0  -61.6   -2.0
2018 158  6  7 0000  -63.2  594.1    2.3  105.0  -62.1   -1.6
2018 158  6  7 0300  -64.4  594.0    1.1  124.0  -62.6   -1.8
2018 158  6  7 0600  -65.2  594.4    2.4  135.0  -63.1   -2.2
2018 158  6  7 0900  -66.2  594.6    2.7  137.0  -63.5   -2.5
2018 158  6  7 1200  -62.9  594.4    3.7  132.0  -63.7    0.8
2018 158  6  7 1500  -62.0  594.1    4.1  133.0  -63.8    1.8
2018 158  6  7 1800  -61.0  594.1    4.1  120.0  -63.5    2.4
2018 158  6  7 2100  -61.8  594.1    2.9  120.0  -63.3    1.6
2018 159  6  8 0000  -62.3  594.1    3.2  116.0  -63.1    0.9
2018 159  6  8 0300  -60.5  593.8    3.4  105.0  -62.9    2.4
2018 159  6  8 0600  -65.4  593.8    2.7  127.0  -62.8   -2.7
2018 159  6  8 0900  -63.9  593.8    3.0  112.0  -62.9   -1.4
2018 159  6  8 1200  -66.6  593.5    2.3  108.0  -63.1   -3.5
2018 159  6  8 1500  -64.1  593.3    2.6   98.0  -63.3   -0.8
2018 159  6  8 1800  -63.0  593.9    2.2   83.0  -63.4    0.5
2018 159  6  8 2100  -62.5  594.2    2.5   79.0  -63.3    0.9
2018 160  6  9 0000  -65.5  594.6  444.0  444.0  -63.2   -2.3
2018 160  6  9 0300  -66.2  595.3  444.0  444.0  -63.2   -3.0
2018 160  6  9 0600  -64.5  595.9  444.0  444.0  -63.5   -0.6
2018 160  6  9 0900  -66.2  596.5  444.0  444.0  -63.9   -2.3
2018 160  6  9 1200  -65.5  596.9  444.0  444.0  -64.2   -1.2
2018 160  6  9 1500  -66.7  597.1  444.0  444.0  -64.4   -1.8
2018 160  6  9 1800  -68.3  597.0    2.7  248.0  -64.4   -3.8
2018 160  6  9 2100  -69.8  596.8    2.5  219.0  -64.6   -5.2
2018 161  6 10 0000  -68.7  596.5    2.5  197.0  -64.9   -3.8
2018 161  6 10 0300  -70.1  596.2    2.3  189.0  -65.3   -4.9
2018 161  6 10 0600  -69.0  595.6    2.8  166.0  -65.6   -3.8
2018 161  6 10 0900  -68.5  595.0    2.6  152.0  -65.9   -2.6
2018 161  6 10 1200  -67.5  594.8    3.1  144.0  -66.1   -1.4
2018 161  6 10 1500  -69.0  594.2    2.6  151.0  -66.3   -3.0
2018 161  6 10 1800  -67.8  594.1    2.8  162.0  -66.3   -1.7
2018 161  6 10 2100  -67.8  593.4    2.7  165.0  -66.4   -1.4
2018 162  6 11 0000  -68.5  593.3    2.8  172.0  -66.4   -2.0
2018 162  6 11 0300  -68.7  592.9    2.8  178.0  -66.4   -2.2
2018 162  6 11 0600  -69.3  593.0    2.3  158.0  -66.5   -3.9
2018 162  6 11 0900  -70.8  593.1    1.8  153.0  -66.6   -4.2
2018 162  6 11 1200  -72.5  593.9    2.0  171.0  -66.9   -5.6
2018 162  6 11 1500  -67.7  594.4    1.9  147.0  -67.2   -0.5
2018 162  6 11 1800  -68.4  595.2    2.3  196.0  -67.6    0.5
2018 162  6 11 2100  -62.8  595.4    1.4  164.0  -67.9    5.1
2018 163  6 12 0000  -66.2  596.0    1.5  219.0  -68.2    2.0
2018 163  6 12 0300  -65.7  596.3    2.1  240.0  -68.3    2.6
2018 163  6 12 0600  -66.9  596.5    2.4  234.0  -68.3    1.3
2018 163  6 12 0900  -67.1  596.7    2.4  248.0  -68.1    1.9
2018 163  6 12 1200  -67.9  596.8    2.4  257.0  -67.9   -0.0
2018 163  6 12 1500  -66.4  597.0    2.9  245.0  -67.8    1.4
2018 163  6 12 1800  -66.4  597.4    1.9  245.0  -67.6    1.2
2018 163  6 12 2100  -65.0  597.5    2.4  256.0  -67.3    1.9
2018 164  6 13 0000  -66.5  597.8    2.1  263.0  -67.2    1.0
2018 164  6 13 0300  -65.4  598.2    2.4  261.0  -67.0    1.6
2018 164  6 13 0600  -68.9  598.8    1.9  197.0  -66.8   -2.1
2018 164  6 13 0900  -69.4  599.5    1.5  161.0  -66.7   -2.7
2018 164  6 13 1200  -69.3  600.4    1.4  142.0  -66.8   -2.5
2018 164  6 13 1500  -69.3  601.7    2.1  124.0  -67.0   -2.2
2018 164  6 13 1800  -67.3  602.5    1.5   96.0  -67.3    0.1
2018 164  6 13 2100  -65.9  603.6    1.6  111.0  -67.5    1.6
2018 165  6 14 0000  -65.6  604.2    1.6  104.0  -67.6    2.0
2018 165  6 14 0300  -64.0  604.9    1.9  109.0  -67.5    3.2
2018 165  6 14 0600  -65.2  605.5    1.7   94.0  -67.4    2.2
2018 165  6 14 0900  -68.7  606.2    1.8  122.0  -67.2   -1.7
2018 165  6 14 1200  -67.0  606.9    2.0  112.0  -67.3    0.3
2018 165  6 14 1500  -67.0  607.7    2.4  114.0  -67.4    0.5
2018 165  6 14 1800  -65.6  608.6    2.4  104.0  -67.5    1.7
2018 165  6 14 2100  -66.2  609.7    2.0  122.0  -67.5    1.5
2018 166  6 15 0000  -66.0  610.7    2.0  132.0  -67.5    1.5
2018 166  6 15 0300  -64.2  611.6    2.1  121.0  -67.5    2.9
2018 166  6 15 0600  -61.9  612.2    3.1  134.0  -67.4    4.8
2018 166  6 15 0900  -60.0  612.7    4.9  126.0  -67.2    7.1
2018 166  6 15 1200  -58.6  613.1    5.0  125.0  -66.7    7.8
2018 166  6 15 1500  -59.9  613.4    4.6  126.0  -66.1    6.5
2018 166  6 15 1800  -57.8  613.9    5.2  120.0  -65.6    8.8
2018 166  6 15 2100  -58.2  614.6    5.9  115.0  -65.0    6.7
2018 167  6 16 0000  -60.3  615.2    4.6  119.0  -64.4    4.3
2018 167  6 16 0300  -59.4  615.7    4.6  116.0  -64.0    4.5
2018 167  6 16 0600  -60.1  616.5    4.4  108.0  -63.8    3.6
2018 167  6 16 0900  -60.3  617.2    4.4  108.0  -63.7    3.5
2018 167  6 16 1200  -60.2  617.8    3.9  110.0  -63.6    3.2
2018 167  6 16 1500  -59.9  618.5    4.6  109.0  -63.6    3.7
2018 167  6 16 1800  -61.3  618.8    4.3  104.0  -63.5    1.8
2018 167  6 16 2100  -62.8  619.6    4.8   97.0  -63.5    0.8
2018 168  6 17 0000  -62.0  619.9    4.2   91.0  -63.5    1.6
2018 168  6 17 0300  -61.3  620.2    4.8   88.0  -63.6    2.4
2018 168  6 17 0600  -57.8  620.8    3.6   88.0  -63.6    5.8
2018 168  6 17 0900  -54.9  621.1    4.0   82.0  -63.4    8.5
2018 168  6 17 1200  -52.3  621.2    5.1   75.0  -62.9   10.6
2018 168  6 17 1500  -51.9  620.9    4.8   75.0  -62.0   10.2
2018 168  6 17 1800  -52.0  621.0    4.8   76.0  -61.3    9.2
2018 168  6 17 2100  -51.0  620.9    5.0   70.0  -60.5    9.5
2018 169  6 18 0000  -50.6  620.5    6.0   64.0  -59.9    9.2
2018 169  6 18 0300  -50.2  620.1    5.5   71.0  -59.4    9.1
2018 169  6 18 0600  -51.3  619.5    4.3   64.0  -59.0    7.8
2018 169  6 18 0900  -51.0  618.9    4.3   52.0  -58.8    7.8
2018 169  6 18 1200  -49.9  617.9    3.9   52.0  -58.6    8.7
2018 169  6 18 1500  -49.9  616.8    2.8   69.0  -58.4    8.4
2018 169  6 18 1800  -51.2  615.4    2.3   59.0  -58.1    6.9
2018 169  6 18 2100  -54.1  614.3    2.3   82.0  -57.9    3.2
2018 170  6 19 0000  -57.3  613.3    2.1   75.0  -57.9    0.6
2018 170  6 19 0300  -57.3  611.7    2.4   93.0  -58.1    0.9
2018 170  6 19 0600  -57.7  610.5    3.1   92.0  -58.4    0.8
2018 170  6 19 0900  -59.5  609.6    3.2  104.0  -58.7   -0.8
2018 170  6 19 1200  -60.0  608.5    3.1  108.0  -59.1   -0.8
2018 170  6 19 1500  -60.5  607.5    2.7  124.0  -59.5   -0.9
2018 170  6 19 1800  -59.4  606.5    2.7  132.0  -60.0    0.6
2018 170  6 19 2100  -60.6  605.6    3.4  122.0  -60.2    0.2
2018 171  6 20 0000  -61.4  604.5    4.0  118.0  -60.5   -0.9
2018 171  6 20 0300  -62.4  603.9    4.1  111.0  -60.8   -1.6
2018 171  6 20 0600  -63.2  603.4    2.9  111.0  -61.0   -2.3
2018 171  6 20 0900  -62.7  602.7    3.2   98.0  -61.3   -1.4
2018 171  6 20 1200  -63.5  602.2    3.4   93.0  -61.6   -2.1
2018 171  6 20 1500  -66.5  601.5    2.7  104.0  -61.9   -4.6
2018 171  6 20 1800  -64.9  600.9    3.4  103.0  -62.2   -2.7
2018 171  6 20 2100  -62.5  599.9    3.7  108.0  -62.6    0.0
2018 172  6 21 0000  -61.2  599.3    4.1   99.0  -62.8    1.2
2018 172  6 21 0300  -61.6  599.1    4.2   90.0  -62.7    1.1
2018 172  6 21 0600  -64.0  599.2    2.9   85.0  -62.6   -1.7
2018 172  6 21 0900  -64.1  599.5    2.4   84.0  -62.6   -1.5
2018 172  6 21 1200  -63.5  599.6    2.4   87.0  -62.6   -1.1
2018 172  6 21 1500  -64.0  600.1    2.0   80.0  -62.7   -1.3
2018 172  6 21 1800  -63.5  600.5    1.8   79.0  -62.8   -0.7
2018 172  6 21 2100  -61.8  600.9    2.4   84.0  -62.9    0.3
2018 173  6 22 0000  -65.8  601.7    1.7   64.0  -62.9   -3.0
2018 173  6 22 0300  -66.8  602.2    1.7   56.0  -62.9   -4.1
2018 173  6 22 0600  -66.9  603.0    1.7   59.0  -63.2   -3.7
2018 173  6 22 0900  -64.4  603.3    1.3   73.0  -63.5   -1.6
2018 173  6 22 1200  -64.0  603.9    1.6   73.0  -63.6   -0.4
2018 173  6 22 1500  -62.1  603.9    1.9   71.0  -63.7    2.0
2018 173  6 22 1800  -63.0  603.9    1.8   67.0  -63.6    0.7
2018 173  6 22 2100  -63.7  604.1    1.6   72.0  -63.5    1.1
2018 174  6 23 0000  -63.0  603.7    2.1   53.0  -63.3    0.1
2018 174  6 23 0300  -62.3  603.4    1.9   37.0  -63.2    0.7
2018 174  6 23 0600  -60.7  603.0    2.7   22.0  -63.2    3.4
2018 174  6 23 0900  -57.8  602.5    2.9   19.0  -63.1    5.3
2018 174  6 23 1200  -61.7  602.1    2.5   21.0  -63.0    1.3
2018 174  6 23 1500  -61.2  601.6    1.9   14.0  -62.8    1.6
2018 174  6 23 1800  -60.1  600.9    2.5  346.0  -62.8    2.9
2018 174  6 23 2100  -57.6  600.4    3.3  345.0  -62.7    5.0
2018 175  6 24 0000  -61.4  600.0    2.5  346.0  -62.5    1.5
2018 175  6 24 0300  -61.5  599.5    2.5  348.0  -62.4    0.9
2018 175  6 24 0600  -58.8  599.5    2.9  338.0  -62.4    3.8
2018 175  6 24 0900  -59.2  599.9    2.6  341.0  -62.3    3.1
2018 175  6 24 1200  -59.6  599.8    3.1  349.0  -62.2    2.6
2018 175  6 24 1500  -60.2  600.2    3.0  341.0  -62.2    2.0
2018 175  6 24 1800  -56.6  600.6    3.5  339.0  -62.1    5.6
2018 175  6 24 2100  -56.1  600.9    4.7  334.0  -62.1    6.0
2018 176  6 25 0000  -58.0  601.2    4.0  336.0  -62.0    3.9
2018 176  6 25 0300  -55.2  601.4    4.6  324.0  -61.8    6.6
2018 176  6 25 0600  -53.7  601.8    3.5  323.0  -61.7    9.0
2018 176  6 25 0900  -51.0  602.1    4.6  320.0  -61.5   10.4
2018 176  6 25 1200  -51.0  602.3    5.6  315.0  -61.1   10.4
2018 176  6 25 1500  -51.2  602.5    4.3  314.0  -60.8   10.1
2018 176  6 25 1800  -51.8  602.7    4.0  322.0  -60.4    8.6
2018 176  6 25 2100  -50.4  602.9    3.8  325.0  -60.0    9.6
2018 177  6 26 0000  -47.1  602.8    3.7  327.0  -59.7   12.6
2018 177  6 26 0300  -47.4  602.0    3.7  350.0  -59.3   11.9
2018 177  6 26 0600  -49.9  601.5    2.7    7.0  -58.9    8.9
2018 177  6 26 0900  -48.0  601.9    3.5  336.0  -58.6   10.8
2018 177  6 26 1200  -48.6  601.8    3.5  336.0  -58.3    9.6
2018 177  6 26 1500  -50.7  601.8    3.2  326.0  -58.0    7.2
2018 177  6 26 1800  -47.9  602.6    0.9  313.0  -57.6    9.7
2018 177  6 26 2100  -45.1  603.1    1.7  297.0  -57.4   12.2
2018 178  6 27 0000  -46.9  603.7    0.0    0.0  -57.0   10.1
2018 178  6 27 0300  -53.9  603.7    1.3  321.0  -56.5    2.5
2018 178  6 27 0600  -51.4  603.6    1.2   69.0  -56.4    4.9
2018 178  6 27 0900  -54.8  603.5    2.0   94.0  -56.6    1.9
2018 178  6 27 1200  -56.0  603.2    1.9   58.0  -57.0    1.0
2018 178  6 27 1500  -55.7  603.1    1.4   64.0  -57.4    1.7
2018 178  6 27 1800  -55.7  602.6    2.1   84.0  -57.6    1.9
2018 178  6 27 2100  -57.7  602.4    1.6  100.0  -57.8    0.1
2018 179  6 28 0000  -54.3  601.9    2.6   70.0  -58.0    4.3
2018 179  6 28 0300  -57.2  601.4    2.4  109.0  -58.1    0.9
2018 179  6 28 0600  -57.9  600.7    2.4  103.0  -58.2    0.3
2018 179  6 28 0900  -60.4  600.5    2.6  106.0  -58.3   -2.1
2018 179  6 28 1200  -61.3  600.1    2.3   83.0  -58.5   -2.9
2018 179  6 28 1500  -60.4  599.7    2.3   92.0  -58.8   -1.2
2018 179  6 28 1800  -61.0  599.4    2.7   79.0  -59.2   -1.9
2018 179  6 28 2100  -63.9  599.1    1.4   80.0  -59.5   -4.4
2018 180  6 29 0000  -64.4  599.1    1.8   79.0  -59.9   -4.3
2018 180  6 29 0300  -65.0  599.1    1.8   73.0  -60.3   -4.6
2018 180  6 29 0600  -62.1  599.3    2.0   28.0  -60.8   -1.3
2018 180  6 29 0900  -65.0  599.9    1.3   52.0  -61.1   -3.9
2018 180  6 29 1200  -65.4  599.9    1.0   60.0  -61.4   -4.0
2018 180  6 29 1500  -65.3  599.9    1.4   24.0  -61.7   -3.6
2018 180  6 29 1800  -65.7  599.9    1.4   34.0  -62.0   -4.2
2018 180  6 29 2100  -64.4  599.7    1.7   14.0  -62.1   -2.4
2018 181  6 30 0000  -61.8  599.2    1.8   30.0  -62.3    0.6
2018 181  6 30 0300  -58.9  598.5    3.2   39.0  -62.4    3.9
2018 181  6 30 0600  -53.3  597.6    4.6   47.0  -62.3    9.0
2018 181  6 30 0900  -53.4  597.2    5.7   52.0  -62.0    8.6
2018 181  6 30 1200  -52.6  596.7    6.6   30.0  -61.6    9.0
2018 181  6 30 1500  -57.3  596.7    7.9   38.0  -61.0    2.8
2018 181  6 30 1800  -58.2  597.1    2.6   21.0  -60.7    2.4
2018 181  6 30 2100  -57.3  597.3    2.8   23.0  -60.6    3.6
