Year: 2018  Month: 06  ID: GIL  ARGOS:  8911  Name: Gill                
Lat: 79.88S  Lon: 178.57W  Elev:   53m
2018 152  6  1 0000  -46.7  444.0  444.0  444.0   64.0  444.0
2018 152  6  1 0300  -47.6  444.0  444.0  444.0   62.9  444.0
2018 152  6  1 0600  -48.2  444.0  444.0  444.0   63.0  444.0
2018 152  6  1 0900  -48.2  444.0  444.0  444.0   63.0  444.0
2018 152  6  1 1200  -47.6  444.0  444.0  444.0   63.0  444.0
2018 152  6  1 1500  -47.1  444.0  444.0  444.0   63.0  444.0
2018 152  6  1 1800  -45.5  444.0  444.0  444.0   63.9  444.0
2018 152  6  1 2100  -43.8  444.0  444.0  444.0   65.0  444.0
2018 153  6  2 0000  -42.8  444.0  444.0  444.0   65.0  444.0
2018 153  6  2 0300  -41.5  444.0  444.0  444.0   66.0  444.0
2018 153  6  2 0600  -38.6  444.0  444.0  444.0   67.1  444.0
2018 153  6  2 0900  -39.0  444.0  444.0  444.0   67.0  444.0
2018 153  6  2 1200  -36.5  444.0  444.0  444.0   68.0  444.0
2018 153  6  2 1500  -29.3  444.0  444.0  444.0   73.0  444.0
2018 153  6  2 1800  -26.4  444.0  444.0  444.0   75.0  444.0
2018 153  6  2 2100  -27.3  444.0  444.0  444.0   74.0  444.0
2018 154  6  3 0000  -25.8  444.0  444.0  444.0   76.0  444.0
2018 154  6  3 0300  -27.5  444.0  444.0  444.0   75.0  444.0
2018 154  6  3 0600  -27.9  444.0  444.0  444.0   74.0  444.0
2018 154  6  3 0900  -30.1  444.0  444.0  444.0   72.0  444.0
2018 154  6  3 1200  -31.2  444.0  444.0  444.0   72.4  444.0
2018 154  6  3 1500  -27.4  444.0  444.0  444.0   75.0  444.0
2018 154  6  3 1800  -36.0  444.0  444.0  444.0   69.0  444.0
2018 154  6  3 2100  -42.9  444.0  444.0  444.0   66.0  444.0
2018 155  6  4 0000  -46.8  444.0  444.0  444.0   64.0  444.0
2018 155  6  4 0300  -46.3  444.0  444.0  444.0   64.0  444.0
2018 155  6  4 0600  -46.1  444.0  444.0  444.0   64.2  444.0
2018 155  6  4 0900  -45.0  444.0  444.0  444.0   65.0  444.0
2018 155  6  4 1200  -46.5  444.0  444.0  444.0   64.0  444.0
2018 155  6  4 1500  -46.1  444.0  444.0  444.0   64.0  444.0
2018 155  6  4 1800  -44.3  444.0  444.0  444.0   65.0  444.0
2018 155  6  4 2100  -43.8  444.0  444.0  444.0   64.9  444.0
2018 156  6  5 0000  -43.7  444.0  444.0  444.0   65.0  444.0
2018 156  6  5 0300  -44.6  444.0  444.0  444.0   64.2  444.0
2018 156  6  5 0600  -46.0  444.0  444.0  444.0   64.0  444.0
2018 156  6  5 0900  -47.2  444.0  444.0  444.0   63.0  444.0
2018 156  6  5 1200  -48.3  444.0  444.0  444.0   63.0  444.0
2018 156  6  5 1500  -48.7  444.0  444.0  444.0   62.0  444.0
2018 156  6  5 1800  -44.9  444.0  444.0  444.0   64.0  444.0
2018 156  6  5 2100  -47.1  444.0  444.0  444.0   62.0  444.0
2018 157  6  6 0000  -48.9  444.0  444.0  444.0   62.0  444.0
2018 157  6  6 0300  -51.0  444.0  444.0  444.0   61.0  444.0
2018 157  6  6 0600  -52.3  444.0  444.0  444.0   60.0  444.0
2018 157  6  6 0900  -52.3  444.0  444.0  444.0   60.0  444.0
2018 157  6  6 1200  -53.1  444.0  444.0  444.0   60.0  444.0
2018 157  6  6 1500  -53.5  444.0  444.0  444.0   60.0  444.0
2018 157  6  6 1800  -53.4  444.0  444.0  444.0   60.0  444.0
2018 157  6  6 2100  -53.8  444.0  444.0  444.0   59.0  444.0
2018 158  6  7 0000  -54.2  444.0  444.0  444.0   59.0  444.0
2018 158  6  7 0300  -50.3  444.0  444.0  444.0   61.0  444.0
2018 158  6  7 0600  -44.5  444.0  444.0  444.0   64.0  444.0
2018 158  6  7 0900  -44.9  444.0  444.0  444.0   64.0  444.0
2018 158  6  7 1200  -48.4  444.0  444.0  444.0   62.0  444.0
2018 158  6  7 1500  -50.0  444.0  444.0  444.0   61.0  444.0
2018 158  6  7 1800  -51.4  444.0  444.0  444.0   60.0  444.0
2018 158  6  7 2100  -52.5  444.0  444.0  444.0   60.0  444.0
2018 159  6  8 0000  -53.1  444.0  444.0  444.0   60.0  444.0
2018 159  6  8 0300  -53.6  444.0  444.0  444.0   59.0  444.0
2018 159  6  8 0600  -54.5  444.0  444.0  444.0   59.0  444.0
2018 159  6  8 0900  -54.7  444.0  444.0  444.0   59.0  444.0
2018 159  6  8 1200  -53.8  444.0  444.0  444.0   59.0  444.0
2018 159  6  8 1500  -51.6  444.0  444.0  444.0   60.0  444.0
2018 159  6  8 1800  -49.0  444.0  444.0  444.0   61.0  444.0
2018 159  6  8 2100  -44.8  444.0  444.0  444.0   64.0  444.0
2018 160  6  9 0000  -41.0  444.0  444.0  444.0   65.0  444.0
2018 160  6  9 0300  -35.4  444.0  444.0  444.0   68.0  444.0
2018 160  6  9 0600  -31.0  444.0  444.0  444.0   72.0  444.0
2018 160  6  9 0900  -26.3  444.0  444.0  444.0   74.0  444.0
2018 160  6  9 1200  -26.8  444.0  444.0  444.0   74.0  444.0
2018 160  6  9 1500  -34.2  444.0  444.0  444.0   69.6  444.0
2018 160  6  9 1800  -45.2  444.0  444.0  444.0   65.0  444.0
2018 160  6  9 2100  -40.6  444.0  444.0  444.0   66.7  444.0
2018 161  6 10 0000  -41.2  444.0  444.0  444.0   66.0  444.0
2018 161  6 10 0300  -42.8  444.0  444.0  444.0   65.7  444.0
2018 161  6 10 0600  -45.1  444.0  444.0  444.0   64.0  444.0
2018 161  6 10 0900  -45.9  444.0  444.0  444.0   63.0  444.0
2018 161  6 10 1200  -45.7  444.0  444.0  444.0   64.0  444.0
2018 161  6 10 1500  -45.9  444.0  444.0  444.0   63.6  444.0
2018 161  6 10 1800  -45.8  444.0  444.0  444.0   63.6  444.0
2018 161  6 10 2100  -44.9  444.0  444.0  444.0   64.0  444.0
2018 162  6 11 0000  -44.2  444.0  444.0  444.0   64.3  444.0
2018 162  6 11 0300  -45.3  444.0  444.0  444.0   64.0  444.0
2018 162  6 11 0600  -43.7  444.0  444.0  444.0   65.0  444.0
2018 162  6 11 0900  -44.3  444.0  444.0  444.0   64.0  444.0
2018 162  6 11 1200  -43.8  444.0  444.0  444.0   65.0  444.0
2018 162  6 11 1500  -39.4  444.0  444.0  444.0   67.0  444.0
2018 162  6 11 1800  -37.8  444.0  444.0  444.0   67.9  444.0
2018 162  6 11 2100  -40.1  444.0  444.0  444.0   67.0  444.0
2018 163  6 12 0000  -41.1  444.0  444.0  444.0   66.0  444.0
2018 163  6 12 0300  -40.5  444.0  444.0  444.0   66.0  444.0
2018 163  6 12 0600  -40.5  444.0  444.0  444.0   70.0  444.0
2018 163  6 12 0900  -41.8  444.0  444.0  444.0   66.0  444.0
2018 163  6 12 1200  -41.3  444.0  444.0  444.0   66.0  444.0
2018 163  6 12 1500  -40.4  444.0  444.0  444.0   65.9  444.0
2018 163  6 12 1800  -40.1  444.0  444.0  444.0   66.0  444.0
2018 163  6 12 2100  -41.3  444.0  444.0  444.0   65.6  444.0
2018 164  6 13 0000  -40.5  444.0  444.0  444.0   65.9  444.0
2018 164  6 13 0300  -43.2  444.0  444.0  444.0   64.6  444.0
2018 164  6 13 0600  -44.5  444.0  444.0  444.0   64.0  444.0
2018 164  6 13 0900  -46.1  444.0  444.0  444.0   63.0  444.0
2018 164  6 13 1200  -46.1  444.0  444.0  444.0   63.0  444.0
2018 164  6 13 1500  -45.9  444.0  444.0  444.0   63.0  444.0
2018 164  6 13 1800  -48.0  444.0  444.0  444.0   62.0  444.0
2018 164  6 13 2100  -42.2  444.0  444.0  444.0   66.0  444.0
2018 165  6 14 0000  -42.1  444.0  444.0  444.0   65.0  444.0
2018 165  6 14 0300  -44.3  444.0  444.0  444.0   63.7  444.0
2018 165  6 14 0600  -45.5  444.0  444.0  444.0   64.0  444.0
2018 165  6 14 0900  -44.5  444.0  444.0  444.0   64.0  444.0
2018 165  6 14 1200  -44.8  444.0  444.0  444.0   63.0  444.0
2018 165  6 14 1500  -44.5  444.0  444.0  444.0   64.1  444.0
2018 165  6 14 1800  -41.5  444.0  444.0  444.0   66.0  444.0
2018 165  6 14 2100  -40.9  444.0  444.0  444.0   64.9  444.0
2018 166  6 15 0000  -43.3  444.0  444.0  444.0   66.0  444.0
2018 166  6 15 0300  -45.5  444.0  444.0  444.0   63.0  444.0
2018 166  6 15 0600  -48.5  444.0  444.0  444.0   61.0  444.0
2018 166  6 15 0900  -51.0  444.0  444.0  444.0   60.5  444.0
2018 166  6 15 1200  -50.6  444.0  444.0  444.0   61.0  444.0
2018 166  6 15 1500  -49.7  444.0  444.0  444.0   61.0  444.0
2018 166  6 15 1800  -47.6  444.0  444.0  444.0   62.4  444.0
2018 166  6 15 2100  -42.1  444.0  444.0  444.0   65.0  444.0
2018 167  6 16 0000  -38.7  444.0  444.0  444.0   66.6  444.0
2018 167  6 16 0300  -35.0  444.0  444.0  444.0   69.0  444.0
2018 167  6 16 0600  -37.0  444.0  444.0  444.0   67.0  444.0
2018 167  6 16 0900  -45.1  444.0  444.0  444.0   64.0  444.0
2018 167  6 16 1200  -44.5  444.0  444.0  444.0   63.9  444.0
2018 167  6 16 1500  -43.5  444.0  444.0  444.0   64.0  444.0
2018 167  6 16 1800  -45.6  444.0  444.0  444.0   63.0  444.0
2018 167  6 16 2100  -46.6  444.0  444.0  444.0   63.0  444.0
2018 168  6 17 0000  -45.6  444.0  444.0  444.0   63.0  444.0
2018 168  6 17 0300  -46.2  444.0  444.0  444.0   62.5  444.0
2018 168  6 17 0600  -47.9  444.0  444.0  444.0   62.2  444.0
2018 168  6 17 0900  -46.6  444.0  444.0  444.0   63.0  444.0
2018 168  6 17 1200  -45.1  444.0  444.0  444.0   63.0  444.0
2018 168  6 17 1500  -44.5  444.0  444.0  444.0   63.3  444.0
2018 168  6 17 1800  -45.5  444.0  444.0  444.0   63.0  444.0
2018 168  6 17 2100  -44.8  444.0  444.0  444.0   63.3  444.0
2018 169  6 18 0000  -44.4  444.0  444.0  444.0   64.0  444.0
2018 169  6 18 0300  -39.7  444.0  444.0  444.0   66.0  444.0
2018 169  6 18 0600  -31.3  444.0  444.0  444.0   71.0  444.0
2018 169  6 18 0900  -30.8  444.0  444.0  444.0   71.2  444.0
2018 169  6 18 1200  -31.4  444.0  444.0  444.0   70.0  444.0
2018 169  6 18 1500  -31.3  444.0  444.0  444.0   71.0  444.0
2018 169  6 18 1800  -32.5  444.0  444.0  444.0   70.5  444.0
2018 169  6 18 2100  -31.8  444.0  444.0  444.0   71.0  444.0
2018 170  6 19 0000  -32.2  444.0  444.0  444.0   70.7  444.0
2018 170  6 19 0300  -31.8  444.0  444.0  444.0   71.4  444.0
2018 170  6 19 0600  -29.7  444.0  444.0  444.0   73.0  444.0
2018 170  6 19 0900  -27.8  444.0  444.0  444.0   74.0  444.0
2018 170  6 19 1200  -28.1  444.0  444.0  444.0   73.6  444.0
2018 170  6 19 1500  -31.5  444.0  444.0  444.0   71.0  444.0
2018 170  6 19 1800  -35.0  444.0  444.0  444.0   69.0  444.0
2018 170  6 19 2100  -37.3  444.0  444.0  444.0   68.0  444.0
2018 171  6 20 0000  -33.6  444.0  444.0  444.0   70.0  444.0
2018 171  6 20 0300  -33.2  444.0  444.0  444.0   71.0  444.0
2018 171  6 20 0600  -33.9  444.0  444.0  444.0   70.0  444.0
2018 171  6 20 0900  -37.2  444.0  444.0  444.0   68.0  444.0
2018 171  6 20 1200  -38.2  444.0  444.0  444.0   67.5  444.0
2018 171  6 20 1500  -40.8  444.0  444.0  444.0   66.0  444.0
2018 171  6 20 1800  -39.4  444.0  444.0  444.0   67.0  444.0
2018 171  6 20 2100  -38.3  444.0  444.0  444.0   68.0  444.0
2018 172  6 21 0000  -33.5  444.0  444.0  444.0   70.0  444.0
2018 172  6 21 0300  -34.6  444.0  444.0  444.0   70.0  444.0
2018 172  6 21 0600  -34.7  444.0  444.0  444.0   69.6  444.0
2018 172  6 21 0900  -33.8  444.0  444.0  444.0   70.0  444.0
2018 172  6 21 1200  -32.8  444.0  444.0  444.0   70.0  444.0
2018 172  6 21 1500  -33.5  444.0  444.0  444.0   70.0  444.0
2018 172  6 21 1800  -34.7  444.0  444.0  444.0   70.0  444.0
2018 172  6 21 2100  -36.4  444.0  444.0  444.0   68.5  444.0
2018 173  6 22 0000  -39.5  444.0  444.0  444.0   67.0  444.0
2018 173  6 22 0300  -40.6  444.0  444.0  444.0   66.6  444.0
2018 173  6 22 0600  -39.3  444.0  444.0  444.0   67.0  444.0
2018 173  6 22 0900  -30.0  444.0  444.0  444.0   72.4  444.0
2018 173  6 22 1200  -26.4  444.0  444.0  444.0   75.0  444.0
2018 173  6 22 1500  -23.7  444.0  444.0  444.0   77.1  444.0
2018 173  6 22 1800  -22.0  444.0  444.0  444.0   79.0  444.0
2018 173  6 22 2100  -21.1  444.0  444.0  444.0   79.8  444.0
2018 174  6 23 0000  -21.4  444.0  444.0  444.0   80.0  444.0
2018 174  6 23 0300  -21.1  444.0  444.0  444.0   80.0  444.0
2018 174  6 23 0600  -22.0  444.0  444.0  444.0   79.0  444.0
2018 174  6 23 0900  -25.7  444.0  444.0  444.0   76.0  444.0
2018 174  6 23 1200  -31.9  444.0  444.0  444.0   72.1  444.0
2018 174  6 23 1500  -33.0  444.0  444.0  444.0   71.0  444.0
2018 174  6 23 1800  -32.4  444.0  444.0  444.0   71.9  444.0
2018 174  6 23 2100  -31.4  444.0  444.0  444.0   72.0  444.0
2018 175  6 24 0000  -30.7  444.0  444.0  444.0   73.0  444.0
2018 175  6 24 0300  -29.7  444.0  444.0  444.0   73.0  444.0
2018 175  6 24 0600  -30.3  444.0  444.0  444.0   73.0  444.0
2018 175  6 24 0900  -29.8  444.0  444.0  444.0   73.0  444.0
2018 175  6 24 1200  -30.2  444.0  444.0  444.0   73.0  444.0
2018 175  6 24 1500  -29.0  444.0  444.0  444.0   74.0  444.0
2018 175  6 24 1800  -29.5  444.0  444.0  444.0   73.0  444.0
2018 175  6 24 2100  -27.2  444.0  444.0  444.0   75.0  444.0
2018 176  6 25 0000  -24.8  444.0  444.0  444.0   77.0  444.0
2018 176  6 25 0300  -24.8  444.0  444.0  444.0   77.0  444.0
2018 176  6 25 0600  -24.6  444.0  444.0  444.0   77.1  444.0
2018 176  6 25 0900  -25.8  444.0  444.0  444.0   76.0  444.0
2018 176  6 25 1200  -26.4  444.0  444.0  444.0   75.4  444.0
2018 176  6 25 1500  -27.6  444.0  444.0  444.0   75.0  444.0
2018 176  6 25 1800  -27.5  444.0  444.0  444.0   75.0  444.0
2018 176  6 25 2100  -27.4  444.0  444.0  444.0   75.0  444.0
2018 177  6 26 0000  -26.6  444.0  444.0  444.0   76.0  444.0
2018 177  6 26 0300  -27.5  444.0  444.0  444.0   74.9  444.0
2018 177  6 26 0600  -25.4  444.0  444.0  444.0   76.0  444.0
2018 177  6 26 0900  -24.0  444.0  444.0  444.0   78.0  444.0
2018 177  6 26 1200  -23.8  444.0  444.0  444.0   78.0  444.0
2018 177  6 26 1500  -25.1  444.0  444.0  444.0   77.0  444.0
2018 177  6 26 1800  -26.8  444.0  444.0  444.0   76.0  444.0
2018 177  6 26 2100  -29.2  444.0  444.0  444.0   74.0  444.0
2018 178  6 27 0000  -31.7  444.0  444.0  444.0   72.0  444.0
2018 178  6 27 0300  -31.5  444.0  444.0  444.0   72.4  444.0
2018 178  6 27 0600  -33.8  444.0  444.0  444.0   70.0  444.0
2018 178  6 27 0900  -35.3  444.0  444.0  444.0   69.3  444.0
2018 178  6 27 1200  -33.7  444.0  444.0  444.0   71.0  444.0
2018 178  6 27 1500  -32.6  444.0  444.0  444.0   72.0  444.0
2018 178  6 27 1800  -32.3  444.0  444.0  444.0   70.7  444.0
2018 178  6 27 2100  -34.3  444.0  444.0  444.0   70.8  444.0
2018 179  6 28 0000  -33.4  444.0  444.0  444.0   70.7  444.0
2018 179  6 28 0300  -34.0  444.0  444.0  444.0   71.0  444.0
2018 179  6 28 0600  -31.9  444.0  444.0  444.0   72.0  444.0
2018 179  6 28 0900  -31.5  444.0  444.0  444.0   72.0  444.0
2018 179  6 28 1200  -31.8  444.0  444.0  444.0   71.8  444.0
2018 179  6 28 1500  -31.9  444.0  444.0  444.0   72.0  444.0
2018 179  6 28 1800  -31.3  444.0  444.0  444.0   72.0  444.0
2018 179  6 28 2100  -31.4  444.0  444.0  444.0   72.0  444.0
2018 180  6 29 0000  -30.9  444.0  444.0  444.0   72.5  444.0
2018 180  6 29 0300  -30.6  444.0  444.0  444.0   73.0  444.0
2018 180  6 29 0600  -30.1  444.0  444.0  444.0   73.0  444.0
2018 180  6 29 0900  -29.9  444.0  444.0  444.0   73.0  444.0
2018 180  6 29 1200  -28.3  444.0  444.0  444.0   74.4  444.0
2018 180  6 29 1500  -25.0  444.0  444.0  444.0   76.0  444.0
2018 180  6 29 1800  -26.0  444.0  444.0  444.0   75.7  444.0
2018 180  6 29 2100  -25.8  444.0  444.0  444.0   76.0  444.0
2018 181  6 30 0000  -26.9  444.0  444.0  444.0   75.0  444.0
2018 181  6 30 0300  -29.2  444.0  444.0  444.0   74.2  444.0
2018 181  6 30 0600  -26.2  444.0  444.0  444.0   75.6  444.0
2018 181  6 30 0900  -25.3  444.0  444.0  444.0   76.0  444.0
2018 181  6 30 1200  -25.5  444.0  444.0  444.0   76.0  444.0
2018 181  6 30 1500  -28.5  444.0  444.0  444.0   74.0  444.0
2018 181  6 30 1800  -28.6  444.0  444.0  444.0   75.0  444.0
2018 181  6 30 2100  -26.8  444.0  444.0  444.0   75.4  444.0
