Year: 2018  Month: 10  ID: GIL  ARGOS:  8911  Name: Gill                
Lat: 79.88S  Lon: 178.57W  Elev:   53m
2018 274 10  1 0000  -20.8  444.0   11.4  109.0   78.0  444.0
2018 274 10  1 0300  -21.1  444.0   14.6  119.0   78.0  444.0
2018 274 10  1 0600  -20.8  444.0   15.2  132.0   80.0  444.0
2018 274 10  1 0900  -22.3  444.0   17.3  141.0   78.9  444.0
2018 274 10  1 1200  -22.6  444.0   16.3  137.0   79.0  444.0
2018 274 10  1 1500  -22.6  444.0   13.0  133.0   79.0  444.0
2018 274 10  1 1800  -21.0  444.0    7.3  128.0   80.0  444.0
2018 274 10  1 2100  -18.3  444.0    9.1  107.0   80.0  444.0
2018 275 10  2 0000  -17.8  444.0    8.9  101.0   79.7  444.0
2018 275 10  2 0300  -17.9  444.0    7.5   73.0   80.0  444.0
2018 275 10  2 0600  -18.5  444.0    7.5  142.0   82.0  444.0
2018 275 10  2 0900  -18.5  444.0    6.5   86.0   82.0  444.0
2018 275 10  2 1200  -18.7  444.0    6.9   95.0   82.2  444.0
2018 275 10  2 1500  -18.9  444.0    4.9   73.0   82.0  444.0
2018 275 10  2 1800  -19.0  444.0    5.1   74.0   81.4  444.0
2018 275 10  2 2100  -19.6  444.0    4.0   98.0   80.0  444.0
2018 276 10  3 0000  -20.0  444.0    3.5  167.0   78.0  444.0
2018 276 10  3 0300  -20.2  444.0    6.0  167.0   78.2  444.0
2018 276 10  3 0600  -20.0  444.0    9.1  180.0   80.0  444.0
2018 276 10  3 0900  -23.2  444.0   10.4  183.0   77.0  444.0
2018 276 10  3 1200  -23.7  444.0   10.3  182.0   78.0  444.0
2018 276 10  3 1500  -22.0  444.0    9.2  190.0   79.6  444.0
2018 276 10  3 1800  -22.2  444.0    6.4  200.0   79.0  444.0
2018 276 10  3 2100  -19.5  444.0    6.5  181.0   80.0  444.0
2018 277 10  4 0000  -20.4  444.0    4.1  128.0   77.0  444.0
2018 277 10  4 0300  -21.8  444.0    5.9  112.0   77.0  444.0
2018 277 10  4 0600  -21.0  444.0    7.0  136.0   79.0  444.0
2018 277 10  4 0900  -24.7  444.0    8.3  160.0   77.1  444.0
2018 277 10  4 1200  -23.8  444.0    6.5  184.0   78.0  444.0
2018 277 10  4 1500  -19.9  444.0    8.1  190.0   81.1  444.0
2018 277 10  4 1800  -20.2  444.0    2.3  215.0   79.9  444.0
2018 277 10  4 2100  -21.9  444.0    4.0  136.0   75.0  444.0
2018 278 10  5 0000  -22.9  444.0    7.5  128.0   72.0  444.0
2018 278 10  5 0300  -23.3  444.0    4.9  137.0   74.0  444.0
2018 278 10  5 0600  -26.0  444.0    1.1  165.0   74.3  444.0
2018 278 10  5 0900  -28.5  444.0    4.0  194.0   75.0  444.0
2018 278 10  5 1200  -30.9  444.0    4.5  209.0   73.4  444.0
2018 278 10  5 1500  -31.5  444.0    5.0  173.0   73.0  444.0
2018 278 10  5 1800  -32.8  444.0    4.9  167.0   71.0  444.0
2018 278 10  5 2100  -30.4  444.0    2.3  154.0   68.0  444.0
2018 279 10  6 0000  -28.5  444.0    3.2  109.0   70.0  444.0
2018 279 10  6 0300  -25.6  444.0    2.7   98.0   74.0  444.0
2018 279 10  6 0600  -23.1  444.0    7.4  122.0   78.0  444.0
2018 279 10  6 0900  -19.2  444.0    3.0  103.0   82.0  444.0
2018 279 10  6 1200  -19.8  444.0    1.7  114.0   81.0  444.0
2018 279 10  6 1500  -20.5  444.0    1.3  136.0   80.0  444.0
2018 279 10  6 1800  -20.6  444.0    3.7  182.0   80.0  444.0
2018 279 10  6 2100  -18.9  444.0    3.8  170.0   81.0  444.0
2018 280 10  7 0000  -19.2  444.0    4.9  177.0   80.3  444.0
2018 280 10  7 0300  -20.0  444.0    4.1  197.0   80.0  444.0
2018 280 10  7 0600  -23.2  444.0    4.7  232.0   77.9  444.0
2018 280 10  7 0900  -26.2  444.0    3.3  216.0   76.0  444.0
2018 280 10  7 1200  -31.8  444.0    2.7  227.0   72.5  444.0
2018 280 10  7 1500  -32.9  444.0    2.6  221.0   72.0  444.0
2018 280 10  7 1800  -32.0  444.0    2.6  187.0   70.1  444.0
2018 280 10  7 2100  -30.3  444.0    2.9  199.0   69.0  444.0
2018 281 10  8 0000  -27.4  444.0    2.6  191.0   71.0  444.0
2018 281 10  8 0300  -27.4  444.0    2.8  192.0   70.7  444.0
2018 281 10  8 0600  -30.1  444.0    3.3  175.0   70.5  444.0
2018 281 10  8 0900  -33.8  444.0    2.6  160.0   71.0  444.0
2018 281 10  8 1200  -36.3  444.0    4.4  163.0   69.0  444.0
2018 281 10  8 1500  -36.0  444.0    3.2  210.0   69.0  444.0
2018 281 10  8 1800  -33.7  444.0    4.9  196.0   69.0  444.0
2018 281 10  8 2100  -29.7  444.0    4.1  209.0   69.0  444.0
2018 282 10  9 0000  -25.9  444.0    5.8  191.0   71.0  444.0
2018 282 10  9 0300  -24.1  444.0    6.0  193.0   73.0  444.0
2018 282 10  9 0600  -24.1  444.0    6.3  211.0   76.0  444.0
2018 282 10  9 0900  -25.1  444.0    6.7  196.0   76.0  444.0
2018 282 10  9 1200  -26.2  444.0    7.9  186.0   76.0  444.0
2018 282 10  9 1500  -29.3  444.0    5.6  196.0   73.6  444.0
2018 282 10  9 1800  -31.7  444.0    3.7  192.0   71.0  444.0
2018 282 10  9 2100  -31.9  444.0    6.2  165.0   68.0  444.0
2018 283 10 10 0000  -29.6  444.0    4.0  223.0   69.1  444.0
2018 283 10 10 0300  -26.6  444.0    4.6  185.0   70.0  444.0
2018 283 10 10 0600  -28.7  444.0    5.5  184.0   72.0  444.0
2018 283 10 10 0900  -30.2  444.0    4.2  215.0   73.0  444.0
2018 283 10 10 1200  -29.4  444.0    2.4  192.0   73.5  444.0
2018 283 10 10 1500  -33.3  444.0    2.2  218.0   71.0  444.0
2018 283 10 10 1800  -35.2  444.0    2.2  162.0   68.7  444.0
2018 283 10 10 2100  -35.2  444.0    3.3  152.0   68.0  444.0
2018 284 10 11 0000  -33.0  444.0    1.4  144.0   67.0  444.0
2018 284 10 11 0300  -32.8  444.0    2.0  228.0   67.3  444.0
2018 284 10 11 0600  -36.4  444.0    2.2    2.0   66.8  444.0
2018 284 10 11 0900  -39.1  444.0    0.0    0.0   67.0  444.0
2018 284 10 11 1200  -37.1  444.0    3.1   59.0   68.0  444.0
2018 284 10 11 1500  -39.2  444.0    3.1  101.0   67.4  444.0
2018 284 10 11 1800  -33.9  444.0    4.1  120.0   70.0  444.0
2018 284 10 11 2100  -24.4  444.0    3.5  116.0   75.2  444.0
2018 285 10 12 0000  -23.3  444.0    4.2  134.0   76.0  444.0
2018 285 10 12 0300  -22.5  444.0    3.5  140.0   77.0  444.0
2018 285 10 12 0600  -23.2  444.0    3.3  150.0   77.0  444.0
2018 285 10 12 0900  -23.5  444.0    3.1  131.0   77.7  444.0
2018 285 10 12 1200  -22.9  444.0    2.3   84.0   78.0  444.0
2018 285 10 12 1500  -22.9  444.0    2.4   38.0   78.0  444.0
2018 285 10 12 1800  -22.5  444.0    1.5  106.0   78.0  444.0
2018 285 10 12 2100  -21.3  444.0    2.0   68.0   78.0  444.0
2018 286 10 13 0000  -21.0  444.0    2.6   48.0   78.0  444.0
2018 286 10 13 0300  -21.3  444.0    3.5   88.0   78.0  444.0
2018 286 10 13 0600  -22.0  444.0    4.5   81.0   79.0  444.0
2018 286 10 13 0900  -22.7  444.0    4.5   80.0   79.0  444.0
2018 286 10 13 1200  -23.1  444.0    4.3   95.0   78.0  444.0
2018 286 10 13 1500  -24.6  444.0    4.2  116.0   77.1  444.0
2018 286 10 13 1800  -26.5  444.0    3.2  114.0   73.0  444.0
2018 286 10 13 2100  -28.8  444.0    4.2  132.0   72.0  444.0
2018 287 10 14 0000  -29.1  444.0    2.4  158.0   69.0  444.0
2018 287 10 14 0300  -29.8  444.0    2.7  178.0   69.2  444.0
2018 287 10 14 0600  -32.9  444.0    3.9  173.0   68.0  444.0
2018 287 10 14 0900  -33.1  444.0    0.1  153.0   71.0  444.0
2018 287 10 14 1200  -34.8  444.0    0.0    0.0   70.0  444.0
2018 287 10 14 1500  -35.9  444.0    1.3   28.0   69.0  444.0
2018 287 10 14 1800  -34.1  444.0    1.6   43.0   69.0  444.0
2018 287 10 14 2100  -29.3  444.0    2.8   58.0   72.0  444.0
2018 288 10 15 0000  -28.8  444.0    2.9  143.0   66.1  444.0
2018 288 10 15 0300  -30.3  444.0    2.8  104.0   70.0  444.0
2018 288 10 15 0600  -32.6  444.0    2.9   80.0   67.4  444.0
2018 288 10 15 0900  -35.6  444.0    3.0  120.0   69.0  444.0
2018 288 10 15 1200  -38.7  444.0    3.4  180.0   67.2  444.0
2018 288 10 15 1500  -38.8  444.0    3.6  208.0   68.0  444.0
2018 288 10 15 1800  -36.2  444.0    2.7  147.0   66.5  444.0
2018 288 10 15 2100  -31.9  444.0    2.1  164.0   69.4  444.0
2018 289 10 16 0000  -28.7  444.0    2.5  169.0   70.0  444.0
2018 289 10 16 0300  -28.6  444.0    4.7  182.0   72.0  444.0
2018 289 10 16 0600  -32.0  444.0    5.7  197.0   69.0  444.0
2018 289 10 16 0900  -31.6  444.0    6.2  216.0   71.6  444.0
2018 289 10 16 1200  -29.1  444.0    6.8  220.0   73.0  444.0
2018 289 10 16 1500  -29.1  444.0    7.1  219.0   73.0  444.0
2018 289 10 16 1800  -29.4  444.0    9.1  241.0   72.0  444.0
2018 289 10 16 2100  -33.0  444.0    8.6  245.0   67.0  444.0
2018 290 10 17 0000  -32.8  444.0    7.7  248.0   66.0  444.0
2018 290 10 17 0300  -32.6  444.0    9.3  264.0   67.0  444.0
2018 290 10 17 0600  -32.6  444.0    8.6  270.0   69.0  444.0
2018 290 10 17 0900  -31.6  444.0    8.0  268.0   72.0  444.0
2018 290 10 17 1200  -28.6  444.0    7.4  281.0   74.0  444.0
2018 290 10 17 1500  -25.6  444.0    6.1  297.0   75.2  444.0
2018 290 10 17 1800  -24.7  444.0    6.1  295.0   76.0  444.0
2018 290 10 17 2100  -25.3  444.0    4.7  315.0   74.0  444.0
2018 291 10 18 0000  -26.9  444.0    2.8  327.0   68.0  444.0
2018 291 10 18 0300  -27.4  444.0    3.5  317.0   68.0  444.0
2018 291 10 18 0600  -27.4  444.0    3.5  328.0   74.0  444.0
2018 291 10 18 0900  -25.2  444.0    3.7    1.0   76.2  444.0
2018 291 10 18 1200  -24.4  444.0    3.9  341.0   76.9  444.0
2018 291 10 18 1500  -24.8  444.0    4.3  344.0   77.0  444.0
2018 291 10 18 1800  -23.5  444.0    4.2  344.0   77.0  444.0
2018 291 10 18 2100  -21.0  444.0    6.4  350.0   77.0  444.0
2018 292 10 19 0000  -19.5  444.0    6.3  354.0   77.2  444.0
2018 292 10 19 0300  -18.0  444.0    4.4  358.0   78.0  444.0
2018 292 10 19 0600  -19.0  444.0    3.2  333.0   76.0  444.0
2018 292 10 19 0900  -23.7  444.0    1.2  346.0   78.0  444.0
2018 292 10 19 1200  -19.6  444.0    4.6  334.0   79.4  444.0
2018 292 10 19 1500  -19.1  444.0    3.5  330.0   79.0  444.0
2018 292 10 19 1800  -19.1  444.0    1.5  305.0   78.1  444.0
2018 292 10 19 2100  -20.5  444.0    3.7  353.0   77.0  444.0
2018 293 10 20 0000  -20.5  444.0    1.1  325.0   76.0  444.0
2018 293 10 20 0300  -20.3  444.0    2.6    6.0   77.0  444.0
2018 293 10 20 0600  -21.3  444.0    1.2   32.0   77.7  444.0
2018 293 10 20 0900  -22.8  444.0    0.8   41.0   78.0  444.0
2018 293 10 20 1200  -21.3  444.0    2.2  359.0   80.0  444.0
2018 293 10 20 1500  -22.5  444.0    2.8   13.0   78.2  444.0
2018 293 10 20 1800  -23.5  444.0    3.3   44.0   77.0  444.0
2018 293 10 20 2100  -24.2  444.0    2.9   40.0   74.1  444.0
2018 294 10 21 0000  -23.9  444.0    2.5    6.0   74.0  444.0
2018 294 10 21 0300  -22.3  444.0    3.2    9.0   76.0  444.0
2018 294 10 21 0600  -19.4  444.0    1.8   25.0   79.0  444.0
2018 294 10 21 0900  -19.4  444.0    1.5   81.0   80.9  444.0
2018 294 10 21 1200  -19.5  444.0    2.9   87.0   81.0  444.0
2018 294 10 21 1500  -20.1  444.0    4.0  106.0   81.0  444.0
2018 294 10 21 1800  -20.5  444.0    5.1  115.0   80.0  444.0
2018 294 10 21 2100  -21.8  444.0    6.0  128.0   77.8  444.0
2018 295 10 22 0000  -24.7  444.0    3.7  141.0   75.0  444.0
2018 295 10 22 0300  -23.9  444.0    4.8  165.0   77.0  444.0
2018 295 10 22 0600  -23.1  444.0    4.6  173.0   78.0  444.0
2018 295 10 22 0900  -23.4  444.0    4.8  176.0   78.0  444.0
2018 295 10 22 1200  -23.7  444.0    3.7  201.0   78.0  444.0
2018 295 10 22 1500  -28.7  444.0    3.5  203.0   73.5  444.0
2018 295 10 22 1800  -32.2  444.0    3.8  210.0   71.0  444.0
2018 295 10 22 2100  -29.4  444.0    4.0  205.0   72.0  444.0
2018 296 10 23 0000  -27.8  444.0    5.4  194.0   72.0  444.0
2018 296 10 23 0300  -27.7  444.0    4.6  198.0   72.0  444.0
2018 296 10 23 0600  -29.6  444.0    4.6  227.0   71.0  444.0
2018 296 10 23 0900  -32.6  444.0    4.7  211.0   71.0  444.0
2018 296 10 23 1200  -32.8  444.0    5.0  228.0   70.9  444.0
2018 296 10 23 1500  -34.5  444.0    4.9  212.0   69.0  444.0
2018 296 10 23 1800  -34.2  444.0    4.1  222.0   68.4  444.0
2018 296 10 23 2100  -32.7  444.0    4.4  211.0   68.0  444.0
2018 297 10 24 0000  -31.7  444.0    5.3  202.0   70.0  444.0
2018 297 10 24 0300  -30.0  444.0    5.5  197.0   71.0  444.0
2018 297 10 24 0600  -29.7  444.0    3.9  204.0   71.6  444.0
2018 297 10 24 0900  -31.5  444.0    5.8  206.0   72.0  444.0
2018 297 10 24 1200  -30.7  444.0    6.5  212.0   73.0  444.0
2018 297 10 24 1500  -28.5  444.0    6.4  218.0   73.0  444.0
2018 297 10 24 1800  -23.4  444.0    9.2  200.0   75.2  444.0
2018 297 10 24 2100  -19.9  444.0   10.3  197.0   77.8  444.0
2018 298 10 25 0000  -17.0  444.0   13.2  197.0   80.0  444.0
2018 298 10 25 0300  -14.8  444.0   13.3  191.0   82.0  444.0
2018 298 10 25 0600  -15.1  444.0   10.1  191.0   81.0  444.0
2018 298 10 25 0900  -17.4  444.0    6.6  183.0   80.7  444.0
2018 298 10 25 1200  -23.3  444.0    6.3  159.0   78.0  444.0
2018 298 10 25 1500  -26.3  444.0    5.2  154.0   73.3  444.0
2018 298 10 25 1800  -26.3  444.0    3.1  173.0   67.0  444.0
2018 298 10 25 2100  -24.4  444.0    2.4  215.0   70.5  444.0
2018 299 10 26 0000  -19.4  444.0    4.8  193.0   75.0  444.0
2018 299 10 26 0300  -16.6  444.0    5.0  170.0   77.3  444.0
2018 299 10 26 0600  -20.2  444.0    8.9  140.0   77.0  444.0
2018 299 10 26 0900  -21.2  444.0   10.7  130.0   79.0  444.0
2018 299 10 26 1200  -19.8  444.0   10.4  157.0   80.0  444.0
2018 299 10 26 1500  -23.4  444.0    6.8  190.0   75.0  444.0
2018 299 10 26 1800  -23.9  444.0    7.8  197.0   73.4  444.0
2018 299 10 26 2100  -23.8  444.0    6.8  186.0   71.0  444.0
2018 300 10 27 0000  -21.8  444.0    7.3  200.0   72.0  444.0
2018 300 10 27 0300  -19.7  444.0    8.0  231.0   73.0  444.0
2018 300 10 27 0600  -14.4  444.0   11.4  229.0   76.0  444.0
2018 300 10 27 0900   -9.3  444.0   14.7  219.0   90.0  444.0
2018 300 10 27 1200  -12.6  444.0   10.0  201.0   87.4  444.0
2018 300 10 27 1500  -14.7  444.0    6.9  199.0   84.0  444.0
2018 300 10 27 1800  -16.3  444.0    4.7  185.0   78.0  444.0
2018 300 10 27 2100  -17.3  444.0    4.8  140.0   73.0  444.0
2018 301 10 28 0000  -20.2  444.0    7.6  134.0   72.0  444.0
2018 301 10 28 0300  -17.5  444.0    5.0  118.0   80.0  444.0
2018 301 10 28 0600  -12.7  444.0    5.3  114.0   86.3  444.0
2018 301 10 28 0900  -11.0  444.0    6.6  103.0   89.0  444.0
2018 301 10 28 1200  -11.9  444.0    5.6  128.0   86.0  444.0
2018 301 10 28 1500  -17.8  444.0    6.1  180.0   81.6  444.0
2018 301 10 28 1800  -16.7  444.0    8.8  210.0   81.0  444.0
2018 301 10 28 2100  -15.8  444.0   10.9  216.0   77.0  444.0
2018 302 10 29 0000  -14.4  444.0    8.1  197.0   76.3  444.0
2018 302 10 29 0300  -13.1  444.0    9.4  180.0   77.1  444.0
2018 302 10 29 0600  -14.4  444.0    5.5  174.0   77.0  444.0
2018 302 10 29 0900  -16.5  444.0    6.2  192.0   78.0  444.0
2018 302 10 29 1200  -19.4  444.0    5.1  213.0   80.1  444.0
2018 302 10 29 1500  -19.0  444.0    5.1  197.0   77.0  444.0
2018 302 10 29 1800  -19.4  444.0    5.0  201.0   75.0  444.0
2018 302 10 29 2100  -18.7  444.0    3.3  188.0   71.0  444.0
2018 303 10 30 0000  -18.3  444.0    3.8  171.0   71.0  444.0
2018 303 10 30 0300  -17.5  444.0    2.6  175.0   70.7  444.0
2018 303 10 30 0600  -18.4  444.0    2.8  182.0   74.7  444.0
2018 303 10 30 0900  -21.6  444.0    2.5  160.0   77.3  444.0
2018 303 10 30 1200  -22.3  444.0    3.6  187.0   79.0  444.0
2018 303 10 30 1500  -23.9  444.0    3.1  177.0   74.7  444.0
2018 303 10 30 1800  -24.4  444.0    2.9  203.0   71.0  444.0
2018 303 10 30 2100  -21.8  444.0    1.1  166.0   69.0  444.0
2018 304 10 31 0000  -19.4  444.0    1.6  199.0   69.0  444.0
2018 304 10 31 0300  -18.0  444.0    1.8  219.0   67.0  444.0
2018 304 10 31 0600  -19.3  444.0    3.6  236.0   67.0  444.0
2018 304 10 31 0900  -21.9  444.0    3.7  232.0   75.0  444.0
2018 304 10 31 1200  -20.4  444.0    2.1  219.0   74.1  444.0
2018 304 10 31 1500  -18.9  444.0    3.0  309.0   75.0  444.0
2018 304 10 31 1800  -17.8  444.0    2.6  320.0   75.4  444.0
2018 304 10 31 2100  -17.3  444.0    1.9  330.0   74.0  444.0
