Year: 2018  Month: 09  ID: GIL  ARGOS:  8911  Name: Gill                
Lat: 79.88S  Lon: 178.57W  Elev:   53m
2018 244  9  1 0000  -51.3  444.0  444.0  444.0   59.3  444.0
2018 244  9  1 0300  -52.0  444.0  444.0  444.0   59.2  444.0
2018 244  9  1 0600  -50.7  444.0  444.0  444.0   60.0  444.0
2018 244  9  1 0900  -48.9  444.0  444.0  444.0   61.0  444.0
2018 244  9  1 1200  -46.1  444.0  444.0  444.0   61.9  444.0
2018 244  9  1 1500  -44.5  444.0  444.0  444.0   63.0  444.0
2018 244  9  1 1800  -37.0  444.0  444.0  444.0   66.9  444.0
2018 244  9  1 2100  -33.6  444.0  444.0  444.0   69.0  444.0
2018 245  9  2 0000  -34.3  444.0  444.0  444.0   68.0  444.0
2018 245  9  2 0300  -34.6  444.0  444.0  444.0   68.0  444.0
2018 245  9  2 0600  -33.9  444.0  444.0  444.0   68.9  444.0
2018 245  9  2 0900  -35.0  444.0  444.0  444.0   67.0  444.0
2018 245  9  2 1200  -33.0  444.0  444.0  444.0   70.0  444.0
2018 245  9  2 1500  -32.0  444.0   17.3  155.0   70.0  444.0
2018 245  9  2 1800  -35.0  444.0   19.2  169.0   69.0  444.0
2018 245  9  2 2100  -31.5  444.0   17.2  157.0   70.7  444.0
2018 246  9  3 0000  -28.0  444.0   17.3  159.0   73.0  444.0
2018 246  9  3 0300  -28.2  444.0   17.4  159.0   73.0  444.0
2018 246  9  3 0600  -29.3  444.0   16.4  162.0   73.0  444.0
2018 246  9  3 0900  -28.4  444.0   13.5  154.0   73.5  444.0
2018 246  9  3 1200  -26.6  444.0    9.2  148.0   75.0  444.0
2018 246  9  3 1500  -25.8  444.0    4.0  131.0   76.0  444.0
2018 246  9  3 1800  -27.2  444.0    3.1  128.0   75.0  444.0
2018 246  9  3 2100  -30.1  444.0    4.1   95.0   73.0  444.0
2018 247  9  4 0000  -30.1  444.0    3.8  138.0   72.0  444.0
2018 247  9  4 0300  -29.5  444.0    4.7  153.0   73.0  444.0
2018 247  9  4 0600  -30.8  444.0    6.9  178.0   73.0  444.0
2018 247  9  4 0900  -32.0  444.0    9.3  169.0   72.0  444.0
2018 247  9  4 1200  -36.0  444.0    8.8  186.0   69.0  444.0
2018 247  9  4 1500  -36.1  444.0   10.0  184.0   69.1  444.0
2018 247  9  4 1800  -34.5  444.0    8.5  182.0   70.0  444.0
2018 247  9  4 2100  -32.6  444.0    9.2  169.0   71.0  444.0
2018 248  9  5 0000  -28.0  444.0   10.5  157.0   74.0  444.0
2018 248  9  5 0300  -28.2  444.0    7.1  145.0   73.8  444.0
2018 248  9  5 0600  -30.4  444.0    8.0  157.0   73.0  444.0
2018 248  9  5 0900  -33.6  444.0    6.1  186.0   71.0  444.0
2018 248  9  5 1200  -36.6  444.0    5.5  192.0   69.0  444.0
2018 248  9  5 1500  -41.1  444.0    4.9  209.0   67.0  444.0
2018 248  9  5 1800  -44.6  444.0    5.6  198.0   65.0  444.0
2018 248  9  5 2100  -45.3  444.0    6.8  203.0   65.0  444.0
2018 249  9  6 0000  -44.2  444.0    5.4  209.0   64.0  444.0
2018 249  9  6 0300  -43.7  444.0    6.8  210.0   64.0  444.0
2018 249  9  6 0600  -41.4  444.0    7.2  212.0   66.0  444.0
2018 249  9  6 0900  -37.3  444.0    8.1  224.0   68.0  444.0
2018 249  9  6 1200  -36.3  444.0   10.6  227.0   68.0  444.0
2018 249  9  6 1500  -37.2  444.0    9.7  226.0   68.0  444.0
2018 249  9  6 1800  -39.0  444.0   10.1  234.0   67.4  444.0
2018 249  9  6 2100  -39.5  444.0    9.9  244.0   66.9  444.0
2018 250  9  7 0000  -38.8  444.0    9.6  237.0   66.0  444.0
2018 250  9  7 0300  -38.8  444.0    9.4  233.0   67.0  444.0
2018 250  9  7 0600  -38.7  444.0    8.1  233.0   67.0  444.0
2018 250  9  7 0900  -37.8  444.0    7.9  234.0   68.0  444.0
2018 250  9  7 1200  -37.5  444.0    8.8  228.0   68.0  444.0
2018 250  9  7 1500  -38.4  444.0    9.9  240.0   67.4  444.0
2018 250  9  7 1800  -36.0  444.0   11.3  234.0   69.0  444.0
2018 250  9  7 2100  -33.3  444.0   11.1  227.0   70.1  444.0
2018 251  9  8 0000  -34.1  444.0    8.2  225.0   68.2  444.0
2018 251  9  8 0300  -35.9  444.0    7.8  217.0   68.0  444.0
2018 251  9  8 0600  -34.8  444.0    7.5  216.0   70.0  444.0
2018 251  9  8 0900  -34.2  444.0    8.6  231.0   70.0  444.0
2018 251  9  8 1200  -32.4  444.0    8.9  226.0   71.0  444.0
2018 251  9  8 1500  -35.0  444.0    6.7  227.0   69.0  444.0
2018 251  9  8 1800  -34.8  444.0    7.9  228.0   69.0  444.0
2018 251  9  8 2100  -36.0  444.0    8.0  219.0   68.0  444.0
2018 252  9  9 0000  -36.1  444.0    7.9  228.0   67.0  444.0
2018 252  9  9 0300  -36.9  444.0    7.4  201.0   67.8  444.0
2018 252  9  9 0600  -41.5  444.0    4.6  191.0   65.9  444.0
2018 252  9  9 0900  -43.2  444.0    5.6  211.0   65.0  444.0
2018 252  9  9 1200  -44.0  444.0    4.3  231.0   64.6  444.0
2018 252  9  9 1500  -43.3  444.0    5.4  230.0   65.0  444.0
2018 252  9  9 1800  -40.4  444.0    5.4  225.0   67.0  444.0
2018 252  9  9 2100  -37.0  444.0    7.7  235.0   67.0  444.0
2018 253  9 10 0000  -37.2  444.0    6.8  240.0   66.0  444.0
2018 253  9 10 0300  -39.4  444.0    5.6  249.0   66.0  444.0
2018 253  9 10 0600  -41.9  444.0    4.3  269.0   65.6  444.0
2018 253  9 10 0900  -42.8  444.0    6.3  228.0   65.0  444.0
2018 253  9 10 1200  -42.9  444.0    6.4  222.0   65.0  444.0
2018 253  9 10 1500  -44.8  444.0    6.3  224.0   64.0  444.0
2018 253  9 10 1800  -44.5  444.0    1.5  242.0   64.0  444.0
2018 253  9 10 2100  -44.5  444.0    2.5  251.0   63.0  444.0
2018 254  9 11 0000  -39.8  444.0    4.5  253.0   64.4  444.0
2018 254  9 11 0300  -43.8  444.0  444.0  444.0   63.0  444.0
2018 254  9 11 0600  -45.3  444.0  444.0  444.0   63.9  444.0
2018 254  9 11 0900  -42.8  444.0  444.0  444.0   65.0  444.0
2018 254  9 11 1200  -46.2  444.0  444.0  444.0   63.3  444.0
2018 254  9 11 1500  -47.3  444.0  444.0  444.0   63.0  444.0
2018 254  9 11 1800  -44.2  444.0    1.4  296.0   65.0  444.0
2018 254  9 11 2100  -45.9  444.0  444.0  444.0   63.0  444.0
2018 255  9 12 0000  444.0  444.0  444.0  444.0   64.0  444.0
2018 255  9 12 0300  444.0  444.0  444.0  444.0   64.9  444.0
2018 255  9 12 0600  -43.5  444.0    2.7  175.0   65.0  444.0
2018 255  9 12 0900  -46.9  444.0    3.6  198.0   63.0  444.0
2018 255  9 12 1200  -49.8  444.0    2.8  187.0   61.0  444.0
2018 255  9 12 1500  -49.7  444.0    2.8  205.0   61.4  444.0
2018 255  9 12 1800  -49.7  444.0    2.1  161.0   61.0  444.0
2018 255  9 12 2100  -49.5  444.0    0.0  161.0   61.0  444.0
2018 256  9 13 0000  -48.6  444.0    0.5   96.0   60.0  444.0
2018 256  9 13 0300  -48.0  444.0    2.3   96.0   61.0  444.0
2018 256  9 13 0600  -45.7  444.0    2.8   84.0   63.0  444.0
2018 256  9 13 0900  -42.7  444.0    3.8   97.0   64.0  444.0
2018 256  9 13 1200  -40.2  444.0    5.6   96.0   65.8  444.0
2018 256  9 13 1500  -39.8  444.0    6.5  102.0   66.0  444.0
2018 256  9 13 1800  -38.0  444.0    6.2   93.0   66.8  444.0
2018 256  9 13 2100  -38.1  444.0    6.1   83.0   66.6  444.0
2018 257  9 14 0000  -37.2  444.0    5.9  109.0   67.0  444.0
2018 257  9 14 0300  -36.9  444.0    5.2  118.0   67.0  444.0
2018 257  9 14 0600  -37.5  444.0    7.6  125.0   67.0  444.0
2018 257  9 14 0900  -38.2  444.0    8.0  148.0   67.0  444.0
2018 257  9 14 1200  -39.5  444.0    9.0  164.0   66.0  444.0
2018 257  9 14 1500  -43.3  444.0    7.2  178.0   65.0  444.0
2018 257  9 14 1800  -45.5  444.0    4.6  190.0   64.0  444.0
2018 257  9 14 2100  -46.2  444.0    6.2  184.0   62.0  444.0
2018 258  9 15 0000  -46.3  444.0    6.4  192.0   61.0  444.0
2018 258  9 15 0300  -46.6  444.0    5.8  199.0   61.0  444.0
2018 258  9 15 0600  -48.8  444.0    3.9  187.0   61.4  444.0
2018 258  9 15 0900  -49.9  444.0    4.4  182.0   61.0  444.0
2018 258  9 15 1200  -48.7  444.0    5.1  190.0   62.0  444.0
2018 258  9 15 1500  -49.1  444.0    5.2  194.0   61.5  444.0
2018 258  9 15 1800  -47.0  444.0    6.5  189.0   62.0  444.0
2018 258  9 15 2100  -41.9  444.0    7.5  179.0   64.0  444.0
2018 259  9 16 0000  -38.2  444.0    8.0  177.0   65.5  444.0
2018 259  9 16 0300  -37.0  444.0    7.7  180.0   67.0  444.0
2018 259  9 16 0600  -36.1  444.0    9.3  163.0   68.0  444.0
2018 259  9 16 0900  -32.4  444.0    9.3  159.0   70.2  444.0
2018 259  9 16 1200  -19.6  444.0    7.1  102.0   80.0  444.0
2018 259  9 16 1500  -18.0  444.0    6.8   78.0   82.0  444.0
2018 259  9 16 1800  -20.6  444.0    8.4   86.0   80.0  444.0
2018 259  9 16 2100  -21.0  444.0    7.2  119.0   79.0  444.0
2018 260  9 17 0000  -22.0  444.0    8.7  137.0   78.0  444.0
2018 260  9 17 0300  -23.2  444.0   10.4  137.0   77.4  444.0
2018 260  9 17 0600  -23.8  444.0    9.3  151.0   78.0  444.0
2018 260  9 17 0900  -25.7  444.0    9.1  158.0   76.0  444.0
2018 260  9 17 1200  -27.6  444.0    8.8  156.0   75.0  444.0
2018 260  9 17 1500  -29.5  444.0    7.1  161.0   74.0  444.0
2018 260  9 17 1800  -30.4  444.0    7.4  170.0   73.0  444.0
2018 260  9 17 2100  -30.4  444.0    6.9  169.0   72.0  444.0
2018 261  9 18 0000  -28.0  444.0    8.4  167.0   73.0  444.0
2018 261  9 18 0300  -30.6  444.0    6.6  186.0   72.0  444.0
2018 261  9 18 0600  -32.8  444.0    5.8  205.0   71.4  444.0
2018 261  9 18 0900  -34.2  444.0    6.1  201.0   70.7  444.0
2018 261  9 18 1200  -34.8  444.0    4.8  222.0   70.0  444.0
2018 261  9 18 1500  -33.9  444.0    4.5  210.0   71.0  444.0
2018 261  9 18 1800  -32.1  444.0    8.2  187.0   72.0  444.0
2018 261  9 18 2100  -30.6  444.0    5.6  204.0   72.0  444.0
2018 262  9 19 0000  -29.8  444.0    7.1  190.0   72.0  444.0
2018 262  9 19 0300  -29.5  444.0    8.4  191.0   72.0  444.0
2018 262  9 19 0600  -28.3  444.0    9.7  198.0   74.0  444.0
2018 262  9 19 0900  -27.8  444.0    9.2  201.0   75.0  444.0
2018 262  9 19 1200  -26.7  444.0    8.2  197.0   75.2  444.0
2018 262  9 19 1500  -25.8  444.0    9.1  194.0   76.0  444.0
2018 262  9 19 1800  -26.8  444.0    6.7  219.0   75.0  444.0
2018 262  9 19 2100  -24.0  444.0    9.1  206.0   75.8  444.0
2018 263  9 20 0000  -26.1  444.0    6.4  192.0   72.5  444.0
2018 263  9 20 0300  -33.3  444.0   10.9  173.0   70.0  444.0
2018 263  9 20 0600  -29.9  444.0    8.5  176.0   73.0  444.0
2018 263  9 20 0900  -33.7  444.0    7.5  169.0   71.0  444.0
2018 263  9 20 1200  -30.9  444.0    7.1  187.0   72.0  444.0
2018 263  9 20 1500  -31.7  444.0    6.4  209.0   72.0  444.0
2018 263  9 20 1800  -30.7  444.0    7.9  207.0   73.0  444.0
2018 263  9 20 2100  -28.4  444.0    7.2  194.0   72.0  444.0
2018 264  9 21 0000  -26.0  444.0    8.8  228.0   71.0  444.0
2018 264  9 21 0300  -24.3  444.0    8.4  232.0   73.0  444.0
2018 264  9 21 0600  -22.9  444.0   10.9  240.0   77.0  444.0
2018 264  9 21 0900  -26.6  444.0    7.9  250.0   74.0  444.0
2018 264  9 21 1200  -30.0  444.0    7.5  251.0   72.0  444.0
2018 264  9 21 1500  -32.4  444.0    5.8  236.0   69.1  444.0
2018 264  9 21 1800  -33.8  444.0    5.4  223.0   68.0  444.0
2018 264  9 21 2100  -33.2  444.0    4.1  195.0   68.0  444.0
2018 265  9 22 0000  -34.4  444.0    4.1  187.0   67.0  444.0
2018 265  9 22 0300  -32.5  444.0    3.2  152.0   69.7  444.0
2018 265  9 22 0600  -34.0  444.0    4.1  180.0   71.0  444.0
2018 265  9 22 0900  -35.7  444.0    3.3  160.0   69.5  444.0
2018 265  9 22 1200  -36.8  444.0    2.5  129.0   69.0  444.0
2018 265  9 22 1500  -35.3  444.0    3.3  137.0   70.0  444.0
2018 265  9 22 1800  -36.4  444.0    2.6  185.0   68.7  444.0
2018 265  9 22 2100  -36.5  444.0    2.8  154.0   66.4  444.0
2018 266  9 23 0000  -35.5  444.0    3.8  169.0   67.4  444.0
2018 266  9 23 0300  -35.9  444.0    5.0  164.0   68.0  444.0
2018 266  9 23 0600  -38.2  444.0    3.3  170.0   68.0  444.0
2018 266  9 23 0900  -40.2  444.0    4.1  177.0   67.0  444.0
2018 266  9 23 1200  -41.2  444.0    2.0  185.0   66.3  444.0
2018 266  9 23 1500  -41.5  444.0    3.2  189.0   66.0  444.0
2018 266  9 23 1800  -41.4  444.0    2.2  195.0   66.0  444.0
2018 266  9 23 2100  -43.2  444.0    3.3  225.0   64.0  444.0
2018 267  9 24 0000  -44.0  444.0    4.1  207.0   62.9  444.0
2018 267  9 24 0300  -43.5  444.0    3.4  188.0   63.2  444.0
2018 267  9 24 0600  -45.3  444.0    2.9  202.0   63.0  444.0
2018 267  9 24 0900  -45.5  444.0    2.9  200.0   64.0  444.0
2018 267  9 24 1200  -46.1  444.0    3.3  207.0   63.6  444.0
2018 267  9 24 1500  -46.1  444.0    3.5  211.0   63.6  444.0
2018 267  9 24 1800  -46.9  444.0    3.3  230.0   63.0  444.0
2018 267  9 24 2100  -45.2  444.0    3.7  240.0   61.0  444.0
2018 268  9 25 0000  -43.6  444.0    3.1  251.0   60.0  444.0
2018 268  9 25 0300  -43.7  444.0    2.4  259.0   61.1  444.0
2018 268  9 25 0600  -46.0  444.0    3.9  270.0   62.0  444.0
2018 268  9 25 0900  -48.2  444.0    2.6  252.0   62.0  444.0
2018 268  9 25 1200  -46.7  444.0    3.6  247.0   63.0  444.0
2018 268  9 25 1500  -44.9  444.0    2.8  267.0   64.0  444.0
2018 268  9 25 1800  -45.2  444.0    1.7  264.0   63.0  444.0
2018 268  9 25 2100  -42.2  444.0    1.9  271.0   61.3  444.0
2018 269  9 26 0000  -43.5  444.0    1.4  285.0   61.0  444.0
2018 269  9 26 0300  -42.4  444.0    1.3  307.0   62.0  444.0
2018 269  9 26 0600  -44.4  444.0    2.0  311.0   63.0  444.0
2018 269  9 26 0900  -44.6  444.0    2.7  284.0   63.6  444.0
2018 269  9 26 1200  -45.2  444.0    2.1  280.0   63.0  444.0
2018 269  9 26 1500  -45.7  444.0    1.3  251.0   63.3  444.0
2018 269  9 26 1800  -44.8  444.0    2.5  207.0   63.0  444.0
2018 269  9 26 2100  -38.6  444.0    5.0  186.0   65.5  444.0
2018 270  9 27 0000  -38.0  444.0    7.6  184.0   65.3  444.0
2018 270  9 27 0300  -36.7  444.0    9.5  182.0   67.0  444.0
2018 270  9 27 0600  -37.6  444.0   12.8  196.0   67.0  444.0
2018 270  9 27 0900  -33.8  444.0   13.2  190.0   70.0  444.0
2018 270  9 27 1200  -26.1  444.0   12.4  182.0   74.8  444.0
2018 270  9 27 1500  -21.8  444.0   10.5  191.0   78.0  444.0
2018 270  9 27 1800  -11.6  444.0    6.6   78.0   87.0  444.0
2018 270  9 27 2100  -24.8  444.0    8.4   41.0   74.0  444.0
2018 271  9 28 0000  -26.8  444.0    9.1   41.0   71.8  444.0
2018 271  9 28 0300  -27.6  444.0    6.9   65.0   72.0  444.0
2018 271  9 28 0600  -22.3  444.0    8.3   36.0   80.0  444.0
2018 271  9 28 0900  -18.3  444.0    9.5   21.0   82.0  444.0
2018 271  9 28 1200  -20.7  444.0    6.7   16.0   80.0  444.0
2018 271  9 28 1500  -23.2  444.0    2.7   78.0   78.4  444.0
2018 271  9 28 1800  -23.7  444.0    2.0   80.0   78.0  444.0
2018 271  9 28 2100  -24.4  444.0    0.0  135.0   76.0  444.0
2018 272  9 29 0000  -23.0  444.0    4.0  191.0   76.6  444.0
2018 272  9 29 0300  -22.7  444.0    3.3  187.0   77.0  444.0
2018 272  9 29 0600  -23.0  444.0    0.8  183.0   78.0  444.0
2018 272  9 29 0900  -24.2  444.0    2.0  147.0   78.0  444.0
2018 272  9 29 1200  -25.1  444.0    0.2  134.0   77.0  444.0
2018 272  9 29 1500  -24.7  444.0    2.3  178.0   77.3  444.0
2018 272  9 29 1800  -23.6  444.0    5.4  198.0   78.0  444.0
2018 272  9 29 2100  -22.5  444.0    6.3  225.0   77.0  444.0
2018 273  9 30 0000  -23.4  444.0    7.4  257.0   76.0  444.0
2018 273  9 30 0300  -23.0  444.0    7.2  297.0   77.2  444.0
2018 273  9 30 0600  -27.9  444.0    9.2  323.0   74.0  444.0
2018 273  9 30 0900  -32.0  444.0    8.2  350.0   72.0  444.0
2018 273  9 30 1200  -34.3  444.0    5.1   10.0   71.0  444.0
2018 273  9 30 1500  -32.9  444.0    4.4   51.0   72.0  444.0
2018 273  9 30 1800  -25.6  444.0    6.7   90.0   76.0  444.0
2018 273  9 30 2100  -22.1  444.0    8.3  112.0   77.0  444.0
