Year: 2018  Month: 02  ID: GIL  ARGOS:  8911  Name: Gill                
Lat: 79.88S  Lon: 178.58W  Elev:   53m
2018  32  2  1 0000  -14.2  444.0    5.9  244.0   73.9  444.0
2018  32  2  1 0300  -13.7  444.0    4.8  246.0   72.0  444.0
2018  32  2  1 0600  -13.9  444.0    3.9  251.0   74.0  444.0
2018  32  2  1 0900  -16.7  444.0    3.7  243.0   82.0  444.0
2018  32  2  1 1200  -16.1  444.0    3.0  250.0   81.1  444.0
2018  32  2  1 1500  -19.1  444.0    3.1  245.0   81.0  444.0
2018  32  2  1 1800  -16.9  444.0    2.5  268.0   82.0  444.0
2018  32  2  1 2100  -16.4  444.0    2.0  262.0   77.0  444.0
2018  33  2  2 0000  -13.2  444.0    3.9  286.0   68.0  444.0
2018  33  2  2 0300  -11.8  444.0    1.9  286.0   65.0  444.0
2018  33  2  2 0600  -10.7  444.0    3.1  295.0   66.0  444.0
2018  33  2  2 0900  -14.9  444.0    2.9  310.0   74.0  444.0
2018  33  2  2 1200  444.0  444.0    0.8  309.0   87.0  444.0
2018  33  2  2 1500  -20.5  444.0    1.5    1.0   77.0  444.0
2018  33  2  2 1800  -18.1  444.0    0.1  139.0   77.8  444.0
2018  33  2  2 2100  -16.4  444.0    1.6  163.0   76.4  444.0
2018  34  2  3 0000  -14.8  444.0    3.0  179.0   75.0  444.0
2018  34  2  3 0300  -14.1  444.0    2.4  126.0   71.0  444.0
2018  34  2  3 0600  -15.2  444.0    4.0  158.0   76.8  444.0
2018  34  2  3 0900  -13.3  444.0    4.3  154.0   80.1  444.0
2018  34  2  3 1200  -13.9  444.0    5.6  178.0   83.0  444.0
2018  34  2  3 1500  -12.9  444.0    6.2  180.0   86.0  444.0
2018  34  2  3 1800  -13.9  444.0    5.3  205.0   84.0  444.0
2018  34  2  3 2100  -13.1  444.0    5.0  201.0   79.0  444.0
2018  35  2  4 0000  -10.9  444.0    4.7  191.0   83.0  444.0
2018  35  2  4 0300   -8.2  444.0    5.9  150.0   81.0  444.0
2018  35  2  4 0600   -9.7  444.0    6.7  128.0   86.0  444.0
2018  35  2  4 0900   -9.6  444.0    8.0  107.0   87.3  444.0
2018  35  2  4 1200   -9.9  444.0    7.8   99.0   88.0  444.0
2018  35  2  4 1500   -9.1  444.0    6.5  103.0   89.0  444.0
2018  35  2  4 1800   -9.5  444.0    5.3   90.0   86.0  444.0
2018  35  2  4 2100   -8.6  444.0    4.2  104.0   83.1  444.0
2018  36  2  5 0000   -9.0  444.0    2.9  148.0   75.0  444.0
2018  36  2  5 0300  -10.7  444.0    2.8  208.0   79.0  444.0
2018  36  2  5 0600  -14.8  444.0    3.2  236.0   76.0  444.0
2018  36  2  5 0900  -17.7  444.0    2.6  249.0   82.0  444.0
2018  36  2  5 1200  -20.5  444.0    3.7  259.0   82.0  444.0
2018  36  2  5 1500  -22.3  444.0    3.6  218.0   85.0  444.0
2018  36  2  5 1800  -21.9  444.0    2.9  241.0   72.6  444.0
2018  36  2  5 2100  -18.1  444.0    4.3  222.0   72.0  444.0
2018  37  2  6 0000  -16.3  444.0    5.9  184.0   71.8  444.0
2018  37  2  6 0300  -18.3  444.0    6.5  149.0   74.0  444.0
2018  37  2  6 0600  -15.4  444.0    6.6  166.0   79.2  444.0
2018  37  2  6 0900  -14.3  444.0    6.2  164.0   84.0  444.0
2018  37  2  6 1200  -14.3  444.0    6.4  186.0   85.0  444.0
2018  37  2  6 1500  -14.9  444.0    5.9  182.0   83.4  444.0
2018  37  2  6 1800  -15.1  444.0    7.4  176.0   78.0  444.0
2018  37  2  6 2100  -16.3  444.0    6.3  188.0   74.0  444.0
2018  38  2  7 0000  -15.0  444.0    7.1  195.0   78.0  444.0
2018  38  2  7 0300  -13.7  444.0    6.4  186.0   79.0  444.0
2018  38  2  7 0600  -13.8  444.0    5.3  182.0   79.0  444.0
2018  38  2  7 0900  -14.3  444.0    3.7  176.0   78.0  444.0
2018  38  2  7 1200  -15.4  444.0    2.9  213.0   81.5  444.0
2018  38  2  7 1500  -16.2  444.0    2.2  275.0   87.0  444.0
2018  38  2  7 1800  -20.4  444.0    2.1  315.0   80.0  444.0
2018  38  2  7 2100  -18.3  444.0    1.3  300.0   75.0  444.0
2018  39  2  8 0000  -19.1  444.0    2.4  224.0   73.0  444.0
2018  39  2  8 0300  -18.0  444.0    3.7  215.0   74.0  444.0
2018  39  2  8 0600  -17.6  444.0    2.7  220.0   75.0  444.0
2018  39  2  8 0900  -21.0  444.0    3.1  215.0   75.4  444.0
2018  39  2  8 1200  -23.9  444.0    3.1  214.0   73.0  444.0
2018  39  2  8 1500  -26.6  444.0    3.2  210.0   72.9  444.0
2018  39  2  8 1800  -25.9  444.0    2.3  212.0   74.0  444.0
2018  39  2  8 2100  -20.6  444.0    4.5  237.0   76.0  444.0
2018  40  2  9 0000  -15.6  444.0    7.1  223.0   78.0  444.0
2018  40  2  9 0300  -12.7  444.0    5.4  247.0   81.0  444.0
2018  40  2  9 0600  -11.2  444.0    7.0  230.0   86.0  444.0
2018  40  2  9 0900  -13.4  444.0    6.1  246.0   84.0  444.0
2018  40  2  9 1200  -15.4  444.0    5.9  260.0   84.0  444.0
2018  40  2  9 1500  -13.0  444.0    7.4  255.0   77.9  444.0
2018  40  2  9 1800  -10.9  444.0    8.3  256.0   77.0  444.0
2018  40  2  9 2100   -9.5  444.0    8.9  263.0   77.0  444.0
2018  41  2 10 0000   -9.0  444.0    9.0  273.0   80.6  444.0
2018  41  2 10 0300   -6.8  444.0   10.1  269.0   87.0  444.0
2018  41  2 10 0600   -6.6  444.0    7.2  289.0   88.0  444.0
2018  41  2 10 0900  -10.3  444.0    6.3  306.0   77.0  444.0
2018  41  2 10 1200  -14.7  444.0    6.5  318.0   79.0  444.0
2018  41  2 10 1500  -19.3  444.0    4.1  335.0   77.0  444.0
2018  41  2 10 1800  -18.7  444.0    2.4  346.0   78.9  444.0
2018  41  2 10 2100  -12.8  444.0    4.7    9.0   71.8  444.0
2018  42  2 11 0000   -9.2  444.0    5.2    6.0   73.0  444.0
2018  42  2 11 0300  -10.3  444.0    3.8   85.0   74.0  444.0
2018  42  2 11 0600   -9.8  444.0    5.5  135.0   78.0  444.0
2018  42  2 11 0900   -8.2  444.0    8.1  140.0   90.1  444.0
2018  42  2 11 1200   -9.3  444.0    8.2  138.0   90.0  444.0
2018  42  2 11 1500   -9.1  444.0    6.7  144.0   91.0  444.0
2018  42  2 11 1800  -10.2  444.0    6.1  156.0   86.0  444.0
2018  42  2 11 2100   -9.8  444.0    4.8  188.0   87.0  444.0
2018  43  2 12 0000  -11.9  444.0    4.8  194.0   83.0  444.0
2018  43  2 12 0300  -13.2  444.0    4.4  211.0   75.5  444.0
2018  43  2 12 0600  -12.2  444.0    2.3  244.0   86.0  444.0
2018  43  2 12 0900  -11.8  444.0    2.0  210.0   88.3  444.0
2018  43  2 12 1200  -14.5  444.0    2.5  319.0   86.0  444.0
2018  43  2 12 1500  -19.0  444.0    3.5  331.0   82.0  444.0
2018  43  2 12 1800  -18.7  444.0    3.8    7.0   80.0  444.0
2018  43  2 12 2100  -13.7  444.0    3.5  354.0   84.0  444.0
2018  44  2 13 0000  -11.1  444.0    4.4  359.0   80.0  444.0
2018  44  2 13 0300  -10.1  444.0    3.9  356.0   79.0  444.0
2018  44  2 13 0600  -10.8  444.0    1.0  301.0   81.0  444.0
2018  44  2 13 0900  -13.7  444.0    2.3   92.0   87.0  444.0
2018  44  2 13 1200  -12.4  444.0    2.9  156.0   88.9  444.0
2018  44  2 13 1500  -14.7  444.0    1.8  172.0   87.0  444.0
2018  44  2 13 1800  -13.2  444.0    6.5  169.0   87.0  444.0
2018  44  2 13 2100  -15.0  444.0    8.2  179.0   82.0  444.0
2018  45  2 14 0000  -14.8  444.0    9.9  187.0   82.0  444.0
2018  45  2 14 0300  -12.5  444.0    9.7  192.0   84.0  444.0
2018  45  2 14 0600   -8.4  444.0    7.8  178.0   89.0  444.0
2018  45  2 14 0900   -9.8  444.0    7.0  176.0   88.6  444.0
2018  45  2 14 1200  -13.1  444.0    5.7  180.0   87.0  444.0
2018  45  2 14 1500  -14.8  444.0    5.1  203.0   86.0  444.0
2018  45  2 14 1800  -13.3  444.0    3.5  181.0   84.0  444.0
2018  45  2 14 2100  -12.3  444.0    0.7  272.0   77.0  444.0
2018  46  2 15 0000  -11.1  444.0    1.0   33.0   73.6  444.0
2018  46  2 15 0300  -10.5  444.0    0.8    3.0   80.0  444.0
2018  46  2 15 0600  -11.7  444.0    3.1   63.0   82.1  444.0
2018  46  2 15 0900  -13.9  444.0    1.6  123.0   80.0  444.0
2018  46  2 15 1200  -14.7  444.0    3.2  171.0   83.0  444.0
2018  46  2 15 1500  -14.5  444.0    3.5  142.0   77.0  444.0
2018  46  2 15 1800  -14.3  444.0    2.3  153.0   76.0  444.0
2018  46  2 15 2100  -14.7  444.0    2.3  118.0   75.0  444.0
2018  47  2 16 0000  -13.2  444.0    1.7  317.0   72.0  444.0
2018  47  2 16 0300  -13.7  444.0    2.3  210.0   74.7  444.0
2018  47  2 16 0600  -13.9  444.0    1.2  236.0   77.0  444.0
2018  47  2 16 0900  -15.9  444.0    1.4  114.0   83.0  444.0
2018  47  2 16 1200  -18.4  444.0    1.6   67.0   84.0  444.0
2018  47  2 16 1500  -22.6  444.0    2.7   61.0   85.0  444.0
2018  47  2 16 1800  -23.0  444.0    2.1   29.0   73.0  444.0
2018  47  2 16 2100  -22.7  444.0    1.7   93.0   70.8  444.0
2018  48  2 17 0000  444.0  444.0    0.8   21.0   73.0  444.0
2018  48  2 17 0300  -19.2  444.0    1.1  108.0   75.4  444.0
2018  48  2 17 0600  -20.8  444.0    1.5   68.0   77.0  444.0
2018  48  2 17 0900  -20.5  444.0    1.2  129.0   80.0  444.0
2018  48  2 17 1200  -23.2  444.0    2.9  135.0   82.0  444.0
2018  48  2 17 1500  -23.9  444.0    1.9  139.0   77.0  444.0
2018  48  2 17 1800  -25.5  444.0    1.9  143.0   71.0  444.0
2018  48  2 17 2100  -25.8  444.0    1.6  168.0   69.0  444.0
2018  49  2 18 0000  -22.6  444.0    1.4  182.0   67.4  444.0
2018  49  2 18 0300  -21.8  444.0    2.1  191.0   68.0  444.0
2018  49  2 18 0600  -22.5  444.0    2.2  184.0   75.2  444.0
2018  49  2 18 0900  -21.4  444.0    1.0  153.0   73.0  444.0
2018  49  2 18 1200  -23.2  444.0    1.9  136.0   76.0  444.0
2018  49  2 18 1500  -24.8  444.0    0.1    2.0   73.0  444.0
2018  49  2 18 1800  -26.7  444.0    1.2   29.0   69.0  444.0
2018  49  2 18 2100  444.0  444.0    0.2  299.0   71.3  444.0
2018  50  2 19 0000  444.0  444.0    0.2   75.0   63.0  444.0
2018  50  2 19 0300  444.0  444.0    1.5   30.0   65.0  444.0
2018  50  2 19 0600  -21.2  444.0    2.0   80.0   74.0  444.0
2018  50  2 19 0900  -21.7  444.0    0.0    0.0   74.5  444.0
2018  50  2 19 1200  -21.4  444.0    1.2  120.0   78.0  444.0
2018  50  2 19 1500  -21.1  444.0    1.2  145.0   79.0  444.0
2018  50  2 19 1800  -20.6  444.0    1.0  174.0   76.4  444.0
2018  50  2 19 2100  -19.5  444.0    0.9  136.0   72.0  444.0
2018  51  2 20 0000  -18.4  444.0    1.6  189.0   67.0  444.0
2018  51  2 20 0300  -17.7  444.0    3.1  167.0   72.0  444.0
2018  51  2 20 0600  -18.6  444.0    2.4  192.0   74.8  444.0
2018  51  2 20 0900  -24.4  444.0    4.5  188.0   77.0  444.0
2018  51  2 20 1200  -27.5  444.0    5.4  178.0   82.0  444.0
2018  51  2 20 1500  -29.8  444.0    4.4  178.0   78.0  444.0
2018  51  2 20 1800  -24.6  444.0    6.0  177.0   72.0  444.0
2018  51  2 20 2100  -22.9  444.0    7.6  178.0   71.8  444.0
2018  52  2 21 0000  -21.8  444.0    8.9  180.0   72.0  444.0
2018  52  2 21 0300  -20.3  444.0    9.9  171.0   71.7  444.0
2018  52  2 21 0600  -21.4  444.0   10.7  171.0   76.0  444.0
2018  52  2 21 0900  -21.7  444.0   10.7  175.0   77.0  444.0
2018  52  2 21 1200  -21.0  444.0   10.0  171.0   76.0  444.0
2018  52  2 21 1500  -21.0  444.0   10.0  170.0   77.7  444.0
2018  52  2 21 1800  -20.6  444.0    9.7  167.0   75.0  444.0
2018  52  2 21 2100  -18.5  444.0   10.0  161.0   74.0  444.0
2018  53  2 22 0000  -17.4  444.0   10.9  158.0   72.5  444.0
2018  53  2 22 0300  -16.8  444.0    8.9  166.0   75.0  444.0
2018  53  2 22 0600  -16.9  444.0    8.7  161.0   79.0  444.0
2018  53  2 22 0900  -16.8  444.0    7.5  156.0   80.5  444.0
2018  53  2 22 1200  -15.7  444.0    7.4  156.0   82.0  444.0
2018  53  2 22 1500  -15.0  444.0    6.6  156.0   81.0  444.0
2018  53  2 22 1800  -14.6  444.0    6.5  157.0   79.7  444.0
2018  53  2 22 2100  -13.9  444.0    6.6  171.0   71.0  444.0
2018  54  2 23 0000  -13.1  444.0    5.4  162.0   75.1  444.0
2018  54  2 23 0300  -13.1  444.0    6.5  166.0   76.0  444.0
2018  54  2 23 0600  -13.9  444.0    7.2  171.0   79.7  444.0
2018  54  2 23 0900  -16.7  444.0    5.5  172.0   80.0  444.0
2018  54  2 23 1200  -17.0  444.0    6.1  168.0   81.0  444.0
2018  54  2 23 1500  -13.6  444.0    4.9  142.0   81.0  444.0
2018  54  2 23 1800  -13.4  444.0    7.5  146.0   75.0  444.0
2018  54  2 23 2100  -13.2  444.0    6.2  151.0   71.0  444.0
2018  55  2 24 0000  -14.8  444.0    7.1  165.0   65.0  444.0
2018  55  2 24 0300  -15.4  444.0    8.1  162.0   66.9  444.0
2018  55  2 24 0600  -17.4  444.0    6.4  167.0   61.0  444.0
2018  55  2 24 0900  -21.9  444.0    5.7  178.0   68.0  444.0
2018  55  2 24 1200  -23.2  444.0    5.3  186.0   66.0  444.0
2018  55  2 24 1500  -22.9  444.0    6.5  190.0   63.5  444.0
2018  55  2 24 1800  -19.6  444.0    7.1  177.0   59.0  444.0
2018  55  2 24 2100  -18.9  444.0    6.2  181.0   61.0  444.0
2018  56  2 25 0000  -16.6  444.0    7.4  177.0   59.2  444.0
2018  56  2 25 0300  -17.1  444.0    7.3  170.0   70.6  444.0
2018  56  2 25 0600  -18.2  444.0    7.0  172.0   70.0  444.0
2018  56  2 25 0900  -18.4  444.0    8.1  165.0   70.0  444.0
2018  56  2 25 1200  -19.8  444.0    5.9  168.0   76.0  444.0
2018  56  2 25 1500  -19.9  444.0    6.1  164.0   77.0  444.0
2018  56  2 25 1800  -20.5  444.0    6.3  164.0   75.3  444.0
2018  56  2 25 2100  -19.7  444.0    7.1  163.0   74.0  444.0
2018  57  2 26 0000  -19.9  444.0    7.4  163.0   73.0  444.0
2018  57  2 26 0300  -20.5  444.0    8.0  163.0   73.0  444.0
2018  57  2 26 0600  -20.4  444.0    9.5  181.0   77.2  444.0
2018  57  2 26 0900  -19.5  444.0    8.5  188.0   80.0  444.0
2018  57  2 26 1200  -18.8  444.0    9.8  201.0   81.0  444.0
2018  57  2 26 1500  -17.9  444.0    8.3  214.0   81.0  444.0
2018  57  2 26 1800  -19.2  444.0    5.2  264.0   76.0  444.0
2018  57  2 26 2100  -19.9  444.0    6.1  286.0   72.0  444.0
2018  58  2 27 0000  -18.5  444.0    5.2  308.0   71.9  444.0
2018  58  2 27 0300  -17.6  444.0    5.6  315.0   76.0  444.0
2018  58  2 27 0600  -15.8  444.0    5.7  321.0   82.0  444.0
2018  58  2 27 0900  -20.6  444.0    3.6  343.0   81.0  444.0
2018  58  2 27 1200  -14.5  444.0    6.4  316.0   84.3  444.0
2018  58  2 27 1500  -21.3  444.0    5.9  344.0   80.0  444.0
2018  58  2 27 1800  -20.4  444.0    7.5  358.0   74.2  444.0
2018  58  2 27 2100  -14.9  444.0    7.8    4.0   76.0  444.0
2018  59  2 28 0000  -15.0  444.0    8.2    8.0   75.4  444.0
2018  59  2 28 0300  -14.6  444.0    8.5  357.0   78.0  444.0
2018  59  2 28 0600  -16.2  444.0    6.0  351.0   83.0  444.0
2018  59  2 28 0900  -21.1  444.0    4.2  358.0   78.5  444.0
2018  59  2 28 1200  -23.1  444.0    3.4  353.0   79.0  444.0
2018  59  2 28 1500  -20.2  444.0    2.2   37.0   80.0  444.0
2018  59  2 28 1800  -14.8  444.0    2.0   61.0   85.0  444.0
2018  59  2 28 2100  -12.2  444.0    3.2  356.0   85.8  444.0
