Year: 2018  Month: 08  ID: GIL  ARGOS:  8911  Name: Gill                
Lat: 79.88S  Lon: 178.57W  Elev:   53m
2018 213  8  1 0000  -50.0  444.0  444.0  444.0   60.5  444.0
2018 213  8  1 0300  -51.2  444.0  444.0  444.0   60.0  444.0
2018 213  8  1 0600  -50.4  444.0  444.0  444.0   61.0  444.0
2018 213  8  1 0900  -49.1  444.0  444.0  444.0   62.0  444.0
2018 213  8  1 1200  -48.9  444.0  444.0  444.0   62.0  444.0
2018 213  8  1 1500  -49.3  444.0  444.0  444.0   61.0  444.0
2018 213  8  1 1800  -49.4  444.0  444.0  444.0   61.0  444.0
2018 213  8  1 2100  -49.0  444.0  444.0  444.0   61.0  444.0
2018 214  8  2 0000  -50.5  444.0  444.0  444.0   60.0  444.0
2018 214  8  2 0300  -51.6  444.0  444.0  444.0   60.0  444.0
2018 214  8  2 0600  -52.2  444.0  444.0  444.0   59.0  444.0
2018 214  8  2 0900  -53.7  444.0  444.0  444.0   59.0  444.0
2018 214  8  2 1200  -54.1  444.0  444.0  444.0   59.0  444.0
2018 214  8  2 1500  -54.8  444.0  444.0  444.0   58.0  444.0
2018 214  8  2 1800  -56.0  444.0  444.0  444.0   57.4  444.0
2018 214  8  2 2100  -56.3  444.0  444.0  444.0   57.0  444.0
2018 215  8  3 0000  -56.6  444.0  444.0  444.0   57.2  444.0
2018 215  8  3 0300  -56.7  444.0  444.0  444.0   57.0  444.0
2018 215  8  3 0600  -56.8  444.0  444.0  444.0   57.0  444.0
2018 215  8  3 0900  -57.1  444.0  444.0  444.0   57.0  444.0
2018 215  8  3 1200  -56.8  444.0  444.0  444.0   56.9  444.0
2018 215  8  3 1500  -56.4  444.0  444.0  444.0   57.0  444.0
2018 215  8  3 1800  -55.2  444.0  444.0  444.0   58.0  444.0
2018 215  8  3 2100  -54.2  444.0  444.0  444.0   58.4  444.0
2018 216  8  4 0000  -55.4  444.0  444.0  444.0   58.0  444.0
2018 216  8  4 0300  -54.8  444.0  444.0  444.0   57.9  444.0
2018 216  8  4 0600  -54.8  444.0  444.0  444.0   58.0  444.0
2018 216  8  4 0900  -54.9  444.0  444.0  444.0   58.0  444.0
2018 216  8  4 1200  -54.6  444.0  444.0  444.0   58.0  444.0
2018 216  8  4 1500  -54.3  444.0  444.0  444.0   58.0  444.0
2018 216  8  4 1800  -54.8  444.0  444.0  444.0   58.0  444.0
2018 216  8  4 2100  -53.8  444.0  444.0  444.0   58.4  444.0
2018 217  8  5 0000  -54.0  444.0  444.0  444.0   58.0  444.0
2018 217  8  5 0300  -54.1  444.0  444.0  444.0   57.9  444.0
2018 217  8  5 0600  -54.7  444.0  444.0  444.0   58.0  444.0
2018 217  8  5 0900  -55.5  444.0  444.0  444.0   57.4  444.0
2018 217  8  5 1200  -56.1  444.0  444.0  444.0   57.0  444.0
2018 217  8  5 1500  -55.7  444.0  444.0  444.0   57.0  444.0
2018 217  8  5 1800  -55.8  444.0  444.0  444.0   57.3  444.0
2018 217  8  5 2100  -55.1  444.0  444.0  444.0   58.0  444.0
2018 218  8  6 0000  -53.8  444.0  444.0  444.0   58.2  444.0
2018 218  8  6 0300  -53.1  444.0  444.0  444.0   58.0  444.0
2018 218  8  6 0600  -52.4  444.0  444.0  444.0   59.0  444.0
2018 218  8  6 0900  -51.7  444.0  444.0  444.0   59.0  444.0
2018 218  8  6 1200  -48.1  444.0  444.0  444.0   62.5  444.0
2018 218  8  6 1500  -45.2  444.0  444.0  444.0   62.0  444.0
2018 218  8  6 1800  -48.5  444.0  444.0  444.0   61.0  444.0
2018 218  8  6 2100  -53.7  444.0  444.0  444.0   59.0  444.0
2018 219  8  7 0000  -54.1  444.0  444.0  444.0   58.0  444.0
2018 219  8  7 0300  -53.2  444.0  444.0  444.0   59.0  444.0
2018 219  8  7 0600  -51.1  444.0  444.0  444.0   60.0  444.0
2018 219  8  7 0900  -47.6  444.0  444.0  444.0   62.0  444.0
2018 219  8  7 1200  -43.8  444.0  444.0  444.0   63.0  444.0
2018 219  8  7 1500  -41.2  444.0  444.0  444.0   65.0  444.0
2018 219  8  7 1800  -40.9  444.0  444.0  444.0   64.7  444.0
2018 219  8  7 2100  -39.9  444.0  444.0  444.0   67.0  444.0
2018 220  8  8 0000  -37.4  444.0  444.0  444.0   66.0  444.0
2018 220  8  8 0300  -41.5  444.0  444.0  444.0   65.0  444.0
2018 220  8  8 0600  -45.7  444.0  444.0  444.0   62.9  444.0
2018 220  8  8 0900  -38.6  444.0  444.0  444.0   66.0  444.0
2018 220  8  8 1200  -37.4  444.0  444.0  444.0   66.0  444.0
2018 220  8  8 1500  -35.2  444.0  444.0  444.0   68.0  444.0
2018 220  8  8 1800  -27.3  444.0  444.0  444.0   73.0  444.0
2018 220  8  8 2100  -28.9  444.0  444.0  444.0   72.5  444.0
2018 221  8  9 0000  -28.2  444.0  444.0  444.0   73.0  444.0
2018 221  8  9 0300  -29.3  444.0  444.0  444.0   73.0  444.0
2018 221  8  9 0600  -32.8  444.0  444.0  444.0   70.0  444.0
2018 221  8  9 0900  -33.4  444.0  444.0  444.0   70.0  444.0
2018 221  8  9 1200  -35.0  444.0  444.0  444.0   69.0  444.0
2018 221  8  9 1500  -41.8  444.0  444.0  444.0   65.1  444.0
2018 221  8  9 1800  -41.6  444.0  444.0  444.0   66.0  444.0
2018 221  8  9 2100  -43.0  444.0  444.0  444.0   64.5  444.0
2018 222  8 10 0000  -42.3  444.0  444.0  444.0   65.4  444.0
2018 222  8 10 0300  -39.5  444.0  444.0  444.0   67.0  444.0
2018 222  8 10 0600  -36.2  444.0  444.0  444.0   68.0  444.0
2018 222  8 10 0900  -33.0  444.0  444.0  444.0   70.0  444.0
2018 222  8 10 1200  -27.5  444.0  444.0  444.0   74.1  444.0
2018 222  8 10 1500  -24.2  444.0  444.0  444.0   76.0  444.0
2018 222  8 10 1800  -25.2  444.0  444.0  444.0   75.0  444.0
2018 222  8 10 2100  -26.8  444.0  444.0  444.0   75.0  444.0
2018 223  8 11 0000  -29.0  444.0  444.0  444.0   73.0  444.0
2018 223  8 11 0300  -29.4  444.0  444.0  444.0   73.0  444.0
2018 223  8 11 0600  -31.6  444.0  444.0  444.0   71.0  444.0
2018 223  8 11 0900  -32.2  444.0  444.0  444.0   71.0  444.0
2018 223  8 11 1200  -32.8  444.0  444.0  444.0   71.0  444.0
2018 223  8 11 1500  -33.8  444.0  444.0  444.0   70.0  444.0
2018 223  8 11 1800  -35.0  444.0  444.0  444.0   69.0  444.0
2018 223  8 11 2100  -35.9  444.0  444.0  444.0   69.0  444.0
2018 224  8 12 0000  -38.1  444.0  444.0  444.0   67.0  444.0
2018 224  8 12 0300  -39.5  444.0  444.0  444.0   67.0  444.0
2018 224  8 12 0600  -38.7  444.0  444.0  444.0   67.0  444.0
2018 224  8 12 0900  -42.5  444.0  444.0  444.0   65.0  444.0
2018 224  8 12 1200  -45.2  444.0  444.0  444.0   64.0  444.0
2018 224  8 12 1500  -43.5  444.0  444.0  444.0   65.0  444.0
2018 224  8 12 1800  -43.7  444.0  444.0  444.0   65.0  444.0
2018 224  8 12 2100  -42.1  444.0  444.0  444.0   66.0  444.0
2018 225  8 13 0000  -40.6  444.0  444.0  444.0   66.0  444.0
2018 225  8 13 0300  -39.3  444.0  444.0  444.0   67.1  444.0
2018 225  8 13 0600  -39.0  444.0  444.0  444.0   67.0  444.0
2018 225  8 13 0900  -39.6  444.0  444.0  444.0   67.0  444.0
2018 225  8 13 1200  -40.5  444.0  444.0  444.0   66.0  444.0
2018 225  8 13 1500  -38.0  444.0  444.0  444.0   68.0  444.0
2018 225  8 13 1800  -37.7  444.0  444.0  444.0   67.0  444.0
2018 225  8 13 2100  -38.6  444.0  444.0  444.0   67.0  444.0
2018 226  8 14 0000  -37.4  444.0  444.0  444.0   68.0  444.0
2018 226  8 14 0300  -37.4  444.0  444.0  444.0   68.0  444.0
2018 226  8 14 0600  -43.2  444.0  444.0  444.0   65.0  444.0
2018 226  8 14 0900  -47.3  444.0  444.0  444.0   62.8  444.0
2018 226  8 14 1200  -48.4  444.0  444.0  444.0   63.0  444.0
2018 226  8 14 1500  -48.2  444.0  444.0  444.0   63.0  444.0
2018 226  8 14 1800  -47.7  444.0  444.0  444.0   63.0  444.0
2018 226  8 14 2100  -44.4  444.0  444.0  444.0   64.0  444.0
2018 227  8 15 0000  -38.3  444.0  444.0  444.0   67.1  444.0
2018 227  8 15 0300  -37.8  444.0  444.0  444.0   67.0  444.0
2018 227  8 15 0600  -44.9  444.0  444.0  444.0   64.0  444.0
2018 227  8 15 0900  -46.5  444.0  444.0  444.0   63.0  444.0
2018 227  8 15 1200  -45.1  444.0  444.0  444.0   64.3  444.0
2018 227  8 15 1500  -44.1  444.0  444.0  444.0   64.0  444.0
2018 227  8 15 1800  -45.8  444.0  444.0  444.0   63.0  444.0
2018 227  8 15 2100  -47.0  444.0  444.0  444.0   63.0  444.0
2018 228  8 16 0000  -47.1  444.0  444.0  444.0   62.6  444.0
2018 228  8 16 0300  -45.0  444.0  444.0  444.0   63.0  444.0
2018 228  8 16 0600  -44.1  444.0  444.0  444.0   64.0  444.0
2018 228  8 16 0900  -43.6  444.0  444.0  444.0   64.0  444.0
2018 228  8 16 1200  -43.1  444.0  444.0  444.0   65.0  444.0
2018 228  8 16 1500  -39.7  444.0  444.0  444.0   66.0  444.0
2018 228  8 16 1800  -37.8  444.0  444.0  444.0   67.0  444.0
2018 228  8 16 2100  -35.9  444.0  444.0  444.0   68.0  444.0
2018 229  8 17 0000  -33.8  444.0  444.0  444.0   69.0  444.0
2018 229  8 17 0300  -35.9  444.0  444.0  444.0   68.5  444.0
2018 229  8 17 0600  -35.3  444.0  444.0  444.0   68.0  444.0
2018 229  8 17 0900  -34.4  444.0  444.0  444.0   69.0  444.0
2018 229  8 17 1200  -35.5  444.0  444.0  444.0   68.0  444.0
2018 229  8 17 1500  -39.1  444.0  444.0  444.0   67.0  444.0
2018 229  8 17 1800  -39.9  444.0  444.0  444.0   66.0  444.0
2018 229  8 17 2100  -41.8  444.0  444.0  444.0   65.0  444.0
2018 230  8 18 0000  -43.4  444.0  444.0  444.0   64.0  444.0
2018 230  8 18 0300  -44.7  444.0  444.0  444.0   64.0  444.0
2018 230  8 18 0600  -45.1  444.0  444.0  444.0   64.0  444.0
2018 230  8 18 0900  -44.7  444.0  444.0  444.0   64.0  444.0
2018 230  8 18 1200  -44.9  444.0  444.0  444.0   64.0  444.0
2018 230  8 18 1500  -46.3  444.0  444.0  444.0   63.0  444.0
2018 230  8 18 1800  -48.0  444.0  444.0  444.0   62.1  444.0
2018 230  8 18 2100  -47.7  444.0  444.0  444.0   62.6  444.0
2018 231  8 19 0000  -48.8  444.0  444.0  444.0   62.0  444.0
2018 231  8 19 0300  -50.1  444.0  444.0  444.0   61.0  444.0
2018 231  8 19 0600  -51.2  444.0  444.0  444.0   60.0  444.0
2018 231  8 19 0900  -51.8  444.0  444.0  444.0   60.0  444.0
2018 231  8 19 1200  -51.7  444.0  444.0  444.0   60.0  444.0
2018 231  8 19 1500  -50.0  444.0  444.0  444.0   61.0  444.0
2018 231  8 19 1800  -46.2  444.0  444.0  444.0   62.0  444.0
2018 231  8 19 2100  -43.7  444.0  444.0  444.0   64.0  444.0
2018 232  8 20 0000  -41.4  444.0  444.0  444.0   64.7  444.0
2018 232  8 20 0300  -46.2  444.0  444.0  444.0   62.0  444.0
2018 232  8 20 0600  -49.3  444.0  444.0  444.0   60.8  444.0
2018 232  8 20 0900  -51.3  444.0  444.0  444.0   60.0  444.0
2018 232  8 20 1200  -52.3  444.0  444.0  444.0   59.7  444.0
2018 232  8 20 1500  -52.3  444.0  444.0  444.0   60.0  444.0
2018 232  8 20 1800  -51.4  444.0  444.0  444.0   60.0  444.0
2018 232  8 20 2100  -50.8  444.0  444.0  444.0   60.0  444.0
2018 233  8 21 0000  -51.6  444.0  444.0  444.0   60.0  444.0
2018 233  8 21 0300  -50.7  444.0  444.0  444.0   60.4  444.0
2018 233  8 21 0600  -46.4  444.0  444.0  444.0   63.0  444.0
2018 233  8 21 0900  -42.4  444.0  444.0  444.0   64.2  444.0
2018 233  8 21 1200  -41.3  444.0  444.0  444.0   65.0  444.0
2018 233  8 21 1500  -41.2  444.0  444.0  444.0   65.0  444.0
2018 233  8 21 1800  -40.0  444.0  444.0  444.0   66.0  444.0
2018 233  8 21 2100  -39.1  444.0  444.0  444.0   66.5  444.0
2018 234  8 22 0000  -38.9  444.0  444.0  444.0   66.0  444.0
2018 234  8 22 0300  -39.2  444.0  444.0  444.0   66.0  444.0
2018 234  8 22 0600  -39.2  444.0  444.0  444.0   66.0  444.0
2018 234  8 22 0900  -39.3  444.0  444.0  444.0   66.0  444.0
2018 234  8 22 1200  -37.1  444.0  444.0  444.0   67.0  444.0
2018 234  8 22 1500  -37.2  444.0  444.0  444.0   67.0  444.0
2018 234  8 22 1800  -38.0  444.0  444.0  444.0   67.0  444.0
2018 234  8 22 2100  -38.0  444.0  444.0  444.0   67.0  444.0
2018 235  8 23 0000  -39.8  444.0  444.0  444.0   66.0  444.0
2018 235  8 23 0300  -41.6  444.0  444.0  444.0   65.0  444.0
2018 235  8 23 0600  -43.5  444.0  444.0  444.0   64.0  444.0
2018 235  8 23 0900  -46.2  444.0  444.0  444.0   62.0  444.0
2018 235  8 23 1200  -48.0  444.0  444.0  444.0   61.8  444.0
2018 235  8 23 1500  -47.5  444.0  444.0  444.0   63.0  444.0
2018 235  8 23 1800  -46.1  444.0  444.0  444.0   63.2  444.0
2018 235  8 23 2100  -44.3  444.0  444.0  444.0   64.0  444.0
2018 236  8 24 0000  -42.5  444.0  444.0  444.0   65.0  444.0
2018 236  8 24 0300  -41.8  444.0  444.0  444.0   65.0  444.0
2018 236  8 24 0600  -42.4  444.0  444.0  444.0   64.6  444.0
2018 236  8 24 0900  -42.5  444.0  444.0  444.0   64.0  444.0
2018 236  8 24 1200  -44.4  444.0  444.0  444.0   62.9  444.0
2018 236  8 24 1500  -46.9  444.0  444.0  444.0   62.0  444.0
2018 236  8 24 1800  -48.5  444.0  444.0  444.0   61.2  444.0
2018 236  8 24 2100  -50.0  444.0  444.0  444.0   60.4  444.0
2018 237  8 25 0000  -49.5  444.0  444.0  444.0   61.0  444.0
2018 237  8 25 0300  -50.2  444.0  444.0  444.0   61.0  444.0
2018 237  8 25 0600  -50.9  444.0  444.0  444.0   60.5  444.0
2018 237  8 25 0900  -51.3  444.0  444.0  444.0   61.1  444.0
2018 237  8 25 1200  -49.6  444.0  444.0  444.0   62.0  444.0
2018 237  8 25 1500  -49.8  444.0  444.0  444.0   61.1  444.0
2018 237  8 25 1800  -50.2  444.0  444.0  444.0   61.0  444.0
2018 237  8 25 2100  -47.5  444.0  444.0  444.0   63.0  444.0
2018 238  8 26 0000  -47.1  444.0  444.0  444.0   62.0  444.0
2018 238  8 26 0300  -49.9  444.0  444.0  444.0   61.0  444.0
2018 238  8 26 0600  -49.5  444.0  444.0  444.0   61.0  444.0
2018 238  8 26 0900  -50.3  444.0  444.0  444.0   61.0  444.0
2018 238  8 26 1200  -50.3  444.0  444.0  444.0   60.0  444.0
2018 238  8 26 1500  -51.9  444.0  444.0  444.0   60.0  444.0
2018 238  8 26 1800  -52.3  444.0  444.0  444.0   59.0  444.0
2018 238  8 26 2100  -51.6  444.0  444.0  444.0   60.0  444.0
2018 239  8 27 0000  -50.9  444.0  444.0  444.0   60.0  444.0
2018 239  8 27 0300  -49.4  444.0  444.0  444.0   60.8  444.0
2018 239  8 27 0600  -49.7  444.0  444.0  444.0   61.0  444.0
2018 239  8 27 0900  -48.6  444.0  444.0  444.0   61.0  444.0
2018 239  8 27 1200  -47.1  444.0  444.0  444.0   62.0  444.0
2018 239  8 27 1500  -46.4  444.0  444.0  444.0   62.0  444.0
2018 239  8 27 1800  -45.5  444.0  444.0  444.0   62.5  444.0
2018 239  8 27 2100  -46.0  444.0  444.0  444.0   62.0  444.0
2018 240  8 28 0000  -45.8  444.0  444.0  444.0   62.4  444.0
2018 240  8 28 0300  -47.0  444.0  444.0  444.0   62.0  444.0
2018 240  8 28 0600  -46.3  444.0  444.0  444.0   62.1  444.0
2018 240  8 28 0900  -46.9  444.0  444.0  444.0   62.0  444.0
2018 240  8 28 1200  -47.0  444.0  444.0  444.0   62.0  444.0
2018 240  8 28 1500  -45.5  444.0  444.0  444.0   63.0  444.0
2018 240  8 28 1800  -45.3  444.0  444.0  444.0   62.0  444.0
2018 240  8 28 2100  -46.4  444.0  444.0  444.0   62.0  444.0
2018 241  8 29 0000  -48.4  444.0  444.0  444.0   61.0  444.0
2018 241  8 29 0300  -51.0  444.0  444.0  444.0   60.0  444.0
2018 241  8 29 0600  -53.0  444.0  444.0  444.0   59.0  444.0
2018 241  8 29 0900  -53.3  444.0  444.0  444.0   59.0  444.0
2018 241  8 29 1200  -53.5  444.0  444.0  444.0   59.0  444.0
2018 241  8 29 1500  -52.4  444.0  444.0  444.0   59.0  444.0
2018 241  8 29 1800  -52.7  444.0  444.0  444.0   59.0  444.0
2018 241  8 29 2100  -52.5  444.0  444.0  444.0   59.0  444.0
2018 242  8 30 0000  -51.4  444.0  444.0  444.0   59.1  444.0
2018 242  8 30 0300  -51.1  444.0  444.0  444.0   60.0  444.0
2018 242  8 30 0600  -51.6  444.0  444.0  444.0   59.0  444.0
2018 242  8 30 0900  -52.3  444.0  444.0  444.0   59.0  444.0
2018 242  8 30 1200  -52.7  444.0  444.0  444.0   59.0  444.0
2018 242  8 30 1500  -52.7  444.0  444.0  444.0   59.0  444.0
2018 242  8 30 1800  -52.5  444.0  444.0  444.0   59.0  444.0
2018 242  8 30 2100  -54.0  444.0  444.0  444.0   58.2  444.0
2018 243  8 31 0000  -53.0  444.0  444.0  444.0   58.0  444.0
2018 243  8 31 0300  -53.2  444.0  444.0  444.0   58.0  444.0
2018 243  8 31 0600  -53.1  444.0  444.0  444.0   59.0  444.0
2018 243  8 31 0900  -52.4  444.0  444.0  444.0   59.0  444.0
2018 243  8 31 1200  -52.5  444.0  444.0  444.0   59.0  444.0
2018 243  8 31 1500  -52.5  444.0  444.0  444.0   59.0  444.0
2018 243  8 31 1800  -52.5  444.0  444.0  444.0   58.6  444.0
2018 243  8 31 2100  -52.4  444.0  444.0  444.0   59.0  444.0
