Year: 2018  Month: 11  ID: GIL  ARGOS:  8911  Name: Gill                
Lat: 79.88S  Lon: 178.58W  Elev:   53m
2018 305 11  1 0000  -17.3  444.0    2.8  321.0   74.0  444.0
2018 305 11  1 0300  -17.4  444.0    2.2  328.0   72.1  444.0
2018 305 11  1 0600  -18.8  444.0    1.7  337.0   70.0  444.0
2018 305 11  1 0900  -23.5  444.0    1.6  338.0   73.0  444.0
2018 305 11  1 1200  -25.7  444.0    1.5   49.0   75.0  444.0
2018 305 11  1 1500  -27.3  444.0    2.5   83.0   73.0  444.0
2018 305 11  1 1800  -28.2  444.0    2.9  104.0   68.0  444.0
2018 305 11  1 2100  -24.9  444.0    3.0   91.0   68.0  444.0
2018 306 11  2 0000  -22.4  444.0    4.2  101.0   70.0  444.0
2018 306 11  2 0300  -21.2  444.0    6.2  108.0   71.0  444.0
2018 306 11  2 0600  -20.8  444.0    5.4  110.0   72.0  444.0
2018 306 11  2 0900  -20.7  444.0    4.3  134.0   77.6  444.0
2018 306 11  2 1200  -22.4  444.0    3.3  138.0   80.0  444.0
2018 306 11  2 1500  -20.5  444.0    4.2  168.0   78.6  444.0
2018 306 11  2 1800  -21.2  444.0    5.4  182.0   75.0  444.0
2018 306 11  2 2100  -20.1  444.0    5.7  168.0   72.0  444.0
2018 307 11  3 0000  -18.2  444.0    7.0  180.0   73.0  444.0
2018 307 11  3 0300  -19.3  444.0    8.6  170.0   71.0  444.0
2018 307 11  3 0600  -21.9  444.0    7.6  183.0   75.0  444.0
2018 307 11  3 0900  -22.1  444.0    6.7  188.0   76.0  444.0
2018 307 11  3 1200  -20.9  444.0    4.1  182.0   80.0  444.0
2018 307 11  3 1500  -20.6  444.0    4.7  206.0   79.0  444.0
2018 307 11  3 1800  -20.0  444.0    6.0  226.0   78.0  444.0
2018 307 11  3 2100  -17.2  444.0    6.6  233.0   73.0  444.0
2018 308 11  4 0000  -18.8  444.0    6.8  252.0   67.0  444.0
2018 308 11  4 0300  -18.4  444.0    6.6  256.0   66.0  444.0
2018 308 11  4 0600  -19.1  444.0    5.3  250.0   72.0  444.0
2018 308 11  4 0900  -20.5  444.0    4.4  287.0   75.0  444.0
2018 308 11  4 1200  -24.6  444.0    2.5  310.0   73.0  444.0
2018 308 11  4 1500  -26.8  444.0    3.9  305.0   70.0  444.0
2018 308 11  4 1800  -26.1  444.0    1.5  336.0   66.0  444.0
2018 308 11  4 2100  -24.0  444.0    1.9  350.0   63.0  444.0
2018 309 11  5 0000  -20.2  444.0    0.5   73.0   56.0  444.0
2018 309 11  5 0300  -22.0  444.0    3.0  114.0   64.0  444.0
2018 309 11  5 0600  -23.1  444.0    3.5  161.0   68.0  444.0
2018 309 11  5 0900  -19.0  444.0    6.7  192.0   77.4  444.0
2018 309 11  5 1200  -18.0  444.0    7.4  203.0   79.7  444.0
2018 309 11  5 1500  -16.7  444.0    8.0  218.0   82.0  444.0
2018 309 11  5 1800  -15.6  444.0    7.2  218.0   80.0  444.0
2018 309 11  5 2100  -14.8  444.0    6.3  227.0   75.0  444.0
2018 310 11  6 0000  -10.7  444.0    5.6  225.0   79.0  444.0
2018 310 11  6 0300  -11.3  444.0    6.0  201.0   73.0  444.0
2018 310 11  6 0600  -10.9  444.0    6.5  235.0   75.0  444.0
2018 310 11  6 0900  -10.8  444.0   11.4  215.0   65.0  444.0
2018 310 11  6 1200  -11.7  444.0    8.4  224.0   72.6  444.0
2018 310 11  6 1500  -12.3  444.0    7.0  237.0   70.0  444.0
2018 310 11  6 1800  -15.8  444.0    7.2  229.0   66.0  444.0
2018 310 11  6 2100  -15.7  444.0    6.1  248.0   62.0  444.0
2018 311 11  7 0000  -13.9  444.0    6.9  238.0   59.0  444.0
2018 311 11  7 0300  -14.1  444.0    7.4  256.0   70.9  444.0
2018 311 11  7 0600  -12.1  444.0    9.3  231.0   80.0  444.0
2018 311 11  7 0900  -15.8  444.0    8.5  200.0   76.0  444.0
2018 311 11  7 1200  -15.0  444.0    7.5  208.0   84.0  444.0
2018 311 11  7 1500  -14.5  444.0    6.8  168.0   81.8  444.0
2018 311 11  7 1800  -13.7  444.0    6.7  162.0   81.0  444.0
2018 311 11  7 2100  -13.3  444.0   10.3  166.0   78.0  444.0
2018 312 11  8 0000  -15.5  444.0   10.4  179.0   73.0  444.0
2018 312 11  8 0300  -14.9  444.0    9.4  188.0   74.8  444.0
2018 312 11  8 0600  -14.4  444.0    7.6  200.0   77.0  444.0
2018 312 11  8 0900  -15.1  444.0    7.3  194.0   81.0  444.0
2018 312 11  8 1200  -14.8  444.0    7.2  190.0   82.0  444.0
2018 312 11  8 1500  -13.1  444.0    7.7  207.0   80.0  444.0
2018 312 11  8 1800  -11.1  444.0    8.1  200.0   84.8  444.0
2018 312 11  8 2100  -11.4  444.0    6.8  199.0   81.0  444.0
2018 313 11  9 0000  -11.3  444.0    7.5  191.0   76.0  444.0
2018 313 11  9 0300  -10.8  444.0    4.8  182.0   80.8  444.0
2018 313 11  9 0600  -12.5  444.0    2.5  128.0   75.1  444.0
2018 313 11  9 0900  -15.7  444.0    4.0  137.0   81.0  444.0
2018 313 11  9 1200  -17.2  444.0    4.1  152.0   82.0  444.0
2018 313 11  9 1500  -13.5  444.0    5.7  135.0   83.0  444.0
2018 313 11  9 1800  -14.8  444.0    4.9  143.0   82.0  444.0
2018 313 11  9 2100  -11.2  444.0    3.9  145.0   83.0  444.0
2018 314 11 10 0000   -8.6  444.0    2.8  113.0   77.6  444.0
2018 314 11 10 0300   -8.6  444.0    1.8  131.0   80.0  444.0
2018 314 11 10 0600   -8.3  444.0    0.6  345.0   84.2  444.0
2018 314 11 10 0900  -13.0  444.0    1.8  223.0   89.0  444.0
2018 314 11 10 1200  -11.1  444.0    1.3    3.0   89.0  444.0
2018 314 11 10 1500  -10.4  444.0    2.3   22.0   89.0  444.0
2018 314 11 10 1800   -9.5  444.0    1.8   45.0   89.0  444.0
2018 314 11 10 2100   -8.8  444.0    1.8   52.0   87.0  444.0
2018 315 11 11 0000   -7.3  444.0    2.3   59.0   84.0  444.0
2018 315 11 11 0300   -7.6  444.0    2.8   74.0   85.0  444.0
2018 315 11 11 0600  -10.1  444.0    3.0   64.0   85.0  444.0
2018 315 11 11 0900  -10.5  444.0    1.7   68.0   85.0  444.0
2018 315 11 11 1200  -10.7  444.0    1.0  360.0   91.0  444.0
2018 315 11 11 1500  -12.9  444.0    1.4  150.0   86.0  444.0
2018 315 11 11 1800  -10.1  444.0    1.3  191.0   85.0  444.0
2018 315 11 11 2100  -10.3  444.0    2.3  208.0   84.0  444.0
2018 316 11 12 0000  -10.2  444.0    3.0  201.0   81.0  444.0
2018 316 11 12 0300  -10.7  444.0    3.2  208.0   72.0  444.0
2018 316 11 12 0600  -14.5  444.0    3.2  222.0   73.0  444.0
2018 316 11 12 0900  -18.2  444.0    4.2  204.0   75.0  444.0
2018 316 11 12 1200  -20.1  444.0    3.2  215.0   74.0  444.0
2018 316 11 12 1500  -20.1  444.0    4.1  206.0   71.5  444.0
2018 316 11 12 1800  -18.5  444.0    4.0  207.0   68.0  444.0
2018 316 11 12 2100  -16.2  444.0    4.2  228.0   70.0  444.0
2018 317 11 13 0000  -12.8  444.0    5.6  229.0   70.0  444.0
2018 317 11 13 0300  -11.4  444.0    6.4  216.0   69.0  444.0
2018 317 11 13 0600  -13.9  444.0    4.9  221.0   73.0  444.0
2018 317 11 13 0900  -16.1  444.0    5.6  219.0   74.3  444.0
2018 317 11 13 1200  -18.7  444.0    5.2  229.0   77.0  444.0
2018 317 11 13 1500  -19.9  444.0    5.3  226.0   72.0  444.0
2018 317 11 13 1800  -19.0  444.0    5.6  228.0   71.0  444.0
2018 317 11 13 2100  -16.7  444.0    6.4  188.0   71.0  444.0
2018 318 11 14 0000  -12.9  444.0    4.7  162.0   76.0  444.0
2018 318 11 14 0300  -13.3  444.0    3.6  220.0   75.0  444.0
2018 318 11 14 0600  -14.8  444.0    4.0  231.0   74.4  444.0
2018 318 11 14 0900  -17.9  444.0    4.2  221.0   74.0  444.0
2018 318 11 14 1200  -22.2  444.0    4.4  237.0   77.6  444.0
2018 318 11 14 1500  -20.3  444.0    5.4  203.0   72.0  444.0
2018 318 11 14 1800  -19.2  444.0    4.8  195.0   69.0  444.0
2018 318 11 14 2100  -16.4  444.0    5.2  206.0   64.0  444.0
2018 319 11 15 0000  -12.6  444.0    6.5  222.0   58.6  444.0
2018 319 11 15 0300  -12.9  444.0    6.0  227.0   63.0  444.0
2018 319 11 15 0600  -13.9  444.0    5.8  233.0   65.0  444.0
2018 319 11 15 0900  -15.6  444.0    6.5  211.0   66.0  444.0
2018 319 11 15 1200  -15.5  444.0    5.4  242.0   76.0  444.0
2018 319 11 15 1500  -15.2  444.0    4.4  240.0   76.2  444.0
2018 319 11 15 1800  -15.2  444.0    4.1  228.0   75.0  444.0
2018 319 11 15 2100  -14.9  444.0    4.8  255.0   73.0  444.0
2018 320 11 16 0000  -15.0  444.0    4.4  235.0   69.4  444.0
2018 320 11 16 0300  -14.1  444.0    4.0  214.0   71.0  444.0
2018 320 11 16 0600  -15.2  444.0    4.2  225.0   71.0  444.0
2018 320 11 16 0900  -17.6  444.0    4.5  239.0   69.0  444.0
2018 320 11 16 1200  -18.4  444.0    6.7  225.0   71.0  444.0
2018 320 11 16 1500  -19.3  444.0    5.6  209.0   73.0  444.0
2018 320 11 16 1800  -19.5  444.0    4.5  225.0   69.3  444.0
2018 320 11 16 2100  -16.6  444.0    4.7  231.0   68.0  444.0
2018 321 11 17 0000  -14.0  444.0    5.1  222.0   68.0  444.0
2018 321 11 17 0300  -12.6  444.0    4.0  204.0   67.0  444.0
2018 321 11 17 0600  -14.4  444.0    2.7  213.0   70.0  444.0
2018 321 11 17 0900  -19.1  444.0    3.7  233.0   78.0  444.0
2018 321 11 17 1200  -16.2  444.0    4.0  251.0   76.0  444.0
2018 321 11 17 1500  -18.3  444.0    4.9  258.0   72.0  444.0
2018 321 11 17 1800  -17.2  444.0    2.8  237.0   66.9  444.0
2018 321 11 17 2100  -15.2  444.0    4.0  251.0   70.0  444.0
2018 322 11 18 0000  -12.7  444.0    2.2  279.0   68.1  444.0
2018 322 11 18 0300  -11.9  444.0    4.0  303.0   65.0  444.0
2018 322 11 18 0600  -14.7  444.0    3.5  275.0   72.7  444.0
2018 322 11 18 0900  -17.6  444.0    3.2  307.0   76.0  444.0
2018 322 11 18 1200  -20.2  444.0    4.9  285.0   74.0  444.0
2018 322 11 18 1500  -19.9  444.0    3.9  291.0   66.0  444.0
2018 322 11 18 1800  -19.4  444.0    3.1  314.0   63.0  444.0
2018 322 11 18 2100  -16.0  444.0    6.1  314.0   65.0  444.0
2018 323 11 19 0000  -14.6  444.0    6.6  308.0   66.0  444.0
2018 323 11 19 0300  -14.1  444.0    4.0  303.0   68.0  444.0
2018 323 11 19 0600  -16.0  444.0    2.2  225.0   72.0  444.0
2018 323 11 19 0900  -19.2  444.0    2.3  206.0   75.1  444.0
2018 323 11 19 1200  -22.9  444.0    3.7  240.0   78.5  444.0
2018 323 11 19 1500  -20.6  444.0    2.9  198.0   75.0  444.0
2018 323 11 19 1800  -22.1  444.0    0.8  280.0   69.4  444.0
2018 323 11 19 2100  -19.6  444.0    2.3  107.0   72.0  444.0
2018 324 11 20 0000  -17.8  444.0    3.2  144.0   73.0  444.0
2018 324 11 20 0300  -17.7  444.0    5.3  151.0   72.0  444.0
2018 324 11 20 0600  -17.7  444.0    4.7  172.0   73.0  444.0
2018 324 11 20 0900  -19.9  444.0    5.3  185.0   74.0  444.0
2018 324 11 20 1200  -22.1  444.0    5.4  202.0   74.0  444.0
2018 324 11 20 1500  -23.0  444.0    6.2  184.0   74.7  444.0
2018 324 11 20 1800  -22.0  444.0    6.3  190.0   70.0  444.0
2018 324 11 20 2100  -20.5  444.0    6.2  198.0   69.0  444.0
2018 325 11 21 0000  -15.4  444.0    6.1  224.0   72.0  444.0
2018 325 11 21 0300  -15.0  444.0    5.9  235.0   74.1  444.0
2018 325 11 21 0600  -16.0  444.0    3.7  244.0   72.0  444.0
2018 325 11 21 0900  -19.0  444.0    4.6  228.0   73.9  444.0
2018 325 11 21 1200  -20.4  444.0    6.5  213.0   78.1  444.0
2018 325 11 21 1500  -20.4  444.0    5.6  190.0   74.9  444.0
2018 325 11 21 1800  -18.5  444.0    6.8  175.0   71.0  444.0
2018 325 11 21 2100  -16.2  444.0    8.2  174.0   69.0  444.0
2018 326 11 22 0000  -15.2  444.0    8.5  159.0   68.0  444.0
2018 326 11 22 0300  -17.7  444.0   10.1  134.0   67.0  444.0
2018 326 11 22 0600  -17.7  444.0    9.2  140.0   70.0  444.0
2018 326 11 22 0900  -18.6  444.0    8.3  141.0   73.0  444.0
2018 326 11 22 1200  -16.7  444.0    7.8  145.0   77.2  444.0
2018 326 11 22 1500  -20.3  444.0    6.0  187.0   70.0  444.0
2018 326 11 22 1800  -18.6  444.0    8.1  203.0   72.0  444.0
2018 326 11 22 2100  -15.9  444.0    6.8  190.0   69.0  444.0
2018 327 11 23 0000  -13.2  444.0    6.5  180.0   70.0  444.0
2018 327 11 23 0300  -11.6  444.0    6.5  190.0   71.0  444.0
2018 327 11 23 0600  -11.7  444.0    5.2  189.0   75.0  444.0
2018 327 11 23 0900  -13.4  444.0    4.6  203.0   77.0  444.0
2018 327 11 23 1200  -14.9  444.0    7.4  192.0   78.0  444.0
2018 327 11 23 1500  -17.8  444.0    6.2  165.0   75.2  444.0
2018 327 11 23 1800  -16.4  444.0    6.5  178.0   73.0  444.0
2018 327 11 23 2100  -13.8  444.0    6.0  177.0   71.0  444.0
2018 328 11 24 0000  -11.6  444.0    6.9  187.0   71.3  444.0
2018 328 11 24 0300  -10.4  444.0    6.6  195.0   71.1  444.0
2018 328 11 24 0600  -10.6  444.0    5.8  202.0   73.0  444.0
2018 328 11 24 0900  -12.5  444.0    6.2  201.0   76.0  444.0
2018 328 11 24 1200  -14.2  444.0    6.8  199.0   75.6  444.0
2018 328 11 24 1500  -15.9  444.0    6.2  205.0   72.0  444.0
2018 328 11 24 1800  -14.1  444.0    5.9  201.0   68.0  444.0
2018 328 11 24 2100  -12.4  444.0    8.0  190.0   68.0  444.0
2018 329 11 25 0000  -10.2  444.0    6.4  193.0   67.0  444.0
2018 329 11 25 0300   -8.6  444.0    6.0  204.0   65.4  444.0
2018 329 11 25 0600   -8.9  444.0    6.7  213.0   63.0  444.0
2018 329 11 25 0900   -9.9  444.0    8.4  208.0   64.0  444.0
2018 329 11 25 1200  -12.3  444.0    9.1  177.0   79.0  444.0
2018 329 11 25 1500  -15.2  444.0    7.9  167.0   76.0  444.0
2018 329 11 25 1800  -15.3  444.0    7.6  176.0   72.0  444.0
2018 329 11 25 2100  -13.2  444.0    7.1  170.0   73.0  444.0
2018 330 11 26 0000  -11.8  444.0    8.7  153.0   73.0  444.0
2018 330 11 26 0300  -11.5  444.0    6.0  148.0   71.0  444.0
2018 330 11 26 0600  -11.8  444.0    4.4  167.0   74.7  444.0
2018 330 11 26 0900  -13.4  444.0    4.0  188.0   79.0  444.0
2018 330 11 26 1200  -15.5  444.0    2.5  206.0   78.0  444.0
2018 330 11 26 1500  -16.4  444.0    3.2  208.0   78.2  444.0
2018 330 11 26 1800  -16.2  444.0    3.1  198.0   74.0  444.0
2018 330 11 26 2100  -14.3  444.0    2.7  203.0   73.0  444.0
2018 331 11 27 0000  -12.5  444.0    2.1  187.0   70.8  444.0
2018 331 11 27 0300  -11.0  444.0    2.4  195.0   70.5  444.0
2018 331 11 27 0600  -11.2  444.0    2.7  232.0   74.0  444.0
2018 331 11 27 0900  -12.4  444.0    2.2  210.0   83.0  444.0
2018 331 11 27 1200  -15.0  444.0    2.0  172.0   80.0  444.0
2018 331 11 27 1500  -18.0  444.0    2.0  154.0   77.0  444.0
2018 331 11 27 1800  -16.5  444.0    1.7  187.0   73.5  444.0
2018 331 11 27 2100  -12.8  444.0    1.2  215.0   72.0  444.0
2018 332 11 28 0000   -9.8  444.0    1.4  176.0   72.0  444.0
2018 332 11 28 0300   -9.9  444.0    1.4   81.0   72.0  444.0
2018 332 11 28 0600  444.0  444.0    0.9  191.0   72.4  444.0
2018 332 11 28 0900  -11.5  444.0    1.4  131.0   79.9  444.0
2018 332 11 28 1200  -13.1  444.0    2.6   83.0   80.0  444.0
2018 332 11 28 1500  -15.0  444.0    2.6   43.0   80.5  444.0
2018 332 11 28 1800  -14.0  444.0    1.2  348.0   77.0  444.0
2018 332 11 28 2100  -11.1  444.0    1.3  127.0   70.4  444.0
2018 333 11 29 0000   -9.0  444.0    1.9   29.0   76.0  444.0
2018 333 11 29 0300   -7.6  444.0    1.6   45.0   75.0  444.0
2018 333 11 29 0600   -7.7  444.0    1.7   36.0   81.0  444.0
2018 333 11 29 0900   -8.5  444.0    1.7   43.0   83.9  444.0
2018 333 11 29 1200   -9.0  444.0    0.3   15.0   85.0  444.0
2018 333 11 29 1500   -9.8  444.0    0.5   90.0   85.0  444.0
2018 333 11 29 1800   -8.8  444.0    0.2  317.0   80.0  444.0
2018 333 11 29 2100   -8.2  444.0    0.6  340.0   74.0  444.0
2018 334 11 30 0000   -6.7  444.0    1.0  283.0   73.4  444.0
2018 334 11 30 0300   -6.7  444.0    1.4  299.0   74.0  444.0
2018 334 11 30 0600   -8.0  444.0    1.1  303.0   76.0  444.0
2018 334 11 30 0900  -11.6  444.0    1.2  255.0   79.0  444.0
2018 334 11 30 1200  -13.1  444.0    0.6  206.0   84.9  444.0
2018 334 11 30 1500  -14.4  444.0    0.4  165.0   84.0  444.0
2018 334 11 30 1800  -13.3  444.0    0.5  202.0   78.0  444.0
2018 334 11 30 2100  -14.2  444.0    1.3  212.0   74.0  444.0
