Year: 2018  Month: 07  ID: GIL  ARGOS:  8911  Name: Gill                
Lat: 79.88S  Lon: 178.57W  Elev:   53m
2018 182  7  1 0000  -26.8  444.0  444.0  444.0   75.0  444.0
2018 182  7  1 0300  -27.2  444.0  444.0  444.0   75.0  444.0
2018 182  7  1 0600  -28.5  444.0  444.0  444.0   73.0  444.0
2018 182  7  1 0900  -33.7  444.0  444.0  444.0   70.9  444.0
2018 182  7  1 1200  -33.8  444.0  444.0  444.0   71.0  444.0
2018 182  7  1 1500  -34.7  444.0  444.0  444.0   70.0  444.0
2018 182  7  1 1800  -35.5  444.0  444.0  444.0   70.0  444.0
2018 182  7  1 2100  -37.8  444.0  444.0  444.0   68.4  444.0
2018 183  7  2 0000  -36.3  444.0  444.0  444.0   69.0  444.0
2018 183  7  2 0300  -38.3  444.0  444.0  444.0   67.8  444.0
2018 183  7  2 0600  -39.0  444.0  444.0  444.0   67.0  444.0
2018 183  7  2 0900  -41.0  444.0  444.0  444.0   66.5  444.0
2018 183  7  2 1200  -41.0  444.0  444.0  444.0   66.9  444.0
2018 183  7  2 1500  -41.2  444.0  444.0  444.0   66.0  444.0
2018 183  7  2 1800  -40.7  444.0  444.0  444.0   66.7  444.0
2018 183  7  2 2100  -40.4  444.0  444.0  444.0   67.0  444.0
2018 184  7  3 0000  -35.3  444.0  444.0  444.0   70.0  444.0
2018 184  7  3 0300  -31.6  444.0  444.0  444.0   71.0  444.0
2018 184  7  3 0600  -37.9  444.0  444.0  444.0   68.0  444.0
2018 184  7  3 0900  -39.9  444.0  444.0  444.0   67.0  444.0
2018 184  7  3 1200  -38.5  444.0  444.0  444.0   67.4  444.0
2018 184  7  3 1500  -33.8  444.0  444.0  444.0   70.0  444.0
2018 184  7  3 1800  -27.4  444.0  444.0  444.0   74.0  444.0
2018 184  7  3 2100  -26.2  444.0  444.0  444.0   75.0  444.0
2018 185  7  4 0000  -25.9  444.0  444.0  444.0   75.0  444.0
2018 185  7  4 0300  -28.1  444.0  444.0  444.0   74.0  444.0
2018 185  7  4 0600  -30.0  444.0  444.0  444.0   73.0  444.0
2018 185  7  4 0900  -31.0  444.0  444.0  444.0   72.0  444.0
2018 185  7  4 1200  -32.0  444.0  444.0  444.0   71.0  444.0
2018 185  7  4 1500  -34.2  444.0  444.0  444.0   70.0  444.0
2018 185  7  4 1800  -33.9  444.0  444.0  444.0   70.0  444.0
2018 185  7  4 2100  -32.9  444.0  444.0  444.0   71.0  444.0
2018 186  7  5 0000  -34.0  444.0  444.0  444.0   70.0  444.0
2018 186  7  5 0300  -33.5  444.0  444.0  444.0   70.0  444.0
2018 186  7  5 0600  -33.8  444.0  444.0  444.0   70.0  444.0
2018 186  7  5 0900  -32.9  444.0  444.0  444.0   71.0  444.0
2018 186  7  5 1200  -31.1  444.0  444.0  444.0   72.0  444.0
2018 186  7  5 1500  -30.5  444.0  444.0  444.0   73.0  444.0
2018 186  7  5 1800  -29.8  444.0  444.0  444.0   73.0  444.0
2018 186  7  5 2100  -29.4  444.0  444.0  444.0   73.2  444.0
2018 187  7  6 0000  -29.9  444.0  444.0  444.0   73.0  444.0
2018 187  7  6 0300  -32.1  444.0  444.0  444.0   69.8  444.0
2018 187  7  6 0600  -37.2  444.0  444.0  444.0   68.0  444.0
2018 187  7  6 0900  -40.5  444.0  444.0  444.0   67.0  444.0
2018 187  7  6 1200  -37.1  444.0  444.0  444.0   68.0  444.0
2018 187  7  6 1500  -35.0  444.0  444.0  444.0   70.0  444.0
2018 187  7  6 1800  -34.7  444.0  444.0  444.0   70.0  444.0
2018 187  7  6 2100  -33.1  444.0  444.0  444.0   71.0  444.0
2018 188  7  7 0000  -30.0  444.0  444.0  444.0   73.0  444.0
2018 188  7  7 0300  -30.6  444.0  444.0  444.0   72.0  444.0
2018 188  7  7 0600  -31.0  444.0  444.0  444.0   72.2  444.0
2018 188  7  7 0900  -34.4  444.0  444.0  444.0   70.0  444.0
2018 188  7  7 1200  -39.2  444.0  444.0  444.0   67.5  444.0
2018 188  7  7 1500  -42.6  444.0  444.0  444.0   65.0  444.0
2018 188  7  7 1800  -46.5  444.0  444.0  444.0   63.3  444.0
2018 188  7  7 2100  -48.4  444.0  444.0  444.0   63.0  444.0
2018 189  7  8 0000  -48.5  444.0  444.0  444.0   62.3  444.0
2018 189  7  8 0300  -48.6  444.0  444.0  444.0   63.0  444.0
2018 189  7  8 0600  -47.7  444.0  444.0  444.0   63.0  444.0
2018 189  7  8 0900  -46.2  444.0  444.0  444.0   64.0  444.0
2018 189  7  8 1200  -47.2  444.0  444.0  444.0   63.0  444.0
2018 189  7  8 1500  -48.7  444.0  444.0  444.0   62.3  444.0
2018 189  7  8 1800  -49.4  444.0  444.0  444.0   62.0  444.0
2018 189  7  8 2100  -51.3  444.0  444.0  444.0   60.8  444.0
2018 190  7  9 0000  -52.5  444.0  444.0  444.0   60.4  444.0
2018 190  7  9 0300  -53.7  444.0  444.0  444.0   60.0  444.0
2018 190  7  9 0600  -55.5  444.0  444.0  444.0   58.0  444.0
2018 190  7  9 0900  -57.1  444.0  444.0  444.0   57.0  444.0
2018 190  7  9 1200  -57.9  444.0  444.0  444.0   57.0  444.0
2018 190  7  9 1500  -57.7  444.0  444.0  444.0   58.0  444.0
2018 190  7  9 1800  -56.1  444.0  444.0  444.0   58.0  444.0
2018 190  7  9 2100  -51.9  444.0  444.0  444.0   61.0  444.0
2018 191  7 10 0000  -49.0  444.0  444.0  444.0   61.0  444.0
2018 191  7 10 0300  -51.2  444.0  444.0  444.0   60.8  444.0
2018 191  7 10 0600  -53.4  444.0  444.0  444.0   60.0  444.0
2018 191  7 10 0900  -55.9  444.0  444.0  444.0   58.0  444.0
2018 191  7 10 1200  -56.3  444.0  444.0  444.0   58.0  444.0
2018 191  7 10 1500  -54.4  444.0  444.0  444.0   59.0  444.0
2018 191  7 10 1800  -53.5  444.0  444.0  444.0   59.5  444.0
2018 191  7 10 2100  -51.2  444.0  444.0  444.0   61.0  444.0
2018 192  7 11 0000  -47.7  444.0  444.0  444.0   62.0  444.0
2018 192  7 11 0300  -46.5  444.0  444.0  444.0   63.0  444.0
2018 192  7 11 0600  -44.9  444.0  444.0  444.0   63.6  444.0
2018 192  7 11 0900  -43.7  444.0  444.0  444.0   64.0  444.0
2018 192  7 11 1200  -39.8  444.0  444.0  444.0   66.0  444.0
2018 192  7 11 1500  -40.8  444.0  444.0  444.0   65.0  444.0
2018 192  7 11 1800  -40.2  444.0  444.0  444.0   66.0  444.0
2018 192  7 11 2100  -41.5  444.0  444.0  444.0   65.0  444.0
2018 193  7 12 0000  -43.5  444.0  444.0  444.0   64.4  444.0
2018 193  7 12 0300  -44.3  444.0  444.0  444.0   64.0  444.0
2018 193  7 12 0600  -44.6  444.0  444.0  444.0   64.0  444.0
2018 193  7 12 0900  -45.6  444.0  444.0  444.0   63.0  444.0
2018 193  7 12 1200  -44.9  444.0  444.0  444.0   64.0  444.0
2018 193  7 12 1500  -40.2  444.0  444.0  444.0   67.0  444.0
2018 193  7 12 1800  -40.4  444.0  444.0  444.0   65.3  444.0
2018 193  7 12 2100  -43.8  444.0  444.0  444.0   64.0  444.0
2018 194  7 13 0000  -42.7  444.0  444.0  444.0   64.6  444.0
2018 194  7 13 0300  -46.0  444.0  444.0  444.0   63.0  444.0
2018 194  7 13 0600  -46.1  444.0  444.0  444.0   63.1  444.0
2018 194  7 13 0900  -47.6  444.0  444.0  444.0   62.0  444.0
2018 194  7 13 1200  -48.7  444.0  444.0  444.0   61.0  444.0
2018 194  7 13 1500  -49.8  444.0  444.0  444.0   61.0  444.0
2018 194  7 13 1800  -44.6  444.0  444.0  444.0   64.0  444.0
2018 194  7 13 2100  -44.0  444.0  444.0  444.0   64.2  444.0
2018 195  7 14 0000  -42.5  444.0  444.0  444.0   64.0  444.0
2018 195  7 14 0300  -42.2  444.0  444.0  444.0   65.0  444.0
2018 195  7 14 0600  -40.5  444.0  444.0  444.0   66.0  444.0
2018 195  7 14 0900  -40.2  444.0  444.0  444.0   66.0  444.0
2018 195  7 14 1200  -37.8  444.0  444.0  444.0   67.0  444.0
2018 195  7 14 1500  -38.3  444.0  444.0  444.0   67.0  444.0
2018 195  7 14 1800  -37.5  444.0  444.0  444.0   67.0  444.0
2018 195  7 14 2100  -37.5  444.0  444.0  444.0   67.0  444.0
2018 196  7 15 0000  -39.8  444.0  444.0  444.0   66.4  444.0
2018 196  7 15 0300  -42.3  444.0  444.0  444.0   64.9  444.0
2018 196  7 15 0600  -42.9  444.0  444.0  444.0   65.0  444.0
2018 196  7 15 0900  -43.1  444.0  444.0  444.0   65.0  444.0
2018 196  7 15 1200  -34.8  444.0  444.0  444.0   70.0  444.0
2018 196  7 15 1500  -28.6  444.0  444.0  444.0   73.0  444.0
2018 196  7 15 1800  -29.8  444.0  444.0  444.0   72.1  444.0
2018 196  7 15 2100  -31.8  444.0  444.0  444.0   71.0  444.0
2018 197  7 16 0000  -31.6  444.0  444.0  444.0   71.0  444.0
2018 197  7 16 0300  -33.7  444.0  444.0  444.0   70.0  444.0
2018 197  7 16 0600  -32.8  444.0  444.0  444.0   70.8  444.0
2018 197  7 16 0900  -35.5  444.0  444.0  444.0   68.0  444.0
2018 197  7 16 1200  -36.4  444.0  444.0  444.0   68.0  444.0
2018 197  7 16 1500  -36.9  444.0  444.0  444.0   68.0  444.0
2018 197  7 16 1800  -36.6  444.0  444.0  444.0   68.0  444.0
2018 197  7 16 2100  -39.2  444.0  444.0  444.0   66.8  444.0
2018 198  7 17 0000  -40.6  444.0  444.0  444.0   66.0  444.0
2018 198  7 17 0300  -41.2  444.0  444.0  444.0   66.0  444.0
2018 198  7 17 0600  -38.8  444.0  444.0  444.0   67.4  444.0
2018 198  7 17 0900  -38.5  444.0  444.0  444.0   67.0  444.0
2018 198  7 17 1200  -41.0  444.0  444.0  444.0   66.0  444.0
2018 198  7 17 1500  -41.6  444.0  444.0  444.0   66.0  444.0
2018 198  7 17 1800  -42.4  444.0  444.0  444.0   67.0  444.0
2018 198  7 17 2100  -40.5  444.0  444.0  444.0   66.0  444.0
2018 199  7 18 0000  -37.6  444.0  444.0  444.0   68.0  444.0
2018 199  7 18 0300  -38.3  444.0  444.0  444.0   63.7  444.0
2018 199  7 18 0600  -46.0  444.0  444.0  444.0   63.0  444.0
2018 199  7 18 0900  -47.3  444.0  444.0  444.0   63.4  444.0
2018 199  7 18 1200  -37.0  444.0  444.0  444.0   70.0  444.0
2018 199  7 18 1500  -29.5  444.0  444.0  444.0   72.4  444.0
2018 199  7 18 1800  -33.1  444.0  444.0  444.0   70.0  444.0
2018 199  7 18 2100  -39.3  444.0  444.0  444.0   67.0  444.0
2018 200  7 19 0000  -39.5  444.0  444.0  444.0   67.0  444.0
2018 200  7 19 0300  -41.1  444.0  444.0  444.0   67.4  444.0
2018 200  7 19 0600  -38.5  444.0  444.0  444.0   67.0  444.0
2018 200  7 19 0900  -40.0  444.0  444.0  444.0   67.0  444.0
2018 200  7 19 1200  -41.2  444.0  444.0  444.0   66.0  444.0
2018 200  7 19 1500  -41.1  444.0  444.0  444.0   66.0  444.0
2018 200  7 19 1800  -37.1  444.0  444.0  444.0   67.8  444.0
2018 200  7 19 2100  -31.7  444.0  444.0  444.0   71.0  444.0
2018 201  7 20 0000  -34.4  444.0  444.0  444.0   70.0  444.0
2018 201  7 20 0300  -31.3  444.0  444.0  444.0   71.0  444.0
2018 201  7 20 0600  -35.0  444.0  444.0  444.0   69.3  444.0
2018 201  7 20 0900  -32.9  444.0  444.0  444.0   71.0  444.0
2018 201  7 20 1200  -34.4  444.0  444.0  444.0   70.0  444.0
2018 201  7 20 1500  -29.8  444.0  444.0  444.0   73.0  444.0
2018 201  7 20 1800  -28.4  444.0  444.0  444.0   73.6  444.0
2018 201  7 20 2100  -36.1  444.0  444.0  444.0   68.0  444.0
2018 202  7 21 0000  -36.0  444.0  444.0  444.0   70.0  444.0
2018 202  7 21 0300  -34.0  444.0  444.0  444.0   70.0  444.0
2018 202  7 21 0600  -40.1  444.0  444.0  444.0   67.0  444.0
2018 202  7 21 0900  -42.4  444.0  444.0  444.0   65.0  444.0
2018 202  7 21 1200  -42.4  444.0  444.0  444.0   66.0  444.0
2018 202  7 21 1500  -42.8  444.0  444.0  444.0   65.0  444.0
2018 202  7 21 1800  -44.3  444.0  444.0  444.0   65.0  444.0
2018 202  7 21 2100  -40.4  444.0  444.0  444.0   67.0  444.0
2018 203  7 22 0000  -38.5  444.0  444.0  444.0   67.0  444.0
2018 203  7 22 0300  -39.4  444.0  444.0  444.0   67.0  444.0
2018 203  7 22 0600  -36.8  444.0  444.0  444.0   68.0  444.0
2018 203  7 22 0900  -35.2  444.0  444.0  444.0   69.0  444.0
2018 203  7 22 1200  -35.3  444.0  444.0  444.0   70.0  444.0
2018 203  7 22 1500  -27.5  444.0  444.0  444.0   75.0  444.0
2018 203  7 22 1800  -23.3  444.0  444.0  444.0   77.0  444.0
2018 203  7 22 2100  -29.9  444.0  444.0  444.0   72.0  444.0
2018 204  7 23 0000  -37.3  444.0  444.0  444.0   68.0  444.0
2018 204  7 23 0300  -38.4  444.0  444.0  444.0   67.9  444.0
2018 204  7 23 0600  -38.9  444.0  444.0  444.0   68.0  444.0
2018 204  7 23 0900  -37.5  444.0  444.0  444.0   68.0  444.0
2018 204  7 23 1200  -34.5  444.0  444.0  444.0   70.0  444.0
2018 204  7 23 1500  -33.3  444.0  444.0  444.0   70.3  444.0
2018 204  7 23 1800  -38.0  444.0  444.0  444.0   67.3  444.0
2018 204  7 23 2100  -38.9  444.0  444.0  444.0   67.3  444.0
2018 205  7 24 0000  -37.0  444.0  444.0  444.0   68.5  444.0
2018 205  7 24 0300  -38.2  444.0  444.0  444.0   67.0  444.0
2018 205  7 24 0600  -38.3  444.0  444.0  444.0   67.0  444.0
2018 205  7 24 0900  -41.7  444.0  444.0  444.0   65.0  444.0
2018 205  7 24 1200  -42.8  444.0  444.0  444.0   66.0  444.0
2018 205  7 24 1500  -40.7  444.0  444.0  444.0   66.0  444.0
2018 205  7 24 1800  -42.8  444.0  444.0  444.0   65.0  444.0
2018 205  7 24 2100  -42.9  444.0  444.0  444.0   66.0  444.0
2018 206  7 25 0000  -42.6  444.0  444.0  444.0   65.0  444.0
2018 206  7 25 0300  -48.0  444.0  444.0  444.0   63.0  444.0
2018 206  7 25 0600  -45.2  444.0  444.0  444.0   64.2  444.0
2018 206  7 25 0900  -45.6  444.0  444.0  444.0   63.0  444.0
2018 206  7 25 1200  -46.3  444.0  444.0  444.0   64.0  444.0
2018 206  7 25 1500  -44.2  444.0  444.0  444.0   64.0  444.0
2018 206  7 25 1800  -41.3  444.0  444.0  444.0   66.0  444.0
2018 206  7 25 2100  -38.3  444.0  444.0  444.0   67.0  444.0
2018 207  7 26 0000  -40.0  444.0  444.0  444.0   67.0  444.0
2018 207  7 26 0300  -37.1  444.0  444.0  444.0   67.4  444.0
2018 207  7 26 0600  -32.7  444.0  444.0  444.0   71.0  444.0
2018 207  7 26 0900  -37.2  444.0  444.0  444.0   67.8  444.0
2018 207  7 26 1200  -41.1  444.0  444.0  444.0   66.0  444.0
2018 207  7 26 1500  -41.5  444.0  444.0  444.0   66.0  444.0
2018 207  7 26 1800  -42.8  444.0  444.0  444.0   65.0  444.0
2018 207  7 26 2100  -42.8  444.0  444.0  444.0   64.8  444.0
2018 208  7 27 0000  -40.5  444.0  444.0  444.0   66.0  444.0
2018 208  7 27 0300  -36.4  444.0  444.0  444.0   68.0  444.0
2018 208  7 27 0600  -32.5  444.0  444.0  444.0   71.0  444.0
2018 208  7 27 0900  -32.3  444.0  444.0  444.0   71.0  444.0
2018 208  7 27 1200  -32.4  444.0  444.0  444.0   72.0  444.0
2018 208  7 27 1500  -34.5  444.0  444.0  444.0   69.7  444.0
2018 208  7 27 1800  -36.8  444.0  444.0  444.0   68.0  444.0
2018 208  7 27 2100  -38.7  444.0  444.0  444.0   67.0  444.0
2018 209  7 28 0000  -39.7  444.0  444.0  444.0   67.0  444.0
2018 209  7 28 0300  -39.4  444.0  444.0  444.0   66.7  444.0
2018 209  7 28 0600  -39.8  444.0  444.0  444.0   67.0  444.0
2018 209  7 28 0900  -39.9  444.0  444.0  444.0   66.0  444.0
2018 209  7 28 1200  -40.5  444.0  444.0  444.0   66.0  444.0
2018 209  7 28 1500  -40.6  444.0  444.0  444.0   66.0  444.0
2018 209  7 28 1800  -42.1  444.0  444.0  444.0   65.4  444.0
2018 209  7 28 2100  -41.7  444.0  444.0  444.0   66.0  444.0
2018 210  7 29 0000  -42.8  444.0  444.0  444.0   65.2  444.0
2018 210  7 29 0300  -42.0  444.0  444.0  444.0   66.0  444.0
2018 210  7 29 0600  -40.3  444.0  444.0  444.0   66.4  444.0
2018 210  7 29 0900  -41.0  444.0  444.0  444.0   66.0  444.0
2018 210  7 29 1200  -41.8  444.0  444.0  444.0   65.0  444.0
2018 210  7 29 1500  -42.5  444.0  444.0  444.0   65.0  444.0
2018 210  7 29 1800  -43.6  444.0  444.0  444.0   64.6  444.0
2018 210  7 29 2100  -44.5  444.0  444.0  444.0   63.7  444.0
2018 211  7 30 0000  -46.1  444.0  444.0  444.0   63.2  444.0
2018 211  7 30 0300  -47.0  444.0  444.0  444.0   63.0  444.0
2018 211  7 30 0600  -47.6  444.0  444.0  444.0   62.0  444.0
2018 211  7 30 0900  -48.7  444.0  444.0  444.0   62.1  444.0
2018 211  7 30 1200  -48.5  444.0  444.0  444.0   62.0  444.0
2018 211  7 30 1500  -49.3  444.0  444.0  444.0   61.0  444.0
2018 211  7 30 1800  -50.4  444.0  444.0  444.0   61.0  444.0
2018 211  7 30 2100  -51.4  444.0  444.0  444.0   60.2  444.0
2018 212  7 31 0000  -52.3  444.0  444.0  444.0   60.0  444.0
2018 212  7 31 0300  -52.5  444.0  444.0  444.0   59.6  444.0
2018 212  7 31 0600  -52.9  444.0  444.0  444.0   60.0  444.0
2018 212  7 31 0900  -53.2  444.0  444.0  444.0   59.0  444.0
2018 212  7 31 1200  -53.3  444.0  444.0  444.0   60.0  444.0
2018 212  7 31 1500  -52.0  444.0  444.0  444.0   60.0  444.0
2018 212  7 31 1800  -52.1  444.0  444.0  444.0   60.0  444.0
2018 212  7 31 2100  -49.2  444.0  444.0  444.0   61.0  444.0
