Year: 2018  Month: 03  ID: GIL  ARGOS:  8911  Name: Gill                
Lat: 79.88S  Lon: 178.58W  Elev:   53m
2018  60  3  1 0000  444.0  444.0    0.7   43.0   84.0  444.0
2018  60  3  1 0300  444.0  444.0    0.3  317.0   86.4  444.0
2018  60  3  1 0600  -11.2  444.0    1.4   10.0   87.9  444.0
2018  60  3  1 0900  444.0  444.0    1.3  315.0   88.0  444.0
2018  60  3  1 1200  -17.5  444.0    2.8   98.0   85.0  444.0
2018  60  3  1 1500  -18.4  444.0    2.2  147.0   83.0  444.0
2018  60  3  1 1800  -18.3  444.0    2.7  172.0   78.0  444.0
2018  60  3  1 2100  -16.8  444.0    3.3  145.0   81.0  444.0
2018  61  3  2 0000  -13.3  444.0    3.7  178.0   82.0  444.0
2018  61  3  2 0300  -14.6  444.0    4.1  169.0   83.0  444.0
2018  61  3  2 0600  -15.5  444.0    4.0  165.0   84.0  444.0
2018  61  3  2 0900  -18.3  444.0    3.7  176.0   82.7  444.0
2018  61  3  2 1200  -21.7  444.0    4.4  185.0   80.0  444.0
2018  61  3  2 1500  -25.5  444.0    3.0  170.0   77.0  444.0
2018  61  3  2 1800  -27.0  444.0    2.2  198.0   75.0  444.0
2018  61  3  2 2100  -25.7  444.0    1.7  204.0   73.1  444.0
2018  62  3  3 0000  -24.5  444.0    3.0  223.0   70.0  444.0
2018  62  3  3 0300  -23.5  444.0    5.2  205.0   71.0  444.0
2018  62  3  3 0600  -25.6  444.0    4.2  206.0   71.0  444.0
2018  62  3  3 0900  -29.0  444.0    3.9  210.0   73.0  444.0
2018  62  3  3 1200  -30.8  444.0    4.4  217.0   73.0  444.0
2018  62  3  3 1500  -31.7  444.0    4.8  229.0   72.0  444.0
2018  62  3  3 1800  -30.0  444.0    4.6  222.0   69.8  444.0
2018  62  3  3 2100  -28.8  444.0    3.9  235.0   69.0  444.0
2018  63  3  4 0000  -29.0  444.0    2.6  277.0   66.0  444.0
2018  63  3  4 0300  -27.3  444.0    3.3  255.0   68.0  444.0
2018  63  3  4 0600  -29.8  444.0    2.2  272.0   68.6  444.0
2018  63  3  4 0900  -31.5  444.0    1.7  298.0   72.0  444.0
2018  63  3  4 1200  -30.7  444.0    0.5   92.0   74.0  444.0
2018  63  3  4 1500  -30.1  444.0    2.9   12.0   73.0  444.0
2018  63  3  4 1800  -31.1  444.0    3.1   44.0   69.0  444.0
2018  63  3  4 2100  -30.0  444.0    2.3   77.0   64.0  444.0
2018  64  3  5 0000  -27.0  444.0    3.6   63.0   68.1  444.0
2018  64  3  5 0300  -26.5  444.0    4.0   80.0   67.3  444.0
2018  64  3  5 0600  -26.9  444.0    4.7   78.0   69.0  444.0
2018  64  3  5 0900  -27.6  444.0    5.2   78.0   74.0  444.0
2018  64  3  5 1200  -27.8  444.0    4.9   82.0   74.7  444.0
2018  64  3  5 1500  -28.6  444.0    4.4  100.0   75.6  444.0
2018  64  3  5 1800  -26.8  444.0    5.0  133.0   75.0  444.0
2018  64  3  5 2100  -23.5  444.0    6.2  141.0   76.0  444.0
2018  65  3  6 0000  -21.2  444.0    7.1  136.0   77.0  444.0
2018  65  3  6 0300  -20.3  444.0    8.2  142.0   77.8  444.0
2018  65  3  6 0600  -19.6  444.0    8.9  154.0   80.0  444.0
2018  65  3  6 0900  -18.3  444.0    9.5  159.0   82.0  444.0
2018  65  3  6 1200  -17.6  444.0   11.1  156.0   83.0  444.0
2018  65  3  6 1500  -18.9  444.0   11.1  161.0   81.0  444.0
2018  65  3  6 1800  -20.3  444.0   11.7  168.0   79.5  444.0
2018  65  3  6 2100  -20.4  444.0   11.9  171.0   77.0  444.0
2018  66  3  7 0000  -22.5  444.0   11.5  172.0   75.0  444.0
2018  66  3  7 0300  -25.0  444.0   10.0  180.0   72.7  444.0
2018  66  3  7 0600  -27.0  444.0    9.2  181.0   72.9  444.0
2018  66  3  7 0900  -28.7  444.0    6.9  186.0   74.0  444.0
2018  66  3  7 1200  -30.9  444.0    6.2  210.0   73.0  444.0
2018  66  3  7 1500  -32.1  444.0    6.8  213.0   72.0  444.0
2018  66  3  7 1800  -30.5  444.0    6.5  224.0   72.0  444.0
2018  66  3  7 2100  -31.3  444.0    5.1  248.0   68.0  444.0
2018  67  3  8 0000  -29.7  444.0    5.3  270.0   66.0  444.0
2018  67  3  8 0300  -28.6  444.0    5.6  269.0   68.0  444.0
2018  67  3  8 0600  -28.2  444.0    6.0  279.0   72.4  444.0
2018  67  3  8 0900  -34.0  444.0    5.4  304.0   70.0  444.0
2018  67  3  8 1200  -36.1  444.0    2.7  302.0   69.4  444.0
2018  67  3  8 1500  -35.6  444.0    4.2  314.0   69.0  444.0
2018  67  3  8 1800  -36.1  444.0    2.4  314.0   66.0  444.0
2018  67  3  8 2100  -30.5  444.0    1.1   16.0   70.7  444.0
2018  68  3  9 0000  -25.9  444.0    3.8   88.0   73.8  444.0
2018  68  3  9 0300  -23.5  444.0    7.5  115.0   74.0  444.0
2018  68  3  9 0600  -22.2  444.0    5.8  103.0   73.3  444.0
2018  68  3  9 0900  -21.2  444.0    5.7  102.0   74.0  444.0
2018  68  3  9 1200  -20.3  444.0    5.5   84.0   77.0  444.0
2018  68  3  9 1500  -19.7  444.0    3.8   97.0   76.0  444.0
2018  68  3  9 1800  -20.4  444.0    1.8   77.0   75.0  444.0
2018  68  3  9 2100  -20.3  444.0    2.1  139.0   72.0  444.0
2018  69  3 10 0000  -19.6  444.0    1.9  234.0   73.0  444.0
2018  69  3 10 0300  -20.9  444.0    3.8  215.0   74.7  444.0
2018  69  3 10 0600  -24.0  444.0    3.5  207.0   76.0  444.0
2018  69  3 10 0900  -23.6  444.0    4.8  181.0   76.1  444.0
2018  69  3 10 1200  -24.1  444.0    4.1  192.0   80.0  444.0
2018  69  3 10 1500  -24.3  444.0    1.9  196.0   78.1  444.0
2018  69  3 10 1800  -25.0  444.0    2.3  212.0   77.0  444.0
2018  69  3 10 2100  -25.9  444.0    1.9  249.0   74.3  444.0
2018  70  3 11 0000  -24.4  444.0    2.4  250.0   74.6  444.0
2018  70  3 11 0300  -23.9  444.0    3.5  241.0   76.0  444.0
2018  70  3 11 0600  -27.8  444.0    1.9  305.0   71.0  444.0
2018  70  3 11 0900  -32.3  444.0    1.6   42.0   73.0  444.0
2018  70  3 11 1200  -28.8  444.0    2.0   96.0   74.4  444.0
2018  70  3 11 1500  -26.4  444.0    1.7  151.0   76.0  444.0
2018  70  3 11 1800  -26.6  444.0    2.2  122.0   75.1  444.0
2018  70  3 11 2100  -27.0  444.0    1.7  136.0   73.9  444.0
2018  71  3 12 0000  -27.4  444.0    3.0  207.0   72.9  444.0
2018  71  3 12 0300  -28.6  444.0    5.8  241.0   73.0  444.0
2018  71  3 12 0600  -27.9  444.0    2.7  244.0   72.0  444.0
2018  71  3 12 0900  -29.7  444.0    4.0  209.0   73.4  444.0
2018  71  3 12 1200  -28.5  444.0    6.1  176.0   75.0  444.0
2018  71  3 12 1500  -30.3  444.0    4.4  181.0   73.0  444.0
2018  71  3 12 1800  -31.3  444.0    3.6  162.0   72.0  444.0
2018  71  3 12 2100  -34.2  444.0    6.8  145.0   68.0  444.0
2018  72  3 13 0000  -34.3  444.0    6.5  140.0   66.5  444.0
2018  72  3 13 0300  -30.2  444.0    7.0  153.0   72.0  444.0
2018  72  3 13 0600  -28.6  444.0    8.2  163.0   74.0  444.0
2018  72  3 13 0900  -29.6  444.0    3.9  160.0   73.0  444.0
2018  72  3 13 1200  -31.9  444.0    4.2  164.0   72.0  444.0
2018  72  3 13 1500  -32.2  444.0    4.0  214.0   72.0  444.0
2018  72  3 13 1800  -30.8  444.0    3.8  233.0   72.0  444.0
2018  72  3 13 2100  -30.5  444.0    2.6  223.0   72.0  444.0
2018  73  3 14 0000  -29.1  444.0    3.7  196.0   71.7  444.0
2018  73  3 14 0300  -28.8  444.0    5.1  188.0   72.0  444.0
2018  73  3 14 0600  -29.5  444.0    6.3  182.0   73.0  444.0
2018  73  3 14 0900  -29.3  444.0    5.4  176.0   73.0  444.0
2018  73  3 14 1200  -31.7  444.0    6.7  165.0   72.0  444.0
2018  73  3 14 1500  -32.8  444.0    6.3  172.0   71.0  444.0
2018  73  3 14 1800  -33.7  444.0    6.9  169.0   70.0  444.0
2018  73  3 14 2100  -32.3  444.0    8.9  175.0   68.1  444.0
2018  74  3 15 0000  -30.2  444.0    8.7  179.0   68.0  444.0
2018  74  3 15 0300  -30.2  444.0    9.5  176.0   68.0  444.0
2018  74  3 15 0600  -30.4  444.0    7.5  180.0   72.0  444.0
2018  74  3 15 0900  -29.1  444.0    7.3  198.0   73.4  444.0
2018  74  3 15 1200  -28.7  444.0    7.3  205.0   74.0  444.0
2018  74  3 15 1500  -27.2  444.0    8.4  203.0   75.0  444.0
2018  74  3 15 1800  -25.2  444.0    8.8  207.0   75.6  444.0
2018  74  3 15 2100  -26.2  444.0    6.5  220.0   73.0  444.0
2018  75  3 16 0000  -22.8  444.0    6.9  215.0   73.0  444.0
2018  75  3 16 0300  -24.1  444.0    8.2  227.0   67.8  444.0
2018  75  3 16 0600  -22.0  444.0    8.3  227.0   69.6  444.0
2018  75  3 16 0900  -24.4  444.0    8.8  216.0   69.0  444.0
2018  75  3 16 1200  -23.4  444.0    7.1  222.0   67.3  444.0
2018  75  3 16 1500  -24.4  444.0    7.7  220.0   69.0  444.0
2018  75  3 16 1800  -22.8  444.0    6.9  202.0   68.0  444.0
2018  75  3 16 2100  -21.4  444.0    7.2  206.0   66.0  444.0
2018  76  3 17 0000  -16.8  444.0    5.6  165.0   82.0  444.0
2018  76  3 17 0300  -16.7  444.0   10.1  165.0   82.0  444.0
2018  76  3 17 0600  -15.2  444.0   13.9  158.0   84.1  444.0
2018  76  3 17 0900  -15.7  444.0   12.8  167.0   84.0  444.0
2018  76  3 17 1200  -13.5  444.0    9.8  182.0   87.0  444.0
2018  76  3 17 1500  -13.2  444.0    8.0  197.0   87.0  444.0
2018  76  3 17 1800  -13.3  444.0    7.7  234.0   86.0  444.0
2018  76  3 17 2100  -14.1  444.0    7.0  246.0   84.0  444.0
2018  77  3 18 0000  -12.6  444.0    9.0  287.0   84.0  444.0
2018  77  3 18 0300  -12.1  444.0    5.1  258.0   85.0  444.0
2018  77  3 18 0600  -10.3  444.0    9.6  270.0   90.0  444.0
2018  77  3 18 0900  -10.6  444.0    8.9  276.0   89.4  444.0
2018  77  3 18 1200  -12.2  444.0    9.6  274.0   87.0  444.0
2018  77  3 18 1500  -17.8  444.0    8.2  269.0   84.0  444.0
2018  77  3 18 1800  -16.8  444.0    7.2  282.0   84.0  444.0
2018  77  3 18 2100  -21.2  444.0    7.2  273.0   75.0  444.0
2018  78  3 19 0000  -22.6  444.0    5.8  252.0   72.0  444.0
2018  78  3 19 0300  -22.8  444.0    3.8  264.0   72.7  444.0
2018  78  3 19 0600  -23.7  444.0    3.5  215.0   79.7  444.0
2018  78  3 19 0900  -25.8  444.0    2.1  242.0   77.0  444.0
2018  78  3 19 1200  -22.8  444.0    1.4  239.0   79.0  444.0
2018  78  3 19 1500  -22.4  444.0    2.9  233.0   79.0  444.0
2018  78  3 19 1800  -20.7  444.0    3.1  146.0   81.0  444.0
2018  78  3 19 2100  -19.2  444.0    4.6  122.0   80.7  444.0
2018  79  3 20 0000  -18.2  444.0    1.3  180.0   80.0  444.0
2018  79  3 20 0300  -19.6  444.0    3.7  188.0   76.0  444.0
2018  79  3 20 0600  -22.1  444.0    3.1  160.0   79.4  444.0
2018  79  3 20 0900  -24.2  444.0    2.3  148.0   77.8  444.0
2018  79  3 20 1200  -25.0  444.0    2.7  135.0   77.0  444.0
2018  79  3 20 1500  -26.6  444.0    3.5  149.0   76.0  444.0
2018  79  3 20 1800  -27.7  444.0    4.0  174.0   75.0  444.0
2018  79  3 20 2100  -25.9  444.0    4.5  162.0   76.0  444.0
2018  80  3 21 0000  -23.4  444.0    2.5  162.0   77.1  444.0
2018  80  3 21 0300  -22.4  444.0    0.9  241.0   78.0  444.0
2018  80  3 21 0600  -21.4  444.0    2.2  257.0   80.0  444.0
2018  80  3 21 0900  -20.6  444.0    2.4  250.0   81.0  444.0
2018  80  3 21 1200  -27.4  444.0    2.5  258.0   75.9  444.0
2018  80  3 21 1500  -25.0  444.0    1.1  242.0   77.0  444.0
2018  80  3 21 1800  -24.0  444.0    2.3  172.0   78.0  444.0
2018  80  3 21 2100  -26.1  444.0    3.1  204.0   76.0  444.0
2018  81  3 22 0000  -29.9  444.0    4.6  186.0   70.0  444.0
2018  81  3 22 0300  -30.4  444.0    4.3  232.0   68.9  444.0
2018  81  3 22 0600  -30.8  444.0    6.5  238.0   72.0  444.0
2018  81  3 22 0900  -28.8  444.0    9.8  234.0   74.0  444.0
2018  81  3 22 1200  -29.2  444.0    8.4  229.0   74.0  444.0
2018  81  3 22 1500  -33.1  444.0    4.9  237.0   71.4  444.0
2018  81  3 22 1800  -37.5  444.0    3.3  192.0   69.0  444.0
2018  81  3 22 2100  -38.3  444.0    3.0  194.0   65.5  444.0
2018  82  3 23 0000  -38.1  444.0    3.1  195.0   63.0  444.0
2018  82  3 23 0300  -38.3  444.0    3.2  181.0   64.0  444.0
2018  82  3 23 0600  -37.6  444.0    4.2  193.0   68.0  444.0
2018  82  3 23 0900  -35.5  444.0    6.2  201.0   69.3  444.0
2018  82  3 23 1200  -35.0  444.0    6.1  206.0   70.0  444.0
2018  82  3 23 1500  -32.1  444.0    6.9  203.0   72.0  444.0
2018  82  3 23 1800  -31.9  444.0    6.3  203.0   71.8  444.0
2018  82  3 23 2100  -28.7  444.0    4.6  189.0   71.0  444.0
2018  83  3 24 0000  -27.9  444.0    7.3  184.0   69.0  444.0
2018  83  3 24 0300  -26.7  444.0    5.9  205.0   72.0  444.0
2018  83  3 24 0600  -18.2  444.0   15.0  170.0   80.8  444.0
2018  83  3 24 0900  -23.2  444.0   10.2  175.0   78.0  444.0
2018  83  3 24 1200  -27.3  444.0   10.3  147.0   75.0  444.0
2018  83  3 24 1500  -29.3  444.0    8.2  167.0   73.8  444.0
2018  83  3 24 1800  -31.1  444.0    8.4  171.0   73.0  444.0
2018  83  3 24 2100  -30.9  444.0    9.2  157.0   71.0  444.0
2018  84  3 25 0000  -26.6  444.0    8.2  168.0   71.0  444.0
2018  84  3 25 0300  -27.4  444.0    6.9  174.0   72.5  444.0
2018  84  3 25 0600  -26.4  444.0    7.1  198.0   75.0  444.0
2018  84  3 25 0900  -23.9  444.0    8.8  185.0   78.0  444.0
2018  84  3 25 1200  -24.3  444.0    8.6  187.0   77.0  444.0
2018  84  3 25 1500  -23.7  444.0    8.1  195.0   78.0  444.0
2018  84  3 25 1800  -25.3  444.0    7.5  188.0   76.6  444.0
2018  84  3 25 2100  -26.3  444.0    6.6  183.0   73.0  444.0
2018  85  3 26 0000  -28.1  444.0    4.7  168.0   70.8  444.0
2018  85  3 26 0300  -29.9  444.0    5.7  220.0   71.0  444.0
2018  85  3 26 0600  -32.0  444.0    4.4  203.0   72.0  444.0
2018  85  3 26 0900  -32.9  444.0    4.7  203.0   71.0  444.0
2018  85  3 26 1200  -32.2  444.0    5.2  216.0   72.0  444.0
2018  85  3 26 1500  -29.3  444.0    4.8  212.0   74.0  444.0
2018  85  3 26 1800  -28.6  444.0    7.8  186.0   74.1  444.0
2018  85  3 26 2100  -26.4  444.0    8.4  197.0   73.3  444.0
2018  86  3 27 0000  -25.7  444.0    8.4  191.0   72.0  444.0
2018  86  3 27 0300  -25.1  444.0    7.8  190.0   74.0  444.0
2018  86  3 27 0600  -25.6  444.0    7.5  207.0   76.3  444.0
2018  86  3 27 0900  -25.8  444.0    7.7  204.0   76.3  444.0
2018  86  3 27 1200  -26.0  444.0    8.5  207.0   77.0  444.0
2018  86  3 27 1500  -24.8  444.0    7.2  201.0   77.0  444.0
2018  86  3 27 1800  -26.6  444.0    5.7  228.0   75.0  444.0
2018  86  3 27 2100  -26.0  444.0    7.5  213.0   73.5  444.0
2018  87  3 28 0000  -25.6  444.0    7.5  206.0   73.0  444.0
2018  87  3 28 0300  -25.0  444.0    7.8  213.0   73.0  444.0
2018  87  3 28 0600  -25.6  444.0    5.8  209.0   76.0  444.0
2018  87  3 28 0900  -24.6  444.0    7.9  202.0   76.3  444.0
2018  87  3 28 1200  -26.4  444.0    8.1  205.0   73.9  444.0
2018  87  3 28 1500  -28.4  444.0    7.2  226.0   71.0  444.0
2018  87  3 28 1800  -29.6  444.0    7.2  228.0   70.0  444.0
2018  87  3 28 2100  -29.8  444.0    7.5  215.0   69.0  444.0
2018  88  3 29 0000  -28.1  444.0    7.4  205.0   68.2  444.0
2018  88  3 29 0300  -25.9  444.0    8.8  205.0   69.0  444.0
2018  88  3 29 0600  -26.5  444.0    8.1  204.0   72.0  444.0
2018  88  3 29 0900  -26.5  444.0    7.1  209.0   75.0  444.0
2018  88  3 29 1200  -27.9  444.0    5.8  203.0   74.0  444.0
2018  88  3 29 1500  -29.0  444.0    5.0  195.0   74.0  444.0
2018  88  3 29 1800  -30.3  444.0    4.7  201.0   73.0  444.0
2018  88  3 29 2100  -28.7  444.0    6.0  204.0   72.0  444.0
2018  89  3 30 0000  -27.3  444.0    7.5  198.0   71.0  444.0
2018  89  3 30 0300  -25.2  444.0    6.9  186.0   72.0  444.0
2018  89  3 30 0600  -26.5  444.0    6.4  182.0   75.2  444.0
2018  89  3 30 0900  -26.7  444.0    7.1  196.0   75.0  444.0
2018  89  3 30 1200  -27.3  444.0    5.1  207.0   72.0  444.0
2018  89  3 30 1500  -26.7  444.0    6.6  201.0   72.0  444.0
2018  89  3 30 1800  -26.7  444.0    6.6  212.0   72.0  444.0
2018  89  3 30 2100  -24.3  444.0    8.1  205.0   70.0  444.0
2018  90  3 31 0000  -23.0  444.0    7.5  198.0   70.8  444.0
2018  90  3 31 0300  -24.9  444.0    6.8  202.0   74.7  444.0
2018  90  3 31 0600  -25.4  444.0    6.6  185.0   77.0  444.0
2018  90  3 31 0900  -27.6  444.0    3.9  175.0   75.0  444.0
2018  90  3 31 1200  -30.4  444.0    4.6  197.0   73.2  444.0
2018  90  3 31 1500  -32.7  444.0    4.1  185.0   72.0  444.0
2018  90  3 31 1800  -33.5  444.0    3.5  216.0   71.0  444.0
2018  90  3 31 2100  -33.6  444.0    3.4  219.0   68.9  444.0
