Year: 2018  Month: 03  ID: HRY  ARGOS:  8900  Name: Harry               
Lat: 83.01S  Lon: 121.40W  Elev:  945m
2018  60  3  1 0000  -15.7  444.0    5.3   40.0  444.0  444.0
2018  60  3  1 0300  -18.0  444.0    2.4   30.0  444.0  444.0
2018  60  3  1 0600  -20.1  444.0    2.7   23.0  444.0  444.0
2018  60  3  1 0900  -21.3  444.0    2.4   36.0  444.0  444.0
2018  60  3  1 1200  -20.7  444.0    2.8   42.0  444.0  444.0
2018  60  3  1 1500  -21.1  444.0    1.6   21.0  444.0  444.0
2018  60  3  1 1800  -20.2  444.0    3.5   44.0  444.0  444.0
2018  60  3  1 2100  -19.9  444.0    3.1   37.0  444.0  444.0
2018  61  3  2 0000  -19.1  444.0    4.7   56.0  444.0  444.0
2018  61  3  2 0300  -19.3  444.0    5.3   55.0  444.0  444.0
2018  61  3  2 0600  -19.6  444.0    6.2   60.0  444.0  444.0
2018  61  3  2 0900  -20.0  444.0    6.7   57.0  444.0  444.0
2018  61  3  2 1200  -20.4  444.0    7.9   42.0  444.0  444.0
2018  61  3  2 1500  -21.0  444.0    8.9   38.0  444.0  444.0
2018  61  3  2 1800  -20.4  444.0    9.4   46.0  444.0  444.0
2018  61  3  2 2100  -21.6  444.0    9.7   60.0  444.0  444.0
2018  62  3  3 0000  -21.7  444.0   10.1   61.0  444.0  444.0
2018  62  3  3 0300  -22.9  444.0   10.6   63.0  444.0  444.0
2018  62  3  3 0600  -23.4  444.0   10.9   58.0  444.0  444.0
2018  62  3  3 0900  -20.5  444.0   12.1   44.0  444.0  444.0
2018  62  3  3 1200  -18.6  444.0   12.6   33.0  444.0  444.0
2018  62  3  3 1500  -19.5  444.0   11.9   19.0  444.0  444.0
2018  62  3  3 1800  -20.3  444.0   12.9   23.0  444.0  444.0
2018  62  3  3 2100  -20.1  444.0   10.4    4.0  444.0  444.0
2018  63  3  4 0000  -17.3  444.0   13.3   20.0  444.0  444.0
2018  63  3  4 0300  -15.4  444.0   10.6   34.0  444.0  444.0
2018  63  3  4 0600  -15.2  444.0   11.4   21.0  444.0  444.0
2018  63  3  4 0900  -15.0  444.0   12.6   22.0  444.0  444.0
2018  63  3  4 1200  -15.4  444.0   11.6   16.0  444.0  444.0
2018  63  3  4 1500  -18.6  444.0    8.1   15.0  444.0  444.0
2018  63  3  4 1800  -19.4  444.0    7.3   14.0  444.0  444.0
2018  63  3  4 2100  -20.3  444.0    5.5   17.0  444.0  444.0
2018  64  3  5 0000  -20.6  444.0    4.3   16.0  444.0  444.0
2018  64  3  5 0300  -19.8  444.0    4.4   73.0  444.0  444.0
2018  64  3  5 0600  -19.9  444.0    3.3   42.0  444.0  444.0
2018  64  3  5 0900  -21.8  444.0    2.6    6.0  444.0  444.0
2018  64  3  5 1200  -22.4  444.0    1.8    1.0  444.0  444.0
2018  64  3  5 1500  -23.5  444.0    1.9   34.0  444.0  444.0
2018  64  3  5 1800  -23.0  444.0    1.5  344.0  444.0  444.0
2018  64  3  5 2100  -24.5  444.0    0.8  357.0  444.0  444.0
2018  65  3  6 0000  -24.2  444.0    2.8   18.0  444.0  444.0
2018  65  3  6 0300  -24.1  444.0    2.1   10.0  444.0  444.0
2018  65  3  6 0600  -23.8  444.0    3.7   15.0  444.0  444.0
2018  65  3  6 0900  -23.9  444.0    3.0   24.0  444.0  444.0
2018  65  3  6 1200  -26.3  444.0    5.7   38.0  444.0  444.0
2018  65  3  6 1500  -26.5  444.0    5.3   44.0  444.0  444.0
2018  65  3  6 1800  -23.9  444.0    6.3   62.0  444.0  444.0
2018  65  3  6 2100  -24.6  444.0    7.3   65.0  444.0  444.0
2018  66  3  7 0000  -23.6  444.0    8.4   73.0  444.0  444.0
2018  66  3  7 0300  -22.2  444.0   10.1   64.0  444.0  444.0
2018  66  3  7 0600  -18.6  444.0   11.4   57.0  444.0  444.0
2018  66  3  7 0900  -21.9  444.0   11.6   44.0  444.0  444.0
2018  66  3  7 1200  -23.3  444.0   11.4   43.0  444.0  444.0
2018  66  3  7 1500  -19.7  444.0   11.6   39.0  444.0  444.0
2018  66  3  7 1800  -15.8  444.0   11.2   29.0  444.0  444.0
2018  66  3  7 2100  -16.9  444.0   13.9   30.0  444.0  444.0
2018  67  3  8 0000  -17.7  444.0   13.7   36.0  444.0  444.0
2018  67  3  8 0300  -18.0  444.0   12.1   33.0  444.0  444.0
2018  67  3  8 0600  -18.5  444.0   14.1   35.0  444.0  444.0
2018  67  3  8 0900  -19.4  444.0   14.2   33.0  444.0  444.0
2018  67  3  8 1200  -20.1  444.0   14.4   36.0  444.0  444.0
2018  67  3  8 1500  -20.5  444.0   13.9   37.0  444.0  444.0
2018  67  3  8 1800  -21.1  444.0   14.4   37.0  444.0  444.0
2018  67  3  8 2100  -21.1  444.0   13.2   39.0  444.0  444.0
2018  68  3  9 0000  -21.3  444.0   12.0   36.0  444.0  444.0
2018  68  3  9 0300  -22.5  444.0   12.3   46.0  444.0  444.0
2018  68  3  9 0600  -23.6  444.0   12.1   48.0  444.0  444.0
2018  68  3  9 0900  -24.2  444.0    9.9   51.0  444.0  444.0
2018  68  3  9 1200  -23.0  444.0   11.2   36.0  444.0  444.0
2018  68  3  9 1500  -23.2  444.0   11.4   36.0  444.0  444.0
2018  68  3  9 1800  -22.9  444.0   12.1   33.0  444.0  444.0
2018  68  3  9 2100  -22.4  444.0   12.2   38.0  444.0  444.0
2018  69  3 10 0000  -23.8  444.0   10.4   50.0  444.0  444.0
2018  69  3 10 0300  -25.4  444.0   12.6   55.0  444.0  444.0
2018  69  3 10 0600  -26.8  444.0   13.5   55.0  444.0  444.0
2018  69  3 10 0900  -26.8  444.0   14.0   56.0  444.0  444.0
2018  69  3 10 1200  -26.6  444.0   15.5   53.0  444.0  444.0
2018  69  3 10 1500  -25.7  444.0   12.5   53.0  444.0  444.0
2018  69  3 10 1800  -23.9  444.0   13.6   52.0  444.0  444.0
2018  69  3 10 2100  -21.9  444.0   12.9   57.0  444.0  444.0
2018  70  3 11 0000  -21.0  444.0   14.2   48.0  444.0  444.0
2018  70  3 11 0300  -20.0  444.0   11.4   60.0  444.0  444.0
2018  70  3 11 0600  -19.4  444.0   13.3   54.0  444.0  444.0
2018  70  3 11 0900  -19.4  444.0   13.8   55.0  444.0  444.0
2018  70  3 11 1200  -18.2  444.0   14.4   55.0  444.0  444.0
2018  70  3 11 1500  -17.3  444.0   16.5   58.0  444.0  444.0
2018  70  3 11 1800  -17.0  444.0   16.8   56.0  444.0  444.0
2018  70  3 11 2100  -16.2  444.0   20.1   54.0  444.0  444.0
2018  71  3 12 0000  -17.3  444.0   18.2   62.0  444.0  444.0
2018  71  3 12 0300  -17.9  444.0   14.3   58.0  444.0  444.0
2018  71  3 12 0600  -19.1  444.0   14.2   56.0  444.0  444.0
2018  71  3 12 0900  -19.5  444.0   14.6   57.0  444.0  444.0
2018  71  3 12 1200  -21.1  444.0   15.7   59.0  444.0  444.0
2018  71  3 12 1500  -21.6  444.0   15.5   54.0  444.0  444.0
2018  71  3 12 1800  -23.3  444.0   14.7   53.0  444.0  444.0
2018  71  3 12 2100  -23.3  444.0   12.8   50.0  444.0  444.0
2018  72  3 13 0000  -22.9  444.0   13.8   54.0  444.0  444.0
2018  72  3 13 0300  -23.5  444.0   13.5   52.0  444.0  444.0
2018  72  3 13 0600  -24.2  444.0   13.4   57.0  444.0  444.0
2018  72  3 13 0900  -25.9  444.0   14.3   59.0  444.0  444.0
2018  72  3 13 1200  -26.9  444.0   13.3   52.0  444.0  444.0
2018  72  3 13 1500  -26.8  444.0   13.1   56.0  444.0  444.0
2018  72  3 13 1800  -25.8  444.0   14.0   61.0  444.0  444.0
2018  72  3 13 2100  -23.5  444.0   13.0   47.0  444.0  444.0
2018  73  3 14 0000  -23.5  444.0   12.6   43.0  444.0  444.0
2018  73  3 14 0300  -24.3  444.0   13.3   48.0  444.0  444.0
2018  73  3 14 0600  -24.8  444.0   12.1   51.0  444.0  444.0
2018  73  3 14 0900  -25.0  444.0   13.0   52.0  444.0  444.0
2018  73  3 14 1200  -26.5  444.0   11.2   45.0  444.0  444.0
2018  73  3 14 1500  -29.0  444.0   11.0   52.0  444.0  444.0
2018  73  3 14 1800  -28.9  444.0   11.1   47.0  444.0  444.0
2018  73  3 14 2100  -27.7  444.0   11.4   47.0  444.0  444.0
2018  74  3 15 0000  -26.4  444.0   11.4   50.0  444.0  444.0
2018  74  3 15 0300  -25.0  444.0   14.2   56.0  444.0  444.0
2018  74  3 15 0600  -24.3  444.0   15.0   53.0  444.0  444.0
2018  74  3 15 0900  -21.0  444.0   15.7   53.0  444.0  444.0
2018  74  3 15 1200  -16.9  444.0   14.8   38.0  444.0  444.0
2018  74  3 15 1500  -16.8  444.0   14.5   29.0  444.0  444.0
2018  74  3 15 1800  -16.1  444.0   14.5   31.0  444.0  444.0
2018  74  3 15 2100  -15.5  444.0   14.2   27.0  444.0  444.0
2018  75  3 16 0000  -14.8  444.0   12.2   36.0  444.0  444.0
2018  75  3 16 0300  -14.2  444.0   13.2   38.0  444.0  444.0
2018  75  3 16 0600  -14.9  444.0   12.2   33.0  444.0  444.0
2018  75  3 16 0900  -15.0  444.0    9.9   45.0  444.0  444.0
2018  75  3 16 1200  -13.6  444.0    8.3   30.0  444.0  444.0
2018  75  3 16 1500  -14.0  444.0    8.8   37.0  444.0  444.0
2018  75  3 16 1800  -13.2  444.0    7.7    5.0  444.0  444.0
2018  75  3 16 2100  -18.3  444.0    7.4    1.0  444.0  444.0
2018  76  3 17 0000  -19.6  444.0    7.5   36.0  444.0  444.0
2018  76  3 17 0300  -17.3  444.0   13.2   44.0  444.0  444.0
2018  76  3 17 0600  -16.1  444.0   18.8   44.0  444.0  444.0
2018  76  3 17 0900  -13.2  444.0   18.5   32.0  444.0  444.0
2018  76  3 17 1200   -8.3  444.0   11.1    5.0  444.0  444.0
2018  76  3 17 1500   -8.7  444.0    8.4  349.0  444.0  444.0
2018  76  3 17 1800   -9.9  444.0    8.1  345.0  444.0  444.0
2018  76  3 17 2100  -11.4  444.0    9.5  343.0  444.0  444.0
2018  77  3 18 0000  -12.2  444.0    6.0    9.0  444.0  444.0
2018  77  3 18 0300  -12.3  444.0    4.7   28.0  444.0  444.0
2018  77  3 18 0600  -13.0  444.0    3.6  347.0  444.0  444.0
2018  77  3 18 0900  -16.1  444.0    3.9  306.0  444.0  444.0
2018  77  3 18 1200  -19.5  444.0    5.6  283.0  444.0  444.0
2018  77  3 18 1500  -21.7  444.0    2.3   26.0  444.0  444.0
2018  77  3 18 1800  -21.1  444.0    0.8  343.0  444.0  444.0
2018  77  3 18 2100  -20.7  444.0    1.8  348.0  444.0  444.0
2018  78  3 19 0000  -20.2  444.0    0.4   38.0  444.0  444.0
2018  78  3 19 0300  -20.3  444.0    0.1  135.0  444.0  444.0
2018  78  3 19 0600  -20.2  444.0    0.2   72.0  444.0  444.0
2018  78  3 19 0900  -21.1  444.0    1.3  352.0  444.0  444.0
2018  78  3 19 1200  -20.5  444.0    2.0  240.0  444.0  444.0
2018  78  3 19 1500  -24.4  444.0    3.7  220.0  444.0  444.0
2018  78  3 19 1800  -27.6  444.0    1.2  270.0  444.0  444.0
2018  78  3 19 2100  -25.0  444.0    4.0  253.0  444.0  444.0
2018  79  3 20 0000  -25.4  444.0    4.0  243.0  444.0  444.0
2018  79  3 20 0300  -26.7  444.0    2.7  273.0  444.0  444.0
2018  79  3 20 0600  -26.8  444.0    1.9  329.0  444.0  444.0
2018  79  3 20 0900  -27.8  444.0    1.9  342.0  444.0  444.0
2018  79  3 20 1200  -27.1  444.0    2.7  356.0  444.0  444.0
2018  79  3 20 1500  -26.4  444.0    1.9   27.0  444.0  444.0
2018  79  3 20 1800  -25.8  444.0    3.4  357.0  444.0  444.0
2018  79  3 20 2100  -25.4  444.0    5.5  335.0  444.0  444.0
2018  80  3 21 0000  -22.4  444.0    4.9    4.0  444.0  444.0
2018  80  3 21 0300  -22.5  444.0    4.6   47.0  444.0  444.0
2018  80  3 21 0600  -29.2  444.0    6.4   60.0  444.0  444.0
2018  80  3 21 0900  -32.8  444.0   11.2   58.0  444.0  444.0
2018  80  3 21 1200  -31.5  444.0   12.6   54.0  444.0  444.0
2018  80  3 21 1500  -30.7  444.0   12.5   54.0  444.0  444.0
2018  80  3 21 1800  -28.3  444.0   12.7   48.0  444.0  444.0
2018  80  3 21 2100  -25.1  444.0   11.6   47.0  444.0  444.0
2018  81  3 22 0000  -24.2  444.0    8.7   61.0  444.0  444.0
2018  81  3 22 0300  -24.3  444.0    8.9   64.0  444.0  444.0
2018  81  3 22 0600  -25.5  444.0    4.4   56.0  444.0  444.0
2018  81  3 22 0900  -24.0  444.0    4.8   36.0  444.0  444.0
2018  81  3 22 1200  -26.7  444.0    5.9   73.0  444.0  444.0
2018  81  3 22 1500  -27.1  444.0    7.9   69.0  444.0  444.0
2018  81  3 22 1800  -28.0  444.0    7.1   82.0  444.0  444.0
2018  81  3 22 2100  -26.8  444.0    8.3   57.0  444.0  444.0
2018  82  3 23 0000  -24.6  444.0    3.6   63.0  444.0  444.0
2018  82  3 23 0300  -25.5  444.0    6.9   54.0  444.0  444.0
2018  82  3 23 0600  -23.9  444.0    9.8   80.0  444.0  444.0
2018  82  3 23 0900  -21.4  444.0    5.5   61.0  444.0  444.0
2018  82  3 23 1200  -19.9  444.0    5.5   61.0  444.0  444.0
2018  82  3 23 1500  -15.0  444.0   12.0   90.0  444.0  444.0
2018  82  3 23 1800  -17.2  444.0   12.9   75.0  444.0  444.0
2018  82  3 23 2100  -22.4  444.0   14.6   60.0  444.0  444.0
2018  83  3 24 0000  -20.6  444.0   11.7   75.0  444.0  444.0
2018  83  3 24 0300  -19.1  444.0    8.9   46.0  444.0  444.0
2018  83  3 24 0600  -15.6  444.0    9.6   59.0  444.0  444.0
2018  83  3 24 0900  -17.4  444.0    6.7   51.0  444.0  444.0
2018  83  3 24 1200  -15.5  444.0    9.6   63.0  444.0  444.0
2018  83  3 24 1500  -16.7  444.0   11.5   66.0  444.0  444.0
2018  83  3 24 1800  -18.6  444.0   12.0   82.0  444.0  444.0
2018  83  3 24 2100  -17.4  444.0   10.6   69.0  444.0  444.0
2018  84  3 25 0000  -18.2  444.0   10.7   84.0  444.0  444.0
2018  84  3 25 0300  -16.8  444.0   10.2   68.0  444.0  444.0
2018  84  3 25 0600  -17.6  444.0   10.5   80.0  444.0  444.0
2018  84  3 25 0900  -18.2  444.0    9.2   68.0  444.0  444.0
2018  84  3 25 1200  -20.8  444.0   11.8   59.0  444.0  444.0
2018  84  3 25 1500  -21.0  444.0   11.0   64.0  444.0  444.0
2018  84  3 25 1800  -20.8  444.0   10.8   54.0  444.0  444.0
2018  84  3 25 2100  -22.4  444.0   12.0   53.0  444.0  444.0
2018  85  3 26 0000  -22.6  444.0   10.1   62.0  444.0  444.0
2018  85  3 26 0300  -23.9  444.0   10.6   65.0  444.0  444.0
2018  85  3 26 0600  -25.4  444.0    9.6   77.0  444.0  444.0
2018  85  3 26 0900  -22.3  444.0   11.0   74.0  444.0  444.0
2018  85  3 26 1200  -21.6  444.0   13.8   70.0  444.0  444.0
2018  85  3 26 1500  -19.7  444.0   14.0   80.0  444.0  444.0
2018  85  3 26 1800  -19.2  444.0   10.6   61.0  444.0  444.0
2018  85  3 26 2100  -19.9  444.0   16.0   81.0  444.0  444.0
2018  86  3 27 0000  -18.9  444.0   12.2   79.0  444.0  444.0
2018  86  3 27 0300  -19.4  444.0   11.3   74.0  444.0  444.0
2018  86  3 27 0600  -20.6  444.0    9.7   71.0  444.0  444.0
2018  86  3 27 0900  -20.5  444.0   10.6   84.0  444.0  444.0
2018  86  3 27 1200  -21.4  444.0   12.3   80.0  444.0  444.0
2018  86  3 27 1500  -22.1  444.0    9.6   79.0  444.0  444.0
2018  86  3 27 1800  -21.7  444.0   10.5   79.0  444.0  444.0
2018  86  3 27 2100  -19.6  444.0    8.1   85.0  444.0  444.0
2018  87  3 28 0000  -18.9  444.0    6.3   71.0  444.0  444.0
2018  87  3 28 0300  -18.5  444.0    6.0   71.0  444.0  444.0
2018  87  3 28 0600  -20.4  444.0    7.7   71.0  444.0  444.0
2018  87  3 28 0900  -21.4  444.0    7.1   88.0  444.0  444.0
2018  87  3 28 1200  -20.5  444.0    3.8   60.0  444.0  444.0
2018  87  3 28 1500  -15.4  444.0   11.1   63.0  444.0  444.0
2018  87  3 28 1800  -18.7  444.0   14.8   80.0  444.0  444.0
2018  87  3 28 2100  -18.4  444.0   13.1   82.0  444.0  444.0
2018  88  3 29 0000  -19.9  444.0    8.7   54.0  444.0  444.0
2018  88  3 29 0300  -20.4  444.0    6.1   30.0  444.0  444.0
2018  88  3 29 0600  -17.4  444.0    7.2   53.0  444.0  444.0
2018  88  3 29 0900  -16.5  444.0    6.4   32.0  444.0  444.0
2018  88  3 29 1200  -20.0  444.0    8.1   88.0  444.0  444.0
2018  88  3 29 1500  -22.0  444.0    7.9   89.0  444.0  444.0
2018  88  3 29 1800  -21.6  444.0    7.1   75.0  444.0  444.0
2018  88  3 29 2100  -18.4  444.0    8.2   84.0  444.0  444.0
2018  89  3 30 0000  -18.9  444.0    8.8   75.0  444.0  444.0
2018  89  3 30 0300  -19.3  444.0   10.8   78.0  444.0  444.0
2018  89  3 30 0600  -18.0  444.0   11.4   71.0  444.0  444.0
2018  89  3 30 0900  -15.9  444.0   14.2   80.0  444.0  444.0
2018  89  3 30 1200  -15.2  444.0   11.1   75.0  444.0  444.0
2018  89  3 30 1500  -17.2  444.0   15.6   86.0  444.0  444.0
2018  89  3 30 1800  -18.4  444.0   11.9   79.0  444.0  444.0
2018  89  3 30 2100  -17.5  444.0   10.7   83.0  444.0  444.0
2018  90  3 31 0000  -15.4  444.0   11.0   74.0  444.0  444.0
2018  90  3 31 0300  -15.8  444.0    9.5   73.0  444.0  444.0
2018  90  3 31 0600  -16.9  444.0   10.2   63.0  444.0  444.0
2018  90  3 31 0900  -20.2  444.0    8.2   76.0  444.0  444.0
2018  90  3 31 1200  -17.7  444.0    9.1   61.0  444.0  444.0
2018  90  3 31 1500  -17.5  444.0    7.0   60.0  444.0  444.0
2018  90  3 31 1800  -19.5  444.0    6.7   73.0  444.0  444.0
2018  90  3 31 2100  -21.2  444.0    5.9   63.0  444.0  444.0
