Year: 2018  Month: 12  ID: HRY  ARGOS:  8900  Name: HARRY               
Lat: 83.01S  Lon: 121.40W  Elev:  945m
2018 335 12  1 0000  -11.0  444.0   12.3   60.0  444.0  444.0
2018 335 12  1 0300  -11.2  444.0    9.8   59.0  444.0  444.0
2018 335 12  1 0600  -12.4  444.0   10.4   61.0  444.0  444.0
2018 335 12  1 0900  -12.4  444.0   10.2   62.0  444.0  444.0
2018 335 12  1 1200  -13.0  444.0   10.7   63.0  444.0  444.0
2018 335 12  1 1500  -12.4  444.0   10.4   55.0  444.0  444.0
2018 335 12  1 1800  -11.6  444.0    9.6   54.0  444.0  444.0
2018 335 12  1 2100  -10.8  444.0    9.6   48.0  444.0  444.0
2018 336 12  2 0000  -10.4  444.0    7.5   58.0  444.0  444.0
2018 336 12  2 0300  -11.5  444.0    7.5   64.0  444.0  444.0
2018 336 12  2 0600  -12.4  444.0    9.5   63.0  444.0  444.0
2018 336 12  2 0900  -13.5  444.0   10.7   61.0  444.0  444.0
2018 336 12  2 1200  -13.9  444.0   11.0   61.0  444.0  444.0
2018 336 12  2 1500  -12.8  444.0    9.6   49.0  444.0  444.0
2018 336 12  2 1800  -11.9  444.0    9.4   48.0  444.0  444.0
2018 336 12  2 2100  -11.3  444.0    7.2   54.0  444.0  444.0
2018 337 12  3 0000  -10.9  444.0    6.2   67.0  444.0  444.0
2018 337 12  3 0300  -11.0  444.0    5.2   76.0  444.0  444.0
2018 337 12  3 0600  -12.9  444.0    5.3   89.0  444.0  444.0
2018 337 12  3 0900  -13.7  444.0    5.1   74.0  444.0  444.0
2018 337 12  3 1200  -13.1  444.0    6.8   83.0  444.0  444.0
2018 337 12  3 1500  -11.9  444.0    6.0   70.0  444.0  444.0
2018 337 12  3 1800   -9.8  444.0    5.2   77.0  444.0  444.0
2018 337 12  3 2100   -8.8  444.0    3.6   81.0  444.0  444.0
2018 338 12  4 0000   -8.4  444.0    0.0  103.0  444.0  444.0
2018 338 12  4 0300   -9.9  444.0    2.2   75.0  444.0  444.0
2018 338 12  4 0600  -13.5  444.0    2.8   27.0  444.0  444.0
2018 338 12  4 0900  -15.4  444.0    4.3   46.0  444.0  444.0
2018 338 12  4 1200  -15.9  444.0    5.1   44.0  444.0  444.0
2018 338 12  4 1500  -13.7  444.0    4.3   33.0  444.0  444.0
2018 338 12  4 1800  -12.9  444.0    5.0   39.0  444.0  444.0
2018 338 12  4 2100  -12.3  444.0    4.5   38.0  444.0  444.0
2018 339 12  5 0000  -11.3  444.0    5.5   56.0  444.0  444.0
2018 339 12  5 0300  -11.0  444.0    5.6   53.0  444.0  444.0
2018 339 12  5 0600  -12.3  444.0    5.4   53.0  444.0  444.0
2018 339 12  5 0900  -13.3  444.0    7.0   34.0  444.0  444.0
2018 339 12  5 1200  -14.1  444.0    7.2   37.0  444.0  444.0
2018 339 12  5 1500  -14.0  444.0    7.6   41.0  444.0  444.0
2018 339 12  5 1800  -12.1  444.0    8.3   45.0  444.0  444.0
2018 339 12  5 2100  -10.8  444.0    8.0   44.0  444.0  444.0
2018 340 12  6 0000  -10.2  444.0    7.4   45.0  444.0  444.0
2018 340 12  6 0300  -10.6  444.0    7.3   53.0  444.0  444.0
2018 340 12  6 0600  -10.5  444.0    7.7   47.0  444.0  444.0
2018 340 12  6 0900  -10.6  444.0    9.1   44.0  444.0  444.0
2018 340 12  6 1200  -12.9  444.0    8.9   49.0  444.0  444.0
2018 340 12  6 1500  -12.8  444.0   10.3   54.0  444.0  444.0
2018 340 12  6 1800  -11.3  444.0   10.8   50.0  444.0  444.0
2018 340 12  6 2100  -10.6  444.0   10.5   44.0  444.0  444.0
2018 341 12  7 0000   -9.6  444.0    6.0   26.0  444.0  444.0
2018 341 12  7 0300  -10.4  444.0    4.9   10.0  444.0  444.0
2018 341 12  7 0600  -10.3  444.0    4.7   59.0  444.0  444.0
2018 341 12  7 0900  -13.2  444.0    5.0   60.0  444.0  444.0
2018 341 12  7 1200  -14.0  444.0    5.6   52.0  444.0  444.0
2018 341 12  7 1500  -13.1  444.0    5.4   46.0  444.0  444.0
2018 341 12  7 1800  -11.9  444.0    3.7   49.0  444.0  444.0
2018 341 12  7 2100  -11.4  444.0    2.7   42.0  444.0  444.0
2018 342 12  8 0000  -10.4  444.0    1.3   36.0  444.0  444.0
2018 342 12  8 0300  -11.5  444.0    1.6   47.0  444.0  444.0
2018 342 12  8 0600  444.0  444.0    1.1  259.0  444.0  444.0
2018 342 12  8 0900  444.0  444.0    0.5  206.0  444.0  444.0
2018 342 12  8 1200  -15.0  444.0    3.3   79.0  444.0  444.0
2018 342 12  8 1500  -14.7  444.0    3.7   48.0  444.0  444.0
2018 342 12  8 1800  -13.7  444.0    4.3   26.0  444.0  444.0
2018 342 12  8 2100  -12.5  444.0    5.3   56.0  444.0  444.0
2018 343 12  9 0000  -11.8  444.0    4.9   55.0  444.0  444.0
2018 343 12  9 0300  -12.5  444.0    3.8   53.0  444.0  444.0
2018 343 12  9 0600  -14.0  444.0    5.8   63.0  444.0  444.0
2018 343 12  9 0900  -15.7  444.0    6.1   49.0  444.0  444.0
2018 343 12  9 1200  -16.4  444.0    5.3   43.0  444.0  444.0
2018 343 12  9 1500  -15.6  444.0    7.7   42.0  444.0  444.0
2018 343 12  9 1800  -14.0  444.0    8.0   40.0  444.0  444.0
2018 343 12  9 2100  -12.3  444.0    7.8   36.0  444.0  444.0
2018 344 12 10 0000  -11.5  444.0    9.5   29.0  444.0  444.0
2018 344 12 10 0300  -11.7  444.0    9.1   30.0  444.0  444.0
2018 344 12 10 0600  -12.2  444.0   11.6   38.0  444.0  444.0
2018 344 12 10 0900  -12.7  444.0   10.0   33.0  444.0  444.0
2018 344 12 10 1200  -12.9  444.0    9.1   32.0  444.0  444.0
2018 344 12 10 1500  -13.1  444.0    9.8   41.0  444.0  444.0
2018 344 12 10 1800  -12.2  444.0    8.6   48.0  444.0  444.0
2018 344 12 10 2100  -11.5  444.0    8.1   52.0  444.0  444.0
2018 345 12 11 0000  -11.2  444.0    7.8   63.0  444.0  444.0
2018 345 12 11 0300  -10.7  444.0    7.5   56.0  444.0  444.0
2018 345 12 11 0600  -11.8  444.0    6.3   61.0  444.0  444.0
2018 345 12 11 0900  -12.4  444.0    4.7   56.0  444.0  444.0
2018 345 12 11 1200  -13.3  444.0    4.9   59.0  444.0  444.0
2018 345 12 11 1500  -13.5  444.0    3.6   65.0  444.0  444.0
2018 345 12 11 1800  -12.0  444.0    3.5   84.0  444.0  444.0
2018 345 12 11 2100  -10.8  444.0    2.4   56.0  444.0  444.0
2018 346 12 12 0000  -10.2  444.0    2.3   53.0  444.0  444.0
2018 346 12 12 0300  -11.5  444.0    2.8   91.0  444.0  444.0
2018 346 12 12 0600  -11.4  444.0    2.1   74.0  444.0  444.0
2018 346 12 12 0900  -12.8  444.0    3.8   95.0  444.0  444.0
2018 346 12 12 1200  -13.8  444.0    2.9  134.0  444.0  444.0
2018 346 12 12 1500  -10.8  444.0    7.9   51.0  444.0  444.0
2018 346 12 12 1800   -9.4  444.0    6.1   59.0  444.0  444.0
2018 346 12 12 2100   -6.8  444.0    4.1   69.0  444.0  444.0
2018 347 12 13 0000   -6.5  444.0    6.2   59.0  444.0  444.0
2018 347 12 13 0300  -10.1  444.0    2.0   46.0  444.0  444.0
2018 347 12 13 0600  -11.4  444.0    5.9   19.0  444.0  444.0
2018 347 12 13 0900  -13.1  444.0    7.6   33.0  444.0  444.0
2018 347 12 13 1200  -13.9  444.0    6.6   69.0  444.0  444.0
2018 347 12 13 1500  -12.9  444.0    6.1   72.0  444.0  444.0
2018 347 12 13 1800  -11.3  444.0    8.4   49.0  444.0  444.0
2018 347 12 13 2100  -10.5  444.0    8.8   52.0  444.0  444.0
2018 348 12 14 0000  -10.0  444.0    7.1   45.0  444.0  444.0
2018 348 12 14 0300  -10.0  444.0    6.4   61.0  444.0  444.0
2018 348 12 14 0600  -10.3  444.0    4.9   61.0  444.0  444.0
2018 348 12 14 0900  -12.5  444.0    4.0   70.0  444.0  444.0
2018 348 12 14 1200  -12.5  444.0    5.3   50.0  444.0  444.0
2018 348 12 14 1500  -11.7  444.0    5.2   50.0  444.0  444.0
2018 348 12 14 1800  -10.2  444.0    7.1   57.0  444.0  444.0
2018 348 12 14 2100   -8.9  444.0    7.1   49.0  444.0  444.0
2018 349 12 15 0000   -9.4  444.0    5.7   32.0  444.0  444.0
2018 349 12 15 0300   -9.9  444.0    5.3   35.0  444.0  444.0
2018 349 12 15 0600  -11.2  444.0    6.1   62.0  444.0  444.0
2018 349 12 15 0900  -11.6  444.0    7.2   61.0  444.0  444.0
2018 349 12 15 1200  -12.0  444.0    7.6   59.0  444.0  444.0
2018 349 12 15 1500  -11.2  444.0    6.7   61.0  444.0  444.0
2018 349 12 15 1800   -9.7  444.0    3.9   71.0  444.0  444.0
2018 349 12 15 2100   -8.3  444.0    3.5  105.0  444.0  444.0
2018 350 12 16 0000   -8.0  444.0    5.5  157.0  444.0  444.0
2018 350 12 16 0300   -7.1  444.0    8.7   59.0  444.0  444.0
2018 350 12 16 0600   -8.3  444.0   10.5   64.0  444.0  444.0
2018 350 12 16 0900   -9.0  444.0    8.6   71.0  444.0  444.0
2018 350 12 16 1200   -9.2  444.0    9.9   73.0  444.0  444.0
2018 350 12 16 1500   -9.8  444.0    8.8   74.0  444.0  444.0
2018 350 12 16 1800   -9.6  444.0   11.4   73.0  444.0  444.0
2018 350 12 16 2100   -9.5  444.0   11.4   70.0  444.0  444.0
2018 351 12 17 0000   -9.5  444.0   11.4   68.0  444.0  444.0
2018 351 12 17 0300   -9.7  444.0   11.0   69.0  444.0  444.0
2018 351 12 17 0600  -10.6  444.0   12.1   64.0  444.0  444.0
2018 351 12 17 0900  -11.7  444.0   12.3   62.0  444.0  444.0
2018 351 12 17 1200  -12.0  444.0   12.2   58.0  444.0  444.0
2018 351 12 17 1500  -11.2  444.0   10.4   55.0  444.0  444.0
2018 351 12 17 1800   -9.4  444.0    8.1   35.0  444.0  444.0
2018 351 12 17 2100   -8.8  444.0    9.1   41.0  444.0  444.0
2018 352 12 18 0000   -8.4  444.0    8.5   47.0  444.0  444.0
2018 352 12 18 0300   -8.9  444.0    8.1   45.0  444.0  444.0
2018 352 12 18 0600  -10.1  444.0    6.9   47.0  444.0  444.0
2018 352 12 18 0900  -11.5  444.0    6.8   50.0  444.0  444.0
2018 352 12 18 1200  -12.1  444.0    5.8   55.0  444.0  444.0
2018 352 12 18 1500  -11.6  444.0    6.0   53.0  444.0  444.0
2018 352 12 18 1800  -10.4  444.0    6.3   47.0  444.0  444.0
2018 352 12 18 2100   -9.5  444.0    6.4   47.0  444.0  444.0
2018 353 12 19 0000   -9.1  444.0    5.7   54.0  444.0  444.0
2018 353 12 19 0300   -9.5  444.0    5.1   60.0  444.0  444.0
2018 353 12 19 0600  -11.3  444.0    3.9   74.0  444.0  444.0
2018 353 12 19 0900  -12.4  444.0    4.3   81.0  444.0  444.0
2018 353 12 19 1200  -11.8  444.0    3.4   99.0  444.0  444.0
2018 353 12 19 1500   -9.8  444.0    3.3  161.0  444.0  444.0
2018 353 12 19 1800   -6.3  444.0    4.1  120.0  444.0  444.0
2018 353 12 19 2100   -3.8  444.0    7.8  101.0  444.0  444.0
2018 354 12 20 0000   -4.0  444.0    9.7   75.0  444.0  444.0
2018 354 12 20 0300   -4.8  444.0   11.3   76.0  444.0  444.0
2018 354 12 20 0600   -6.4  444.0   12.8   70.0  444.0  444.0
2018 354 12 20 0900   -7.6  444.0   11.6   69.0  444.0  444.0
2018 354 12 20 1200   -8.5  444.0   11.7   68.0  444.0  444.0
2018 354 12 20 1500   -7.2  444.0   10.4   63.0  444.0  444.0
2018 354 12 20 1800   -6.6  444.0    9.2   63.0  444.0  444.0
2018 354 12 20 2100   -5.6  444.0    6.8   61.0  444.0  444.0
2018 355 12 21 0000   -5.1  444.0    5.7   77.0  444.0  444.0
2018 355 12 21 0300   -5.4  444.0    5.4   79.0  444.0  444.0
2018 355 12 21 0600   -7.2  444.0    4.8   79.0  444.0  444.0
2018 355 12 21 0900   -9.0  444.0    4.5   77.0  444.0  444.0
2018 355 12 21 1200   -9.1  444.0    3.4   55.0  444.0  444.0
2018 355 12 21 1500   -8.1  444.0    1.8   66.0  444.0  444.0
2018 355 12 21 1800   -7.3  444.0    1.2  297.0  444.0  444.0
2018 355 12 21 2100   -6.8  444.0    2.3  228.0  444.0  444.0
2018 356 12 22 0000   -5.9  444.0    1.7  240.0  444.0  444.0
2018 356 12 22 0300   -7.5  444.0    3.5  228.0  444.0  444.0
2018 356 12 22 0600   -7.8  444.0    1.9  285.0  444.0  444.0
2018 356 12 22 0900   -8.4  444.0    3.3   63.0  444.0  444.0
2018 356 12 22 1200  -10.8  444.0    3.8   61.0  444.0  444.0
2018 356 12 22 1500  -11.6  444.0    5.6   66.0  444.0  444.0
2018 356 12 22 1800   -8.9  444.0    7.0   82.0  444.0  444.0
2018 356 12 22 2100   -8.4  444.0    8.4   64.0  444.0  444.0
2018 357 12 23 0000   -7.9  444.0    7.7   42.0  444.0  444.0
2018 357 12 23 0300   -7.4  444.0    9.9   55.0  444.0  444.0
2018 357 12 23 0600   -8.0  444.0    9.4   58.0  444.0  444.0
2018 357 12 23 0900   -8.6  444.0    9.3   59.0  444.0  444.0
2018 357 12 23 1200   -8.5  444.0   10.0   63.0  444.0  444.0
2018 357 12 23 1500   -9.1  444.0    8.9   58.0  444.0  444.0
2018 357 12 23 1800   -7.8  444.0    8.5   52.0  444.0  444.0
2018 357 12 23 2100   -7.3  444.0    8.6   54.0  444.0  444.0
2018 358 12 24 0000   -7.3  444.0    8.9   34.0  444.0  444.0
2018 358 12 24 0300   -7.7  444.0    6.8   51.0  444.0  444.0
2018 358 12 24 0600   -8.6  444.0    7.6   57.0  444.0  444.0
2018 358 12 24 0900   -9.3  444.0    9.4   58.0  444.0  444.0
2018 358 12 24 1200   -9.8  444.0    9.3   42.0  444.0  444.0
2018 358 12 24 1500   -9.2  444.0    7.8   57.0  444.0  444.0
2018 358 12 24 1800   -7.5  444.0    8.1   58.0  444.0  444.0
2018 358 12 24 2100   -7.3  444.0    8.3   61.0  444.0  444.0
2018 359 12 25 0000   -7.1  444.0    8.3   55.0  444.0  444.0
2018 359 12 25 0300   -7.7  444.0    8.6   28.0  444.0  444.0
2018 359 12 25 0600   -7.8  444.0    8.4   54.0  444.0  444.0
2018 359 12 25 0900   -8.7  444.0    9.4   60.0  444.0  444.0
2018 359 12 25 1200   -8.2  444.0   10.5   49.0  444.0  444.0
2018 359 12 25 1500   -7.7  444.0   10.9   46.0  444.0  444.0
2018 359 12 25 1800   -6.8  444.0   11.2   43.0  444.0  444.0
2018 359 12 25 2100   -6.2  444.0   10.4   36.0  444.0  444.0
2018 360 12 26 0000   -6.3  444.0   10.3   30.0  444.0  444.0
2018 360 12 26 0300   -6.3  444.0    8.2   42.0  444.0  444.0
2018 360 12 26 0600   -7.0  444.0    8.6   41.0  444.0  444.0
2018 360 12 26 0900   -7.7  444.0    9.0   43.0  444.0  444.0
2018 360 12 26 1200   -8.7  444.0    9.6   39.0  444.0  444.0
2018 360 12 26 1500   -7.9  444.0    9.6   32.0  444.0  444.0
2018 360 12 26 1800   -6.5  444.0   10.6   24.0  444.0  444.0
2018 360 12 26 2100   -6.5  444.0   10.0   25.0  444.0  444.0
2018 361 12 27 0000   -6.1  444.0    8.9   22.0  444.0  444.0
2018 361 12 27 0300   -6.7  444.0    6.2    9.0  444.0  444.0
2018 361 12 27 0600   -7.6  444.0    4.7   28.0  444.0  444.0
2018 361 12 27 0900   -9.2  444.0    5.0   30.0  444.0  444.0
2018 361 12 27 1200  -10.1  444.0    5.9   30.0  444.0  444.0
2018 361 12 27 1500   -9.8  444.0    6.1   33.0  444.0  444.0
2018 361 12 27 1800   -9.1  444.0    5.0   22.0  444.0  444.0
2018 361 12 27 2100   -8.6  444.0    4.7   24.0  444.0  444.0
2018 362 12 28 0000   -7.5  444.0    4.0   19.0  444.0  444.0
2018 362 12 28 0300   -7.5  444.0    2.9   32.0  444.0  444.0
2018 362 12 28 0600   -8.3  444.0    2.9   38.0  444.0  444.0
2018 362 12 28 0900   -9.2  444.0    3.6   58.0  444.0  444.0
2018 362 12 28 1200   -8.9  444.0    3.5   50.0  444.0  444.0
2018 362 12 28 1500   -7.9  444.0    3.6   41.0  444.0  444.0
2018 362 12 28 1800   -7.0  444.0    3.7   38.0  444.0  444.0
2018 362 12 28 2100   -6.1  444.0    3.5   58.0  444.0  444.0
2018 363 12 29 0000   -5.8  444.0    3.9   66.0  444.0  444.0
2018 363 12 29 0300   -6.4  444.0    4.2   71.0  444.0  444.0
2018 363 12 29 0600   -7.7  444.0    4.4   69.0  444.0  444.0
2018 363 12 29 0900   -7.4  444.0    5.2   65.0  444.0  444.0
2018 363 12 29 1200   -8.8  444.0    5.5   52.0  444.0  444.0
2018 363 12 29 1500   -9.0  444.0    7.0   50.0  444.0  444.0
2018 363 12 29 1800   -8.3  444.0    7.5   38.0  444.0  444.0
2018 363 12 29 2100   -7.3  444.0    8.3   27.0  444.0  444.0
2018 364 12 30 0000   -7.0  444.0    7.5   21.0  444.0  444.0
2018 364 12 30 0300   -7.1  444.0    6.1   23.0  444.0  444.0
2018 364 12 30 0600   -7.8  444.0    6.2   33.0  444.0  444.0
2018 364 12 30 0900   -9.2  444.0    7.1   45.0  444.0  444.0
2018 364 12 30 1200   -9.7  444.0    8.2   37.0  444.0  444.0
2018 364 12 30 1500   -9.8  444.0    8.5   38.0  444.0  444.0
2018 364 12 30 1800   -8.4  444.0    8.3   39.0  444.0  444.0
2018 364 12 30 2100   -7.9  444.0    8.3   36.0  444.0  444.0
2018 365 12 31 0000   -7.7  444.0    8.0   40.0  444.0  444.0
2018 365 12 31 0300   -7.8  444.0    6.6   22.0  444.0  444.0
2018 365 12 31 0600   -8.7  444.0    5.9   32.0  444.0  444.0
2018 365 12 31 0900   -9.5  444.0    6.2   39.0  444.0  444.0
2018 365 12 31 1200  -11.1  444.0    7.1   40.0  444.0  444.0
2018 365 12 31 1500  -10.6  444.0    8.3   32.0  444.0  444.0
2018 365 12 31 1800   -9.7  444.0    8.1   34.0  444.0  444.0
2018 365 12 31 2100   -9.2  444.0    8.0   32.0  444.0  444.0
