Year: 2018  Month: 02  ID: HRY  ARGOS:  8900  Name: Harry               
Lat: 83.01S  Lon: 121.40W  Elev:  945m
2018  32  2  1 0000  -15.3  444.0    6.6   65.0  444.0  444.0
2018  32  2  1 0300  -15.0  444.0    3.2   44.0  444.0  444.0
2018  32  2  1 0600  -15.0  444.0    6.7   38.0  444.0  444.0
2018  32  2  1 0900  -14.8  444.0    7.4   40.0  444.0  444.0
2018  32  2  1 1200  -15.4  444.0    7.3   33.0  444.0  444.0
2018  32  2  1 1500  -15.1  444.0    6.8   73.0  444.0  444.0
2018  32  2  1 1800  -13.3  444.0    4.9   15.0  444.0  444.0
2018  32  2  1 2100  -12.0  444.0    3.8   30.0  444.0  444.0
2018  33  2  2 0000  -10.7  444.0    2.2   32.0  444.0  444.0
2018  33  2  2 0300  -13.9  444.0    5.2   49.0  444.0  444.0
2018  33  2  2 0600  -13.9  444.0    7.0   43.0  444.0  444.0
2018  33  2  2 0900  -13.7  444.0    6.8   35.0  444.0  444.0
2018  33  2  2 1200  -14.5  444.0    5.1   40.0  444.0  444.0
2018  33  2  2 1500  -13.9  444.0    5.1   14.0  444.0  444.0
2018  33  2  2 1800  -13.5  444.0    3.1  359.0  444.0  444.0
2018  33  2  2 2100  -12.2  444.0    0.7   12.0  444.0  444.0
2018  34  2  3 0000  -11.6  444.0    3.2   48.0  444.0  444.0
2018  34  2  3 0300  -11.8  444.0    4.7   57.0  444.0  444.0
2018  34  2  3 0600  -11.8  444.0    5.1   61.0  444.0  444.0
2018  34  2  3 0900  -12.3  444.0    7.5   62.0  444.0  444.0
2018  34  2  3 1200  -13.1  444.0    8.4   45.0  444.0  444.0
2018  34  2  3 1500  -14.4  444.0   10.4   29.0  444.0  444.0
2018  34  2  3 1800  -14.6  444.0    9.0   42.0  444.0  444.0
2018  34  2  3 2100  -12.8  444.0   10.5   44.0  444.0  444.0
2018  35  2  4 0000  -12.8  444.0   11.1   43.0  444.0  444.0
2018  35  2  4 0300  -13.6  444.0   10.1   45.0  444.0  444.0
2018  35  2  4 0600  -15.2  444.0   10.8   52.0  444.0  444.0
2018  35  2  4 0900  -16.4  444.0    9.5   50.0  444.0  444.0
2018  35  2  4 1200  -16.2  444.0    8.9   56.0  444.0  444.0
2018  35  2  4 1500  -15.2  444.0   10.0   53.0  444.0  444.0
2018  35  2  4 1800  -14.0  444.0    9.4   46.0  444.0  444.0
2018  35  2  4 2100  -12.6  444.0    9.3   42.0  444.0  444.0
2018  36  2  5 0000  -12.2  444.0    8.9   44.0  444.0  444.0
2018  36  2  5 0300  -12.4  444.0    9.5   44.0  444.0  444.0
2018  36  2  5 0600  -13.6  444.0   10.2   43.0  444.0  444.0
2018  36  2  5 0900  -14.3  444.0    8.4   39.0  444.0  444.0
2018  36  2  5 1200  -15.5  444.0    7.4   28.0  444.0  444.0
2018  36  2  5 1500  -16.3  444.0    5.3   27.0  444.0  444.0
2018  36  2  5 1800  -14.2  444.0    7.1   28.0  444.0  444.0
2018  36  2  5 2100  -13.5  444.0    7.0   28.0  444.0  444.0
2018  37  2  6 0000  -12.8  444.0    7.0   30.0  444.0  444.0
2018  37  2  6 0300  -13.9  444.0    7.2   31.0  444.0  444.0
2018  37  2  6 0600  -15.2  444.0    7.2   34.0  444.0  444.0
2018  37  2  6 0900  -16.2  444.0    7.1   42.0  444.0  444.0
2018  37  2  6 1200  -15.0  444.0    9.7   36.0  444.0  444.0
2018  37  2  6 1500  -15.7  444.0   10.7   41.0  444.0  444.0
2018  37  2  6 1800  -14.6  444.0   10.4   32.0  444.0  444.0
2018  37  2  6 2100  -13.4  444.0    9.5   40.0  444.0  444.0
2018  38  2  7 0000  -12.4  444.0   10.8   41.0  444.0  444.0
2018  38  2  7 0300  -13.3  444.0    8.6   48.0  444.0  444.0
2018  38  2  7 0600  -15.3  444.0   10.8   51.0  444.0  444.0
2018  38  2  7 0900  -16.4  444.0   12.8   52.0  444.0  444.0
2018  38  2  7 1200  -16.4  444.0   13.8   43.0  444.0  444.0
2018  38  2  7 1500  -14.2  444.0   12.1   42.0  444.0  444.0
2018  38  2  7 1800  -13.0  444.0   11.1   38.0  444.0  444.0
2018  38  2  7 2100  -12.3  444.0   10.1   40.0  444.0  444.0
2018  39  2  8 0000  -11.5  444.0    9.3   39.0  444.0  444.0
2018  39  2  8 0300  -11.1  444.0    8.7   32.0  444.0  444.0
2018  39  2  8 0600  -12.4  444.0   10.4   38.0  444.0  444.0
2018  39  2  8 0900  -15.5  444.0   10.9   45.0  444.0  444.0
2018  39  2  8 1200  -15.8  444.0   11.7   50.0  444.0  444.0
2018  39  2  8 1500  -14.4  444.0   13.6   43.0  444.0  444.0
2018  39  2  8 1800  -12.5  444.0   15.2   47.0  444.0  444.0
2018  39  2  8 2100   -9.8  444.0   11.4   27.0  444.0  444.0
2018  40  2  9 0000  -10.4  444.0   13.2   18.0  444.0  444.0
2018  40  2  9 0300  -11.2  444.0   13.4   28.0  444.0  444.0
2018  40  2  9 0600  -12.8  444.0   12.8   34.0  444.0  444.0
2018  40  2  9 0900  -12.7  444.0   12.3   30.0  444.0  444.0
2018  40  2  9 1200  -12.3  444.0   12.6   41.0  444.0  444.0
2018  40  2  9 1500  -12.0  444.0   10.3   36.0  444.0  444.0
2018  40  2  9 1800   -9.9  444.0    9.2   26.0  444.0  444.0
2018  40  2  9 2100   -9.0  444.0    8.7   22.0  444.0  444.0
2018  41  2 10 0000   -7.3  444.0    8.6    2.0  444.0  444.0
2018  41  2 10 0300   -8.0  444.0    7.1  330.0  444.0  444.0
2018  41  2 10 0600   -8.0  444.0    5.7  327.0  444.0  444.0
2018  41  2 10 0900  -10.4  444.0    6.9  321.0  444.0  444.0
2018  41  2 10 1200  -11.1  444.0    7.0  309.0  444.0  444.0
2018  41  2 10 1500  -11.3  444.0    6.0  338.0  444.0  444.0
2018  41  2 10 1800  -10.6  444.0    5.9  326.0  444.0  444.0
2018  41  2 10 2100  -10.8  444.0    3.8  360.0  444.0  444.0
2018  42  2 11 0000  -11.7  444.0    3.2   33.0  444.0  444.0
2018  42  2 11 0300  -11.6  444.0    5.2   28.0  444.0  444.0
2018  42  2 11 0600  -14.3  444.0    4.9   60.0  444.0  444.0
2018  42  2 11 0900  -14.8  444.0    5.3   45.0  444.0  444.0
2018  42  2 11 1200  -17.4  444.0    6.4   40.0  444.0  444.0
2018  42  2 11 1500  -15.6  444.0    4.5   35.0  444.0  444.0
2018  42  2 11 1800  -15.1  444.0    5.3   31.0  444.0  444.0
2018  42  2 11 2100  -14.6  444.0    5.9   30.0  444.0  444.0
2018  43  2 12 0000  -15.7  444.0    4.9   34.0  444.0  444.0
2018  43  2 12 0300  -16.5  444.0    4.3   45.0  444.0  444.0
2018  43  2 12 0600  -17.1  444.0    4.8   46.0  444.0  444.0
2018  43  2 12 0900  -22.4  444.0    5.3   68.0  444.0  444.0
2018  43  2 12 1200  -21.1  444.0    5.7   58.0  444.0  444.0
2018  43  2 12 1500  -20.9  444.0    5.6   48.0  444.0  444.0
2018  43  2 12 1800  -18.4  444.0    5.1   34.0  444.0  444.0
2018  43  2 12 2100  -18.8  444.0    3.9    9.0  444.0  444.0
2018  44  2 13 0000  -17.9  444.0    0.9  277.0  444.0  444.0
2018  44  2 13 0300  -17.2  444.0    3.2  236.0  444.0  444.0
2018  44  2 13 0600  -17.0  444.0    2.7  259.0  444.0  444.0
2018  44  2 13 0900  -17.0  444.0    2.0  240.0  444.0  444.0
2018  44  2 13 1200  -17.7  444.0    3.0  259.0  444.0  444.0
2018  44  2 13 1500  -18.7  444.0    3.0  252.0  444.0  444.0
2018  44  2 13 1800  -18.4  444.0    2.3  279.0  444.0  444.0
2018  44  2 13 2100  -18.2  444.0    0.6  292.0  444.0  444.0
2018  45  2 14 0000  -17.2  444.0    2.8  296.0  444.0  444.0
2018  45  2 14 0300  -17.4  444.0    2.2  268.0  444.0  444.0
2018  45  2 14 0600  -17.9  444.0    1.9   27.0  444.0  444.0
2018  45  2 14 0900  -19.1  444.0    3.0   42.0  444.0  444.0
2018  45  2 14 1200  -20.1  444.0    4.9   48.0  444.0  444.0
2018  45  2 14 1500  -20.5  444.0    3.9   40.0  444.0  444.0
2018  45  2 14 1800  -21.9  444.0    4.9   54.0  444.0  444.0
2018  45  2 14 2100  -23.3  444.0    5.6   63.0  444.0  444.0
2018  46  2 15 0000  -24.2  444.0    6.3   68.0  444.0  444.0
2018  46  2 15 0300  -25.6  444.0    6.6   68.0  444.0  444.0
2018  46  2 15 0600  -27.2  444.0    6.8   61.0  444.0  444.0
2018  46  2 15 0900  -29.1  444.0    7.2   65.0  444.0  444.0
2018  46  2 15 1200  -28.3  444.0    6.6   61.0  444.0  444.0
2018  46  2 15 1500  -26.5  444.0    7.2   48.0  444.0  444.0
2018  46  2 15 1800  -25.8  444.0    6.7   45.0  444.0  444.0
2018  46  2 15 2100  -25.7  444.0    7.1   58.0  444.0  444.0
2018  47  2 16 0000  -25.1  444.0    7.6   52.0  444.0  444.0
2018  47  2 16 0300  -26.0  444.0    7.5   59.0  444.0  444.0
2018  47  2 16 0600  -27.9  444.0    7.4   64.0  444.0  444.0
2018  47  2 16 0900  -28.8  444.0    7.8   65.0  444.0  444.0
2018  47  2 16 1200  -27.8  444.0    7.6   54.0  444.0  444.0
2018  47  2 16 1500  -24.8  444.0    9.0   63.0  444.0  444.0
2018  47  2 16 1800  -22.6  444.0    9.2   63.0  444.0  444.0
2018  47  2 16 2100  -21.1  444.0    9.7   52.0  444.0  444.0
2018  48  2 17 0000  -24.3  444.0   10.7   42.0  444.0  444.0
2018  48  2 17 0300  -25.4  444.0    8.4   31.0  444.0  444.0
2018  48  2 17 0600  -27.1  444.0    7.7   32.0  444.0  444.0
2018  48  2 17 0900  -28.0  444.0    7.5   29.0  444.0  444.0
2018  48  2 17 1200  -24.9  444.0    7.4   33.0  444.0  444.0
2018  48  2 17 1500  -24.4  444.0    8.0   25.0  444.0  444.0
2018  48  2 17 1800  -22.5  444.0    9.0   40.0  444.0  444.0
2018  48  2 17 2100  -22.7  444.0    9.8   57.0  444.0  444.0
2018  49  2 18 0000  -21.5  444.0    8.9   51.0  444.0  444.0
2018  49  2 18 0300  -21.9  444.0    6.3   19.0  444.0  444.0
2018  49  2 18 0600  -19.1  444.0    5.9   17.0  444.0  444.0
2018  49  2 18 0900  -19.1  444.0    4.5   14.0  444.0  444.0
2018  49  2 18 1200  -18.8  444.0    5.0    7.0  444.0  444.0
2018  49  2 18 1500  -18.7  444.0    4.3   10.0  444.0  444.0
2018  49  2 18 1800  -18.5  444.0    3.6  326.0  444.0  444.0
2018  49  2 18 2100  -18.1  444.0    5.1   20.0  444.0  444.0
2018  50  2 19 0000  -17.1  444.0    3.2   19.0  444.0  444.0
2018  50  2 19 0300  -23.1  444.0    3.1  352.0  444.0  444.0
2018  50  2 19 0600  -26.4  444.0    2.2   30.0  444.0  444.0
2018  50  2 19 0900  -28.8  444.0    3.5   53.0  444.0  444.0
2018  50  2 19 1200  -26.8  444.0    2.7   65.0  444.0  444.0
2018  50  2 19 1500  -28.8  444.0    4.5   73.0  444.0  444.0
2018  50  2 19 1800  -27.3  444.0    4.7   77.0  444.0  444.0
2018  50  2 19 2100  -25.5  444.0    6.3   79.0  444.0  444.0
2018  51  2 20 0000  -21.2  444.0    4.9   45.0  444.0  444.0
2018  51  2 20 0300  -17.8  444.0    3.0   31.0  444.0  444.0
2018  51  2 20 0600  -21.2  444.0    5.8   63.0  444.0  444.0
2018  51  2 20 0900  -21.0  444.0    6.0   56.0  444.0  444.0
2018  51  2 20 1200  -23.0  444.0    6.8   54.0  444.0  444.0
2018  51  2 20 1500  -21.8  444.0    5.3   63.0  444.0  444.0
2018  51  2 20 1800  -20.8  444.0    5.5   51.0  444.0  444.0
2018  51  2 20 2100  -19.6  444.0    5.3   53.0  444.0  444.0
2018  52  2 21 0000  -19.6  444.0    6.0   57.0  444.0  444.0
2018  52  2 21 0300  -18.8  444.0    6.1   63.0  444.0  444.0
2018  52  2 21 0600  -19.8  444.0    6.2   67.0  444.0  444.0
2018  52  2 21 0900  -18.5  444.0    5.5   65.0  444.0  444.0
2018  52  2 21 1200  -18.3  444.0    5.6   64.0  444.0  444.0
2018  52  2 21 1500  -17.4  444.0    5.0   69.0  444.0  444.0
2018  52  2 21 1800  -16.7  444.0    4.9   53.0  444.0  444.0
2018  52  2 21 2100  -16.1  444.0    5.3   51.0  444.0  444.0
2018  53  2 22 0000  -14.5  444.0    5.1   45.0  444.0  444.0
2018  53  2 22 0300  -13.9  444.0    5.0   40.0  444.0  444.0
2018  53  2 22 0600  -13.9  444.0    5.3   28.0  444.0  444.0
2018  53  2 22 0900  -13.2  444.0    5.0   43.0  444.0  444.0
2018  53  2 22 1200  -15.4  444.0    4.8   37.0  444.0  444.0
2018  53  2 22 1500  -16.5  444.0    5.2   44.0  444.0  444.0
2018  53  2 22 1800  -16.7  444.0    5.8   39.0  444.0  444.0
2018  53  2 22 2100  -16.4  444.0    5.2   46.0  444.0  444.0
2018  54  2 23 0000  -16.2  444.0    5.1   37.0  444.0  444.0
2018  54  2 23 0300  -16.1  444.0    5.5   37.0  444.0  444.0
2018  54  2 23 0600  -16.2  444.0    4.7   21.0  444.0  444.0
2018  54  2 23 0900  -16.2  444.0    4.0   24.0  444.0  444.0
2018  54  2 23 1200  -15.9  444.0    2.3   26.0  444.0  444.0
2018  54  2 23 1500  -15.9  444.0    2.1   33.0  444.0  444.0
2018  54  2 23 1800  -15.3  444.0    3.3    1.0  444.0  444.0
2018  54  2 23 2100  -15.3  444.0    4.6   10.0  444.0  444.0
2018  55  2 24 0000  -16.3  444.0    5.2   12.0  444.0  444.0
2018  55  2 24 0300  -17.5  444.0    5.8    8.0  444.0  444.0
2018  55  2 24 0600  -21.4  444.0    4.6   26.0  444.0  444.0
2018  55  2 24 0900  -23.4  444.0    5.8   41.0  444.0  444.0
2018  55  2 24 1200  -21.8  444.0    5.0   39.0  444.0  444.0
2018  55  2 24 1500  -22.2  444.0    4.8   40.0  444.0  444.0
2018  55  2 24 1800  -21.9  444.0    5.8   43.0  444.0  444.0
2018  55  2 24 2100  -21.6  444.0    6.3   45.0  444.0  444.0
2018  56  2 25 0000  -21.1  444.0    6.4   39.0  444.0  444.0
2018  56  2 25 0300  -22.7  444.0    6.2   52.0  444.0  444.0
2018  56  2 25 0600  -23.8  444.0    6.7   54.0  444.0  444.0
2018  56  2 25 0900  -23.7  444.0    6.9   48.0  444.0  444.0
2018  56  2 25 1200  -23.4  444.0    6.9   48.0  444.0  444.0
2018  56  2 25 1500  -21.2  444.0    7.4   41.0  444.0  444.0
2018  56  2 25 1800  -17.9  444.0    6.8   23.0  444.0  444.0
2018  56  2 25 2100  -17.4  444.0    7.3   21.0  444.0  444.0
2018  57  2 26 0000  -17.7  444.0    6.6   19.0  444.0  444.0
2018  57  2 26 0300  -17.9  444.0    4.6    8.0  444.0  444.0
2018  57  2 26 0600  -17.6  444.0    3.3   23.0  444.0  444.0
2018  57  2 26 0900  -17.5  444.0    4.7   41.0  444.0  444.0
2018  57  2 26 1200  -18.3  444.0    6.7   40.0  444.0  444.0
2018  57  2 26 1500  -17.6  444.0    8.0   41.0  444.0  444.0
2018  57  2 26 1800  -17.6  444.0    9.1   45.0  444.0  444.0
2018  57  2 26 2100  -17.0  444.0    9.0   39.0  444.0  444.0
2018  58  2 27 0000  -18.0  444.0    8.9   32.0  444.0  444.0
2018  58  2 27 0300  -17.0  444.0    8.0   32.0  444.0  444.0
2018  58  2 27 0600  -18.3  444.0    7.8   41.0  444.0  444.0
2018  58  2 27 0900  -20.1  444.0    7.7   37.0  444.0  444.0
2018  58  2 27 1200  -20.2  444.0    7.5   31.0  444.0  444.0
2018  58  2 27 1500  -18.0  444.0    6.9   35.0  444.0  444.0
2018  58  2 27 1800  -16.6  444.0    7.5   31.0  444.0  444.0
2018  58  2 27 2100  -15.6  444.0    7.3   42.0  444.0  444.0
2018  59  2 28 0000  -15.0  444.0    5.6   40.0  444.0  444.0
2018  59  2 28 0300  -14.6  444.0    5.6   30.0  444.0  444.0
2018  59  2 28 0600  -16.9  444.0    6.9   25.0  444.0  444.0
2018  59  2 28 0900  -18.3  444.0    6.3   31.0  444.0  444.0
2018  59  2 28 1200  -18.3  444.0    7.4   21.0  444.0  444.0
2018  59  2 28 1500  -17.2  444.0    4.8   18.0  444.0  444.0
2018  59  2 28 1800  -16.3  444.0    5.3   37.0  444.0  444.0
2018  59  2 28 2100  -15.8  444.0    5.6   22.0  444.0  444.0
