Year: 2018  Month: 01  ID: HRY  ARGOS:  8900  Name: Harry               
Lat: 83.01S  Lon: 121.40W  Elev:  945m
2018   1  1  1 0000   -9.7  444.0    9.3    2.0  444.0  444.0
2018   1  1  1 0300  -10.4  444.0    8.9   43.0  444.0  444.0
2018   1  1  1 0600  -11.1  444.0    8.9   38.0  444.0  444.0
2018   1  1  1 0900  -12.6  444.0    9.8   47.0  444.0  444.0
2018   1  1  1 1200  -11.9  444.0    9.8   42.0  444.0  444.0
2018   1  1  1 1500  -11.9  444.0    9.4   47.0  444.0  444.0
2018   1  1  1 1800  -10.3  444.0    8.8   31.0  444.0  444.0
2018   1  1  1 2100   -9.4  444.0    9.8   24.0  444.0  444.0
2018   2  1  2 0000  444.0  444.0  444.0  444.0  444.0  444.0
2018   2  1  2 0300  444.0  444.0  444.0  444.0  444.0  444.0
2018   2  1  2 0600  444.0  444.0  444.0  444.0  444.0  444.0
2018   2  1  2 0900  444.0  444.0  444.0  444.0  444.0  444.0
2018   2  1  2 1200  444.0  444.0  444.0  444.0  444.0  444.0
2018   2  1  2 1500  444.0  444.0  444.0  444.0  444.0  444.0
2018   2  1  2 1800  444.0  444.0  444.0  444.0  444.0  444.0
2018   2  1  2 2100  444.0  444.0  444.0  444.0  444.0  444.0
2018   3  1  3 0000   -8.6  444.0    8.3   25.0  444.0  444.0
2018   3  1  3 0300   -9.2  444.0    6.7   37.0  444.0  444.0
2018   3  1  3 0600  -10.4  444.0    6.5   37.0  444.0  444.0
2018   3  1  3 0900  -11.9  444.0    5.9   46.0  444.0  444.0
2018   3  1  3 1200  -12.6  444.0    6.4   52.0  444.0  444.0
2018   3  1  3 1500  -12.2  444.0    6.4   50.0  444.0  444.0
2018   3  1  3 1800  -11.0  444.0    5.7   38.0  444.0  444.0
2018   3  1  3 2100   -9.9  444.0    5.7   33.0  444.0  444.0
2018   4  1  4 0000   -9.1  444.0    4.4   36.0  444.0  444.0
2018   4  1  4 0300   -9.3  444.0    3.5   49.0  444.0  444.0
2018   4  1  4 0600  -10.8  444.0    3.6   48.0  444.0  444.0
2018   4  1  4 0900  -12.1  444.0    4.5   50.0  444.0  444.0
2018   4  1  4 1200  -13.0  444.0    4.8   50.0  444.0  444.0
2018   4  1  4 1500  -12.5  444.0    5.4   43.0  444.0  444.0
2018   4  1  4 1800  -11.2  444.0    6.0   42.0  444.0  444.0
2018   4  1  4 2100   -9.8  444.0    6.2   37.0  444.0  444.0
2018   5  1  5 0000   -8.9  444.0    5.6   43.0  444.0  444.0
2018   5  1  5 0300   -8.8  444.0    5.8   44.0  444.0  444.0
2018   5  1  5 0600   -9.9  444.0    6.2   51.0  444.0  444.0
2018   5  1  5 0900  -10.9  444.0    5.0   41.0  444.0  444.0
2018   5  1  5 1200  -11.8  444.0    4.6   36.0  444.0  444.0
2018   5  1  5 1500  -11.0  444.0    5.6   24.0  444.0  444.0
2018   5  1  5 1800   -9.9  444.0    5.5   21.0  444.0  444.0
2018   5  1  5 2100   -8.7  444.0    6.0   24.0  444.0  444.0
2018   6  1  6 0000   -7.9  444.0    4.6   32.0  444.0  444.0
2018   6  1  6 0300   -8.3  444.0    3.7   39.0  444.0  444.0
2018   6  1  6 0600   -9.4  444.0    4.1   58.0  444.0  444.0
2018   6  1  6 0900  -10.3  444.0    5.7   64.0  444.0  444.0
2018   6  1  6 1200  -11.4  444.0    7.7   51.0  444.0  444.0
2018   6  1  6 1500  -11.0  444.0    8.0   43.0  444.0  444.0
2018   6  1  6 1800   -9.9  444.0    8.8   43.0  444.0  444.0
2018   6  1  6 2100   -8.7  444.0    9.0   39.0  444.0  444.0
2018   7  1  7 0000   -7.6  444.0    8.2   39.0  444.0  444.0
2018   7  1  7 0300   -7.5  444.0    6.5   44.0  444.0  444.0
2018   7  1  7 0600   -8.1  444.0    7.5   45.0  444.0  444.0
2018   7  1  7 0900   -9.3  444.0    6.9   44.0  444.0  444.0
2018   7  1  7 1200   -9.8  444.0    6.5   37.0  444.0  444.0
2018   7  1  7 1500   -9.5  444.0    6.0   33.0  444.0  444.0
2018   7  1  7 1800   -8.4  444.0    5.7   35.0  444.0  444.0
2018   7  1  7 2100   -7.2  444.0    5.5   41.0  444.0  444.0
2018   8  1  8 0000   -6.5  444.0    4.1   39.0  444.0  444.0
2018   8  1  8 0300   -6.4  444.0    2.7   46.0  444.0  444.0
2018   8  1  8 0600   -7.5  444.0    2.1   42.0  444.0  444.0
2018   8  1  8 0900  444.0  444.0    0.0    0.0  444.0  444.0
2018   8  1  8 1200  -10.5  444.0    1.3  220.0  444.0  444.0
2018   8  1  8 1500  -10.8  444.0    0.8   11.0  444.0  444.0
2018   8  1  8 1800  -11.2  444.0    3.2   18.0  444.0  444.0
2018   8  1  8 2100   -9.6  444.0    3.8   25.0  444.0  444.0
2018   9  1  9 0000   -7.9  444.0    3.0   29.0  444.0  444.0
2018   9  1  9 0300   -8.9  444.0    3.4   40.0  444.0  444.0
2018   9  1  9 0600  -11.0  444.0    4.6   49.0  444.0  444.0
2018   9  1  9 0900  -12.2  444.0    5.4   43.0  444.0  444.0
2018   9  1  9 1200  -13.3  444.0    6.1   51.0  444.0  444.0
2018   9  1  9 1500  -12.4  444.0    5.5   54.0  444.0  444.0
2018   9  1  9 1800  -10.6  444.0    5.0   48.0  444.0  444.0
2018   9  1  9 2100   -9.5  444.0    5.4   36.0  444.0  444.0
2018  10  1 10 0000   -8.8  444.0    4.4   27.0  444.0  444.0
2018  10  1 10 0300   -9.3  444.0    3.2   46.0  444.0  444.0
2018  10  1 10 0600  -11.2  444.0    5.6   53.0  444.0  444.0
2018  10  1 10 0900  -12.8  444.0    6.5   64.0  444.0  444.0
2018  10  1 10 1200  -13.4  444.0    6.5   50.0  444.0  444.0
2018  10  1 10 1500  -12.4  444.0    7.0   50.0  444.0  444.0
2018  10  1 10 1800  -11.3  444.0    7.9   53.0  444.0  444.0
2018  10  1 10 2100  -10.7  444.0    8.8   52.0  444.0  444.0
2018  11  1 11 0000  -10.4  444.0    8.0   48.0  444.0  444.0
2018  11  1 11 0300  -10.8  444.0    8.4   50.0  444.0  444.0
2018  11  1 11 0600  -11.8  444.0    9.0   52.0  444.0  444.0
2018  11  1 11 0900  -13.1  444.0    8.8   53.0  444.0  444.0
2018  11  1 11 1200  -13.6  444.0    9.5   50.0  444.0  444.0
2018  11  1 11 1500  -12.7  444.0   10.3   52.0  444.0  444.0
2018  11  1 11 1800  -11.1  444.0    9.7   55.0  444.0  444.0
2018  11  1 11 2100  -10.9  444.0   11.3   42.0  444.0  444.0
2018  12  1 12 0000  -10.8  444.0   11.6   49.0  444.0  444.0
2018  12  1 12 0300  -10.9  444.0   11.9   53.0  444.0  444.0
2018  12  1 12 0600  -11.9  444.0   11.7   56.0  444.0  444.0
2018  12  1 12 0900  -11.8  444.0    9.6   52.0  444.0  444.0
2018  12  1 12 1200   -9.3  444.0    6.4   30.0  444.0  444.0
2018  12  1 12 1500   -7.9  444.0    3.7  345.0  444.0  444.0
2018  12  1 12 1800   -7.5  444.0    3.7   20.0  444.0  444.0
2018  12  1 12 2100   -6.8  444.0    4.4    5.0  444.0  444.0
2018  13  1 13 0000   -7.1  444.0    6.2   12.0  444.0  444.0
2018  13  1 13 0300   -7.2  444.0    4.4    7.0  444.0  444.0
2018  13  1 13 0600   -7.2  444.0    4.0   23.0  444.0  444.0
2018  13  1 13 0900   -7.6  444.0    3.6  300.0  444.0  444.0
2018  13  1 13 1200   -7.6  444.0    2.2   49.0  444.0  444.0
2018  13  1 13 1500   -7.3  444.0    2.9    4.0  444.0  444.0
2018  13  1 13 1800   -6.8  444.0    2.4  332.0  444.0  444.0
2018  13  1 13 2100   -7.2  444.0    3.1  331.0  444.0  444.0
2018  14  1 14 0000   -7.7  444.0    3.3   16.0  444.0  444.0
2018  14  1 14 0300   -8.1  444.0    2.6  353.0  444.0  444.0
2018  14  1 14 0600   -8.4  444.0    1.6  307.0  444.0  444.0
2018  14  1 14 0900   -8.9  444.0    1.6  282.0  444.0  444.0
2018  14  1 14 1200   -9.2  444.0    1.6  276.0  444.0  444.0
2018  14  1 14 1500   -8.7  444.0    3.1  277.0  444.0  444.0
2018  14  1 14 1800   -8.5  444.0    3.3  291.0  444.0  444.0
2018  14  1 14 2100   -8.7  444.0    4.7  235.0  444.0  444.0
2018  15  1 15 0000   -9.1  444.0    4.2  264.0  444.0  444.0
2018  15  1 15 0300   -9.6  444.0    4.8  258.0  444.0  444.0
2018  15  1 15 0600  -10.6  444.0    3.9  256.0  444.0  444.0
2018  15  1 15 0900  444.0  444.0    0.6  249.0  444.0  444.0
2018  15  1 15 1200  -11.2  444.0    1.0  334.0  444.0  444.0
2018  15  1 15 1500  -10.7  444.0    2.8  291.0  444.0  444.0
2018  15  1 15 1800   -9.9  444.0    4.1  302.0  444.0  444.0
2018  15  1 15 2100   -9.2  444.0    3.7  327.0  444.0  444.0
2018  16  1 16 0000   -8.8  444.0    3.2   18.0  444.0  444.0
2018  16  1 16 0300  -10.1  444.0    3.9    6.0  444.0  444.0
2018  16  1 16 0600  -11.1  444.0    4.8   32.0  444.0  444.0
2018  16  1 16 0900  -14.6  444.0    5.7   52.0  444.0  444.0
2018  16  1 16 1200  -12.8  444.0    5.8   50.0  444.0  444.0
2018  16  1 16 1500  -12.7  444.0    6.9   44.0  444.0  444.0
2018  16  1 16 1800  -10.7  444.0    7.7   52.0  444.0  444.0
2018  16  1 16 2100   -9.4  444.0    8.1   44.0  444.0  444.0
2018  17  1 17 0000   -8.9  444.0    9.1   48.0  444.0  444.0
2018  17  1 17 0300   -9.9  444.0   10.1   53.0  444.0  444.0
2018  17  1 17 0600  -11.4  444.0   10.4   48.0  444.0  444.0
2018  17  1 17 0900  -12.6  444.0   10.3   50.0  444.0  444.0
2018  17  1 17 1200  -12.7  444.0   10.7   49.0  444.0  444.0
2018  17  1 17 1500  -13.1  444.0   10.9   42.0  444.0  444.0
2018  17  1 17 1800  -12.4  444.0   10.2   32.0  444.0  444.0
2018  17  1 17 2100  -11.5  444.0    8.5   26.0  444.0  444.0
2018  18  1 18 0000  -10.6  444.0    8.3   21.0  444.0  444.0
2018  18  1 18 0300  -10.6  444.0    5.2   42.0  444.0  444.0
2018  18  1 18 0600  -12.1  444.0    6.7   53.0  444.0  444.0
2018  18  1 18 0900  -14.8  444.0    7.1   57.0  444.0  444.0
2018  18  1 18 1200  -15.8  444.0    8.1   55.0  444.0  444.0
2018  18  1 18 1500  -14.8  444.0    8.2   52.0  444.0  444.0
2018  18  1 18 1800  -13.9  444.0    8.9   56.0  444.0  444.0
2018  18  1 18 2100  -13.1  444.0    8.5   60.0  444.0  444.0
2018  19  1 19 0000  -10.6  444.0    9.4   55.0  444.0  444.0
2018  19  1 19 0300  -11.2  444.0    8.2   58.0  444.0  444.0
2018  19  1 19 0600  -11.9  444.0    8.7   57.0  444.0  444.0
2018  19  1 19 0900  -11.9  444.0    8.6   53.0  444.0  444.0
2018  19  1 19 1200  -11.1  444.0    9.9   50.0  444.0  444.0
2018  19  1 19 1500   -9.7  444.0    9.3   53.0  444.0  444.0
2018  19  1 19 1800   -7.6  444.0   10.8   55.0  444.0  444.0
2018  19  1 19 2100   -6.9  444.0   12.7   49.0  444.0  444.0
2018  20  1 20 0000   -6.3  444.0   13.1   40.0  444.0  444.0
2018  20  1 20 0300   -6.2  444.0    9.2   48.0  444.0  444.0
2018  20  1 20 0600   -6.2  444.0   10.3   49.0  444.0  444.0
2018  20  1 20 0900   -6.3  444.0   11.1   42.0  444.0  444.0
2018  20  1 20 1200   -7.5  444.0   12.2   33.0  444.0  444.0
2018  20  1 20 1500   -7.7  444.0   10.2   34.0  444.0  444.0
2018  20  1 20 1800   -7.5  444.0    9.2   42.0  444.0  444.0
2018  20  1 20 2100   -8.0  444.0    8.8   45.0  444.0  444.0
2018  21  1 21 0000   -8.5  444.0    7.5   55.0  444.0  444.0
2018  21  1 21 0300   -8.5  444.0    7.7   48.0  444.0  444.0
2018  21  1 21 0600   -9.8  444.0    8.0   43.0  444.0  444.0
2018  21  1 21 0900  -10.5  444.0    7.8   40.0  444.0  444.0
2018  21  1 21 1200  -12.5  444.0    7.5   51.0  444.0  444.0
2018  21  1 21 1500  -12.1  444.0    8.2   48.0  444.0  444.0
2018  21  1 21 1800  -11.0  444.0    8.0   41.0  444.0  444.0
2018  21  1 21 2100   -9.9  444.0    7.8   41.0  444.0  444.0
2018  22  1 22 0000   -9.4  444.0    7.2   49.0  444.0  444.0
2018  22  1 22 0300   -9.8  444.0    6.7   51.0  444.0  444.0
2018  22  1 22 0600  -11.1  444.0    6.9   55.0  444.0  444.0
2018  22  1 22 0900  -12.1  444.0    8.0   58.0  444.0  444.0
2018  22  1 22 1200  -12.5  444.0    8.5   51.0  444.0  444.0
2018  22  1 22 1500  -11.6  444.0    7.7   45.0  444.0  444.0
2018  22  1 22 1800  -10.2  444.0    6.3   43.0  444.0  444.0
2018  22  1 22 2100   -9.3  444.0    5.0   32.0  444.0  444.0
2018  23  1 23 0000   -8.6  444.0    3.9   28.0  444.0  444.0
2018  23  1 23 0300   -8.6  444.0    2.9   40.0  444.0  444.0
2018  23  1 23 0600   -9.7  444.0    2.9   52.0  444.0  444.0
2018  23  1 23 0900  -11.9  444.0    4.0   64.0  444.0  444.0
2018  23  1 23 1200  -12.5  444.0    4.4   56.0  444.0  444.0
2018  23  1 23 1500  -13.1  444.0    5.1   42.0  444.0  444.0
2018  23  1 23 1800  -12.7  444.0    6.0   35.0  444.0  444.0
2018  23  1 23 2100  -12.0  444.0    7.1   32.0  444.0  444.0
2018  24  1 24 0000  -11.5  444.0    5.7   26.0  444.0  444.0
2018  24  1 24 0300  -12.2  444.0    5.3   39.0  444.0  444.0
2018  24  1 24 0600  -13.5  444.0    5.8   53.0  444.0  444.0
2018  24  1 24 0900  -14.9  444.0    6.7   67.0  444.0  444.0
2018  24  1 24 1200  -16.2  444.0    7.3   66.0  444.0  444.0
2018  24  1 24 1500  -16.2  444.0    8.3   54.0  444.0  444.0
2018  24  1 24 1800  -15.0  444.0    8.3   47.0  444.0  444.0
2018  24  1 24 2100  -13.9  444.0    8.2   38.0  444.0  444.0
2018  25  1 25 0000  -13.6  444.0    7.9   40.0  444.0  444.0
2018  25  1 25 0300  -13.8  444.0    7.1   45.0  444.0  444.0
2018  25  1 25 0600  -15.0  444.0    7.3   49.0  444.0  444.0
2018  25  1 25 0900  -16.5  444.0    7.8   44.0  444.0  444.0
2018  25  1 25 1200  -14.0  444.0    7.6   37.0  444.0  444.0
2018  25  1 25 1500  -14.3  444.0   10.3   41.0  444.0  444.0
2018  25  1 25 1800  -13.8  444.0    9.6   38.0  444.0  444.0
2018  25  1 25 2100  -12.9  444.0    9.4   30.0  444.0  444.0
2018  26  1 26 0000  -12.2  444.0    9.7   32.0  444.0  444.0
2018  26  1 26 0300  -12.6  444.0    8.7   35.0  444.0  444.0
2018  26  1 26 0600  -13.8  444.0    7.1   37.0  444.0  444.0
2018  26  1 26 0900  -15.3  444.0    8.8   37.0  444.0  444.0
2018  26  1 26 1200  -16.8  444.0    9.2   29.0  444.0  444.0
2018  26  1 26 1500  -17.7  444.0    9.9   28.0  444.0  444.0
2018  26  1 26 1800  -16.7  444.0    8.9   27.0  444.0  444.0
2018  26  1 26 2100  -14.5  444.0    8.4   19.0  444.0  444.0
2018  27  1 27 0000  -13.4  444.0    6.7   23.0  444.0  444.0
2018  27  1 27 0300  -13.3  444.0    6.4   29.0  444.0  444.0
2018  27  1 27 0600  -14.3  444.0    6.9   37.0  444.0  444.0
2018  27  1 27 0900  -15.5  444.0    8.0   35.0  444.0  444.0
2018  27  1 27 1200  -14.8  444.0    9.8   31.0  444.0  444.0
2018  27  1 27 1500  -15.1  444.0   11.0   37.0  444.0  444.0
2018  27  1 27 1800  -14.6  444.0   11.9   28.0  444.0  444.0
2018  27  1 27 2100  -14.1  444.0   11.3   26.0  444.0  444.0
2018  28  1 28 0000  -13.4  444.0   11.6   26.0  444.0  444.0
2018  28  1 28 0300  -13.7  444.0   10.4   32.0  444.0  444.0
2018  28  1 28 0600  -14.8  444.0   10.5   42.0  444.0  444.0
2018  28  1 28 0900  -15.6  444.0   10.7   36.0  444.0  444.0
2018  28  1 28 1200  -16.7  444.0    9.3   32.0  444.0  444.0
2018  28  1 28 1500  -16.5  444.0    8.8   38.0  444.0  444.0
2018  28  1 28 1800  -15.6  444.0    8.6   27.0  444.0  444.0
2018  28  1 28 2100  -15.1  444.0    7.0   20.0  444.0  444.0
2018  29  1 29 0000  -14.6  444.0    7.1   15.0  444.0  444.0
2018  29  1 29 0300  -14.6  444.0    6.4   31.0  444.0  444.0
2018  29  1 29 0600  -16.0  444.0    3.3   28.0  444.0  444.0
2018  29  1 29 0900  -15.6  444.0    4.6   45.0  444.0  444.0
2018  29  1 29 1200  -15.8  444.0    5.6   46.0  444.0  444.0
2018  29  1 29 1500  -15.9  444.0    4.4   43.0  444.0  444.0
2018  29  1 29 1800  -14.7  444.0    5.6   18.0  444.0  444.0
2018  29  1 29 2100  -15.4  444.0    6.8   30.0  444.0  444.0
2018  30  1 30 0000  -15.2  444.0    6.4   39.0  444.0  444.0
2018  30  1 30 0300  -14.7  444.0    5.7   39.0  444.0  444.0
2018  30  1 30 0600  -16.6  444.0    3.7   50.0  444.0  444.0
2018  30  1 30 0900  -18.8  444.0    4.8   45.0  444.0  444.0
2018  30  1 30 1200  -17.7  444.0    6.0   55.0  444.0  444.0
2018  30  1 30 1500  -17.8  444.0    6.4   44.0  444.0  444.0
2018  30  1 30 1800  -17.7  444.0    5.4   32.0  444.0  444.0
2018  30  1 30 2100  -14.8  444.0    5.2   18.0  444.0  444.0
2018  31  1 31 0000  -13.9  444.0    6.9   21.0  444.0  444.0
2018  31  1 31 0300  -14.1  444.0    6.7   29.0  444.0  444.0
2018  31  1 31 0600  -13.8  444.0    5.0   46.0  444.0  444.0
2018  31  1 31 0900  -14.1  444.0    4.1   62.0  444.0  444.0
2018  31  1 31 1200  -17.5  444.0    5.7   45.0  444.0  444.0
2018  31  1 31 1500  -17.5  444.0    7.4   28.0  444.0  444.0
2018  31  1 31 1800  -16.9  444.0    7.4   22.0  444.0  444.0
2018  31  1 31 2100  -16.0  444.0    7.4   18.0  444.0  444.0
