Year: 2018  Month: 05  ID: HRY  ARGOS:  8900  Name: Harry               
Lat: 83.01S  Lon: 121.40W  Elev:  945m
2018 121  5  1 0000  -27.6  444.0   11.0   37.0  444.0  444.0
2018 121  5  1 0300  -27.9  444.0   10.5   43.0  444.0  444.0
2018 121  5  1 0600  -29.3  444.0   10.5   38.0  444.0  444.0
2018 121  5  1 0900  -31.0  444.0   10.1   38.0  444.0  444.0
2018 121  5  1 1200  -32.0  444.0    7.5   55.0  444.0  444.0
2018 121  5  1 1500  -32.5  444.0   10.2   49.0  444.0  444.0
2018 121  5  1 1800  -33.9  444.0   11.0   55.0  444.0  444.0
2018 121  5  1 2100  -33.7  444.0   10.4   50.0  444.0  444.0
2018 122  5  2 0000  -32.2  444.0    9.6   48.0  444.0  444.0
2018 122  5  2 0300  -30.4  444.0   11.1   54.0  444.0  444.0
2018 122  5  2 0600  -29.7  444.0   12.6   45.0  444.0  444.0
2018 122  5  2 0900  -31.3  444.0   12.7   49.0  444.0  444.0
2018 122  5  2 1200  -28.3  444.0   13.0   47.0  444.0  444.0
2018 122  5  2 1500  -28.3  444.0   14.3   48.0  444.0  444.0
2018 122  5  2 1800  -30.2  444.0   14.9   48.0  444.0  444.0
2018 122  5  2 2100  -28.9  444.0   17.1   43.0  444.0  444.0
2018 123  5  3 0000  -27.0  444.0   16.8   50.0  444.0  444.0
2018 123  5  3 0300  -28.1  444.0   16.0   50.0  444.0  444.0
2018 123  5  3 0600  -27.1  444.0   17.4   43.0  444.0  444.0
2018 123  5  3 0900  -27.0  444.0   16.0   41.0  444.0  444.0
2018 123  5  3 1200  -26.9  444.0   14.2   39.0  444.0  444.0
2018 123  5  3 1500  -28.0  444.0   14.4   47.0  444.0  444.0
2018 123  5  3 1800  -28.5  444.0   13.5   46.0  444.0  444.0
2018 123  5  3 2100  -29.2  444.0   12.7   40.0  444.0  444.0
2018 124  5  4 0000  -29.9  444.0   11.6   47.0  444.0  444.0
2018 124  5  4 0300  -31.3  444.0   11.0   56.0  444.0  444.0
2018 124  5  4 0600  -31.5  444.0   10.9   50.0  444.0  444.0
2018 124  5  4 0900  -32.4  444.0   11.5   41.0  444.0  444.0
2018 124  5  4 1200  -34.2  444.0   11.0   52.0  444.0  444.0
2018 124  5  4 1500  -36.2  444.0   10.0   38.0  444.0  444.0
2018 124  5  4 1800  -36.5  444.0    8.5   40.0  444.0  444.0
2018 124  5  4 2100  -35.4  444.0    8.8   39.0  444.0  444.0
2018 125  5  5 0000  -35.5  444.0    8.6   39.0  444.0  444.0
2018 125  5  5 0300  -36.0  444.0    7.3   52.0  444.0  444.0
2018 125  5  5 0600  -36.3  444.0    8.4   44.0  444.0  444.0
2018 125  5  5 0900  -35.3  444.0    8.4   46.0  444.0  444.0
2018 125  5  5 1200  -36.1  444.0    7.8   52.0  444.0  444.0
2018 125  5  5 1500  -38.2  444.0    7.8   47.0  444.0  444.0
2018 125  5  5 1800  -39.2  444.0    8.5   51.0  444.0  444.0
2018 125  5  5 2100  -38.6  444.0    6.1   47.0  444.0  444.0
2018 126  5  6 0000  -38.1  444.0    6.3   56.0  444.0  444.0
2018 126  5  6 0300  -40.1  444.0    7.0   51.0  444.0  444.0
2018 126  5  6 0600  -40.7  444.0    6.3   45.0  444.0  444.0
2018 126  5  6 0900  -39.0  444.0    7.0   46.0  444.0  444.0
2018 126  5  6 1200  -39.2  444.0    5.5   38.0  444.0  444.0
2018 126  5  6 1500  -40.6  444.0    5.1   54.0  444.0  444.0
2018 126  5  6 1800  -42.2  444.0    6.0   53.0  444.0  444.0
2018 126  5  6 2100  -42.9  444.0    5.8   67.0  444.0  444.0
2018 127  5  7 0000  -43.7  444.0    6.2   62.0  444.0  444.0
2018 127  5  7 0300  -42.7  444.0    7.8   51.0  444.0  444.0
2018 127  5  7 0600  -42.2  444.0    8.8   57.0  444.0  444.0
2018 127  5  7 0900  -41.6  444.0    9.4   57.0  444.0  444.0
2018 127  5  7 1200  -41.5  444.0   10.8   53.0  444.0  444.0
2018 127  5  7 1500  -39.9  444.0   11.3   55.0  444.0  444.0
2018 127  5  7 1800  -38.6  444.0   11.5   54.0  444.0  444.0
2018 127  5  7 2100  -36.6  444.0   12.9   57.0  444.0  444.0
2018 128  5  8 0000  -35.6  444.0   13.5   55.0  444.0  444.0
2018 128  5  8 0300  -34.9  444.0   14.3   57.0  444.0  444.0
2018 128  5  8 0600  -33.1  444.0   10.3   49.0  444.0  444.0
2018 128  5  8 0900  -31.6  444.0    9.7   45.0  444.0  444.0
2018 128  5  8 1200  -31.3  444.0   10.2   26.0  444.0  444.0
2018 128  5  8 1500  -33.2  444.0    9.1   33.0  444.0  444.0
2018 128  5  8 1800  -35.1  444.0    7.9   36.0  444.0  444.0
2018 128  5  8 2100  -36.5  444.0    8.6   38.0  444.0  444.0
2018 129  5  9 0000  -38.9  444.0    8.1   39.0  444.0  444.0
2018 129  5  9 0300  -39.6  444.0    8.4   51.0  444.0  444.0
2018 129  5  9 0600  -40.2  444.0    8.4   45.0  444.0  444.0
2018 129  5  9 0900  -41.1  444.0    9.3   52.0  444.0  444.0
2018 129  5  9 1200  -40.9  444.0    9.5   58.0  444.0  444.0
2018 129  5  9 1500  -40.4  444.0   10.3   47.0  444.0  444.0
2018 129  5  9 1800  -38.8  444.0   11.1   51.0  444.0  444.0
2018 129  5  9 2100  -37.3  444.0   11.5   59.0  444.0  444.0
2018 130  5 10 0000  -34.2  444.0   13.1   65.0  444.0  444.0
2018 130  5 10 0300  -28.1  444.0   13.4   50.0  444.0  444.0
2018 130  5 10 0600  -26.0  444.0   14.3   50.0  444.0  444.0
2018 130  5 10 0900  -22.8  444.0   15.3   36.0  444.0  444.0
2018 130  5 10 1200  -23.1  444.0   14.5   39.0  444.0  444.0
2018 130  5 10 1500  -26.0  444.0   11.8   13.0  444.0  444.0
2018 130  5 10 1800  -26.0  444.0   10.7   32.0  444.0  444.0
2018 130  5 10 2100  -26.8  444.0   11.7   49.0  444.0  444.0
2018 131  5 11 0000  -24.2  444.0   10.4   54.0  444.0  444.0
2018 131  5 11 0300  -17.4  444.0   14.0   47.0  444.0  444.0
2018 131  5 11 0600  -16.7  444.0   16.6   35.0  444.0  444.0
2018 131  5 11 0900  -14.6  444.0   17.5   34.0  444.0  444.0
2018 131  5 11 1200  -14.3  444.0   18.2   33.0  444.0  444.0
2018 131  5 11 1500  -14.1  444.0   16.5   36.0  444.0  444.0
2018 131  5 11 1800  -15.3  444.0   14.2   42.0  444.0  444.0
2018 131  5 11 2100  -14.2  444.0   13.9   49.0  444.0  444.0
2018 132  5 12 0000  -12.8  444.0   13.4   42.0  444.0  444.0
2018 132  5 12 0300  -13.9  444.0   14.7   44.0  444.0  444.0
2018 132  5 12 0600  -16.2  444.0   13.8   45.0  444.0  444.0
2018 132  5 12 0900  -17.0  444.0   13.7   46.0  444.0  444.0
2018 132  5 12 1200  -19.1  444.0   14.0   45.0  444.0  444.0
2018 132  5 12 1500  -20.6  444.0   13.0   52.0  444.0  444.0
2018 132  5 12 1800  -20.5  444.0   14.4   45.0  444.0  444.0
2018 132  5 12 2100  -20.8  444.0   11.9   43.0  444.0  444.0
2018 133  5 13 0000  -21.3  444.0   11.6   54.0  444.0  444.0
2018 133  5 13 0300  -21.7  444.0   11.8   55.0  444.0  444.0
2018 133  5 13 0600  -23.4  444.0    7.3   66.0  444.0  444.0
2018 133  5 13 0900  -22.2  444.0   11.7   66.0  444.0  444.0
2018 133  5 13 1200  -20.4  444.0   11.6   64.0  444.0  444.0
2018 133  5 13 1500  -18.3  444.0   10.6   66.0  444.0  444.0
2018 133  5 13 1800  -17.3  444.0   17.1   57.0  444.0  444.0
2018 133  5 13 2100  -16.6  444.0   17.6   65.0  444.0  444.0
2018 134  5 14 0000  -18.8  444.0   17.6   61.0  444.0  444.0
2018 134  5 14 0300  -19.8  444.0   16.8   71.0  444.0  444.0
2018 134  5 14 0600  -17.2  444.0   14.7   56.0  444.0  444.0
2018 134  5 14 0900  -17.8  444.0   20.4   63.0  444.0  444.0
2018 134  5 14 1200  -17.7  444.0   21.6   65.0  444.0  444.0
2018 134  5 14 1500  -19.0  444.0   20.6   60.0  444.0  444.0
2018 134  5 14 1800  -21.3  444.0   19.8   55.0  444.0  444.0
2018 134  5 14 2100  -23.2  444.0   16.6   58.0  444.0  444.0
2018 135  5 15 0000  -24.2  444.0   17.0   57.0  444.0  444.0
2018 135  5 15 0300  -29.9  444.0    9.5   31.0  444.0  444.0
2018 135  5 15 0600  -27.6  444.0   11.4   23.0  444.0  444.0
2018 135  5 15 0900  -25.2  444.0    8.6   26.0  444.0  444.0
2018 135  5 15 1200  -27.7  444.0    9.8   42.0  444.0  444.0
2018 135  5 15 1500  -28.6  444.0   10.6   48.0  444.0  444.0
2018 135  5 15 1800  -27.9  444.0   12.0   55.0  444.0  444.0
2018 135  5 15 2100  -24.3  444.0   13.4   44.0  444.0  444.0
2018 136  5 16 0000  -22.7  444.0   12.3   61.0  444.0  444.0
2018 136  5 16 0300  -19.3  444.0   12.9   62.0  444.0  444.0
2018 136  5 16 0600  -16.4  444.0   12.4   55.0  444.0  444.0
2018 136  5 16 0900  -17.8  444.0   13.1   50.0  444.0  444.0
2018 136  5 16 1200  -17.9  444.0   10.0   35.0  444.0  444.0
2018 136  5 16 1500  -25.5  444.0    9.1   17.0  444.0  444.0
2018 136  5 16 1800  -26.0  444.0    7.5   12.0  444.0  444.0
2018 136  5 16 2100  -26.4  444.0    7.0  354.0  444.0  444.0
2018 137  5 17 0000  -26.8  444.0    6.2  349.0  444.0  444.0
2018 137  5 17 0300  -27.3  444.0    6.2    8.0  444.0  444.0
2018 137  5 17 0600  -26.1  444.0    6.0   28.0  444.0  444.0
2018 137  5 17 0900  -28.8  444.0    5.8   31.0  444.0  444.0
2018 137  5 17 1200  -29.1  444.0    5.7   46.0  444.0  444.0
2018 137  5 17 1500  -28.7  444.0    6.4   38.0  444.0  444.0
2018 137  5 17 1800  -30.0  444.0    6.9   36.0  444.0  444.0
2018 137  5 17 2100  -29.9  444.0    7.3   32.0  444.0  444.0
2018 138  5 18 0000  -31.4  444.0    6.4   41.0  444.0  444.0
2018 138  5 18 0300  -29.5  444.0    5.3   31.0  444.0  444.0
2018 138  5 18 0600  -29.4  444.0    6.2   14.0  444.0  444.0
2018 138  5 18 0900  -29.4  444.0    6.7   31.0  444.0  444.0
2018 138  5 18 1200  -29.0  444.0    7.2   16.0  444.0  444.0
2018 138  5 18 1500  -28.5  444.0    6.4   14.0  444.0  444.0
2018 138  5 18 1800  -28.3  444.0    5.2   14.0  444.0  444.0
2018 138  5 18 2100  -28.0  444.0    6.4   28.0  444.0  444.0
2018 139  5 19 0000  -28.3  444.0    5.9   45.0  444.0  444.0
2018 139  5 19 0300  -33.3  444.0    6.5   58.0  444.0  444.0
2018 139  5 19 0600  -34.8  444.0    9.5   71.0  444.0  444.0
2018 139  5 19 0900  -35.3  444.0   10.0   78.0  444.0  444.0
2018 139  5 19 1200  -33.5  444.0   11.3   69.0  444.0  444.0
2018 139  5 19 1500  -32.4  444.0   12.4   67.0  444.0  444.0
2018 139  5 19 1800  -29.3  444.0   14.3   63.0  444.0  444.0
2018 139  5 19 2100  -28.3  444.0   13.8   71.0  444.0  444.0
2018 140  5 20 0000  -24.8  444.0   13.9   58.0  444.0  444.0
2018 140  5 20 0300  -24.1  444.0   13.2   56.0  444.0  444.0
2018 140  5 20 0600  -22.0  444.0   12.1   43.0  444.0  444.0
2018 140  5 20 0900  -22.4  444.0   11.6   55.0  444.0  444.0
2018 140  5 20 1200  -24.6  444.0   15.8   52.0  444.0  444.0
2018 140  5 20 1500  -25.3  444.0   17.8   55.0  444.0  444.0
2018 140  5 20 1800  -29.4  444.0   10.0   37.0  444.0  444.0
2018 140  5 20 2100  -38.0  444.0    4.7   20.0  444.0  444.0
2018 141  5 21 0000  -39.1  444.0    8.3   24.0  444.0  444.0
2018 141  5 21 0300  -41.2  444.0   10.1   28.0  444.0  444.0
2018 141  5 21 0600  -42.2  444.0    8.9   33.0  444.0  444.0
2018 141  5 21 0900  -42.5  444.0    8.5   43.0  444.0  444.0
2018 141  5 21 1200  -43.0  444.0    8.0   49.0  444.0  444.0
2018 141  5 21 1500  -42.8  444.0    8.3   51.0  444.0  444.0
2018 141  5 21 1800  -43.6  444.0    7.5   52.0  444.0  444.0
2018 141  5 21 2100  -43.3  444.0    8.5   50.0  444.0  444.0
2018 142  5 22 0000  -43.6  444.0    7.6   56.0  444.0  444.0
2018 142  5 22 0300  -43.9  444.0    8.3   51.0  444.0  444.0
2018 142  5 22 0600  -43.8  444.0    9.2   51.0  444.0  444.0
2018 142  5 22 0900  -43.9  444.0    9.4   61.0  444.0  444.0
2018 142  5 22 1200  -43.5  444.0    9.4   57.0  444.0  444.0
2018 142  5 22 1500  -42.2  444.0   10.4   55.0  444.0  444.0
2018 142  5 22 1800  -40.0  444.0   11.3   61.0  444.0  444.0
2018 142  5 22 2100  -37.4  444.0   11.5   61.0  444.0  444.0
2018 143  5 23 0000  -34.7  444.0   13.6   54.0  444.0  444.0
2018 143  5 23 0300  -33.3  444.0   13.7   54.0  444.0  444.0
2018 143  5 23 0600  -32.2  444.0   15.0   54.0  444.0  444.0
2018 143  5 23 0900  -30.7  444.0   15.3   57.0  444.0  444.0
2018 143  5 23 1200  -30.0  444.0   15.6   58.0  444.0  444.0
2018 143  5 23 1500  -27.4  444.0   13.5   54.0  444.0  444.0
2018 143  5 23 1800  -26.5  444.0   14.0   57.0  444.0  444.0
2018 143  5 23 2100  -23.8  444.0   12.3   48.0  444.0  444.0
2018 144  5 24 0000  -21.4  444.0   10.2   43.0  444.0  444.0
2018 144  5 24 0300  -20.0  444.0    4.7   21.0  444.0  444.0
2018 144  5 24 0600  -20.9  444.0    4.2   22.0  444.0  444.0
2018 144  5 24 0900  -21.6  444.0    6.6   21.0  444.0  444.0
2018 144  5 24 1200  -21.1  444.0    5.5   31.0  444.0  444.0
2018 144  5 24 1500  -21.0  444.0    8.2   41.0  444.0  444.0
2018 144  5 24 1800  -21.5  444.0    9.9   53.0  444.0  444.0
2018 144  5 24 2100  -24.7  444.0   10.0   63.0  444.0  444.0
2018 145  5 25 0000  -24.6  444.0   11.5   59.0  444.0  444.0
2018 145  5 25 0300  -22.9  444.0   12.0   57.0  444.0  444.0
2018 145  5 25 0600  -22.4  444.0    9.9   62.0  444.0  444.0
2018 145  5 25 0900  -22.0  444.0    8.4   48.0  444.0  444.0
2018 145  5 25 1200  -20.8  444.0    5.3   24.0  444.0  444.0
2018 145  5 25 1500  -19.7  444.0    6.1   17.0  444.0  444.0
2018 145  5 25 1800  -20.5  444.0    5.3   20.0  444.0  444.0
2018 145  5 25 2100  -19.9  444.0    4.5   13.0  444.0  444.0
2018 146  5 26 0000  -21.8  444.0    4.6  360.0  444.0  444.0
2018 146  5 26 0300  -26.4  444.0    6.0  282.0  444.0  444.0
2018 146  5 26 0600  -28.8  444.0    6.9  311.0  444.0  444.0
2018 146  5 26 0900  -30.2  444.0    6.1   11.0  444.0  444.0
2018 146  5 26 1200  -29.8  444.0    7.9   10.0  444.0  444.0
2018 146  5 26 1500  -27.5  444.0    6.7    8.0  444.0  444.0
2018 146  5 26 1800  -27.9  444.0    5.5    3.0  444.0  444.0
2018 146  5 26 2100  -28.1  444.0    6.3   30.0  444.0  444.0
2018 147  5 27 0000  -28.6  444.0    6.4   35.0  444.0  444.0
2018 147  5 27 0300  -30.4  444.0    8.0   44.0  444.0  444.0
2018 147  5 27 0600  -31.9  444.0    7.4   46.0  444.0  444.0
2018 147  5 27 0900  -33.9  444.0    9.3   50.0  444.0  444.0
2018 147  5 27 1200  -34.2  444.0    8.5   45.0  444.0  444.0
2018 147  5 27 1500  -35.6  444.0    7.7   42.0  444.0  444.0
2018 147  5 27 1800  -35.0  444.0    6.8   42.0  444.0  444.0
2018 147  5 27 2100  -34.1  444.0    7.2   47.0  444.0  444.0
2018 148  5 28 0000  -33.1  444.0    6.7   36.0  444.0  444.0
2018 148  5 28 0300  -35.9  444.0    6.6   47.0  444.0  444.0
2018 148  5 28 0600  -37.6  444.0    7.6   52.0  444.0  444.0
2018 148  5 28 0900  -38.6  444.0    8.4   53.0  444.0  444.0
2018 148  5 28 1200  -38.6  444.0    9.1   57.0  444.0  444.0
2018 148  5 28 1500  -38.3  444.0    9.3   56.0  444.0  444.0
2018 148  5 28 1800  -38.6  444.0    9.5   60.0  444.0  444.0
2018 148  5 28 2100  -36.9  444.0   10.5   58.0  444.0  444.0
2018 149  5 29 0000  -35.7  444.0    8.9   71.0  444.0  444.0
2018 149  5 29 0300  -33.8  444.0    8.9   65.0  444.0  444.0
2018 149  5 29 0600  -34.4  444.0    9.7   64.0  444.0  444.0
2018 149  5 29 0900  -33.9  444.0   10.1   59.0  444.0  444.0
2018 149  5 29 1200  -33.2  444.0   11.7   59.0  444.0  444.0
2018 149  5 29 1500  -34.1  444.0   11.7   62.0  444.0  444.0
2018 149  5 29 1800  -33.3  444.0   10.4   52.0  444.0  444.0
2018 149  5 29 2100  -30.9  444.0   12.3   47.0  444.0  444.0
2018 150  5 30 0000  -29.0  444.0   11.4   45.0  444.0  444.0
2018 150  5 30 0300  -26.9  444.0   15.5   46.0  444.0  444.0
2018 150  5 30 0600  -27.0  444.0   15.6   47.0  444.0  444.0
2018 150  5 30 0900  -27.3  444.0   13.6   39.0  444.0  444.0
2018 150  5 30 1200  -28.8  444.0   16.8   47.0  444.0  444.0
2018 150  5 30 1500  -30.1  444.0   12.5   41.0  444.0  444.0
2018 150  5 30 1800  -30.7  444.0   12.1   46.0  444.0  444.0
2018 150  5 30 2100  -30.4  444.0   14.1   52.0  444.0  444.0
2018 151  5 31 0000  -30.8  444.0   14.0   49.0  444.0  444.0
2018 151  5 31 0300  -32.2  444.0   11.6   57.0  444.0  444.0
2018 151  5 31 0600  -33.2  444.0   10.4   60.0  444.0  444.0
2018 151  5 31 0900  -33.5  444.0   10.2   64.0  444.0  444.0
2018 151  5 31 1200  -34.2  444.0    8.9   74.0  444.0  444.0
2018 151  5 31 1500  -31.3  444.0    8.2   78.0  444.0  444.0
2018 151  5 31 1800  -31.4  444.0    6.9   63.0  444.0  444.0
2018 151  5 31 2100  -30.1  444.0    4.8   52.0  444.0  444.0
