Year: 2018  Month: 10  ID: HRY  ARGOS:  8900  Name: Harry               
Lat: 83.01S  Lon: 121.40W  Elev:  945m
2018 274 10  1 0000  -28.8  444.0    1.0  255.0  444.0  444.0
2018 274 10  1 0300  -30.8  444.0    0.3  142.0  444.0  444.0
2018 274 10  1 0600  -34.6  444.0    5.6   62.0  444.0  444.0
2018 274 10  1 0900  -35.0  444.0    6.7   61.0  444.0  444.0
2018 274 10  1 1200  -34.2  444.0   10.8   53.0  444.0  444.0
2018 274 10  1 1500  -31.6  444.0   12.0   56.0  444.0  444.0
2018 274 10  1 1800  -27.9  444.0   13.2   46.0  444.0  444.0
2018 274 10  1 2100  -26.0  444.0   10.1   48.0  444.0  444.0
2018 275 10  2 0000  -25.0  444.0    9.7   35.0  444.0  444.0
2018 275 10  2 0300  -21.6  444.0    9.2   40.0  444.0  444.0
2018 275 10  2 0600  -18.6  444.0   11.3   16.0  444.0  444.0
2018 275 10  2 0900  -19.1  444.0   11.3   28.0  444.0  444.0
2018 275 10  2 1200  -17.3  444.0   11.2   26.0  444.0  444.0
2018 275 10  2 1500  -16.5  444.0   11.0   25.0  444.0  444.0
2018 275 10  2 1800  -15.4  444.0   10.7   22.0  444.0  444.0
2018 275 10  2 2100  -15.3  444.0   11.7   21.0  444.0  444.0
2018 276 10  3 0000  -18.7  444.0   13.5   25.0  444.0  444.0
2018 276 10  3 0300  -20.0  444.0   12.1   42.0  444.0  444.0
2018 276 10  3 0600  -18.5  444.0   11.1   39.0  444.0  444.0
2018 276 10  3 0900  -17.1  444.0   12.2   37.0  444.0  444.0
2018 276 10  3 1200  -16.1  444.0   15.1   22.0  444.0  444.0
2018 276 10  3 1500  -17.5  444.0   12.6   23.0  444.0  444.0
2018 276 10  3 1800  -16.8  444.0   11.7   11.0  444.0  444.0
2018 276 10  3 2100  -19.6  444.0   11.6   21.0  444.0  444.0
2018 277 10  4 0000  -22.4  444.0   10.7   56.0  444.0  444.0
2018 277 10  4 0300  -20.3  444.0   12.2   45.0  444.0  444.0
2018 277 10  4 0600  -19.2  444.0   13.6   58.0  444.0  444.0
2018 277 10  4 0900  -15.5  444.0   15.3   28.0  444.0  444.0
2018 277 10  4 1200  -16.9  444.0   14.3   30.0  444.0  444.0
2018 277 10  4 1500  -18.5  444.0   11.8   37.0  444.0  444.0
2018 277 10  4 1800  -17.4  444.0   12.1   45.0  444.0  444.0
2018 277 10  4 2100  -16.6  444.0   12.1   38.0  444.0  444.0
2018 278 10  5 0000  -17.9  444.0   12.3   39.0  444.0  444.0
2018 278 10  5 0300  -19.4  444.0   12.8   38.0  444.0  444.0
2018 278 10  5 0600  -20.7  444.0   11.1   38.0  444.0  444.0
2018 278 10  5 0900  -21.8  444.0   12.5   36.0  444.0  444.0
2018 278 10  5 1200  -22.5  444.0   11.6   37.0  444.0  444.0
2018 278 10  5 1500  -20.7  444.0   11.8   37.0  444.0  444.0
2018 278 10  5 1800  -20.9  444.0   10.6   48.0  444.0  444.0
2018 278 10  5 2100  -21.1  444.0   10.6   44.0  444.0  444.0
2018 279 10  6 0000  -21.0  444.0   10.7   54.0  444.0  444.0
2018 279 10  6 0300  -22.2  444.0   11.4   47.0  444.0  444.0
2018 279 10  6 0600  -24.6  444.0   12.0   54.0  444.0  444.0
2018 279 10  6 0900  -25.4  444.0   10.3   52.0  444.0  444.0
2018 279 10  6 1200  -24.8  444.0   12.1   49.0  444.0  444.0
2018 279 10  6 1500  -24.3  444.0   12.0   43.0  444.0  444.0
2018 279 10  6 1800  -22.9  444.0   12.5   40.0  444.0  444.0
2018 279 10  6 2100  -21.5  444.0   10.6   50.0  444.0  444.0
2018 280 10  7 0000  -19.5  444.0   11.9   51.0  444.0  444.0
2018 280 10  7 0300  -18.9  444.0   11.8   58.0  444.0  444.0
2018 280 10  7 0600  -18.7  444.0   14.4   62.0  444.0  444.0
2018 280 10  7 0900  -20.4  444.0   14.4   64.0  444.0  444.0
2018 280 10  7 1200  -21.8  444.0   16.9   50.0  444.0  444.0
2018 280 10  7 1500  -21.4  444.0   16.8   55.0  444.0  444.0
2018 280 10  7 1800  -21.5  444.0   12.7   49.0  444.0  444.0
2018 280 10  7 2100  -21.1  444.0   12.0   50.0  444.0  444.0
2018 281 10  8 0000  -21.8  444.0   13.1   40.0  444.0  444.0
2018 281 10  8 0300  -22.7  444.0   10.2   53.0  444.0  444.0
2018 281 10  8 0600  -23.4  444.0   15.3   67.0  444.0  444.0
2018 281 10  8 0900  -23.4  444.0   13.7   66.0  444.0  444.0
2018 281 10  8 1200  -22.8  444.0   14.3   61.0  444.0  444.0
2018 281 10  8 1500  -21.1  444.0   17.1   58.0  444.0  444.0
2018 281 10  8 1800  -20.1  444.0   15.5   53.0  444.0  444.0
2018 281 10  8 2100  -20.1  444.0   11.8   53.0  444.0  444.0
2018 282 10  9 0000  -20.6  444.0   14.2   60.0  444.0  444.0
2018 282 10  9 0300  -22.8  444.0   15.3   57.0  444.0  444.0
2018 282 10  9 0600  -24.1  444.0   16.5   58.0  444.0  444.0
2018 282 10  9 0900  -22.9  444.0   15.0   52.0  444.0  444.0
2018 282 10  9 1200  -24.4  444.0   15.1   57.0  444.0  444.0
2018 282 10  9 1500  -23.8  444.0   17.0    6.0  444.0  444.0
2018 282 10  9 1800  -21.3  444.0   16.1   60.0  444.0  444.0
2018 282 10  9 2100  -17.9  444.0   17.5   57.0  444.0  444.0
2018 283 10 10 0000  -16.8  444.0   16.7   51.0  444.0  444.0
2018 283 10 10 0300  -18.9  444.0   16.7   50.0  444.0  444.0
2018 283 10 10 0600  -20.2  444.0   12.3   48.0  444.0  444.0
2018 283 10 10 0900  -18.7  444.0   14.5   55.0  444.0  444.0
2018 283 10 10 1200  -16.2  444.0   17.1   35.0  444.0  444.0
2018 283 10 10 1500  -13.3  444.0   17.2   36.0  444.0  444.0
2018 283 10 10 1800  -13.9  444.0   19.1   50.0  444.0  444.0
2018 283 10 10 2100  -11.8  444.0   20.0   31.0  444.0  444.0
2018 284 10 11 0000  -10.7  444.0   21.0   30.0  444.0  444.0
2018 284 10 11 0300  -10.6  444.0   19.8   22.0  444.0  444.0
2018 284 10 11 0600  -12.6  444.0   14.9   29.0  444.0  444.0
2018 284 10 11 0900  -13.8  444.0   11.6   28.0  444.0  444.0
2018 284 10 11 1200  -15.4  444.0   13.2   33.0  444.0  444.0
2018 284 10 11 1500  -14.3  444.0   13.7   41.0  444.0  444.0
2018 284 10 11 1800  -14.3  444.0   10.8   38.0  444.0  444.0
2018 284 10 11 2100  -13.8  444.0   11.0   46.0  444.0  444.0
2018 285 10 12 0000  -15.8  444.0   14.6   38.0  444.0  444.0
2018 285 10 12 0300  -17.1  444.0   12.9   35.0  444.0  444.0
2018 285 10 12 0600  -15.4  444.0   15.4   25.0  444.0  444.0
2018 285 10 12 0900  -17.3  444.0   13.1   32.0  444.0  444.0
2018 285 10 12 1200  -16.7  444.0   11.4   39.0  444.0  444.0
2018 285 10 12 1500  -14.9  444.0   15.0   25.0  444.0  444.0
2018 285 10 12 1800  -15.2  444.0   13.7   23.0  444.0  444.0
2018 285 10 12 2100  -16.2  444.0   11.4   22.0  444.0  444.0
2018 286 10 13 0000  -16.8  444.0   10.9   36.0  444.0  444.0
2018 286 10 13 0300  -16.2  444.0   12.0   17.0  444.0  444.0
2018 286 10 13 0600  -18.9  444.0    8.0   23.0  444.0  444.0
2018 286 10 13 0900  -20.1  444.0    5.7   50.0  444.0  444.0
2018 286 10 13 1200  -23.5  444.0    2.8    1.0  444.0  444.0
2018 286 10 13 1500  -25.9  444.0    3.6   62.0  444.0  444.0
2018 286 10 13 1800  -23.9  444.0    4.4   57.0  444.0  444.0
2018 286 10 13 2100  -22.1  444.0    2.1   31.0  444.0  444.0
2018 287 10 14 0000  -19.4  444.0    4.3   72.0  444.0  444.0
2018 287 10 14 0300  -17.6  444.0    5.7   52.0  444.0  444.0
2018 287 10 14 0600  -18.0  444.0    8.1   31.0  444.0  444.0
2018 287 10 14 0900  -19.2  444.0    8.9   34.0  444.0  444.0
2018 287 10 14 1200  -21.2  444.0    9.1   26.0  444.0  444.0
2018 287 10 14 1500  -27.4  444.0    9.9   14.0  444.0  444.0
2018 287 10 14 1800  -30.1  444.0    6.4  318.0  444.0  444.0
2018 287 10 14 2100  -28.5  444.0    4.4  318.0  444.0  444.0
2018 288 10 15 0000  -29.7  444.0    3.7   16.0  444.0  444.0
2018 288 10 15 0300  -29.8  444.0    4.7   35.0  444.0  444.0
2018 288 10 15 0600  -29.3  444.0    5.9   56.0  444.0  444.0
2018 288 10 15 0900  -28.9  444.0    5.0   84.0  444.0  444.0
2018 288 10 15 1200  -34.6  444.0    8.4   97.0  444.0  444.0
2018 288 10 15 1500  -33.9  444.0    8.0   73.0  444.0  444.0
2018 288 10 15 1800  -31.5  444.0    9.1   54.0  444.0  444.0
2018 288 10 15 2100  -29.3  444.0    9.3   60.0  444.0  444.0
2018 289 10 16 0000  -27.9  444.0    9.7   52.0  444.0  444.0
2018 289 10 16 0300  -26.4  444.0   11.3   53.0  444.0  444.0
2018 289 10 16 0600  -25.2  444.0   10.9   42.0  444.0  444.0
2018 289 10 16 0900  -17.9  444.0   11.3   30.0  444.0  444.0
2018 289 10 16 1200  -17.3  444.0   13.1   28.0  444.0  444.0
2018 289 10 16 1500  -16.2  444.0   15.2   27.0  444.0  444.0
2018 289 10 16 1800  -15.6  444.0   17.1   29.0  444.0  444.0
2018 289 10 16 2100  -16.4  444.0   17.1   36.0  444.0  444.0
2018 290 10 17 0000  -14.2  444.0   16.9  340.0  444.0  444.0
2018 290 10 17 0300  -14.4  444.0   12.3   13.0  444.0  444.0
2018 290 10 17 0600  -17.9  444.0   10.9   40.0  444.0  444.0
2018 290 10 17 0900  -17.9  444.0   11.1   44.0  444.0  444.0
2018 290 10 17 1200  -16.0  444.0   10.4   43.0  444.0  444.0
2018 290 10 17 1500  -12.8  444.0   12.4   37.0  444.0  444.0
2018 290 10 17 1800  -12.1  444.0    9.7   41.0  444.0  444.0
2018 290 10 17 2100  -11.6  444.0   15.1   33.0  444.0  444.0
2018 291 10 18 0000  -12.8  444.0   15.9   35.0  444.0  444.0
2018 291 10 18 0300  -11.9  444.0   13.0   32.0  444.0  444.0
2018 291 10 18 0600  -16.3  444.0   14.5   21.0  444.0  444.0
2018 291 10 18 0900  -16.5  444.0   13.6   32.0  444.0  444.0
2018 291 10 18 1200  -17.4  444.0   14.0   23.0  444.0  444.0
2018 291 10 18 1500  -18.9  444.0   12.1   37.0  444.0  444.0
2018 291 10 18 1800  -19.4  444.0   12.9   28.0  444.0  444.0
2018 291 10 18 2100  -17.6  444.0   11.4   25.0  444.0  444.0
2018 292 10 19 0000  -18.1  444.0    8.4    3.0  444.0  444.0
2018 292 10 19 0300  -20.6  444.0    6.1   63.0  444.0  444.0
2018 292 10 19 0600  -22.3  444.0    5.4   79.0  444.0  444.0
2018 292 10 19 0900  -21.2  444.0    5.3   84.0  444.0  444.0
2018 292 10 19 1200  -21.4  444.0    4.7  118.0  444.0  444.0
2018 292 10 19 1500  -20.5  444.0    3.8  143.0  444.0  444.0
2018 292 10 19 1800  -20.3  444.0    3.2  178.0  444.0  444.0
2018 292 10 19 2100  -24.4  444.0    1.0    9.0  444.0  444.0
2018 293 10 20 0000  -24.7  444.0    2.6   54.0  444.0  444.0
2018 293 10 20 0300  -24.3  444.0    2.9   30.0  444.0  444.0
2018 293 10 20 0600  -24.8  444.0    2.5   41.0  444.0  444.0
2018 293 10 20 0900  -24.4  444.0    3.3   43.0  444.0  444.0
2018 293 10 20 1200  -24.6  444.0    3.2   49.0  444.0  444.0
2018 293 10 20 1500  -25.2  444.0    4.0   79.0  444.0  444.0
2018 293 10 20 1800  -23.3  444.0    4.0   77.0  444.0  444.0
2018 293 10 20 2100  -21.9  444.0    4.2   53.0  444.0  444.0
2018 294 10 21 0000  -22.4  444.0    4.5   68.0  444.0  444.0
2018 294 10 21 0300  -24.5  444.0    5.5   80.0  444.0  444.0
2018 294 10 21 0600  -28.3  444.0    6.1   95.0  444.0  444.0
2018 294 10 21 0900  -31.5  444.0    5.4   92.0  444.0  444.0
2018 294 10 21 1200  -30.9  444.0    3.7   56.0  444.0  444.0
2018 294 10 21 1500  -31.6  444.0    3.6   81.0  444.0  444.0
2018 294 10 21 1800  -30.5  444.0    4.9   51.0  444.0  444.0
2018 294 10 21 2100  -27.0  444.0    4.5   32.0  444.0  444.0
2018 295 10 22 0000  -26.7  444.0    4.7   68.0  444.0  444.0
2018 295 10 22 0300  -24.8  444.0    4.1   66.0  444.0  444.0
2018 295 10 22 0600  -22.8  444.0    3.0   69.0  444.0  444.0
2018 295 10 22 0900  -23.0  444.0    4.1   52.0  444.0  444.0
2018 295 10 22 1200  -28.0  444.0   11.5   57.0  444.0  444.0
2018 295 10 22 1500  -29.4  444.0    9.6   47.0  444.0  444.0
2018 295 10 22 1800  -27.6  444.0    9.2   25.0  444.0  444.0
2018 295 10 22 2100  -26.0  444.0    7.9   37.0  444.0  444.0
2018 296 10 23 0000  -25.7  444.0    8.5   41.0  444.0  444.0
2018 296 10 23 0300  -26.9  444.0    8.7   51.0  444.0  444.0
2018 296 10 23 0600  -29.0  444.0    9.2   51.0  444.0  444.0
2018 296 10 23 0900  -29.4  444.0   10.4   53.0  444.0  444.0
2018 296 10 23 1200  -28.8  444.0   10.1   53.0  444.0  444.0
2018 296 10 23 1500  -27.4  444.0    9.3   51.0  444.0  444.0
2018 296 10 23 1800  -24.5  444.0   10.7   52.0  444.0  444.0
2018 296 10 23 2100  -22.9  444.0   10.7   53.0  444.0  444.0
2018 297 10 24 0000  -22.0  444.0   11.4   55.0  444.0  444.0
2018 297 10 24 0300  -23.5  444.0   10.9   65.0  444.0  444.0
2018 297 10 24 0600  -23.5  444.0   12.8   62.0  444.0  444.0
2018 297 10 24 0900  -23.5  444.0   12.9   59.0  444.0  444.0
2018 297 10 24 1200  -22.6  444.0   12.9   58.0  444.0  444.0
2018 297 10 24 1500  -19.5  444.0   13.8   52.0  444.0  444.0
2018 297 10 24 1800  -17.5  444.0   13.2   50.0  444.0  444.0
2018 297 10 24 2100  -15.0  444.0   12.6   51.0  444.0  444.0
2018 298 10 25 0000  -13.1  444.0   13.4   49.0  444.0  444.0
2018 298 10 25 0300  -14.2  444.0   14.3   45.0  444.0  444.0
2018 298 10 25 0600  -15.1  444.0   15.1   52.0  444.0  444.0
2018 298 10 25 0900  -14.4  444.0   14.9   47.0  444.0  444.0
2018 298 10 25 1200  -14.2  444.0   14.4   54.0  444.0  444.0
2018 298 10 25 1500  -12.8  444.0   16.9   55.0  444.0  444.0
2018 298 10 25 1800  -12.7  444.0   15.5   51.0  444.0  444.0
2018 298 10 25 2100  -12.3  444.0   17.0   46.0  444.0  444.0
2018 299 10 26 0000  -16.1  444.0    8.0   28.0  444.0  444.0
2018 299 10 26 0300  -17.1  444.0    9.1   48.0  444.0  444.0
2018 299 10 26 0600  -19.2  444.0    8.4   59.0  444.0  444.0
2018 299 10 26 0900  -21.3  444.0    8.9   89.0  444.0  444.0
2018 299 10 26 1200  -18.2  444.0   11.2   79.0  444.0  444.0
2018 299 10 26 1500  -12.9  444.0   13.7   55.0  444.0  444.0
2018 299 10 26 1800  -11.3  444.0   15.3   48.0  444.0  444.0
2018 299 10 26 2100  -11.1  444.0   14.6   49.0  444.0  444.0
2018 300 10 27 0000  -10.4  444.0   14.6   52.0  444.0  444.0
2018 300 10 27 0300  -10.6  444.0   17.0   45.0  444.0  444.0
2018 300 10 27 0600  -10.9  444.0   17.5   42.0  444.0  444.0
2018 300 10 27 0900  -12.0  444.0   16.4   42.0  444.0  444.0
2018 300 10 27 1200  -12.3  444.0   15.6   41.0  444.0  444.0
2018 300 10 27 1500  -12.0  444.0   11.6   41.0  444.0  444.0
2018 300 10 27 1800  -11.0  444.0   10.8   57.0  444.0  444.0
2018 300 10 27 2100  -10.0  444.0   10.9   37.0  444.0  444.0
2018 301 10 28 0000   -8.9  444.0   10.4   34.0  444.0  444.0
2018 301 10 28 0300  -10.8  444.0   11.4   49.0  444.0  444.0
2018 301 10 28 0600  -11.1  444.0   10.8   55.0  444.0  444.0
2018 301 10 28 0900  -13.6  444.0    9.6   62.0  444.0  444.0
2018 301 10 28 1200  -10.6  444.0    8.7   70.0  444.0  444.0
2018 301 10 28 1500  -12.7  444.0   10.7   60.0  444.0  444.0
2018 301 10 28 1800  -12.9  444.0    9.5   53.0  444.0  444.0
2018 301 10 28 2100  -11.8  444.0    8.1   53.0  444.0  444.0
2018 302 10 29 0000  -11.8  444.0    9.5   43.0  444.0  444.0
2018 302 10 29 0300  -13.8  444.0    8.1   54.0  444.0  444.0
2018 302 10 29 0600  -15.1  444.0   10.8   53.0  444.0  444.0
2018 302 10 29 0900  -16.2  444.0   11.6   54.0  444.0  444.0
2018 302 10 29 1200  -18.1  444.0    9.6   52.0  444.0  444.0
2018 302 10 29 1500  -17.9  444.0    9.3   52.0  444.0  444.0
2018 302 10 29 1800  -16.5  444.0    8.7   52.0  444.0  444.0
2018 302 10 29 2100  -15.2  444.0    7.3   44.0  444.0  444.0
2018 303 10 30 0000  -15.2  444.0    7.9   54.0  444.0  444.0
2018 303 10 30 0300  -16.5  444.0    8.9   55.0  444.0  444.0
2018 303 10 30 0600  -18.9  444.0    9.5   42.0  444.0  444.0
2018 303 10 30 0900  -21.1  444.0    9.2   48.0  444.0  444.0
2018 303 10 30 1200  -21.9  444.0    9.3   47.0  444.0  444.0
2018 303 10 30 1500  -21.2  444.0    9.3   42.0  444.0  444.0
2018 303 10 30 1800  -20.1  444.0    9.0   34.0  444.0  444.0
2018 303 10 30 2100  -18.7  444.0    8.5   19.0  444.0  444.0
2018 304 10 31 0000  -17.7  444.0    8.1   22.0  444.0  444.0
2018 304 10 31 0300  -19.0  444.0    7.3   30.0  444.0  444.0
2018 304 10 31 0600  -20.8  444.0    6.3   38.0  444.0  444.0
2018 304 10 31 0900  -22.6  444.0    7.8   39.0  444.0  444.0
2018 304 10 31 1200  -23.7  444.0    7.0   42.0  444.0  444.0
2018 304 10 31 1500  -23.1  444.0    7.2   31.0  444.0  444.0
2018 304 10 31 1800  -21.8  444.0    8.4   30.0  444.0  444.0
2018 304 10 31 2100  -19.9  444.0    8.5   27.0  444.0  444.0
