Year: 2018  Month: 10  ID: JAS  ARGOS: 30305  Name: JASE2007            
Lat: 75.89S  Lon:  25.84E  Elev: 3661m
2018 274 10  1 0000  -66.6  592.1  444.0  444.0  444.0  444.0
2018 274 10  1 0300  -67.1  591.9  444.0  444.0  444.0  444.0
2018 274 10  1 0600  -61.8  592.3  444.0  444.0  444.0  444.0
2018 274 10  1 0900  -57.9  592.3  444.0  444.0  444.0  444.0
2018 274 10  1 1200  -55.0  592.7  444.0  444.0  444.0  444.0
2018 274 10  1 1500  -56.8  592.9  444.0  444.0  444.0  444.0
2018 274 10  1 1800  -62.9  593.2  444.0  444.0  444.0  444.0
2018 274 10  1 2100  -62.6  593.6  444.0  444.0  444.0  444.0
2018 275 10  2 0000  -65.4  593.6  444.0  444.0  444.0  444.0
2018 275 10  2 0300  -67.4  593.7  444.0  444.0  444.0  444.0
2018 275 10  2 0600  -60.9  593.7  444.0  444.0  444.0  444.0
2018 275 10  2 0900  -56.9  593.7  444.0  444.0  444.0  444.0
2018 275 10  2 1200  -54.5  593.7  444.0  444.0  444.0  444.0
2018 275 10  2 1500  -57.2  593.4  444.0  444.0  444.0  444.0
2018 275 10  2 1800  -64.8  593.3  444.0  444.0  444.0  444.0
2018 275 10  2 2100  -67.8  593.0  444.0  444.0  444.0  444.0
2018 276 10  3 0000  -68.8  593.1  444.0  444.0  444.0  444.0
2018 276 10  3 0300  -68.5  592.7  444.0  444.0  444.0  444.0
2018 276 10  3 0600  -62.4  592.8  444.0  444.0  444.0  444.0
2018 276 10  3 0900  -56.8  593.1  444.0  444.0  444.0  444.0
2018 276 10  3 1200  -55.1  593.4  444.0  444.0  444.0  444.0
2018 276 10  3 1500  -57.5  593.3  444.0  444.0  444.0  444.0
2018 276 10  3 1800  -62.6  593.3  444.0  444.0  444.0  444.0
2018 276 10  3 2100  -66.6  593.2  444.0  444.0  444.0  444.0
2018 277 10  4 0000  -66.5  592.8  444.0  444.0  444.0  444.0
2018 277 10  4 0300  -66.6  592.2  444.0  444.0  444.0  444.0
2018 277 10  4 0600  -60.6  592.0  444.0  444.0  444.0  444.0
2018 277 10  4 0900  -57.6  591.7  444.0  444.0  444.0  444.0
2018 277 10  4 1200  -54.9  591.7  444.0  444.0  444.0  444.0
2018 277 10  4 1500  -56.4  591.4  444.0  444.0  444.0  444.0
2018 277 10  4 1800  -64.9  591.1  444.0  444.0  444.0  444.0
2018 277 10  4 2100  -67.5  591.0  444.0  444.0  444.0  444.0
2018 278 10  5 0000  -68.9  590.9  444.0  444.0  444.0  444.0
2018 278 10  5 0300  -68.0  590.6  444.0  444.0  444.0  444.0
2018 278 10  5 0600  -59.9  590.5  444.0  444.0  444.0  444.0
2018 278 10  5 0900  -56.4  590.6  444.0  444.0  444.0  444.0
2018 278 10  5 1200  -54.1  590.7  444.0  444.0  444.0  444.0
2018 278 10  5 1500  -56.0  590.9  444.0  444.0  444.0  444.0
2018 278 10  5 1800  -65.5  591.6  444.0  444.0  444.0  444.0
2018 278 10  5 2100  -66.2  591.8  444.0  444.0  444.0  444.0
2018 279 10  6 0000  -67.2  592.0  444.0  444.0  444.0  444.0
2018 279 10  6 0300  -67.5  592.0  444.0  444.0  444.0  444.0
2018 279 10  6 0600  -58.1  591.9  444.0  444.0  444.0  444.0
2018 279 10  6 0900  -58.0  591.9  444.0  444.0  444.0  444.0
2018 279 10  6 1200  -59.9  592.5  444.0  444.0  444.0  444.0
2018 279 10  6 1500  -60.8  593.0  444.0  444.0  444.0  444.0
2018 279 10  6 1800  -63.5  594.5  444.0  444.0  444.0  444.0
2018 279 10  6 2100  -63.8  595.8  444.0  444.0  444.0  444.0
2018 280 10  7 0000  -64.1  597.0  444.0  444.0  444.0  444.0
2018 280 10  7 0300  -64.1  597.9    7.2  101.0  444.0  444.0
2018 280 10  7 0600  -60.1  598.9    7.4  107.0  444.0  444.0
2018 280 10  7 0900  -55.4  599.8    6.4  112.0  444.0  444.0
2018 280 10  7 1200  -52.5  600.2    7.2  114.0  444.0  444.0
2018 280 10  7 1500  -54.0  600.6    6.0  105.0  444.0  444.0
2018 280 10  7 1800  -59.9  601.4    5.8  110.0  444.0  444.0
2018 280 10  7 2100  -62.9  602.1    4.3  112.0  444.0  444.0
2018 281 10  8 0000  -62.1  602.8    6.6  112.0  444.0  444.0
2018 281 10  8 0300  -62.4  603.1    5.5  120.0  444.0  444.0
2018 281 10  8 0600  -57.5  603.3    4.7  117.0  444.0  444.0
2018 281 10  8 0900  -53.4  603.7    6.0  110.0  444.0  444.0
2018 281 10  8 1200  -51.4  604.2    6.0  101.0  444.0  444.0
2018 281 10  8 1500  -53.6  604.2    5.7  115.0  444.0  444.0
2018 281 10  8 1800  -60.5  604.1    6.2  117.0  444.0  444.0
2018 281 10  8 2100  -63.0  604.5    5.3  114.0  444.0  444.0
2018 282 10  9 0000  -64.9  604.3    4.9  115.0  444.0  444.0
2018 282 10  9 0300  -63.6  604.1    5.5  118.0  444.0  444.0
2018 282 10  9 0600  -57.6  603.7    4.5  120.0  444.0  444.0
2018 282 10  9 0900  -53.4  603.5    4.5  127.0  444.0  444.0
2018 282 10  9 1200  -50.9  603.1    3.9  142.0  444.0  444.0
2018 282 10  9 1500  -52.9  602.6    4.1  135.0  444.0  444.0
2018 282 10  9 1800  -59.5  602.3    3.7  127.0  444.0  444.0
2018 282 10  9 2100  -61.4  602.1    5.8  128.0  444.0  444.0
2018 283 10 10 0000  -63.6  601.6    4.9  122.0  444.0  444.0
2018 283 10 10 0300  -61.1  601.2    7.6  108.0  444.0  444.0
2018 283 10 10 0600  -55.9  601.5    7.6  108.0  444.0  444.0
2018 283 10 10 0900  -51.0  602.1    8.4  115.0  444.0  444.0
2018 283 10 10 1200  -47.6  602.1    9.8  117.0  444.0  444.0
2018 283 10 10 1500  -48.8  601.9    8.8  122.0  444.0  444.0
2018 283 10 10 1800  -54.9  602.2    6.6  134.0  444.0  444.0
2018 283 10 10 2100  -56.8  602.2    6.2  128.0  444.0  444.0
2018 284 10 11 0000  -58.0  601.7    5.7  142.0  444.0  444.0
2018 284 10 11 0300  -58.9  600.7    6.0  135.0  444.0  444.0
2018 284 10 11 0600  -54.1  600.8    9.6  135.0  444.0  444.0
2018 284 10 11 0900  -48.9  600.7    8.2  115.0  444.0  444.0
2018 284 10 11 1200  -47.4  600.5    7.0  174.0  444.0  444.0
2018 284 10 11 1500  -48.2  600.4    6.4  127.0  444.0  444.0
2018 284 10 11 1800  -54.0  600.3    8.2  141.0  444.0  444.0
2018 284 10 11 2100  -56.9  601.1    9.2  121.0  444.0  444.0
2018 285 10 12 0000  -60.1  601.0    5.5  132.0  444.0  444.0
2018 285 10 12 0300  -60.5  600.9    4.7  128.0  444.0  444.0
2018 285 10 12 0600  -55.5  600.1    4.5  127.0  444.0  444.0
2018 285 10 12 0900  -52.0  599.5    5.8  118.0  444.0  444.0
2018 285 10 12 1200  -50.2  599.3    5.5  105.0  444.0  444.0
2018 285 10 12 1500  -52.1  599.4    5.8   89.0  444.0  444.0
2018 285 10 12 1800  -58.5  599.8    6.0   86.0  444.0  444.0
2018 285 10 12 2100  -61.1  600.3    6.4   83.0  444.0  444.0
2018 286 10 13 0000  -61.4  600.6    6.2   73.0  444.0  444.0
2018 286 10 13 0300  -61.8  600.9    5.7   91.0  444.0  444.0
2018 286 10 13 0600  -57.0  601.1    7.6   91.0  444.0  444.0
2018 286 10 13 0900  -50.2  601.7    7.8   77.0  444.0  444.0
2018 286 10 13 1200  -47.4  601.9    8.8   75.0  444.0  444.0
2018 286 10 13 1500  -49.0  602.3    6.8   80.0  444.0  444.0
2018 286 10 13 1800  -54.6  602.6  444.0  444.0  444.0  444.0
2018 286 10 13 2100  -56.8  602.7  444.0  444.0  444.0  444.0
2018 287 10 14 0000  -60.0  602.3  444.0  444.0  444.0  444.0
2018 287 10 14 0300  -56.8  602.0    5.3   93.0  444.0  444.0
2018 287 10 14 0600  -52.2  601.5    8.0   98.0  444.0  444.0
2018 287 10 14 0900  -47.5  601.0    8.0   97.0  444.0  444.0
2018 287 10 14 1200  -45.4  600.4    7.2   93.0  444.0  444.0
2018 287 10 14 1500  -47.9  600.3    6.0   93.0  444.0  444.0
2018 287 10 14 1800  -55.2  599.9  444.0  444.0  444.0  444.0
2018 287 10 14 2100  -60.6  600.1  444.0  444.0  444.0  444.0
2018 288 10 15 0000  -63.2  600.2  444.0  444.0  444.0  444.0
2018 288 10 15 0300  -62.0  600.4  444.0  444.0  444.0  444.0
2018 288 10 15 0600  -55.8  600.8  444.0  444.0  444.0  444.0
2018 288 10 15 0900  -49.8  601.4  444.0  444.0  444.0  444.0
2018 288 10 15 1200  -48.1  602.1  444.0  444.0  444.0  444.0
2018 288 10 15 1500  -46.2  602.4  444.0  444.0  444.0  444.0
2018 288 10 15 1800  -57.2  602.9  444.0  444.0  444.0  444.0
2018 288 10 15 2100  -59.2  603.3  444.0  444.0  444.0  444.0
2018 289 10 16 0000  -55.8  603.5  444.0  444.0  444.0  444.0
2018 289 10 16 0300  444.0  603.7  444.0  444.0  444.0  444.0
2018 289 10 16 0600  -49.6  604.1  444.0  444.0  444.0  444.0
2018 289 10 16 0900  -45.4  604.4  444.0  444.0  444.0  444.0
2018 289 10 16 1200  -43.5  604.6  444.0  444.0  444.0  444.0
2018 289 10 16 1500  -45.8  604.5  444.0  444.0  444.0  444.0
2018 289 10 16 1800  -55.1  604.6  444.0  444.0  444.0  444.0
2018 289 10 16 2100  -56.8  605.4  444.0  444.0  444.0  444.0
2018 290 10 17 0000  -54.0  605.9  444.0  444.0  444.0  444.0
2018 290 10 17 0300  444.0  606.6  444.0  444.0  444.0  444.0
2018 290 10 17 0600  -48.2  607.5  444.0  444.0  444.0  444.0
2018 290 10 17 0900  -47.0  608.8  444.0  444.0  444.0  444.0
2018 290 10 17 1200  -46.6  609.9    3.7   42.0  444.0  444.0
2018 290 10 17 1500  -48.4  610.8    5.7   24.0  444.0  444.0
2018 290 10 17 1800  -47.5  611.4    5.7   25.0  444.0  444.0
2018 290 10 17 2100  -44.8  612.2    8.6   15.0  444.0  444.0
2018 291 10 18 0000  -42.8  612.2   10.1   17.0  444.0  444.0
2018 291 10 18 0300  -41.1  612.6    9.8   21.0  444.0  444.0
2018 291 10 18 0600  -39.5  612.9    9.9   31.0  444.0  444.0
2018 291 10 18 0900  -36.5  613.5   11.5   37.0  444.0  444.0
2018 291 10 18 1200  -35.2  613.3   12.7   52.0  444.0  444.0
2018 291 10 18 1500  -35.6  613.6   11.7   37.0  444.0  444.0
2018 291 10 18 1800  -35.9  614.2    9.8   38.0  444.0  444.0
2018 291 10 18 2100  -36.5  615.2   11.1   39.0  444.0  444.0
2018 292 10 19 0000  -36.1  616.0   11.3   38.0  444.0  444.0
2018 292 10 19 0300  -35.2  616.4   11.5   44.0  444.0  444.0
2018 292 10 19 0600  -33.5  616.4    9.2   56.0  444.0  444.0
2018 292 10 19 0900  -31.6  615.8   11.3   56.0  444.0  444.0
2018 292 10 19 1200  -30.0  615.2   13.5   60.0  444.0  444.0
2018 292 10 19 1500  -31.2  614.5   12.9   52.0  444.0  444.0
2018 292 10 19 1800  -32.2  614.6   10.7   63.0  444.0  444.0
2018 292 10 19 2100  -36.8  614.6    8.6   65.0  444.0  444.0
2018 293 10 20 0000  -39.0  614.8    8.4   63.0  444.0  444.0
2018 293 10 20 0300  -38.8  614.7    9.0   58.0  444.0  444.0
2018 293 10 20 0600  -37.4  615.1    7.4   53.0  444.0  444.0
2018 293 10 20 0900  -35.4  614.7    7.0   59.0  444.0  444.0
2018 293 10 20 1200  -33.8  614.7    6.4   63.0  444.0  444.0
2018 293 10 20 1500  -34.8  613.9    3.9   75.0  444.0  444.0
2018 293 10 20 1800  -42.5  613.1    2.1   73.0  444.0  444.0
2018 293 10 20 2100  -45.0  612.5    3.3   77.0  444.0  444.0
2018 294 10 21 0000  -46.6  611.7    3.7   87.0  444.0  444.0
2018 294 10 21 0300  -45.4  610.6    4.9  100.0  444.0  444.0
2018 294 10 21 0600  -41.5  609.8    5.8  105.0  444.0  444.0
2018 294 10 21 0900  -37.9  609.1    6.4   98.0  444.0  444.0
2018 294 10 21 1200  -35.4  608.7    6.6   97.0  444.0  444.0
2018 294 10 21 1500  -36.9  607.9    6.2   96.0  444.0  444.0
2018 294 10 21 1800  -44.2  607.6    5.5  101.0  444.0  444.0
2018 294 10 21 2100  -48.6  607.4    4.7  103.0  444.0  444.0
2018 295 10 22 0000  -50.5  607.2    4.9  107.0  444.0  444.0
2018 295 10 22 0300  -49.2  607.1    4.3  111.0  444.0  444.0
2018 295 10 22 0600  -44.1  606.9    3.7  111.0  444.0  444.0
2018 295 10 22 0900  -40.9  607.0    4.5  103.0  444.0  444.0
2018 295 10 22 1200  -39.8  607.1    4.7   97.0  444.0  444.0
2018 295 10 22 1500  -41.0  607.5    5.5   82.0  444.0  444.0
2018 295 10 22 1800  -48.4  607.9    4.7   84.0  444.0  444.0
2018 295 10 22 2100  -54.4  608.8    3.7   80.0  444.0  444.0
2018 296 10 23 0000  -54.6  609.1    5.1   68.0  444.0  444.0
2018 296 10 23 0300  -51.9  609.0    5.3   63.0  444.0  444.0
2018 296 10 23 0600  -44.5  609.6    5.7   68.0  444.0  444.0
2018 296 10 23 0900  -38.6  609.7    6.8   65.0  444.0  444.0
2018 296 10 23 1200  -35.1  609.7    5.7   58.0  444.0  444.0
2018 296 10 23 1500  -37.4  610.0    4.5   60.0  444.0  444.0
2018 296 10 23 1800  -45.8  610.0    5.3   65.0  444.0  444.0
2018 296 10 23 2100  -48.6  609.9    5.5   72.0  444.0  444.0
2018 297 10 24 0000  -49.0  610.2    5.3   77.0  444.0  444.0
2018 297 10 24 0300  -47.6  610.1    5.1   82.0  444.0  444.0
2018 297 10 24 0600  -42.4  609.8    5.3   69.0  444.0  444.0
2018 297 10 24 0900  -38.8  610.0    7.2   73.0  444.0  444.0
2018 297 10 24 1200  -36.5  610.1    6.0   77.0  444.0  444.0
2018 297 10 24 1500  -38.0  610.1    4.7  100.0  444.0  444.0
2018 297 10 24 1800  -46.9  610.0    3.7  112.0  444.0  444.0
2018 297 10 24 2100  -53.8  610.2    3.9  112.0  444.0  444.0
2018 298 10 25 0000  -56.8  610.3    2.7  118.0  444.0  444.0
2018 298 10 25 0300  -51.0  610.3    2.9  122.0  444.0  444.0
2018 298 10 25 0600  -41.8  610.5    2.5  134.0  444.0  444.0
2018 298 10 25 0900  -39.9  610.2    5.3  149.0  444.0  444.0
2018 298 10 25 1200  -37.4  610.6    4.5  146.0  444.0  444.0
2018 298 10 25 1500  -38.1  610.6    3.7  165.0  444.0  444.0
2018 298 10 25 1800  -46.5  611.0    3.5  134.0  444.0  444.0
2018 298 10 25 2100  -54.9  611.5    3.1  118.0  444.0  444.0
2018 299 10 26 0000  -56.6  612.0    2.9  111.0  444.0  444.0
2018 299 10 26 0300  -51.9  612.1    3.3  108.0  444.0  444.0
2018 299 10 26 0600  -44.1  612.1    3.7   87.0  444.0  444.0
2018 299 10 26 0900  -39.4  612.2    3.9   80.0  444.0  444.0
2018 299 10 26 1200  -38.5  611.6    4.7   79.0  444.0  444.0
2018 299 10 26 1500  -39.5  611.0    4.9   89.0  444.0  444.0
2018 299 10 26 1800  -47.4  610.5    5.3   80.0  444.0  444.0
2018 299 10 26 2100  -54.8  609.7    5.1   83.0  444.0  444.0
2018 300 10 27 0000  -55.9  609.2    3.7   90.0  444.0  444.0
2018 300 10 27 0300  -52.4  608.5    4.5   90.0  444.0  444.0
2018 300 10 27 0600  -44.2  608.0    4.3   96.0  444.0  444.0
2018 300 10 27 0900  -40.6  607.7    4.7  100.0  444.0  444.0
2018 300 10 27 1200  -38.5  607.5    4.3   96.0  444.0  444.0
2018 300 10 27 1500  -40.5  607.3    4.5  108.0  444.0  444.0
2018 300 10 27 1800  -47.4  607.1    2.7  117.0  444.0  444.0
2018 300 10 27 2100  -56.0  606.9    3.5  110.0  444.0  444.0
2018 301 10 28 0000  -57.5  606.4    3.5  125.0  444.0  444.0
2018 301 10 28 0300  -51.2  605.8    3.1  135.0  444.0  444.0
2018 301 10 28 0600  -43.8  605.1    4.5  128.0  444.0  444.0
2018 301 10 28 0900  -40.2  604.3    5.5  136.0  444.0  444.0
2018 301 10 28 1200  -37.9  603.6    3.9  158.0  444.0  444.0
2018 301 10 28 1500  -38.0  602.7    3.5  159.0  444.0  444.0
2018 301 10 28 1800  -48.2  602.1    4.1  111.0  444.0  444.0
2018 301 10 28 2100  -53.8  601.7    5.3  105.0  444.0  444.0
2018 302 10 29 0000  -58.0  601.5    4.1   96.0  444.0  444.0
2018 302 10 29 0300  -56.6  600.7    5.5   94.0  444.0  444.0
2018 302 10 29 0600  -50.0  600.2    6.4  103.0  444.0  444.0
2018 302 10 29 0900  -46.5  599.8    9.0   94.0  444.0  444.0
2018 302 10 29 1200  -44.2  599.9    7.4   87.0  444.0  444.0
2018 302 10 29 1500  -43.4  599.8    6.4   80.0  444.0  444.0
2018 302 10 29 1800  -49.9  600.0    5.7   73.0  444.0  444.0
2018 302 10 29 2100  -56.4  600.0    5.5   76.0  444.0  444.0
2018 303 10 30 0000  -57.8  600.1    5.5   73.0  444.0  444.0
2018 303 10 30 0300  -51.8  600.3    5.8   59.0  444.0  444.0
2018 303 10 30 0600  -44.8  600.5    6.8   37.0  444.0  444.0
2018 303 10 30 0900  -38.8  600.7    6.0   18.0  444.0  444.0
2018 303 10 30 1200  -36.8  600.9    5.7  360.0  444.0  444.0
2018 303 10 30 1500  -37.4  600.8    4.1  360.0  444.0  444.0
2018 303 10 30 1800  -46.6  600.8    3.5  357.0  444.0  444.0
2018 303 10 30 2100  -49.6  600.4    4.5  333.0  444.0  444.0
2018 304 10 31 0000  -54.0  600.1    3.5  325.0  444.0  444.0
2018 304 10 31 0300  -49.9  599.6    2.9  305.0  444.0  444.0
2018 304 10 31 0600  -42.4  599.5    1.9  305.0  444.0  444.0
2018 304 10 31 0900  -43.5  599.8    1.4  305.0  444.0  444.0
2018 304 10 31 1200  -42.1  599.9    5.5  212.0  444.0  444.0
2018 304 10 31 1500  -44.0  600.5    6.6  212.0  444.0  444.0
2018 304 10 31 1800  -49.8  601.1    5.5  210.0  444.0  444.0
2018 304 10 31 2100  -54.8  601.5    5.5  195.0  444.0  444.0
