Year: 2018  Month: 02  ID: JAS  ARGOS: 30305  Name: JASE2007            
Lat: 75.89S  Lon:  25.84E  Elev: 3661m
2018  32  2  1 0000  -43.6  617.0    2.3   56.0  444.0  444.0
2018  32  2  1 0300  -41.1  616.5    1.0   91.0  444.0  444.0
2018  32  2  1 0600  -34.6  616.5    1.2   84.0  444.0  444.0
2018  32  2  1 0900  -28.8  616.5    2.1   68.0  444.0  444.0
2018  32  2  1 1200  -27.0  616.6    1.6   30.0  444.0  444.0
2018  32  2  1 1500  444.0  616.3    1.0   35.0  444.0  444.0
2018  32  2  1 1800  -32.1  616.5    1.6   41.0  444.0  444.0
2018  32  2  1 2100  -40.2  616.7    1.6   75.0  444.0  444.0
2018  33  2  2 0000  -43.0  616.5    2.5   52.0  444.0  444.0
2018  33  2  2 0300  -42.8  616.3    3.3   49.0  444.0  444.0
2018  33  2  2 0600  -35.9  616.3    3.5   55.0  444.0  444.0
2018  33  2  2 0900  -31.0  616.7    5.5   25.0  444.0  444.0
2018  33  2  2 1200  -29.9  616.6    6.4   32.0  444.0  444.0
2018  33  2  2 1500  -29.2  616.5    5.5   24.0  444.0  444.0
2018  33  2  2 1800  -33.1  616.7    3.1   45.0  444.0  444.0
2018  33  2  2 2100  -40.4  617.0    2.9   52.0  444.0  444.0
2018  34  2  3 0000  -42.8  616.9    3.1   52.0  444.0  444.0
2018  34  2  3 0300  -42.2  616.6    2.9   68.0  444.0  444.0
2018  34  2  3 0600  -37.8  616.8    3.9   72.0  444.0  444.0
2018  34  2  3 0900  -33.1  616.7    4.9   53.0  444.0  444.0
2018  34  2  3 1200  -30.2  616.3    4.7   60.0  444.0  444.0
2018  34  2  3 1500  -31.4  615.6    5.3   66.0  444.0  444.0
2018  34  2  3 1800  -35.2  615.6    4.7   75.0  444.0  444.0
2018  34  2  3 2100  -38.9  615.7    5.8   68.0  444.0  444.0
2018  35  2  4 0000  -39.1  615.7    5.8   75.0  444.0  444.0
2018  35  2  4 0300  -37.5  615.9    5.3   60.0  444.0  444.0
2018  35  2  4 0600  -32.0  616.3    6.0   53.0  444.0  444.0
2018  35  2  4 0900  -29.4  617.3    6.6   60.0  444.0  444.0
2018  35  2  4 1200  -26.4  617.9    7.8   55.0  444.0  444.0
2018  35  2  4 1500  -26.1  618.3    9.0   75.0  444.0  444.0
2018  35  2  4 1800  -26.6  619.2    8.2   66.0  444.0  444.0
2018  35  2  4 2100  -28.8  619.4    9.2   69.0  444.0  444.0
2018  36  2  5 0000  -29.0  619.4    8.0   79.0  444.0  444.0
2018  36  2  5 0300  -27.9  619.4    8.2   65.0  444.0  444.0
2018  36  2  5 0600  -24.2  619.6   11.7   53.0  444.0  444.0
2018  36  2  5 0900  -22.9  620.2   15.6   48.0  444.0  444.0
2018  36  2  5 1200  -22.5  621.1   11.9   51.0  444.0  444.0
2018  36  2  5 1500  -22.9  621.7   11.3   35.0  444.0  444.0
2018  36  2  5 1800  -26.1  622.7    9.2   30.0  444.0  444.0
2018  36  2  5 2100  -32.6  624.1    5.8   56.0  444.0  444.0
2018  37  2  6 0000  -34.0  624.8    4.9   58.0  444.0  444.0
2018  37  2  6 0300  -33.1  625.2    5.5   75.0  444.0  444.0
2018  37  2  6 0600  -29.0  625.2    4.9   75.0  444.0  444.0
2018  37  2  6 0900  -27.4  624.6    4.9   97.0  444.0  444.0
2018  37  2  6 1200  -26.2  623.1    5.7  114.0  444.0  444.0
2018  37  2  6 1500  -26.6  621.4    5.5  110.0  444.0  444.0
2018  37  2  6 1800  -29.2  619.5    5.3  118.0  444.0  444.0
2018  37  2  6 2100  -35.8  618.0    3.5  115.0  444.0  444.0
2018  38  2  7 0000  -39.1  615.9    4.3  124.0  444.0  444.0
2018  38  2  7 0300  -39.2  613.7    4.5  131.0  444.0  444.0
2018  38  2  7 0600  -34.5  612.4    4.7  107.0  444.0  444.0
2018  38  2  7 0900  -29.9  611.3    6.6  101.0  444.0  444.0
2018  38  2  7 1200  -26.6  610.6    6.2   82.0  444.0  444.0
2018  38  2  7 1500  -26.6  610.3    4.7   63.0  444.0  444.0
2018  38  2  7 1800  -30.4  610.5    2.9   79.0  444.0  444.0
2018  38  2  7 2100  -33.9  611.3    4.5   45.0  444.0  444.0
2018  39  2  8 0000  -34.5  611.8    3.7   30.0  444.0  444.0
2018  39  2  8 0300  -36.1  612.2    3.9   49.0  444.0  444.0
2018  39  2  8 0600  -30.4  612.7    5.1   39.0  444.0  444.0
2018  39  2  8 0900  -27.5  613.4    7.0   37.0  444.0  444.0
2018  39  2  8 1200  -25.9  613.8    6.8   22.0  444.0  444.0
2018  39  2  8 1500  -25.9  613.8    6.2   31.0  444.0  444.0
2018  39  2  8 1800  -30.9  614.0    3.9   35.0  444.0  444.0
2018  39  2  8 2100  -34.4  613.8    3.9   44.0  444.0  444.0
2018  40  2  9 0000  -37.4  613.5    3.9   37.0  444.0  444.0
2018  40  2  9 0300  -35.8  612.4    1.4   30.0  444.0  444.0
2018  40  2  9 0600  -27.5  611.6    3.3   72.0  444.0  444.0
2018  40  2  9 0900  -29.9  610.7    3.9  112.0  444.0  444.0
2018  40  2  9 1200  -29.6  609.6    4.1  134.0  444.0  444.0
2018  40  2  9 1500  -31.1  608.6    4.3  128.0  444.0  444.0
2018  40  2  9 1800  -35.9  608.5    3.1  146.0  444.0  444.0
2018  40  2  9 2100  -42.2  608.4    3.1  132.0  444.0  444.0
2018  41  2 10 0000  -45.9  608.0    2.5  117.0  444.0  444.0
2018  41  2 10 0300  -43.4  607.8    3.9  136.0  444.0  444.0
2018  41  2 10 0600  -39.5  607.8    3.1  127.0  444.0  444.0
2018  41  2 10 0900  -35.8  607.9    3.5  118.0  444.0  444.0
2018  41  2 10 1200  -32.4  608.1    2.5  122.0  444.0  444.0
2018  41  2 10 1500  -32.9  608.1    2.7  141.0  444.0  444.0
2018  41  2 10 1800  -40.4  608.6    2.9  120.0  444.0  444.0
2018  41  2 10 2100  -45.9  609.1    2.5  115.0  444.0  444.0
2018  42  2 11 0000  -49.2  609.5    2.1  100.0  444.0  444.0
2018  42  2 11 0300  -48.2  609.4    3.1  104.0  444.0  444.0
2018  42  2 11 0600  -41.6  609.4    2.3   96.0  444.0  444.0
2018  42  2 11 0900  -37.4  609.1    3.5   86.0  444.0  444.0
2018  42  2 11 1200  -33.5  608.8    4.7   77.0  444.0  444.0
2018  42  2 11 1500  -35.0  607.8    4.1  105.0  444.0  444.0
2018  42  2 11 1800  -40.0  607.4    3.7  112.0  444.0  444.0
2018  42  2 11 2100  -45.1  606.9    4.7  101.0  444.0  444.0
2018  43  2 12 0000  -47.1  606.5    4.3   91.0  444.0  444.0
2018  43  2 12 0300  -45.6  606.2    5.8   93.0  444.0  444.0
2018  43  2 12 0600  -40.4  606.0    7.8   80.0  444.0  444.0
2018  43  2 12 0900  -36.8  606.0    8.4   49.0  444.0  444.0
2018  43  2 12 1200  -33.9  606.2    8.0   39.0  444.0  444.0
2018  43  2 12 1500  -32.4  606.9    5.8   11.0  444.0  444.0
2018  43  2 12 1800  -37.8  607.6    4.9    7.0  444.0  444.0
2018  43  2 12 2100  -38.6  609.0    5.7  357.0  444.0  444.0
2018  44  2 13 0000  -44.0  610.2    4.5  354.0  444.0  444.0
2018  44  2 13 0300  -43.2  610.8    4.5  342.0  444.0  444.0
2018  44  2 13 0600  -38.5  612.1    2.5  336.0  444.0  444.0
2018  44  2 13 0900  -33.1  612.9    2.1  343.0  444.0  444.0
2018  44  2 13 1200  -29.8  613.4    1.9  322.0  444.0  444.0
2018  44  2 13 1500  444.0  613.1    0.0  350.0  444.0  444.0
2018  44  2 13 1800  -37.9  612.9    1.6  108.0  444.0  444.0
2018  44  2 13 2100  -44.9  612.7    1.6  136.0  444.0  444.0
2018  45  2 14 0000  -46.0  611.7    2.7  134.0  444.0  444.0
2018  45  2 14 0300  -44.8  611.1    3.1  139.0  444.0  444.0
2018  45  2 14 0600  -38.9  610.5    5.3  118.0  444.0  444.0
2018  45  2 14 0900  -35.0  610.1    5.5  111.0  444.0  444.0
2018  45  2 14 1200  -33.8  609.4    5.3  105.0  444.0  444.0
2018  45  2 14 1500  -34.1  609.0    4.5   98.0  444.0  444.0
2018  45  2 14 1800  -38.6  608.8    5.5  100.0  444.0  444.0
2018  45  2 14 2100  -44.8  608.8    4.3   89.0  444.0  444.0
2018  46  2 15 0000  -47.6  608.9    3.7   94.0  444.0  444.0
2018  46  2 15 0300  -47.5  608.9    3.5   97.0  444.0  444.0
2018  46  2 15 0600  -41.9  609.0    4.1   93.0  444.0  444.0
2018  46  2 15 0900  -37.1  609.4    4.5   76.0  444.0  444.0
2018  46  2 15 1200  -33.9  609.9    4.5   69.0  444.0  444.0
2018  46  2 15 1500  -34.1  610.2    5.3   76.0  444.0  444.0
2018  46  2 15 1800  -39.8  611.1    3.7   83.0  444.0  444.0
2018  46  2 15 2100  -46.2  611.8    3.7   76.0  444.0  444.0
2018  47  2 16 0000  -49.2  612.5    3.1   79.0  444.0  444.0
2018  47  2 16 0300  -47.2  612.9    3.3   77.0  444.0  444.0
2018  47  2 16 0600  -41.9  613.4    4.1   73.0  444.0  444.0
2018  47  2 16 0900  -37.9  614.2    4.7   55.0  444.0  444.0
2018  47  2 16 1200  -34.1  614.8    3.1   41.0  444.0  444.0
2018  47  2 16 1500  -33.2  615.1    2.1   55.0  444.0  444.0
2018  47  2 16 1800  -40.9  615.5    1.9   70.0  444.0  444.0
2018  47  2 16 2100  -48.1  615.8    2.3   52.0  444.0  444.0
2018  48  2 17 0000  -50.0  615.6    2.5   45.0  444.0  444.0
2018  48  2 17 0300  -48.2  615.2    2.1   53.0  444.0  444.0
2018  48  2 17 0600  -41.1  614.9    1.4   44.0  444.0  444.0
2018  48  2 17 0900  -37.4  614.4    1.8   17.0  444.0  444.0
2018  48  2 17 1200  -34.4  613.7    1.6   11.0  444.0  444.0
2018  48  2 17 1500  -34.6  612.8    1.2   34.0  444.0  444.0
2018  48  2 17 1800  -41.1  611.7    1.6   41.0  444.0  444.0
2018  48  2 17 2100  -47.6  611.1    2.5   76.0  444.0  444.0
2018  49  2 18 0000  -51.0  609.8    2.1   48.0  444.0  444.0
2018  49  2 18 0300  -47.8  609.0    1.6   75.0  444.0  444.0
2018  49  2 18 0600  -42.6  608.2    2.5   52.0  444.0  444.0
2018  49  2 18 0900  -38.5  607.7    2.5   45.0  444.0  444.0
2018  49  2 18 1200  -35.8  607.4    3.1   41.0  444.0  444.0
2018  49  2 18 1500  -37.9  606.7    3.5   45.0  444.0  444.0
2018  49  2 18 1800  -42.4  606.5    3.7   39.0  444.0  444.0
2018  49  2 18 2100  -45.8  606.5    3.5   25.0  444.0  444.0
2018  50  2 19 0000  -49.5  606.3    2.7   17.0  444.0  444.0
2018  50  2 19 0300  -49.4  606.3    2.7    4.0  444.0  444.0
2018  50  2 19 0600  -44.1  606.3    2.3   14.0  444.0  444.0
2018  50  2 19 0900  -40.2  606.3    2.5   13.0  444.0  444.0
2018  50  2 19 1200  -39.0  606.3    2.3   25.0  444.0  444.0
2018  50  2 19 1500  -38.2  606.3    1.9   41.0  444.0  444.0
2018  50  2 19 1800  -45.9  606.3    2.3   45.0  444.0  444.0
2018  50  2 19 2100  -52.5  606.6    2.7   58.0  444.0  444.0
2018  51  2 20 0000  -55.5  606.5    2.1   63.0  444.0  444.0
2018  51  2 20 0300  -53.4  606.4    2.3   83.0  444.0  444.0
2018  51  2 20 0600  -47.8  606.2    4.5   79.0  444.0  444.0
2018  51  2 20 0900  -43.2  606.1    4.3   65.0  444.0  444.0
2018  51  2 20 1200  -39.5  605.9    3.9   63.0  444.0  444.0
2018  51  2 20 1500  -40.1  605.7    5.7   65.0  444.0  444.0
2018  51  2 20 1800  -46.2  605.9    3.9   59.0  444.0  444.0
2018  51  2 20 2100  -48.2  606.3    5.1   49.0  444.0  444.0
2018  52  2 21 0000  -48.9  606.8    5.1   46.0  444.0  444.0
2018  52  2 21 0300  -49.5  607.3    4.3   44.0  444.0  444.0
2018  52  2 21 0600  -45.0  608.3    5.1   37.0  444.0  444.0
2018  52  2 21 0900  -41.1  609.5    3.9   17.0  444.0  444.0
2018  52  2 21 1200  -39.0  610.5    3.7  360.0  444.0  444.0
2018  52  2 21 1500  -38.6  611.7    2.1  360.0  444.0  444.0
2018  52  2 21 1800  -45.9  612.8    2.1  360.0  444.0  444.0
2018  52  2 21 2100  -49.6  614.2    2.3   13.0  444.0  444.0
2018  53  2 22 0000  -46.4  614.6    0.0  347.0  444.0  444.0
2018  53  2 22 0300  -49.8  615.0    1.8  120.0  444.0  444.0
2018  53  2 22 0600  -45.4  615.5    2.1   98.0  444.0  444.0
2018  53  2 22 0900  -41.8  615.7    4.1   97.0  444.0  444.0
2018  53  2 22 1200  -39.2  615.8    5.1   84.0  444.0  444.0
2018  53  2 22 1500  -39.8  615.3    4.9   76.0  444.0  444.0
2018  53  2 22 1800  -45.1  615.2    5.3   86.0  444.0  444.0
2018  53  2 22 2100  -49.2  614.8    4.9   77.0  444.0  444.0
2018  54  2 23 0000  -50.1  614.5    5.3   75.0  444.0  444.0
2018  54  2 23 0300  -49.8  614.0    3.9   83.0  444.0  444.0
2018  54  2 23 0600  -45.4  613.5    4.7   76.0  444.0  444.0
2018  54  2 23 0900  -41.1  613.3    6.0   68.0  444.0  444.0
2018  54  2 23 1200  -38.5  612.6    4.7   63.0  444.0  444.0
2018  54  2 23 1500  -39.8  612.0    4.5   68.0  444.0  444.0
2018  54  2 23 1800  -45.0  611.8    3.7   80.0  444.0  444.0
2018  54  2 23 2100  -50.4  611.5    3.7   82.0  444.0  444.0
2018  55  2 24 0000  -53.5  611.3    1.9   73.0  444.0  444.0
2018  55  2 24 0300  -51.4  610.6    5.3   73.0  444.0  444.0
2018  55  2 24 0600  -46.6  610.7    5.5   63.0  444.0  444.0
2018  55  2 24 0900  -41.2  610.7    7.0   51.0  444.0  444.0
2018  55  2 24 1200  -39.0  610.7    5.7   52.0  444.0  444.0
2018  55  2 24 1500  -40.4  610.7    4.3   45.0  444.0  444.0
2018  55  2 24 1800  -46.9  610.7    4.1   72.0  444.0  444.0
2018  55  2 24 2100  -52.8  610.7    3.5   63.0  444.0  444.0
2018  56  2 25 0000  -54.2  610.3    2.3   80.0  444.0  444.0
2018  56  2 25 0300  -51.6  609.8    3.5   82.0  444.0  444.0
2018  56  2 25 0600  -46.9  609.3    1.8   96.0  444.0  444.0
2018  56  2 25 0900  -43.0  608.8    4.5   80.0  444.0  444.0
2018  56  2 25 1200  -39.5  608.5    2.3  111.0  444.0  444.0
2018  56  2 25 1500  -42.1  608.0    2.3  114.0  444.0  444.0
2018  56  2 25 1800  -47.2  607.6    2.1  120.0  444.0  444.0
2018  56  2 25 2100  -52.0  607.2    2.5   96.0  444.0  444.0
2018  57  2 26 0000  -54.5  606.9    3.3   89.0  444.0  444.0
2018  57  2 26 0300  -53.4  606.5    2.3   93.0  444.0  444.0
2018  57  2 26 0600  -48.1  606.7    2.3  100.0  444.0  444.0
2018  57  2 26 0900  -43.0  606.5    3.3   98.0  444.0  444.0
2018  57  2 26 1200  -40.9  606.5    3.9   83.0  444.0  444.0
2018  57  2 26 1500  -41.9  606.6    3.9   76.0  444.0  444.0
2018  57  2 26 1800  -48.0  606.8    3.3   89.0  444.0  444.0
2018  57  2 26 2100  -51.2  607.0    4.5   86.0  444.0  444.0
2018  58  2 27 0000  -54.0  606.9    3.3  104.0  444.0  444.0
2018  58  2 27 0300  -52.4  606.6    5.7   94.0  444.0  444.0
2018  58  2 27 0600  -49.5  606.8    4.1   90.0  444.0  444.0
2018  58  2 27 0900  -44.1  606.6    6.0   94.0  444.0  444.0
2018  58  2 27 1200  -40.2  606.6    5.5   87.0  444.0  444.0
2018  58  2 27 1500  -41.2  606.2    6.6   91.0  444.0  444.0
2018  58  2 27 1800  -46.0  606.5    6.4   90.0  444.0  444.0
2018  58  2 27 2100  -50.4  606.6    5.7   94.0  444.0  444.0
2018  59  2 28 0000  -52.1  606.7    5.1   89.0  444.0  444.0
2018  59  2 28 0300  -52.5  606.4    5.8  101.0  444.0  444.0
2018  59  2 28 0600  -48.0  606.4    5.7   94.0  444.0  444.0
2018  59  2 28 0900  -44.2  606.6    6.2   86.0  444.0  444.0
2018  59  2 28 1200  -41.1  606.5    7.8   86.0  444.0  444.0
2018  59  2 28 1500  -41.9  606.9    5.1   76.0  444.0  444.0
2018  59  2 28 1800  -48.6  607.3    4.5   73.0  444.0  444.0
2018  59  2 28 2100  -53.6  607.7    2.7   77.0  444.0  444.0
