Year: 2018  Month: 07  ID: JAS  ARGOS: 30305  Name: JASE2007            
Lat: 75.89S  Lon:  25.83E  Elev: 3661m
2018 182  7  1 0000  -57.5  608.5    3.3   76.0  444.0  444.0
2018 182  7  1 0300  -58.8  609.7    2.1   76.0  444.0  444.0
2018 182  7  1 0600  -58.8  610.6  444.0  444.0  444.0  444.0
2018 182  7  1 0900  -63.1  611.7  444.0  444.0  444.0  444.0
2018 182  7  1 1200  -62.0  612.9  444.0  444.0  444.0  444.0
2018 182  7  1 1500  -55.2  613.8  444.0  444.0  444.0  444.0
2018 182  7  1 1800  -61.1  614.7  444.0  444.0  444.0  444.0
2018 182  7  1 2100  -61.6  615.2  444.0  444.0  444.0  444.0
2018 183  7  2 0000  -65.6  615.5  444.0  444.0  444.0  444.0
2018 183  7  2 0300  -65.2  615.6  444.0  444.0  444.0  444.0
2018 183  7  2 0600  -63.5  615.5    4.3  186.0  444.0  444.0
2018 183  7  2 0900  -62.6  614.3    3.5  166.0  444.0  444.0
2018 183  7  2 1200  -63.0  613.0    3.3  163.0  444.0  444.0
2018 183  7  2 1500  -67.8  611.6    2.9  169.0  444.0  444.0
2018 183  7  2 1800  -62.5  610.1    3.9  150.0  444.0  444.0
2018 183  7  2 2100  -62.8  608.5    4.1  131.0  444.0  444.0
2018 184  7  3 0000  -61.6  607.0    6.0  131.0  444.0  444.0
2018 184  7  3 0300  -61.8  605.2    5.3  124.0  444.0  444.0
2018 184  7  3 0600  -62.4  603.9    5.5  121.0  444.0  444.0
2018 184  7  3 0900  -63.0  602.6    4.7  120.0  444.0  444.0
2018 184  7  3 1200  -61.8  601.0    6.0  127.0  444.0  444.0
2018 184  7  3 1500  -60.6  599.4    5.7  108.0  444.0  444.0
2018 184  7  3 1800  -62.4  597.8    5.1  117.0  444.0  444.0
2018 184  7  3 2100  -62.1  596.5    4.9  103.0  444.0  444.0
2018 185  7  4 0000  -63.0  595.2    4.9   93.0  444.0  444.0
2018 185  7  4 0300  -60.6  594.1    5.3   97.0  444.0  444.0
2018 185  7  4 0600  -57.6  593.7    7.0   66.0  444.0  444.0
2018 185  7  4 0900  -57.2  593.5    7.4   55.0  444.0  444.0
2018 185  7  4 1200  -57.1  593.5    4.9   65.0  444.0  444.0
2018 185  7  4 1500  -58.1  593.1    5.3   56.0  444.0  444.0
2018 185  7  4 1800  -57.1  593.0    5.3   49.0  444.0  444.0
2018 185  7  4 2100  -55.9  592.8    6.4   42.0  444.0  444.0
2018 186  7  5 0000  -57.2  592.8    5.5   44.0  444.0  444.0
2018 186  7  5 0300  -56.1  592.9    5.5   35.0  444.0  444.0
2018 186  7  5 0600  -58.2  593.0    5.3   37.0  444.0  444.0
2018 186  7  5 0900  -59.1  593.2    4.7   52.0  444.0  444.0
2018 186  7  5 1200  -57.6  593.2    4.5   58.0  444.0  444.0
2018 186  7  5 1500  -58.9  592.8    4.9   65.0  444.0  444.0
2018 186  7  5 1800  -61.9  592.5    4.1   77.0  444.0  444.0
2018 186  7  5 2100  -61.5  592.2    4.7   58.0  444.0  444.0
2018 187  7  6 0000  -60.8  591.9    4.5   59.0  444.0  444.0
2018 187  7  6 0300  -62.6  591.5    4.3   58.0  444.0  444.0
2018 187  7  6 0600  -66.6  591.3    3.3   58.0  444.0  444.0
2018 187  7  6 0900  -68.2  591.6    2.9   69.0  444.0  444.0
2018 187  7  6 1200  -69.5  591.6    2.1   72.0  444.0  444.0
2018 187  7  6 1500  -71.4  592.3    1.9   72.0  444.0  444.0
2018 187  7  6 1800  -72.0  592.8    1.6   75.0  444.0  444.0
2018 187  7  6 2100  -67.8  593.4    0.6   63.0  444.0  444.0
2018 188  7  7 0000  -66.6  594.2    1.0   89.0  444.0  444.0
2018 188  7  7 0300  -63.6  594.9    1.2  142.0  444.0  444.0
2018 188  7  7 0600  -62.9  595.8    2.1  143.0  444.0  444.0
2018 188  7  7 0900  -63.6  596.5    2.9  131.0  444.0  444.0
2018 188  7  7 1200  -67.5  596.9    2.7  129.0  444.0  444.0
2018 188  7  7 1500  -69.4  597.3    2.3  120.0  444.0  444.0
2018 188  7  7 1800  -65.4  597.5    3.3   96.0  444.0  444.0
2018 188  7  7 2100  -64.0  597.5    3.1   82.0  444.0  444.0
2018 189  7  8 0000  -60.2  597.6    4.7   75.0  444.0  444.0
2018 189  7  8 0300  -58.0  597.1    4.3   49.0  444.0  444.0
2018 189  7  8 0600  -57.2  597.0    5.8   45.0  444.0  444.0
2018 189  7  8 0900  -55.4  596.9    5.8   34.0  444.0  444.0
2018 189  7  8 1200  -54.5  597.0    5.7   41.0  444.0  444.0
2018 189  7  8 1500  -54.4  596.7    6.4   38.0  444.0  444.0
2018 189  7  8 1800  -53.8  596.5    7.2   41.0  444.0  444.0
2018 189  7  8 2100  -52.9  596.4    6.4   42.0  444.0  444.0
2018 190  7  9 0000  -56.1  596.4    5.3   49.0  444.0  444.0
2018 190  7  9 0300  -55.4  595.9    4.9   52.0  444.0  444.0
2018 190  7  9 0600  -55.9  595.7    5.5   48.0  444.0  444.0
2018 190  7  9 0900  -58.1  595.5    4.5   58.0  444.0  444.0
2018 190  7  9 1200  -60.4  595.1    4.3   77.0  444.0  444.0
2018 190  7  9 1500  -63.6  594.3    4.5   77.0  444.0  444.0
2018 190  7  9 1800  -63.1  593.6    3.9   68.0  444.0  444.0
2018 190  7  9 2100  -66.4  593.0    3.3   68.0  444.0  444.0
2018 191  7 10 0000  -69.5  592.6    2.9   73.0  444.0  444.0
2018 191  7 10 0300  -70.2  591.5    3.5   80.0  444.0  444.0
2018 191  7 10 0600  -73.5  590.7    2.9   83.0  444.0  444.0
2018 191  7 10 0900  -73.1  589.9    3.1   86.0  444.0  444.0
2018 191  7 10 1200  -73.8  589.1    2.5   86.0  444.0  444.0
2018 191  7 10 1500  -74.1  588.5    2.5   87.0  444.0  444.0
2018 191  7 10 1800  -74.8  587.8    2.9   89.0  444.0  444.0
2018 191  7 10 2100  -75.0  587.7  444.0  444.0  444.0  444.0
2018 192  7 11 0000  -74.5  587.8  444.0  444.0  444.0  444.0
2018 192  7 11 0300  -73.2  587.9  444.0  444.0  444.0  444.0
2018 192  7 11 0600  -75.9  588.3  444.0  444.0  444.0  444.0
2018 192  7 11 0900  -76.6  589.1  444.0  444.0  444.0  444.0
2018 192  7 11 1200  -78.0  589.8  444.0  444.0  444.0  444.0
2018 192  7 11 1500  -77.1  590.6  444.0  444.0  444.0  444.0
2018 192  7 11 1800  -72.4  591.6    2.1   94.0  444.0  444.0
2018 192  7 11 2100  -69.4  592.0    2.1   77.0  444.0  444.0
2018 193  7 12 0000  -68.6  592.9    1.9   84.0  444.0  444.0
2018 193  7 12 0300  -71.1  593.8    1.2  100.0  444.0  444.0
2018 193  7 12 0600  -75.1  595.3    1.4  163.0  444.0  444.0
2018 193  7 12 0900  -74.6  596.8  444.0  444.0  444.0  444.0
2018 193  7 12 1200  -74.5  597.6  444.0  444.0  444.0  444.0
2018 193  7 12 1500  -75.1  598.1  444.0  444.0  444.0  444.0
2018 193  7 12 1800  -74.8  598.5  444.0  444.0  444.0  444.0
2018 193  7 12 2100  -73.1  597.9  444.0  444.0  444.0  444.0
2018 194  7 13 0000  -70.9  596.9  444.0  444.0  444.0  444.0
2018 194  7 13 0300  -62.5  595.7  444.0  444.0  444.0  444.0
2018 194  7 13 0600  -64.5  594.5  444.0  444.0  444.0  444.0
2018 194  7 13 0900  -70.0  593.4  444.0  444.0  444.0  444.0
2018 194  7 13 1200  -67.2  592.5  444.0  444.0  444.0  444.0
2018 194  7 13 1500  -64.6  591.4  444.0  444.0  444.0  444.0
2018 194  7 13 1800  -65.6  590.4  444.0  444.0  444.0  444.0
2018 194  7 13 2100  -70.1  589.3  444.0  444.0  444.0  444.0
2018 195  7 14 0000  -73.1  589.1  444.0  444.0  444.0  444.0
2018 195  7 14 0300  -74.1  588.5  444.0  444.0  444.0  444.0
2018 195  7 14 0600  -76.6  588.8  444.0  444.0  444.0  444.0
2018 195  7 14 0900  -78.0  588.9  444.0  444.0  444.0  444.0
2018 195  7 14 1200  -78.0  589.2  444.0  444.0  444.0  444.0
2018 195  7 14 1500  -77.8  589.6    2.1   91.0  444.0  444.0
2018 195  7 14 1800  -77.5  590.2    1.9   91.0  444.0  444.0
2018 195  7 14 2100  -75.9  590.9    1.2   93.0  444.0  444.0
2018 196  7 15 0000  -75.4  591.3    1.2  105.0  444.0  444.0
2018 196  7 15 0300  -73.6  591.5    1.8  105.0  444.0  444.0
2018 196  7 15 0600  -69.8  592.3    2.1  162.0  444.0  444.0
2018 196  7 15 0900  -62.2  592.7    2.7  204.0  444.0  444.0
2018 196  7 15 1200  -63.5  593.7    1.4  200.0  444.0  444.0
2018 196  7 15 1500  -62.9  595.1    0.6  200.0  444.0  444.0
2018 196  7 15 1800  -65.9  596.6    4.3   46.0  444.0  444.0
2018 196  7 15 2100  -69.8  598.1    3.9   25.0  444.0  444.0
2018 197  7 16 0000  -67.4  599.1    3.7   51.0  444.0  444.0
2018 197  7 16 0300  -62.2  600.0    3.5   35.0  444.0  444.0
2018 197  7 16 0600  -62.0  601.1    3.9   42.0  444.0  444.0
2018 197  7 16 0900  -60.8  602.0    3.7   38.0  444.0  444.0
2018 197  7 16 1200  -63.0  603.0    3.7   44.0  444.0  444.0
2018 197  7 16 1500  -65.4  604.1    3.1   32.0  444.0  444.0
2018 197  7 16 1800  -63.1  605.0    2.7   10.0  444.0  444.0
2018 197  7 16 2100  -70.0  606.0  444.0  444.0  444.0  444.0
2018 198  7 17 0000  -64.0  606.7  444.0  444.0  444.0  444.0
2018 198  7 17 0300  -60.5  607.2  444.0  444.0  444.0  444.0
2018 198  7 17 0600  -62.0  607.4  444.0  444.0  444.0  444.0
2018 198  7 17 0900  -54.8  607.0  444.0  444.0  444.0  444.0
2018 198  7 17 1200  -70.8  606.1    3.1   91.0  444.0  444.0
2018 198  7 17 1500  -70.6  605.0    3.7  108.0  444.0  444.0
2018 198  7 17 1800  -69.0  603.4    2.9   18.0  444.0  444.0
2018 198  7 17 2100  -69.0  602.0    5.1  110.0  444.0  444.0
2018 199  7 18 0000  -69.1  600.7    4.7  107.0  444.0  444.0
2018 199  7 18 0300  -67.2  598.6    5.3  118.0  444.0  444.0
2018 199  7 18 0600  -68.4  596.9    4.7  124.0  444.0  444.0
2018 199  7 18 0900  -67.6  595.8    4.5  115.0  444.0  444.0
2018 199  7 18 1200  -67.6  594.8    4.5  127.0  444.0  444.0
2018 199  7 18 1500  -65.9  594.2    4.9  125.0  444.0  444.0
2018 199  7 18 1800  -65.5  594.0    4.3  112.0  444.0  444.0
2018 199  7 18 2100  -68.4  594.1    3.9  111.0  444.0  444.0
2018 200  7 19 0000  -69.5  594.2    4.9  107.0  444.0  444.0
2018 200  7 19 0300  -72.0  594.7    4.3  114.0  444.0  444.0
2018 200  7 19 0600  -73.6  595.1    4.5  100.0  444.0  444.0
2018 200  7 19 0900  -74.2  596.0    3.3  100.0  444.0  444.0
2018 200  7 19 1200  -73.6  596.8    3.7   98.0  444.0  444.0
2018 200  7 19 1500  -74.5  597.6    3.3  103.0  444.0  444.0
2018 200  7 19 1800  -75.5  598.4    2.3  104.0  444.0  444.0
2018 200  7 19 2100  -74.6  599.1    2.3  100.0  444.0  444.0
2018 201  7 20 0000  -75.8  599.4  444.0  444.0  444.0  444.0
2018 201  7 20 0300  -75.9  599.5  444.0  444.0  444.0  444.0
2018 201  7 20 0600  -76.4  599.7  444.0  444.0  444.0  444.0
2018 201  7 20 0900  -75.6  599.7    2.3  101.0  444.0  444.0
2018 201  7 20 1200  -76.6  599.8    2.1  101.0  444.0  444.0
2018 201  7 20 1500  -76.4  599.8    2.3  100.0  444.0  444.0
2018 201  7 20 1800  -76.0  599.4    2.7   98.0  444.0  444.0
2018 201  7 20 2100  -72.0  599.1    2.1   75.0  444.0  444.0
2018 202  7 21 0000  -68.0  599.1    2.3   76.0  444.0  444.0
2018 202  7 21 0300  -69.5  598.8    2.7   72.0  444.0  444.0
2018 202  7 21 0600  -68.5  598.7    2.1   76.0  444.0  444.0
2018 202  7 21 0900  -74.5  598.8    2.7   72.0  444.0  444.0
2018 202  7 21 1200  -75.9  598.9    1.2   94.0  444.0  444.0
2018 202  7 21 1500  -76.5  599.1    2.3  103.0  444.0  444.0
2018 202  7 21 1800  -75.1  599.1    2.5  101.0  444.0  444.0
2018 202  7 21 2100  -76.4  599.2    2.1  103.0  444.0  444.0
2018 203  7 22 0000  -76.5  599.4    2.3  103.0  444.0  444.0
2018 203  7 22 0300  -75.5  600.0    2.3   98.0  444.0  444.0
2018 203  7 22 0600  -74.4  600.8    2.5  104.0  444.0  444.0
2018 203  7 22 0900  -73.5  601.3    2.5  105.0  444.0  444.0
2018 203  7 22 1200  -71.5  601.4    3.1  108.0  444.0  444.0
2018 203  7 22 1500  -72.8  601.9    1.6  127.0  444.0  444.0
2018 203  7 22 1800  -73.2  601.6    2.3  134.0  444.0  444.0
2018 203  7 22 2100  -71.8  601.7    2.1  150.0  444.0  444.0
2018 204  7 23 0000  -75.0  601.5    1.2  150.0  444.0  444.0
2018 204  7 23 0300  -75.0  601.1    1.9  156.0  444.0  444.0
2018 204  7 23 0600  -71.8  600.8    2.7  153.0  444.0  444.0
2018 204  7 23 0900  -68.8  600.4    3.9  134.0  444.0  444.0
2018 204  7 23 1200  -66.8  600.2    4.5  135.0  444.0  444.0
2018 204  7 23 1500  -67.5  600.2    3.7  136.0  444.0  444.0
2018 204  7 23 1800  -66.5  600.6    3.7  135.0  444.0  444.0
2018 204  7 23 2100  -64.9  601.3    4.3  122.0  444.0  444.0
2018 205  7 24 0000  -64.4  601.9    3.7  125.0  444.0  444.0
2018 205  7 24 0300  -65.9  602.6    4.1  132.0  444.0  444.0
2018 205  7 24 0600  -67.4  603.4    3.5  134.0  444.0  444.0
2018 205  7 24 0900  -66.9  604.3    4.1  122.0  444.0  444.0
2018 205  7 24 1200  -67.6  604.3    3.9  121.0  444.0  444.0
2018 205  7 24 1500  -65.9  604.2    4.9  122.0  444.0  444.0
2018 205  7 24 1800  -64.4  604.1    5.1  112.0  444.0  444.0
2018 205  7 24 2100  -62.4  603.9    6.4  107.0  444.0  444.0
2018 206  7 25 0000  -57.8  604.0    7.6  104.0  444.0  444.0
2018 206  7 25 0300  -58.1  604.7    6.2   93.0  444.0  444.0
2018 206  7 25 0600  -57.5  605.6    7.2   89.0  444.0  444.0
2018 206  7 25 0900  -53.2  606.8    9.0   87.0  444.0  444.0
2018 206  7 25 1200  -55.2  608.2    7.0   91.0  444.0  444.0
2018 206  7 25 1500  -52.5  609.0    7.8  103.0  444.0  444.0
2018 206  7 25 1800  -47.8  609.7   10.7   91.0  444.0  444.0
2018 206  7 25 2100  -47.2  610.4   10.9   91.0  444.0  444.0
2018 207  7 26 0000  -47.4  610.9   10.9  101.0  444.0  444.0
2018 207  7 26 0300  -49.6  610.5   12.3   91.0  444.0  444.0
2018 207  7 26 0600  -46.4  609.6   11.1  105.0  444.0  444.0
2018 207  7 26 0900  -42.1  608.4   14.2   97.0  444.0  444.0
2018 207  7 26 1200  -42.8  607.3   12.3   91.0  444.0  444.0
2018 207  7 26 1500  -43.6  607.6   11.9   70.0  444.0  444.0
2018 207  7 26 1800  -43.6  608.3   11.1   76.0  444.0  444.0
2018 207  7 26 2100  -45.9  609.3    9.4   72.0  444.0  444.0
2018 208  7 27 0000  -47.2  610.0    9.0   73.0  444.0  444.0
2018 208  7 27 0300  -48.0  610.1    6.4   98.0  444.0  444.0
2018 208  7 27 0600  -45.1  609.0   10.1   93.0  444.0  444.0
2018 208  7 27 0900  -42.2  608.9    8.4   69.0  444.0  444.0
2018 208  7 27 1200  -45.9  609.8    6.2   89.0  444.0  444.0
2018 208  7 27 1500  -44.1  611.4    9.2   73.0  444.0  444.0
2018 208  7 27 1800  -44.0  613.2    8.6   76.0  444.0  444.0
2018 208  7 27 2100  -45.0  615.5    9.6   73.0  444.0  444.0
2018 209  7 28 0000  -47.5  616.8    7.0   77.0  444.0  444.0
2018 209  7 28 0300  -50.5  616.9    5.3  101.0  444.0  444.0
2018 209  7 28 0600  -48.0  615.9    6.6  104.0  444.0  444.0
2018 209  7 28 0900  -44.6  615.1    8.8   91.0  444.0  444.0
2018 209  7 28 1200  -42.6  614.3    9.6   76.0  444.0  444.0
2018 209  7 28 1500  -43.4  614.0   10.7   73.0  444.0  444.0
2018 209  7 28 1800  -45.4  614.2    9.4   65.0  444.0  444.0
2018 209  7 28 2100  -47.5  614.4    7.0   72.0  444.0  444.0
2018 210  7 29 0000  -48.1  614.2    6.2   68.0  444.0  444.0
2018 210  7 29 0300  -47.2  613.8    6.0   75.0  444.0  444.0
2018 210  7 29 0600  -50.8  612.9    4.5   83.0  444.0  444.0
2018 210  7 29 0900  -52.6  612.2    4.1   89.0  444.0  444.0
2018 210  7 29 1200  -53.1  611.1    5.1   86.0  444.0  444.0
2018 210  7 29 1500  -57.1  610.4    4.7   89.0  444.0  444.0
2018 210  7 29 1800  -55.2  610.1    5.7   84.0  444.0  444.0
2018 210  7 29 2100  -57.4  609.8    5.3   69.0  444.0  444.0
2018 211  7 30 0000  -62.6  610.2    2.9   75.0  444.0  444.0
2018 211  7 30 0300  -60.8  610.7    3.1   63.0  444.0  444.0
2018 211  7 30 0600  -60.5  611.8    4.7   66.0  444.0  444.0
2018 211  7 30 0900  -60.1  612.9    4.5   68.0  444.0  444.0
2018 211  7 30 1200  -60.2  614.0    3.3   94.0  444.0  444.0
2018 211  7 30 1500  -58.5  614.7    5.3   94.0  444.0  444.0
2018 211  7 30 1800  -60.1  615.0    4.3  115.0  444.0  444.0
2018 211  7 30 2100  -54.6  614.0    5.8  120.0  444.0  444.0
2018 212  7 31 0000  -52.8  612.9    6.2  125.0  444.0  444.0
2018 212  7 31 0300  -51.1  612.2    7.2  104.0  444.0  444.0
2018 212  7 31 0600  -55.1  611.9    6.0   93.0  444.0  444.0
2018 212  7 31 0900  -57.9  612.2    5.3   89.0  444.0  444.0
2018 212  7 31 1200  -56.4  612.9    4.5   80.0  444.0  444.0
2018 212  7 31 1500  -59.9  614.0    4.1   66.0  444.0  444.0
2018 212  7 31 1800  -61.8  615.6    2.9   66.0  444.0  444.0
2018 212  7 31 2100  -63.5  616.5    2.5   75.0  444.0  444.0
