Year: 2018  Month: 04  ID: JAS  ARGOS: 30305  Name: JASE2007            
Lat: 75.89S  Lon:  25.84E  Elev: 3661m
2018  91  4  1 0000  -63.9  614.8    2.7  111.0  444.0  444.0
2018  91  4  1 0300  -64.6  614.7    2.7  111.0  444.0  444.0
2018  91  4  1 0600  -64.2  614.9    2.3  114.0  444.0  444.0
2018  91  4  1 0900  -61.1  615.0    2.1   91.0  444.0  444.0
2018  91  4  1 1200  -59.2  615.3    1.9   83.0  444.0  444.0
2018  91  4  1 1500  -63.1  615.5    1.9   80.0  444.0  444.0
2018  91  4  1 1800  -67.4  615.7    1.6   91.0  444.0  444.0
2018  91  4  1 2100  -65.4  615.6    2.3   89.0  444.0  444.0
2018  92  4  2 0000  -65.4  615.7    1.8  103.0  444.0  444.0
2018  92  4  2 0300  -66.0  614.9    1.8  108.0  444.0  444.0
2018  92  4  2 0600  -63.6  614.6    2.7  114.0  444.0  444.0
2018  92  4  2 0900  -59.2  614.3    2.3  114.0  444.0  444.0
2018  92  4  2 1200  -58.5  613.7    2.7  115.0  444.0  444.0
2018  92  4  2 1500  -61.5  613.0    3.5  112.0  444.0  444.0
2018  92  4  2 1800  -62.2  612.9    3.7  111.0  444.0  444.0
2018  92  4  2 2100  -59.1  613.1    4.1   84.0  444.0  444.0
2018  93  4  3 0000  -60.0  613.9    4.1   69.0  444.0  444.0
2018  93  4  3 0300  -59.2  614.6    3.9   76.0  444.0  444.0
2018  93  4  3 0600  -61.6  615.6    2.9   83.0  444.0  444.0
2018  93  4  3 0900  -52.0  617.0    3.7   82.0  444.0  444.0
2018  93  4  3 1200  -48.4  618.2    4.1   60.0  444.0  444.0
2018  93  4  3 1500  -47.4  619.3    4.1   48.0  444.0  444.0
2018  93  4  3 1800  -48.1  620.6    2.7   56.0  444.0  444.0
2018  93  4  3 2100  -44.5  621.0    1.9   68.0  444.0  444.0
2018  94  4  4 0000  -46.4  621.6    1.8   66.0  444.0  444.0
2018  94  4  4 0300  -49.5  621.2    3.1   82.0  444.0  444.0
2018  94  4  4 0600  -47.6  621.3    2.3   97.0  444.0  444.0
2018  94  4  4 0900  -42.4  621.6    3.7   77.0  444.0  444.0
2018  94  4  4 1200  -41.2  621.5    3.7  105.0  444.0  444.0
2018  94  4  4 1500  -44.2  621.1    3.7  103.0  444.0  444.0
2018  94  4  4 1800  -47.8  620.7    2.9  100.0  444.0  444.0
2018  94  4  4 2100  -52.1  620.2    2.9  107.0  444.0  444.0
2018  95  4  5 0000  -54.8  619.4    2.5   89.0  444.0  444.0
2018  95  4  5 0300  -51.6  618.4    2.3  100.0  444.0  444.0
2018  95  4  5 0600  -57.1  617.5    2.1  117.0  444.0  444.0
2018  95  4  5 0900  -53.6  616.6    1.6  132.0  444.0  444.0
2018  95  4  5 1200  -46.9  615.4    2.7  197.0  444.0  444.0
2018  95  4  5 1500  -56.9  614.1    2.5  210.0  444.0  444.0
2018  95  4  5 1800  -59.8  613.0    2.9  195.0  444.0  444.0
2018  95  4  5 2100  -62.5  612.1    2.7  187.0  444.0  444.0
2018  96  4  6 0000  -62.0  611.0    3.7  186.0  444.0  444.0
2018  96  4  6 0300  -64.2  610.0    2.1  202.0  444.0  444.0
2018  96  4  6 0600  -64.6  609.3    2.3  202.0  444.0  444.0
2018  96  4  6 0900  -61.8  608.6    2.5  215.0  444.0  444.0
2018  96  4  6 1200  -60.9  608.1    2.1  214.0  444.0  444.0
2018  96  4  6 1500  -65.4  607.6    2.1  210.0  444.0  444.0
2018  96  4  6 1800  -68.4  607.6    2.1  222.0  444.0  444.0
2018  96  4  6 2100  -67.4  607.8    1.9  221.0  444.0  444.0
2018  97  4  7 0000  -69.0  607.8    1.2  212.0  444.0  444.0
2018  97  4  7 0300  -66.8  608.0    1.8  243.0  444.0  444.0
2018  97  4  7 0600  -70.6  608.2    2.5  249.0  444.0  444.0
2018  97  4  7 0900  -67.6  608.6    1.8  249.0  444.0  444.0
2018  97  4  7 1200  -66.1  608.8    2.3  250.0  444.0  444.0
2018  97  4  7 1500  -67.1  608.6    2.3  249.0  444.0  444.0
2018  97  4  7 1800  -67.9  608.4    1.9  242.0  444.0  444.0
2018  97  4  7 2100  -67.0  607.6    2.9  256.0  444.0  444.0
2018  98  4  8 0000  -66.6  606.2    2.7  250.0  444.0  444.0
2018  98  4  8 0300  -68.5  605.2    2.7  248.0  444.0  444.0
2018  98  4  8 0600  -69.1  604.5    2.9  256.0  444.0  444.0
2018  98  4  8 0900  -65.1  604.2    2.1  248.0  444.0  444.0
2018  98  4  8 1200  -64.2  603.8    2.3  256.0  444.0  444.0
2018  98  4  8 1500  -66.5  603.7    2.1  260.0  444.0  444.0
2018  98  4  8 1800  -67.4  604.4    2.9  264.0  444.0  444.0
2018  98  4  8 2100  -66.4  604.5    2.9  271.0  444.0  444.0
2018  99  4  9 0000  -65.1  605.1    1.8  263.0  444.0  444.0
2018  99  4  9 0300  -56.1  605.6    1.9  273.0  444.0  444.0
2018  99  4  9 0600  444.0  605.9    0.0  271.0  444.0  444.0
2018  99  4  9 0900  -63.5  606.5    2.1   76.0  444.0  444.0
2018  99  4  9 1200  -62.2  606.5    2.3   68.0  444.0  444.0
2018  99  4  9 1500  -67.0  606.5    2.1   82.0  444.0  444.0
2018  99  4  9 1800  -66.1  606.6    2.5   76.0  444.0  444.0
2018  99  4  9 2100  -67.4  606.4    1.6   80.0  444.0  444.0
2018 100  4 10 0000  -66.4  606.1    2.3   89.0  444.0  444.0
2018 100  4 10 0300  -66.8  605.7    3.5   93.0  444.0  444.0
2018 100  4 10 0600  -63.5  605.6    4.1   86.0  444.0  444.0
2018 100  4 10 0900  -59.4  605.4    3.9   84.0  444.0  444.0
2018 100  4 10 1200  -59.4  605.2    4.7   76.0  444.0  444.0
2018 100  4 10 1500  -62.1  605.1    4.1   65.0  444.0  444.0
2018 100  4 10 1800  -61.2  604.8    4.1   72.0  444.0  444.0
2018 100  4 10 2100  -62.2  604.3    4.7   73.0  444.0  444.0
2018 101  4 11 0000  -61.6  603.7    4.3   69.0  444.0  444.0
2018 101  4 11 0300  -63.0  602.9    3.9   82.0  444.0  444.0
2018 101  4 11 0600  -61.1  602.1    4.7   79.0  444.0  444.0
2018 101  4 11 0900  -60.5  601.5    4.5   87.0  444.0  444.0
2018 101  4 11 1200  -60.5  600.6    3.9   83.0  444.0  444.0
2018 101  4 11 1500  -61.8  599.7    4.7   82.0  444.0  444.0
2018 101  4 11 1800  -61.1  599.0    4.9   70.0  444.0  444.0
2018 101  4 11 2100  -61.1  598.0    4.9   77.0  444.0  444.0
2018 102  4 12 0000  -62.0  597.3    5.3   75.0  444.0  444.0
2018 102  4 12 0300  -60.6  596.8    5.3   62.0  444.0  444.0
2018 102  4 12 0600  -60.0  596.6    5.8   49.0  444.0  444.0
2018 102  4 12 0900  -59.4  596.8    6.8   42.0  444.0  444.0
2018 102  4 12 1200  -58.4  597.6    6.0   38.0  444.0  444.0
2018 102  4 12 1500  -60.1  598.4    5.8   34.0  444.0  444.0
2018 102  4 12 1800  -61.6  599.8    5.3   17.0  444.0  444.0
2018 102  4 12 2100  -63.8  601.9    4.7    3.0  444.0  444.0
2018 103  4 13 0000  -63.1  604.0    4.3    3.0  444.0  444.0
2018 103  4 13 0300  -63.1  605.8    3.5   13.0  444.0  444.0
2018 103  4 13 0600  -64.4  607.6    3.5   34.0  444.0  444.0
2018 103  4 13 0900  -63.1  609.1    4.1   49.0  444.0  444.0
2018 103  4 13 1200  -59.6  610.0    3.7   60.0  444.0  444.0
2018 103  4 13 1500  -51.2  610.3    5.3   58.0  444.0  444.0
2018 103  4 13 1800  -47.4  611.0    6.4   55.0  444.0  444.0
2018 103  4 13 2100  -50.0  611.3    5.7   65.0  444.0  444.0
2018 104  4 14 0000  -42.8  611.7    8.8   45.0  444.0  444.0
2018 104  4 14 0300  -41.1  611.9    9.6   51.0  444.0  444.0
2018 104  4 14 0600  -39.8  612.3    7.8   46.0  444.0  444.0
2018 104  4 14 0900  -38.6  612.5    9.8   48.0  444.0  444.0
2018 104  4 14 1200  -39.2  613.1    7.0   42.0  444.0  444.0
2018 104  4 14 1500  -40.4  613.9    7.2   45.0  444.0  444.0
2018 104  4 14 1800  -41.4  614.6    6.2   49.0  444.0  444.0
2018 104  4 14 2100  -42.9  615.2    5.3   56.0  444.0  444.0
2018 105  4 15 0000  -47.1  615.7    3.7   91.0  444.0  444.0
2018 105  4 15 0300  -46.5  616.0    4.7   59.0  444.0  444.0
2018 105  4 15 0600  -47.4  616.2    4.3   52.0  444.0  444.0
2018 105  4 15 0900  -47.6  616.8    3.9   65.0  444.0  444.0
2018 105  4 15 1200  -45.9  617.1    2.9   42.0  444.0  444.0
2018 105  4 15 1500  -48.6  617.1    2.3   89.0  444.0  444.0
2018 105  4 15 1800  -49.8  617.0    2.5   77.0  444.0  444.0
2018 105  4 15 2100  -53.6  617.1    2.1   63.0  444.0  444.0
2018 106  4 16 0000  -53.6  616.9    2.9   56.0  444.0  444.0
2018 106  4 16 0300  -51.0  616.8    2.3   51.0  444.0  444.0
2018 106  4 16 0600  -49.4  616.3    1.6   59.0  444.0  444.0
2018 106  4 16 0900  -49.6  616.2    2.1   51.0  444.0  444.0
2018 106  4 16 1200  -48.1  615.6    2.5   60.0  444.0  444.0
2018 106  4 16 1500  -55.5  615.1    2.3   79.0  444.0  444.0
2018 106  4 16 1800  -51.2  614.7    2.5   93.0  444.0  444.0
2018 106  4 16 2100  -50.9  614.4    2.3   66.0  444.0  444.0
2018 107  4 17 0000  -50.1  614.1    0.8  115.0  444.0  444.0
2018 107  4 17 0300  -47.1  613.6    2.1  208.0  444.0  444.0
2018 107  4 17 0600  -57.2  613.6    2.1  195.0  444.0  444.0
2018 107  4 17 0900  -56.6  613.6    1.9  183.0  444.0  444.0
2018 107  4 17 1200  -56.9  613.6    1.6  145.0  444.0  444.0
2018 107  4 17 1500  -59.0  613.7    2.3  152.0  444.0  444.0
2018 107  4 17 1800  -60.1  613.8    2.3  169.0  444.0  444.0
2018 107  4 17 2100  -60.6  614.0    1.4  153.0  444.0  444.0
2018 108  4 18 0000  -60.2  613.6    1.6  165.0  444.0  444.0
2018 108  4 18 0300  -56.4  612.9    1.4  138.0  444.0  444.0
2018 108  4 18 0600  -53.6  612.7    1.2  131.0  444.0  444.0
2018 108  4 18 0900  444.0  611.8    1.2  145.0  444.0  444.0
2018 108  4 18 1200  -54.0  611.0    1.6  120.0  444.0  444.0
2018 108  4 18 1500  -55.8  610.5    1.6  112.0  444.0  444.0
2018 108  4 18 1800  -59.9  610.5    1.6  134.0  444.0  444.0
2018 108  4 18 2100  -59.4  610.7    1.9  117.0  444.0  444.0
2018 109  4 19 0000  -60.9  610.8    2.1  117.0  444.0  444.0
2018 109  4 19 0300  -62.2  610.5    2.9  112.0  444.0  444.0
2018 109  4 19 0600  -61.5  610.8    3.1  110.0  444.0  444.0
2018 109  4 19 0900  -60.9  611.3    3.5   91.0  444.0  444.0
2018 109  4 19 1200  -60.6  611.2    2.9   90.0  444.0  444.0
2018 109  4 19 1500  -60.5  611.4    3.1   63.0  444.0  444.0
2018 109  4 19 1800  -60.5  611.5    2.7   65.0  444.0  444.0
2018 109  4 19 2100  -59.9  611.7    2.3   82.0  444.0  444.0
2018 110  4 20 0000  -59.1  611.3    3.3   83.0  444.0  444.0
2018 110  4 20 0300  -57.8  610.9    3.7   68.0  444.0  444.0
2018 110  4 20 0600  -57.0  610.9    4.1   68.0  444.0  444.0
2018 110  4 20 0900  -56.6  610.8    3.7   63.0  444.0  444.0
2018 110  4 20 1200  -56.6  610.9    3.9   52.0  444.0  444.0
2018 110  4 20 1500  -54.4  610.6    5.3   53.0  444.0  444.0
2018 110  4 20 1800  -54.4  610.7    5.7   55.0  444.0  444.0
2018 110  4 20 2100  -53.5  610.8    5.5   44.0  444.0  444.0
2018 111  4 21 0000  -50.5  611.4    6.4   42.0  444.0  444.0
2018 111  4 21 0300  -51.0  611.6    5.5   34.0  444.0  444.0
2018 111  4 21 0600  -50.8  612.0    4.7   32.0  444.0  444.0
2018 111  4 21 0900  -48.4  612.2    5.5   31.0  444.0  444.0
2018 111  4 21 1200  -50.0  612.3    4.9   30.0  444.0  444.0
2018 111  4 21 1500  -52.4  612.3    4.3   32.0  444.0  444.0
2018 111  4 21 1800  -55.1  612.4    3.9   24.0  444.0  444.0
2018 111  4 21 2100  -56.4  612.4    3.1   14.0  444.0  444.0
2018 112  4 22 0000  -54.4  612.1    3.5   21.0  444.0  444.0
2018 112  4 22 0300  -56.4  611.7    2.3  354.0  444.0  444.0
2018 112  4 22 0600  -57.2  611.6    1.8  349.0  444.0  444.0
2018 112  4 22 0900  -58.2  611.4    2.7  270.0  444.0  444.0
2018 112  4 22 1200  -58.5  611.2    2.7  270.0  444.0  444.0
2018 112  4 22 1500  -58.9  611.0    3.5  246.0  444.0  444.0
2018 112  4 22 1800  -60.5  610.4    2.9  232.0  444.0  444.0
2018 112  4 22 2100  -60.6  610.0    3.5  228.0  444.0  444.0
2018 113  4 23 0000  -60.6  609.8    2.7  207.0  444.0  444.0
2018 113  4 23 0300  -61.1  609.3    2.5  191.0  444.0  444.0
2018 113  4 23 0600  -63.0  609.3    2.5  201.0  444.0  444.0
2018 113  4 23 0900  -61.9  609.3    1.9  173.0  444.0  444.0
2018 113  4 23 1200  -62.6  609.2    2.5  170.0  444.0  444.0
2018 113  4 23 1500  -64.6  608.8    2.1  150.0  444.0  444.0
2018 113  4 23 1800  -62.0  608.8    1.9  146.0  444.0  444.0
2018 113  4 23 2100  -64.6  608.8    2.3  146.0  444.0  444.0
2018 114  4 24 0000  -63.6  608.6    1.9  142.0  444.0  444.0
2018 114  4 24 0300  -63.5  608.3    1.9  141.0  444.0  444.0
2018 114  4 24 0600  -65.2  608.0    2.3  136.0  444.0  444.0
2018 114  4 24 0900  -64.9  608.0    1.8  139.0  444.0  444.0
2018 114  4 24 1200  -63.8  607.8    2.1  141.0  444.0  444.0
2018 114  4 24 1500  -64.1  607.6    2.3  131.0  444.0  444.0
2018 114  4 24 1800  -64.8  607.8    2.1  129.0  444.0  444.0
2018 114  4 24 2100  -64.9  607.8    2.5  139.0  444.0  444.0
2018 115  4 25 0000  -63.2  607.9    3.9  134.0  444.0  444.0
2018 115  4 25 0300  -64.2  607.6    3.3  118.0  444.0  444.0
2018 115  4 25 0600  -63.5  607.7    3.7  117.0  444.0  444.0
2018 115  4 25 0900  -64.4  607.9    3.1  117.0  444.0  444.0
2018 115  4 25 1200  -64.1  607.9    3.3  111.0  444.0  444.0
2018 115  4 25 1500  -64.1  607.7    3.5  115.0  444.0  444.0
2018 115  4 25 1800  -63.5  607.5    4.3  111.0  444.0  444.0
2018 115  4 25 2100  -63.9  607.5    3.3  107.0  444.0  444.0
2018 116  4 26 0000  -63.1  607.0    4.5  117.0  444.0  444.0
2018 116  4 26 0300  -65.6  606.9    2.9  103.0  444.0  444.0
2018 116  4 26 0600  -67.1  607.1    3.1   97.0  444.0  444.0
2018 116  4 26 0900  -67.2  607.4    2.5   91.0  444.0  444.0
2018 116  4 26 1200  -67.8  607.9    2.7   84.0  444.0  444.0
2018 116  4 26 1500  -66.4  607.9    2.7   82.0  444.0  444.0
2018 116  4 26 1800  -63.1  608.1    2.7   73.0  444.0  444.0
2018 116  4 26 2100  -65.0  608.1    2.7   59.0  444.0  444.0
2018 117  4 27 0000  -64.9  608.2    2.5   53.0  444.0  444.0
2018 117  4 27 0300  -61.9  607.9    2.1   38.0  444.0  444.0
2018 117  4 27 0600  -59.2  607.7    1.8   30.0  444.0  444.0
2018 117  4 27 0900  -54.9  607.5    2.9  308.0  444.0  444.0
2018 117  4 27 1200  -53.5  607.1    3.1  284.0  444.0  444.0
2018 117  4 27 1500  -53.4  606.4    2.7  281.0  444.0  444.0
2018 117  4 27 1800  -56.1  605.9    2.5  267.0  444.0  444.0
2018 117  4 27 2100  -55.0  605.1    3.1  271.0  444.0  444.0
2018 118  4 28 0000  -57.5  604.5    2.3  262.0  444.0  444.0
2018 118  4 28 0300  -55.8  603.7    1.9  262.0  444.0  444.0
2018 118  4 28 0600  -60.6  603.1    2.3  228.0  444.0  444.0
2018 118  4 28 0900  -62.4  602.7    2.1  172.0  444.0  444.0
2018 118  4 28 1200  -63.5  602.5    1.9  162.0  444.0  444.0
2018 118  4 28 1500  -67.9  602.2  444.0  444.0  444.0  444.0
2018 118  4 28 1800  -67.6  602.3  444.0  444.0  444.0  444.0
2018 118  4 28 2100  -69.1  602.7  444.0  444.0  444.0  444.0
2018 119  4 29 0000  -69.4  603.0  444.0  444.0  444.0  444.0
2018 119  4 29 0300  -70.0  603.1  444.0  444.0  444.0  444.0
2018 119  4 29 0600  -68.9  603.6  444.0  444.0  444.0  444.0
2018 119  4 29 0900  -69.1  604.1  444.0  444.0  444.0  444.0
2018 119  4 29 1200  -68.9  604.5  444.0  444.0  444.0  444.0
2018 119  4 29 1500  -69.5  604.8  444.0  444.0  444.0  444.0
2018 119  4 29 1800  -69.2  604.8  444.0  444.0  444.0  444.0
2018 119  4 29 2100  -69.4  604.5  444.0  444.0  444.0  444.0
2018 120  4 30 0000  -69.4  603.7  444.0  444.0  444.0  444.0
2018 120  4 30 0300  -70.0  602.4  444.0  444.0  444.0  444.0
2018 120  4 30 0600  -68.9  601.3    1.8  138.0  444.0  444.0
2018 120  4 30 0900  -68.0  599.8    1.8  132.0  444.0  444.0
2018 120  4 30 1200  -66.8  598.6    2.7  128.0  444.0  444.0
2018 120  4 30 1500  -67.9  597.5    3.1  124.0  444.0  444.0
2018 120  4 30 1800  -66.4  596.3    5.5  115.0  444.0  444.0
2018 120  4 30 2100  -65.0  595.7    4.3  112.0  444.0  444.0
