Year: 2018  Month: 01  ID: JAS  ARGOS: 30305  Name: JASE2007            
Lat: 75.89S  Lon:  25.84E  Elev: 3661m
2018   1  1  1 0000  -33.6  618.5    4.1   94.0  444.0  444.0
2018   1  1  1 0300  -30.2  618.6    5.5   79.0  444.0  444.0
2018   1  1  1 0600  -27.6  618.7    7.2   90.0  444.0  444.0
2018   1  1  1 0900  -26.2  618.9    6.8   86.0  444.0  444.0
2018   1  1  1 1200  -25.5  619.0    8.0   77.0  444.0  444.0
2018   1  1  1 1500  -24.9  618.9    7.2   69.0  444.0  444.0
2018   1  1  1 1800  -26.2  619.0    2.5   86.0  444.0  444.0
2018   1  1  1 2100  -33.0  619.5    3.1   79.0  444.0  444.0
2018   2  1  2 0000  -31.6  619.5    3.9   68.0  444.0  444.0
2018   2  1  2 0300  -29.9  619.3    5.5   73.0  444.0  444.0
2018   2  1  2 0600  -29.1  619.1    6.0  103.0  444.0  444.0
2018   2  1  2 0900  -27.6  618.9    7.8   83.0  444.0  444.0
2018   2  1  2 1200  -26.6  618.5    9.8   94.0  444.0  444.0
2018   2  1  2 1500  -26.1  617.8    7.6   97.0  444.0  444.0
2018   2  1  2 1800  -28.0  617.2    5.1  101.0  444.0  444.0
2018   2  1  2 2100  -31.8  616.5    4.7  108.0  444.0  444.0
2018   3  1  3 0000  -32.0  615.4    7.0   94.0  444.0  444.0
2018   3  1  3 0300  -31.5  614.0    9.4   63.0  444.0  444.0
2018   3  1  3 0600  -30.2  612.5   15.0   83.0  444.0  444.0
2018   3  1  3 0900  -27.1  612.3   16.6   72.0  444.0  444.0
2018   3  1  3 1200  -23.5  612.0   16.8   49.0  444.0  444.0
2018   3  1  3 1500  -22.6  612.8   13.1   45.0  444.0  444.0
2018   3  1  3 1800  -23.8  614.5   13.3   44.0  444.0  444.0
2018   3  1  3 2100  -24.2  616.7    8.8   46.0  444.0  444.0
2018   4  1  4 0000  -23.8  618.1    7.2   58.0  444.0  444.0
2018   4  1  4 0300  -26.6  619.0    9.2   72.0  444.0  444.0
2018   4  1  4 0600  -24.9  619.7    7.6   59.0  444.0  444.0
2018   4  1  4 0900  -23.4  620.4    7.2   70.0  444.0  444.0
2018   4  1  4 1200  -21.9  620.8   10.1   55.0  444.0  444.0
2018   4  1  4 1500  -21.9  620.8    6.2   87.0  444.0  444.0
2018   4  1  4 1800  -24.5  620.9    4.1   93.0  444.0  444.0
2018   4  1  4 2100  -29.8  620.8    3.3  111.0  444.0  444.0
2018   5  1  5 0000  -28.4  620.3    4.9   90.0  444.0  444.0
2018   5  1  5 0300  -29.0  619.9    5.1   98.0  444.0  444.0
2018   5  1  5 0600  -25.9  619.4    6.6   89.0  444.0  444.0
2018   5  1  5 0900  -23.1  618.7    8.4   98.0  444.0  444.0
2018   5  1  5 1200  -21.2  617.9    8.8   76.0  444.0  444.0
2018   5  1  5 1500  -20.6  617.3    9.8   70.0  444.0  444.0
2018   5  1  5 1800  -22.1  616.7    7.4   82.0  444.0  444.0
2018   5  1  5 2100  -23.9  616.7    7.2   60.0  444.0  444.0
2018   6  1  6 0000  -25.1  617.1   10.7   46.0  444.0  444.0
2018   6  1  6 0300  -25.1  617.4    7.6   66.0  444.0  444.0
2018   6  1  6 0600  -21.9  618.4    6.8   46.0  444.0  444.0
2018   6  1  6 0900  -21.0  618.8    7.0   72.0  444.0  444.0
2018   6  1  6 1200  -19.2  618.9    8.4   48.0  444.0  444.0
2018   6  1  6 1500  -20.2  619.2    6.4   53.0  444.0  444.0
2018   6  1  6 1800  -21.1  619.8    4.3   46.0  444.0  444.0
2018   6  1  6 2100  -23.6  621.0    4.5   63.0  444.0  444.0
2018   7  1  7 0000  -23.6  621.7    5.3   69.0  444.0  444.0
2018   7  1  7 0300  -22.9  622.4    6.6   56.0  444.0  444.0
2018   7  1  7 0600  -21.4  623.5    8.2   56.0  444.0  444.0
2018   7  1  7 0900  -19.9  624.6    6.2   39.0  444.0  444.0
2018   7  1  7 1200  -18.0  625.2    4.9   25.0  444.0  444.0
2018   7  1  7 1500  -18.2  625.6    4.9   53.0  444.0  444.0
2018   7  1  7 1800  -19.5  626.0    5.1   32.0  444.0  444.0
2018   7  1  7 2100  -21.0  626.7    5.5   21.0  444.0  444.0
2018   8  1  8 0000  -24.0  626.9    7.2   34.0  444.0  444.0
2018   8  1  8 0300  -22.6  626.7    6.2   55.0  444.0  444.0
2018   8  1  8 0600  -17.5  627.0    1.4   82.0  444.0  444.0
2018   8  1  8 0900  -18.9  626.7    2.3  162.0  444.0  444.0
2018   8  1  8 1200  -18.8  626.3    3.9  146.0  444.0  444.0
2018   8  1  8 1500  -17.8  625.8    2.9  139.0  444.0  444.0
2018   8  1  8 1800  -23.5  625.4    3.1  132.0  444.0  444.0
2018   8  1  8 2100  -30.2  624.7    2.1  110.0  444.0  444.0
2018   9  1  9 0000  -32.9  623.9    2.1   96.0  444.0  444.0
2018   9  1  9 0300  -29.6  622.9    2.5   83.0  444.0  444.0
2018   9  1  9 0600  -24.0  622.1    2.9   82.0  444.0  444.0
2018   9  1  9 0900  -21.9  621.6    3.9   59.0  444.0  444.0
2018   9  1  9 1200  -18.6  621.0    3.3   44.0  444.0  444.0
2018   9  1  9 1500  -16.8  620.5    1.9   59.0  444.0  444.0
2018   9  1  9 1800  -23.1  620.3    1.6   84.0  444.0  444.0
2018   9  1  9 2100  -30.2  620.6    2.1   58.0  444.0  444.0
2018  10  1 10 0000  -34.0  620.6    2.9   70.0  444.0  444.0
2018  10  1 10 0300  -31.8  620.3    3.5   49.0  444.0  444.0
2018  10  1 10 0600  -27.1  620.4    3.3   49.0  444.0  444.0
2018  10  1 10 0900  -23.9  620.6    5.5   42.0  444.0  444.0
2018  10  1 10 1200  -21.9  620.6    5.7   32.0  444.0  444.0
2018  10  1 10 1500  -21.9  620.4    5.8   27.0  444.0  444.0
2018  10  1 10 1800  -23.9  620.4    3.9   42.0  444.0  444.0
2018  10  1 10 2100  -28.5  620.6    4.1   32.0  444.0  444.0
2018  11  1 11 0000  -32.0  620.4    2.7   35.0  444.0  444.0
2018  11  1 11 0300  -30.2  620.4    2.1   55.0  444.0  444.0
2018  11  1 11 0600  -26.1  620.2    2.9    3.0  444.0  444.0
2018  11  1 11 0900  444.0  620.2    0.8  352.0  444.0  444.0
2018  11  1 11 1200  -22.8  620.3    2.9  101.0  444.0  444.0
2018  11  1 11 1500  444.0  620.7    1.6  149.0  444.0  444.0
2018  11  1 11 1800  -23.1  621.0    1.6  173.0  444.0  444.0
2018  11  1 11 2100  -31.0  621.5    1.8  120.0  444.0  444.0
2018  12  1 12 0000  -34.1  621.9    2.3   94.0  444.0  444.0
2018  12  1 12 0300  -32.8  622.3    3.3   97.0  444.0  444.0
2018  12  1 12 0600  -28.1  623.0    4.5   82.0  444.0  444.0
2018  12  1 12 0900  -27.2  623.5    4.9   93.0  444.0  444.0
2018  12  1 12 1200  -23.8  623.5    6.0  103.0  444.0  444.0
2018  12  1 12 1500  -23.1  623.4    4.5  103.0  444.0  444.0
2018  12  1 12 1800  -26.2  623.3    2.5  139.0  444.0  444.0
2018  12  1 12 2100  -32.4  623.2    3.5  129.0  444.0  444.0
2018  13  1 13 0000  -35.0  623.1    4.1  128.0  444.0  444.0
2018  13  1 13 0300  -32.2  622.1    3.9  118.0  444.0  444.0
2018  13  1 13 0600  -27.9  621.2    6.2  125.0  444.0  444.0
2018  13  1 13 0900  -25.2  620.2    7.8   98.0  444.0  444.0
2018  13  1 13 1200  -25.2  619.3    9.0  105.0  444.0  444.0
2018  13  1 13 1500  -25.0  617.7    7.8  111.0  444.0  444.0
2018  13  1 13 1800  -27.6  616.3    6.6  112.0  444.0  444.0
2018  13  1 13 2100  -30.2  615.2    6.6  122.0  444.0  444.0
2018  14  1 14 0000  -33.1  613.6    6.0  153.0  444.0  444.0
2018  14  1 14 0300  -33.2  612.1    5.5  129.0  444.0  444.0
2018  14  1 14 0600  -29.9  611.0    5.3  115.0  444.0  444.0
2018  14  1 14 0900  -26.8  610.2    5.7  118.0  444.0  444.0
2018  14  1 14 1200  -25.0  609.6    7.2  118.0  444.0  444.0
2018  14  1 14 1500  -24.6  608.8    6.2  111.0  444.0  444.0
2018  14  1 14 1800  -27.9  608.2    3.9  127.0  444.0  444.0
2018  14  1 14 2100  -33.4  608.4    4.3  118.0  444.0  444.0
2018  15  1 15 0000  -36.4  608.4    4.1  104.0  444.0  444.0
2018  15  1 15 0300  -34.6  608.2    2.9  100.0  444.0  444.0
2018  15  1 15 0600  -31.5  608.3    4.5  104.0  444.0  444.0
2018  15  1 15 0900  -27.2  608.7    5.7  110.0  444.0  444.0
2018  15  1 15 1200  -24.5  609.2    5.7   91.0  444.0  444.0
2018  15  1 15 1500  -23.4  609.4    4.3   79.0  444.0  444.0
2018  15  1 15 1800  -27.2  610.0    2.1  110.0  444.0  444.0
2018  15  1 15 2100  -35.1  610.8    2.3  100.0  444.0  444.0
2018  16  1 16 0000  -36.1  611.3    1.4   46.0  444.0  444.0
2018  16  1 16 0300  444.0  611.1    1.2  110.0  444.0  444.0
2018  16  1 16 0600  -31.8  611.0    2.5  121.0  444.0  444.0
2018  16  1 16 0900  -27.9  611.0    2.7   89.0  444.0  444.0
2018  16  1 16 1200  -24.2  610.4    1.9  125.0  444.0  444.0
2018  16  1 16 1500  -24.9  609.5    2.9  135.0  444.0  444.0
2018  16  1 16 1800  -28.2  608.9    1.9  153.0  444.0  444.0
2018  16  1 16 2100  -35.9  608.3    1.9  118.0  444.0  444.0
2018  17  1 17 0000  -39.0  607.7    2.1  112.0  444.0  444.0
2018  17  1 17 0300  -36.9  607.2    2.3  101.0  444.0  444.0
2018  17  1 17 0600  -32.8  607.0    2.9  100.0  444.0  444.0
2018  17  1 17 0900  -28.0  607.4    4.3   59.0  444.0  444.0
2018  17  1 17 1200  -24.8  607.6    4.9   28.0  444.0  444.0
2018  17  1 17 1500  -24.9  607.7    5.1   24.0  444.0  444.0
2018  17  1 17 1800  -27.5  608.3    2.9   20.0  444.0  444.0
2018  17  1 17 2100  -32.2  609.1    2.5   21.0  444.0  444.0
2018  18  1 18 0000  -33.0  609.5    1.8   11.0  444.0  444.0
2018  18  1 18 0300  -31.1  609.8    1.0   10.0  444.0  444.0
2018  18  1 18 0600  -26.2  610.1    1.9   28.0  444.0  444.0
2018  18  1 18 0900  -24.9  610.9    1.9   34.0  444.0  444.0
2018  18  1 18 1200  -21.9  611.0    1.6   22.0  444.0  444.0
2018  18  1 18 1500  444.0  611.0    0.2   69.0  444.0  444.0
2018  18  1 18 1800  -28.2  610.9    1.4  122.0  444.0  444.0
2018  18  1 18 2100  -35.6  611.1    1.8  141.0  444.0  444.0
2018  19  1 19 0000  -39.2  610.7    1.9  149.0  444.0  444.0
2018  19  1 19 0300  -37.4  610.1    2.5  134.0  444.0  444.0
2018  19  1 19 0600  -31.5  609.6    3.3  121.0  444.0  444.0
2018  19  1 19 0900  -27.6  609.3    5.8  103.0  444.0  444.0
2018  19  1 19 1200  -25.9  609.0    5.1   98.0  444.0  444.0
2018  19  1 19 1500  -25.2  608.4    3.5   91.0  444.0  444.0
2018  19  1 19 1800  -29.6  608.1    2.5  104.0  444.0  444.0
2018  19  1 19 2100  -35.4  607.9    2.9  108.0  444.0  444.0
2018  20  1 20 0000  -33.1  607.8    2.1   82.0  444.0  444.0
2018  20  1 20 0300  -31.6  607.4    3.3   77.0  444.0  444.0
2018  20  1 20 0600  -30.6  607.1    4.3   68.0  444.0  444.0
2018  20  1 20 0900  -29.8  607.2    4.1   41.0  444.0  444.0
2018  20  1 20 1200  -25.1  607.2    1.0    8.0  444.0  444.0
2018  20  1 20 1500  -27.0  607.2    1.9  108.0  444.0  444.0
2018  20  1 20 1800  444.0  607.0    1.0  134.0  444.0  444.0
2018  20  1 20 2100  -37.9  607.0    1.9  139.0  444.0  444.0
2018  21  1 21 0000  -42.1  607.2    2.1  114.0  444.0  444.0
2018  21  1 21 0300  -38.1  607.3    2.3  129.0  444.0  444.0
2018  21  1 21 0600  -34.6  607.4    2.7  127.0  444.0  444.0
2018  21  1 21 0900  -32.6  607.7    4.3  115.0  444.0  444.0
2018  21  1 21 1200  -29.9  608.2    4.1  100.0  444.0  444.0
2018  21  1 21 1500  -29.0  608.4    4.7   96.0  444.0  444.0
2018  21  1 21 1800  -32.6  608.8    2.3  108.0  444.0  444.0
2018  21  1 21 2100  -39.1  609.3    2.5   94.0  444.0  444.0
2018  22  1 22 0000  -42.1  609.5    2.9   93.0  444.0  444.0
2018  22  1 22 0300  -40.9  609.5    2.9   93.0  444.0  444.0
2018  22  1 22 0600  -35.9  609.7    4.1   96.0  444.0  444.0
2018  22  1 22 0900  -32.1  609.7    6.4   70.0  444.0  444.0
2018  22  1 22 1200  -30.0  609.7    6.0   63.0  444.0  444.0
2018  22  1 22 1500  -28.4  609.7    4.5   52.0  444.0  444.0
2018  22  1 22 1800  -31.0  609.6    1.8   87.0  444.0  444.0
2018  22  1 22 2100  -39.5  609.8    1.9  103.0  444.0  444.0
2018  23  1 23 0000  -42.2  609.8    2.3   94.0  444.0  444.0
2018  23  1 23 0300  -39.5  609.8    2.7   82.0  444.0  444.0
2018  23  1 23 0600  -35.0  610.1    2.9   75.0  444.0  444.0
2018  23  1 23 0900  -31.6  610.5    3.5   77.0  444.0  444.0
2018  23  1 23 1200  -30.0  610.9    4.3   20.0  444.0  444.0
2018  23  1 23 1500  -25.9  611.1    2.5   51.0  444.0  444.0
2018  23  1 23 1800  -31.4  611.7    1.9   77.0  444.0  444.0
2018  23  1 23 2100  -40.0  612.3    2.1   93.0  444.0  444.0
2018  24  1 24 0000  -42.2  612.7    1.9   89.0  444.0  444.0
2018  24  1 24 0300  -38.5  612.5    3.3   79.0  444.0  444.0
2018  24  1 24 0600  -35.2  612.9    3.1   66.0  444.0  444.0
2018  24  1 24 0900  -29.6  613.2    3.1   49.0  444.0  444.0
2018  24  1 24 1200  -28.6  613.5    3.1   24.0  444.0  444.0
2018  24  1 24 1500  -25.5  613.6    1.6   17.0  444.0  444.0
2018  24  1 24 1800  -30.8  613.7    1.8   51.0  444.0  444.0
2018  24  1 24 2100  -35.4  613.8    1.2   63.0  444.0  444.0
2018  25  1 25 0000  -43.2  613.7    1.8  127.0  444.0  444.0
2018  25  1 25 0300  -41.6  613.0    1.6  115.0  444.0  444.0
2018  25  1 25 0600  -36.5  612.9    1.9  110.0  444.0  444.0
2018  25  1 25 0900  -32.2  612.7    1.8   97.0  444.0  444.0
2018  25  1 25 1200  -29.0  612.5    2.7   80.0  444.0  444.0
2018  25  1 25 1500  -26.1  612.3    0.8   79.0  444.0  444.0
2018  25  1 25 1800  -33.1  612.2    2.1  100.0  444.0  444.0
2018  25  1 25 2100  -40.4  612.2    2.5   94.0  444.0  444.0
2018  26  1 26 0000  -40.9  612.2    2.1   83.0  444.0  444.0
2018  26  1 26 0300  -38.1  612.0    4.3  107.0  444.0  444.0
2018  26  1 26 0600  -34.8  612.2    5.5   87.0  444.0  444.0
2018  26  1 26 0900  -30.2  613.0    6.2   72.0  444.0  444.0
2018  26  1 26 1200  -27.2  614.1    6.2   32.0  444.0  444.0
2018  26  1 26 1500  -26.6  615.0    7.2   38.0  444.0  444.0
2018  26  1 26 1800  -29.2  616.4    3.7   24.0  444.0  444.0
2018  26  1 26 2100  -37.4  617.8    3.3   66.0  444.0  444.0
2018  27  1 27 0000  -37.9  618.6    3.7   52.0  444.0  444.0
2018  27  1 27 0300  -36.9  619.8    3.3   51.0  444.0  444.0
2018  27  1 27 0600  -32.2  620.7    3.9   51.0  444.0  444.0
2018  27  1 27 0900  -28.8  621.4    4.1   56.0  444.0  444.0
2018  27  1 27 1200  -24.2  621.7    2.5   49.0  444.0  444.0
2018  27  1 27 1500  -22.1  621.5    1.6   83.0  444.0  444.0
2018  27  1 27 1800  -31.5  621.4    1.9  131.0  444.0  444.0
2018  27  1 27 2100  -38.6  620.7    1.9  131.0  444.0  444.0
2018  28  1 28 0000  -41.1  619.8    1.6  148.0  444.0  444.0
2018  28  1 28 0300  -39.9  618.5    2.5  167.0  444.0  444.0
2018  28  1 28 0600  -36.2  617.3    4.1  136.0  444.0  444.0
2018  28  1 28 0900  -32.6  616.2    5.3  120.0  444.0  444.0
2018  28  1 28 1200  -31.2  615.2    6.6  108.0  444.0  444.0
2018  28  1 28 1500  -30.5  614.7    6.2   82.0  444.0  444.0
2018  28  1 28 1800  -32.0  614.6    3.9   58.0  444.0  444.0
2018  28  1 28 2100  -31.4  614.4    4.3   72.0  444.0  444.0
2018  29  1 29 0000  -31.4  614.4    4.5   72.0  444.0  444.0
2018  29  1 29 0300  -34.2  614.4    3.5   76.0  444.0  444.0
2018  29  1 29 0600  -32.1  614.4    4.3   69.0  444.0  444.0
2018  29  1 29 0900  -29.8  614.6    5.8   58.0  444.0  444.0
2018  29  1 29 1200  -27.2  614.7    5.3   63.0  444.0  444.0
2018  29  1 29 1500  -25.5  614.5    3.1   52.0  444.0  444.0
2018  29  1 29 1800  -28.9  614.8    2.5   65.0  444.0  444.0
2018  29  1 29 2100  -36.6  615.3    2.3   77.0  444.0  444.0
2018  30  1 30 0000  -40.0  615.3    2.9   72.0  444.0  444.0
2018  30  1 30 0300  -37.6  615.5    1.9   86.0  444.0  444.0
2018  30  1 30 0600  -33.9  616.1    1.8  108.0  444.0  444.0
2018  30  1 30 0900  -31.1  616.3    4.3   76.0  444.0  444.0
2018  30  1 30 1200  -28.0  616.6    4.1   59.0  444.0  444.0
2018  30  1 30 1500  -23.4  617.0    1.2   68.0  444.0  444.0
2018  30  1 30 1800  -30.9  617.3    2.1   66.0  444.0  444.0
2018  30  1 30 2100  -38.9  617.5    2.1   62.0  444.0  444.0
2018  31  1 31 0000  -41.0  617.7    1.2   73.0  444.0  444.0
2018  31  1 31 0300  444.0  617.5    0.6   77.0  444.0  444.0
2018  31  1 31 0600  -34.4  617.7    1.2  122.0  444.0  444.0
2018  31  1 31 0900  -32.2  617.7    3.1  115.0  444.0  444.0
2018  31  1 31 1200  -27.2  617.3    2.1   83.0  444.0  444.0
2018  31  1 31 1500  -26.2  617.1    1.9   68.0  444.0  444.0
2018  31  1 31 1800  -32.9  617.2    1.8   87.0  444.0  444.0
2018  31  1 31 2100  -40.4  617.1    1.9   83.0  444.0  444.0
