Year: 2018  Month: 06  ID: JAS  ARGOS: 30305  Name: JASE2007            
Lat: 75.89S  Lon:  25.84E  Elev: 3661m
2018 152  6  1 0000  -57.2  620.2    6.8  138.0  444.0  444.0
2018 152  6  1 0300  -58.1  619.9    5.1  124.0  444.0  444.0
2018 152  6  1 0600  -58.8  619.6    5.8  125.0  444.0  444.0
2018 152  6  1 0900  -61.6  619.4    4.1  127.0  444.0  444.0
2018 152  6  1 1200  -61.8  618.8    4.5  122.0  444.0  444.0
2018 152  6  1 1500  -63.9  617.5    3.9  124.0  444.0  444.0
2018 152  6  1 1800  -63.9  616.1    4.7  114.0  444.0  444.0
2018 152  6  1 2100  -64.0  614.2    1.6  108.0  444.0  444.0
2018 153  6  2 0000  -61.9  612.6    7.2  107.0  444.0  444.0
2018 153  6  2 0300  -54.2  610.3   13.3   84.0  444.0  444.0
2018 153  6  2 0600  -46.2  608.7   13.1   90.0  444.0  444.0
2018 153  6  2 0900  -44.0  607.6   15.4   63.0  444.0  444.0
2018 153  6  2 1200  -40.1  605.9   14.0   60.0  444.0  444.0
2018 153  6  2 1500  -38.5  606.5   15.2   56.0  444.0  444.0
2018 153  6  2 1800  -37.8  607.8   14.4   52.0  444.0  444.0
2018 153  6  2 2100  -38.9  609.5   10.5   56.0  444.0  444.0
2018 154  6  3 0000  -35.9  610.9   10.5   51.0  444.0  444.0
2018 154  6  3 0300  -34.5  612.3   10.3   42.0  444.0  444.0
2018 154  6  3 0600  -34.8  614.4   12.1   22.0  444.0  444.0
2018 154  6  3 0900  -36.5  616.4    9.8   20.0  444.0  444.0
2018 154  6  3 1200  -38.1  618.2    8.4   27.0  444.0  444.0
2018 154  6  3 1500  -39.8  619.5    7.2   28.0  444.0  444.0
2018 154  6  3 1800  -44.2  621.3    4.7   24.0  444.0  444.0
2018 154  6  3 2100  -50.4  622.6    2.5   22.0  444.0  444.0
2018 155  6  4 0000  -54.1  623.8    1.9   22.0  444.0  444.0
2018 155  6  4 0300  -51.9  624.2    1.6   22.0  444.0  444.0
2018 155  6  4 0600  -48.1  624.4  444.0  444.0  444.0  444.0
2018 155  6  4 0900  -50.5  624.5  444.0  444.0  444.0  444.0
2018 155  6  4 1200  -45.2  624.1  444.0  444.0  444.0  444.0
2018 155  6  4 1500  -44.0  623.0  444.0  444.0  444.0  444.0
2018 155  6  4 1800  -52.4  621.4  444.0  444.0  444.0  444.0
2018 155  6  4 2100  -53.6  619.4  444.0  444.0  444.0  444.0
2018 156  6  5 0000  -56.6  617.0  444.0  444.0  444.0  444.0
2018 156  6  5 0300  -55.5  614.5  444.0  444.0  444.0  444.0
2018 156  6  5 0600  -52.4  612.0    6.0  198.0  444.0  444.0
2018 156  6  5 0900  -53.1  610.0    5.5  180.0  444.0  444.0
2018 156  6  5 1200  -57.2  607.8    6.0  170.0  444.0  444.0
2018 156  6  5 1500  -55.1  605.9    6.4  166.0  444.0  444.0
2018 156  6  5 1800  -54.6  604.3    6.8  165.0  444.0  444.0
2018 156  6  5 2100  -52.1  603.0    9.4  149.0  444.0  444.0
2018 157  6  6 0000  -54.1  601.8    7.2  141.0  444.0  444.0
2018 157  6  6 0300  -58.5  601.2    5.8  141.0  444.0  444.0
2018 157  6  6 0600  -60.0  601.2    6.6  128.0  444.0  444.0
2018 157  6  6 0900  -58.8  601.3    7.4  118.0  444.0  444.0
2018 157  6  6 1200  -57.2  601.9    8.2  108.0  444.0  444.0
2018 157  6  6 1500  -56.4  602.3    7.2  105.0  444.0  444.0
2018 157  6  6 1800  -57.9  602.8    8.0  111.0  444.0  444.0
2018 157  6  6 2100  -58.2  603.4    6.2  103.0  444.0  444.0
2018 158  6  7 0000  -60.2  604.1    5.5  110.0  444.0  444.0
2018 158  6  7 0300  -60.8  604.5    5.7  105.0  444.0  444.0
2018 158  6  7 0600  -61.1  605.4    5.7  107.0  444.0  444.0
2018 158  6  7 0900  -61.9  606.0    4.9  120.0  444.0  444.0
2018 158  6  7 1200  -62.5  606.3    4.5  121.0  444.0  444.0
2018 158  6  7 1500  -63.1  606.2    4.3  131.0  444.0  444.0
2018 158  6  7 1800  -62.6  605.8    3.7  138.0  444.0  444.0
2018 158  6  7 2100  -63.5  605.5    4.3  145.0  444.0  444.0
2018 159  6  8 0000  -63.5  605.3    3.7  134.0  444.0  444.0
2018 159  6  8 0300  -63.2  604.9    4.3  124.0  444.0  444.0
2018 159  6  8 0600  -63.5  604.4    3.7  120.0  444.0  444.0
2018 159  6  8 0900  -64.2  604.3    3.7  124.0  444.0  444.0
2018 159  6  8 1200  -64.8  604.2    4.1  120.0  444.0  444.0
2018 159  6  8 1500  -64.9  604.0    3.7  117.0  444.0  444.0
2018 159  6  8 1800  -64.8  604.2    4.3  108.0  444.0  444.0
2018 159  6  8 2100  -65.2  604.5    4.1  111.0  444.0  444.0
2018 160  6  9 0000  -66.4  605.2    3.3   98.0  444.0  444.0
2018 160  6  9 0300  -67.0  606.1    2.7   97.0  444.0  444.0
2018 160  6  9 0600  -63.8  607.3    2.7   86.0  444.0  444.0
2018 160  6  9 0900  -61.2  608.7  444.0  444.0  444.0  444.0
2018 160  6  9 1200  -62.2  610.0  444.0  444.0  444.0  444.0
2018 160  6  9 1500  -59.6  610.7  444.0  444.0  444.0  444.0
2018 160  6  9 1800  -57.2  611.2  444.0  444.0  444.0  444.0
2018 160  6  9 2100  -55.5  611.3  444.0  444.0  444.0  444.0
2018 161  6 10 0000  -58.1  611.1  444.0  444.0  444.0  444.0
2018 161  6 10 0300  -59.9  610.8  444.0  444.0  444.0  444.0
2018 161  6 10 0600  -63.0  610.1  444.0  444.0  444.0  444.0
2018 161  6 10 0900  -65.2  609.0  444.0  444.0  444.0  444.0
2018 161  6 10 1200  -65.4  608.7  444.0  444.0  444.0  444.0
2018 161  6 10 1500  -66.2  607.9  444.0  444.0  444.0  444.0
2018 161  6 10 1800  -66.0  608.1  444.0  444.0  444.0  444.0
2018 161  6 10 2100  -68.5  607.7  444.0  444.0  444.0  444.0
2018 162  6 11 0000  -66.0  607.4  444.0  444.0  444.0  444.0
2018 162  6 11 0300  -67.0  607.2  444.0  444.0  444.0  444.0
2018 162  6 11 0600  -68.0  607.1  444.0  444.0  444.0  444.0
2018 162  6 11 0900  -67.4  607.1  444.0  444.0  444.0  444.0
2018 162  6 11 1200  -68.5  607.7  444.0  444.0  444.0  444.0
2018 162  6 11 1500  -68.6  608.3  444.0  444.0  444.0  444.0
2018 162  6 11 1800  -68.9  609.1  444.0  444.0  444.0  444.0
2018 162  6 11 2100  -68.2  610.0  444.0  444.0  444.0  444.0
2018 163  6 12 0000  -64.9  610.3  444.0  444.0  444.0  444.0
2018 163  6 12 0300  -63.5  610.6  444.0  444.0  444.0  444.0
2018 163  6 12 0600  -61.9  610.8  444.0  444.0  444.0  444.0
2018 163  6 12 0900  -60.6  611.0  444.0  444.0  444.0  444.0
2018 163  6 12 1200  -61.6  610.9  444.0  444.0  444.0  444.0
2018 163  6 12 1500  -62.1  611.0  444.0  444.0  444.0  444.0
2018 163  6 12 1800  -61.9  611.3  444.0  444.0  444.0  444.0
2018 163  6 12 2100  -62.2  611.6  444.0  444.0  444.0  444.0
2018 164  6 13 0000  -62.9  611.8  444.0  444.0  444.0  444.0
2018 164  6 13 0300  -53.6  611.9  444.0  444.0  444.0  444.0
2018 164  6 13 0600  -58.1  612.0  444.0  444.0  444.0  444.0
2018 164  6 13 0900  -64.0  612.3  444.0  444.0  444.0  444.0
2018 164  6 13 1200  -66.6  612.6  444.0  444.0  444.0  444.0
2018 164  6 13 1500  -65.4  612.8  444.0  444.0  444.0  444.0
2018 164  6 13 1800  -66.1  613.3  444.0  444.0  444.0  444.0
2018 164  6 13 2100  -65.0  613.7    3.9  112.0  444.0  444.0
2018 165  6 14 0000  -64.4  614.6    4.1  108.0  444.0  444.0
2018 165  6 14 0300  -63.6  615.2    3.9  115.0  444.0  444.0
2018 165  6 14 0600  -59.4  615.8    4.7  112.0  444.0  444.0
2018 165  6 14 0900  -59.8  616.5    4.7  118.0  444.0  444.0
2018 165  6 14 1200  -60.8  617.3    4.5  121.0  444.0  444.0
2018 165  6 14 1500  -62.4  618.0    3.9  124.0  444.0  444.0
2018 165  6 14 1800  -64.0  619.0    4.3  131.0  444.0  444.0
2018 165  6 14 2100  -62.0  620.3    4.1  125.0  444.0  444.0
2018 166  6 15 0000  -62.2  621.8    3.7  128.0  444.0  444.0
2018 166  6 15 0300  -61.6  623.0    3.1  128.0  444.0  444.0
2018 166  6 15 0600  -61.1  624.0    3.9  129.0  444.0  444.0
2018 166  6 15 0900  -58.4  624.9    4.7  125.0  444.0  444.0
2018 166  6 15 1200  -57.8  625.1    4.3  141.0  444.0  444.0
2018 166  6 15 1500  -56.6  625.0    5.5  134.0  444.0  444.0
2018 166  6 15 1800  -55.9  624.9    6.0  138.0  444.0  444.0
2018 166  6 15 2100  -55.1  624.5    5.1  145.0  444.0  444.0
2018 167  6 16 0000  -52.8  623.9    9.0  138.0  444.0  444.0
2018 167  6 16 0300  -50.8  623.7   10.7  114.0  444.0  444.0
2018 167  6 16 0600  -52.2  624.7   10.7  111.0  444.0  444.0
2018 167  6 16 0900  -53.6  625.8    8.4  105.0  444.0  444.0
2018 167  6 16 1200  -55.5  627.0    5.8  118.0  444.0  444.0
2018 167  6 16 1500  -55.2  627.3    7.2  111.0  444.0  444.0
2018 167  6 16 1800  -54.4  627.6    7.0  121.0  444.0  444.0
2018 167  6 16 2100  -54.2  627.8    6.8  107.0  444.0  444.0
2018 168  6 17 0000  -54.4  627.9    9.2  101.0  444.0  444.0
2018 168  6 17 0300  -54.5  628.2    7.6  111.0  444.0  444.0
2018 168  6 17 0600  -52.1  628.2    8.2  100.0  444.0  444.0
2018 168  6 17 0900  -51.2  628.3    6.4  110.0  444.0  444.0
2018 168  6 17 1200  -47.4  628.1    8.2  107.0  444.0  444.0
2018 168  6 17 1500  -46.6  627.5    9.4  107.0  444.0  444.0
2018 168  6 17 1800  -45.5  627.0    9.2   93.0  444.0  444.0
2018 168  6 17 2100  -46.1  626.6    7.0   87.0  444.0  444.0
2018 169  6 18 0000  -47.1  626.5    8.6   89.0  444.0  444.0
2018 169  6 18 0300  -45.0  626.6    7.0   66.0  444.0  444.0
2018 169  6 18 0600  -45.4  626.4    6.2   66.0  444.0  444.0
2018 169  6 18 0900  -46.0  626.0    6.4   66.0  444.0  444.0
2018 169  6 18 1200  -44.6  625.5    6.6   70.0  444.0  444.0
2018 169  6 18 1500  -44.0  624.7    5.5   65.0  444.0  444.0
2018 169  6 18 1800  -46.2  623.7    5.5   77.0  444.0  444.0
2018 169  6 18 2100  -45.0  622.4    6.4   84.0  444.0  444.0
2018 170  6 19 0000  -44.1  620.9    7.0   77.0  444.0  444.0
2018 170  6 19 0300  -44.0  619.6    7.4   83.0  444.0  444.0
2018 170  6 19 0600  -43.4  618.6    8.2   77.0  444.0  444.0
2018 170  6 19 0900  -43.6  617.6   10.1   91.0  444.0  444.0
2018 170  6 19 1200  -44.1  617.1   10.9   89.0  444.0  444.0
2018 170  6 19 1500  -43.5  616.6    9.6   89.0  444.0  444.0
2018 170  6 19 1800  -44.9  615.7    7.4   94.0  444.0  444.0
2018 170  6 19 2100  -46.0  615.0    7.8   86.0  444.0  444.0
2018 171  6 20 0000  -47.9  614.3    7.8   96.0  444.0  444.0
2018 171  6 20 0300  -50.8  613.5    7.0  103.0  444.0  444.0
2018 171  6 20 0600  -53.4  612.4    7.4   97.0  444.0  444.0
2018 171  6 20 0900  -55.5  611.8    5.8   91.0  444.0  444.0
2018 171  6 20 1200  -55.5  611.2    6.2   91.0  444.0  444.0
2018 171  6 20 1500  -56.9  610.5    6.2  101.0  444.0  444.0
2018 171  6 20 1800  -57.5  610.0    7.2   96.0  444.0  444.0
2018 171  6 20 2100  -57.5  609.3    6.4  101.0  444.0  444.0
2018 172  6 21 0000  -58.2  608.7    6.2  107.0  444.0  444.0
2018 172  6 21 0300  -59.6  608.1    5.7   96.0  444.0  444.0
2018 172  6 21 0600  -60.9  608.1    6.4   97.0  444.0  444.0
2018 172  6 21 0900  -60.8  608.4    6.4   83.0  444.0  444.0
2018 172  6 21 1200  -61.4  608.5    6.0   86.0  444.0  444.0
2018 172  6 21 1500  -62.0  609.1    5.7   96.0  444.0  444.0
2018 172  6 21 1800  -63.5  609.5    4.1   89.0  444.0  444.0
2018 172  6 21 2100  -62.9  610.0    4.9   91.0  444.0  444.0
2018 173  6 22 0000  -63.6  610.9    4.9   89.0  444.0  444.0
2018 173  6 22 0300  -62.9  611.2    5.3   89.0  444.0  444.0
2018 173  6 22 0600  -60.0  611.9    5.5   83.0  444.0  444.0
2018 173  6 22 0900  -59.5  612.7    5.5   80.0  444.0  444.0
2018 173  6 22 1200  -59.5  613.2    4.9   84.0  444.0  444.0
2018 173  6 22 1500  -58.8  613.5    4.9   90.0  444.0  444.0
2018 173  6 22 1800  -59.9  613.7    4.5   84.0  444.0  444.0
2018 173  6 22 2100  -61.6  613.9    3.7   91.0  444.0  444.0
2018 174  6 23 0000  -60.8  613.8    3.5   80.0  444.0  444.0
2018 174  6 23 0300  -64.4  613.7    2.7   83.0  444.0  444.0
2018 174  6 23 0600  -64.2  613.2    2.7   79.0  444.0  444.0
2018 174  6 23 0900  -64.2  612.9    3.1   80.0  444.0  444.0
2018 174  6 23 1200  -63.8  612.5    3.3   75.0  444.0  444.0
2018 174  6 23 1500  -63.9  611.9    3.5   73.0  444.0  444.0
2018 174  6 23 1800  -62.9  611.1    4.1   65.0  444.0  444.0
2018 174  6 23 2100  -64.0  610.4    3.7   84.0  444.0  444.0
2018 175  6 24 0000  -63.1  609.8    4.1   65.0  444.0  444.0
2018 175  6 24 0300  -60.6  609.0    6.0   59.0  444.0  444.0
2018 175  6 24 0600  -57.9  608.5    5.3   52.0  444.0  444.0
2018 175  6 24 0900  -57.1  608.9    5.7   45.0  444.0  444.0
2018 175  6 24 1200  -57.9  609.1    5.3   46.0  444.0  444.0
2018 175  6 24 1500  -58.8  609.6    5.7   42.0  444.0  444.0
2018 175  6 24 1800  -58.8  609.9    4.9   49.0  444.0  444.0
2018 175  6 24 2100  -59.9  610.5    4.9   46.0  444.0  444.0
2018 176  6 25 0000  -56.4  611.0    5.1   39.0  444.0  444.0
2018 176  6 25 0300  -50.4  611.5    7.2   25.0  444.0  444.0
2018 176  6 25 0600  -50.1  612.2    6.4   37.0  444.0  444.0
2018 176  6 25 0900  -50.8  612.6    6.0   32.0  444.0  444.0
2018 176  6 25 1200  -49.0  613.1    6.2   34.0  444.0  444.0
2018 176  6 25 1500  -49.5  613.0    5.7   52.0  444.0  444.0
2018 176  6 25 1800  -48.2  612.7    6.0   55.0  444.0  444.0
2018 176  6 25 2100  -47.9  612.2    6.4   73.0  444.0  444.0
2018 177  6 26 0000  -43.6  611.2    9.0   66.0  444.0  444.0
2018 177  6 26 0300  -43.0  610.2    5.8   60.0  444.0  444.0
2018 177  6 26 0600  -43.0  610.2    6.0   56.0  444.0  444.0
2018 177  6 26 0900  -45.0  610.6    8.8   63.0  444.0  444.0
2018 177  6 26 1200  -46.4  611.3    5.5   49.0  444.0  444.0
2018 177  6 26 1500  -44.1  612.2    9.2   38.0  444.0  444.0
2018 177  6 26 1800  -43.2  613.0    5.8   45.0  444.0  444.0
2018 177  6 26 2100  -43.6  613.7    6.2   63.0  444.0  444.0
2018 178  6 27 0000  -45.4  614.4    4.7   89.0  444.0  444.0
2018 178  6 27 0300  -50.5  613.9    4.3  110.0  444.0  444.0
2018 178  6 27 0600  -53.4  613.3    4.3  101.0  444.0  444.0
2018 178  6 27 0900  -54.9  613.1    3.3  111.0  444.0  444.0
2018 178  6 27 1200  -56.4  612.7    3.7  108.0  444.0  444.0
2018 178  6 27 1500  -55.9  612.1    4.3  103.0  444.0  444.0
2018 178  6 27 1800  -57.2  611.7    4.1  108.0  444.0  444.0
2018 178  6 27 2100  -57.6  611.4    3.7  111.0  444.0  444.0
2018 179  6 28 0000  -57.2  611.0    4.1  108.0  444.0  444.0
2018 179  6 28 0300  -58.8  610.6    2.7  115.0  444.0  444.0
2018 179  6 28 0600  -58.9  610.1    3.9  108.0  444.0  444.0
2018 179  6 28 0900  -59.1  610.2    3.3   98.0  444.0  444.0
2018 179  6 28 1200  -60.2  610.0    3.7  100.0  444.0  444.0
2018 179  6 28 1500  -61.6  609.8    2.9  105.0  444.0  444.0
2018 179  6 28 1800  -62.1  609.8    2.5  111.0  444.0  444.0
2018 179  6 28 2100  -62.4  609.7    2.3  111.0  444.0  444.0
2018 180  6 29 0000  -62.4  609.4    3.3  103.0  444.0  444.0
2018 180  6 29 0300  -62.6  609.2    2.7  108.0  444.0  444.0
2018 180  6 29 0600  -61.9  609.5    3.5  104.0  444.0  444.0
2018 180  6 29 0900  -62.2  609.9    2.9  104.0  444.0  444.0
2018 180  6 29 1200  -58.4  609.6    2.7  101.0  444.0  444.0
2018 180  6 29 1500  -60.8  609.3    3.1  103.0  444.0  444.0
2018 180  6 29 1800  -59.2  608.8    3.7  105.0  444.0  444.0
2018 180  6 29 2100  -54.0  607.8    6.6   96.0  444.0  444.0
2018 181  6 30 0000  -54.8  606.6    6.2   93.0  444.0  444.0
2018 181  6 30 0300  -51.9  604.4    8.2   97.0  444.0  444.0
2018 181  6 30 0600  -47.8  602.7   10.1   90.0  444.0  444.0
2018 181  6 30 0900  -45.2  603.1   12.9   69.0  444.0  444.0
2018 181  6 30 1200  -48.1  603.5    7.4   62.0  444.0  444.0
2018 181  6 30 1500  -49.9  605.1    7.6   55.0  444.0  444.0
2018 181  6 30 1800  -49.9  606.3    6.4   59.0  444.0  444.0
2018 181  6 30 2100  -55.4  607.3    3.7   65.0  444.0  444.0
