Year: 2018  Month: 03  ID: JAS  ARGOS: 30305  Name: JASE2007            
Lat: 75.89S  Lon:  25.84E  Elev: 3661m
2018  60  3  1 0000  -56.0  608.1    2.7   89.0  444.0  444.0
2018  60  3  1 0300  -55.9  608.3    2.3   86.0  444.0  444.0
2018  60  3  1 0600  -50.9  608.5    3.3   79.0  444.0  444.0
2018  60  3  1 0900  -46.6  608.9    3.1   82.0  444.0  444.0
2018  60  3  1 1200  -42.8  609.3    3.3   66.0  444.0  444.0
2018  60  3  1 1500  -44.1  609.3    2.3   68.0  444.0  444.0
2018  60  3  1 1800  -48.9  609.6    3.3   62.0  444.0  444.0
2018  60  3  1 2100  -52.1  609.7    2.3   72.0  444.0  444.0
2018  61  3  2 0000  -56.1  610.0    2.1   86.0  444.0  444.0
2018  61  3  2 0300  -54.8  610.1    1.9   75.0  444.0  444.0
2018  61  3  2 0600  -50.1  610.2    2.1   72.0  444.0  444.0
2018  61  3  2 0900  -46.2  610.5    2.5   72.0  444.0  444.0
2018  61  3  2 1200  -42.5  610.8    1.8   66.0  444.0  444.0
2018  61  3  2 1500  -44.8  611.1    2.3   79.0  444.0  444.0
2018  61  3  2 1800  -52.8  611.4    2.3   79.0  444.0  444.0
2018  61  3  2 2100  -55.8  611.8    2.5   83.0  444.0  444.0
2018  62  3  3 0000  -56.5  612.0    1.9   91.0  444.0  444.0
2018  62  3  3 0300  -57.1  612.2    1.8  100.0  444.0  444.0
2018  62  3  3 0600  -52.0  612.3    2.7   98.0  444.0  444.0
2018  62  3  3 0900  -48.0  612.5    3.1  100.0  444.0  444.0
2018  62  3  3 1200  -45.6  612.5    3.1  105.0  444.0  444.0
2018  62  3  3 1500  -47.6  612.1    3.7  104.0  444.0  444.0
2018  62  3  3 1800  -53.4  611.9    3.5  115.0  444.0  444.0
2018  62  3  3 2100  -54.9  611.5    3.9  111.0  444.0  444.0
2018  63  3  4 0000  -56.8  611.0    3.7  112.0  444.0  444.0
2018  63  3  4 0300  -56.8  610.2    4.1  112.0  444.0  444.0
2018  63  3  4 0600  -52.4  609.7    4.5  111.0  444.0  444.0
2018  63  3  4 0900  -47.5  609.4    5.3  100.0  444.0  444.0
2018  63  3  4 1200  -44.9  608.8    4.9  101.0  444.0  444.0
2018  63  3  4 1500  -46.0  608.1    5.3  103.0  444.0  444.0
2018  63  3  4 1800  -45.9  607.5    6.2  100.0  444.0  444.0
2018  63  3  4 2100  -46.2  606.9    5.5  103.0  444.0  444.0
2018  64  3  5 0000  -45.5  606.1    6.2  103.0  444.0  444.0
2018  64  3  5 0300  -43.8  605.2    5.8   83.0  444.0  444.0
2018  64  3  5 0600  -41.5  604.6    6.0   49.0  444.0  444.0
2018  64  3  5 0900  -40.1  604.2    6.0   53.0  444.0  444.0
2018  64  3  5 1200  -38.9  604.2    5.8   30.0  444.0  444.0
2018  64  3  5 1500  -41.2  604.0    3.3   38.0  444.0  444.0
2018  64  3  5 1800  -49.4  604.1    2.7   55.0  444.0  444.0
2018  64  3  5 2100  -51.8  604.0    2.9   56.0  444.0  444.0
2018  65  3  6 0000  -55.1  604.3    2.5   52.0  444.0  444.0
2018  65  3  6 0300  -55.1  604.6    2.3   53.0  444.0  444.0
2018  65  3  6 0600  -49.8  605.0    1.9   38.0  444.0  444.0
2018  65  3  6 0900  -47.6  606.0    2.1  359.0  444.0  444.0
2018  65  3  6 1200  -46.6  606.6    2.1  305.0  444.0  444.0
2018  65  3  6 1500  -47.8  606.9    1.6  302.0  444.0  444.0
2018  65  3  6 1800  -51.8  607.0    2.7  305.0  444.0  444.0
2018  65  3  6 2100  -56.9  607.0    1.9  283.0  444.0  444.0
2018  66  3  7 0000  -57.8  607.2    2.5  276.0  444.0  444.0
2018  66  3  7 0300  -57.6  606.6    2.3  274.0  444.0  444.0
2018  66  3  7 0600  -54.4  606.6    2.9  243.0  444.0  444.0
2018  66  3  7 0900  -52.1  606.5    2.9  222.0  444.0  444.0
2018  66  3  7 1200  -49.8  606.5    2.9  218.0  444.0  444.0
2018  66  3  7 1500  -52.8  606.1    3.9  231.0  444.0  444.0
2018  66  3  7 1800  -59.8  606.0    3.1  228.0  444.0  444.0
2018  66  3  7 2100  -59.9  605.7    4.3  207.0  444.0  444.0
2018  67  3  8 0000  -61.4  605.7    3.7  190.0  444.0  444.0
2018  67  3  8 0300  -63.0  605.7    2.7  195.0  444.0  444.0
2018  67  3  8 0600  -58.4  606.1    2.9  177.0  444.0  444.0
2018  67  3  8 0900  -53.1  606.3    4.1  162.0  444.0  444.0
2018  67  3  8 1200  -52.8  606.8    3.5  190.0  444.0  444.0
2018  67  3  8 1500  -53.4  606.8    3.3  174.0  444.0  444.0
2018  67  3  8 1800  -58.1  607.2    3.5  172.0  444.0  444.0
2018  67  3  8 2100  -60.9  607.5    3.5  176.0  444.0  444.0
2018  68  3  9 0000  -60.2  607.6    3.7  167.0  444.0  444.0
2018  68  3  9 0300  -61.2  607.6    4.9  162.0  444.0  444.0
2018  68  3  9 0600  -58.0  608.2    3.9  155.0  444.0  444.0
2018  68  3  9 0900  -54.5  608.6    3.1  148.0  444.0  444.0
2018  68  3  9 1200  -52.1  609.3    2.9  176.0  444.0  444.0
2018  68  3  9 1500  -53.1  609.8    2.9  152.0  444.0  444.0
2018  68  3  9 1800  -59.5  610.6    3.5  162.0  444.0  444.0
2018  68  3  9 2100  -62.0  611.4    2.7  174.0  444.0  444.0
2018  69  3 10 0000  -61.4  612.1    2.7  152.0  444.0  444.0
2018  69  3 10 0300  -61.1  612.6    2.5  160.0  444.0  444.0
2018  69  3 10 0600  -57.6  613.6    2.5  163.0  444.0  444.0
2018  69  3 10 0900  -53.6  614.3    1.9  136.0  444.0  444.0
2018  69  3 10 1200  -51.6  615.1    1.2  132.0  444.0  444.0
2018  69  3 10 1500  -53.5  615.5    1.6  146.0  444.0  444.0
2018  69  3 10 1800  -59.4  615.9    2.5  132.0  444.0  444.0
2018  69  3 10 2100  -61.4  616.4    2.5  100.0  444.0  444.0
2018  70  3 11 0000  -63.6  616.8    2.3  117.0  444.0  444.0
2018  70  3 11 0300  -64.2  616.7    2.3  100.0  444.0  444.0
2018  70  3 11 0600  -60.4  617.0    2.1  110.0  444.0  444.0
2018  70  3 11 0900  -55.9  617.3    2.3   90.0  444.0  444.0
2018  70  3 11 1200  -52.2  617.3    1.9   80.0  444.0  444.0
2018  70  3 11 1500  -56.4  617.2    1.9   94.0  444.0  444.0
2018  70  3 11 1800  -62.1  617.1    2.3  108.0  444.0  444.0
2018  70  3 11 2100  -64.1  616.5    2.1   97.0  444.0  444.0
2018  71  3 12 0000  -65.2  616.0    2.1  103.0  444.0  444.0
2018  71  3 12 0300  -66.1  615.2    2.5  108.0  444.0  444.0
2018  71  3 12 0600  -62.0  614.3    2.3  107.0  444.0  444.0
2018  71  3 12 0900  -57.1  613.4    2.7  101.0  444.0  444.0
2018  71  3 12 1200  -54.8  612.8    2.3  110.0  444.0  444.0
2018  71  3 12 1500  -56.4  611.8    3.1  114.0  444.0  444.0
2018  71  3 12 1800  -60.5  611.2    3.5  115.0  444.0  444.0
2018  71  3 12 2100  -62.5  610.4    2.7  114.0  444.0  444.0
2018  72  3 13 0000  -61.2  609.6    3.9  110.0  444.0  444.0
2018  72  3 13 0300  -63.5  609.2    2.7  112.0  444.0  444.0
2018  72  3 13 0600  -60.0  609.0    3.1  114.0  444.0  444.0
2018  72  3 13 0900  -56.6  608.6    3.9  110.0  444.0  444.0
2018  72  3 13 1200  -54.8  608.5    3.3  104.0  444.0  444.0
2018  72  3 13 1500  -57.0  608.2    3.7   94.0  444.0  444.0
2018  72  3 13 1800  -61.4  608.1    3.3   94.0  444.0  444.0
2018  72  3 13 2100  -60.9  608.0    3.9   93.0  444.0  444.0
2018  73  3 14 0000  -60.8  607.7    3.9   83.0  444.0  444.0
2018  73  3 14 0300  -58.2  607.1    4.1   80.0  444.0  444.0
2018  73  3 14 0600  -54.5  607.1    3.9   59.0  444.0  444.0
2018  73  3 14 0900  -50.6  607.1    4.5   55.0  444.0  444.0
2018  73  3 14 1200  -47.9  607.2    5.1   35.0  444.0  444.0
2018  73  3 14 1500  -51.0  607.5    3.7   49.0  444.0  444.0
2018  73  3 14 1800  -55.1  607.8    3.7   51.0  444.0  444.0
2018  73  3 14 2100  -57.0  608.0    3.1   58.0  444.0  444.0
2018  74  3 15 0000  -60.1  607.7    2.7   83.0  444.0  444.0
2018  74  3 15 0300  -62.8  607.1    2.7  103.0  444.0  444.0
2018  74  3 15 0600  -59.0  606.5    3.3  120.0  444.0  444.0
2018  74  3 15 0900  -54.1  605.7    4.9  118.0  444.0  444.0
2018  74  3 15 1200  -51.4  604.8    4.9  121.0  444.0  444.0
2018  74  3 15 1500  -52.2  603.9    5.7  128.0  444.0  444.0
2018  74  3 15 1800  -56.0  603.7    7.2  110.0  444.0  444.0
2018  74  3 15 2100  -57.0  603.7    4.9  115.0  444.0  444.0
2018  75  3 16 0000  -50.4  604.2    5.1   98.0  444.0  444.0
2018  75  3 16 0300  -48.4  604.9    5.7   83.0  444.0  444.0
2018  75  3 16 0600  -47.5  605.6    4.5   90.0  444.0  444.0
2018  75  3 16 0900  -46.4  606.6    4.7   65.0  444.0  444.0
2018  75  3 16 1200  -45.1  607.3    4.5   65.0  444.0  444.0
2018  75  3 16 1500  -46.0  608.1    3.5   65.0  444.0  444.0
2018  75  3 16 1800  -50.1  609.0    4.1   63.0  444.0  444.0
2018  75  3 16 2100  -51.0  609.8    4.3   42.0  444.0  444.0
2018  76  3 17 0000  -50.6  610.1    5.1   41.0  444.0  444.0
2018  76  3 17 0300  -50.4  610.4    4.9   34.0  444.0  444.0
2018  76  3 17 0600  -49.2  610.4    4.5   25.0  444.0  444.0
2018  76  3 17 0900  -46.4  609.8    6.4  360.0  444.0  444.0
2018  76  3 17 1200  -42.6  609.3    5.7  343.0  444.0  444.0
2018  76  3 17 1500  -45.2  608.0    4.3  350.0  444.0  444.0
2018  76  3 17 1800  -50.4  606.5    4.9  359.0  444.0  444.0
2018  76  3 17 2100  -53.4  605.7    2.5  319.0  444.0  444.0
2018  77  3 18 0000  -58.8  606.1    1.9  252.0  444.0  444.0
2018  77  3 18 0300  -61.1  606.3    2.3  236.0  444.0  444.0
2018  77  3 18 0600  -57.2  606.4    2.7  245.0  444.0  444.0
2018  77  3 18 0900  -54.6  606.4    4.7  245.0  444.0  444.0
2018  77  3 18 1200  -53.0  606.4    3.7  233.0  444.0  444.0
2018  77  3 18 1500  -55.4  605.9    3.1  242.0  444.0  444.0
2018  77  3 18 1800  -60.5  606.0    3.5  245.0  444.0  444.0
2018  77  3 18 2100  -58.5  605.7    3.3  226.0  444.0  444.0
2018  78  3 19 0000  -62.9  605.8    3.1  215.0  444.0  444.0
2018  78  3 19 0300  -65.9  606.2    2.1  210.0  444.0  444.0
2018  78  3 19 0600  -58.8  606.4    2.7  172.0  444.0  444.0
2018  78  3 19 0900  -56.4  607.0    2.9  159.0  444.0  444.0
2018  78  3 19 1200  -54.0  607.3    2.7  138.0  444.0  444.0
2018  78  3 19 1500  -56.5  607.2    1.9  120.0  444.0  444.0
2018  78  3 19 1800  -62.2  607.4    2.1  118.0  444.0  444.0
2018  78  3 19 2100  -63.8  607.2    1.6  117.0  444.0  444.0
2018  79  3 20 0000  -63.5  607.1    1.4  118.0  444.0  444.0
2018  79  3 20 0300  -62.5  606.2    2.3  118.0  444.0  444.0
2018  79  3 20 0600  -57.1  605.6    1.8  138.0  444.0  444.0
2018  79  3 20 0900  -52.2  605.3    1.8  117.0  444.0  444.0
2018  79  3 20 1200  -50.5  604.9    1.8  107.0  444.0  444.0
2018  79  3 20 1500  -52.4  604.6    1.8  114.0  444.0  444.0
2018  79  3 20 1800  -56.8  604.7    1.8  114.0  444.0  444.0
2018  79  3 20 2100  -55.9  604.7    1.6   96.0  444.0  444.0
2018  80  3 21 0000  -55.1  605.1    1.4   58.0  444.0  444.0
2018  80  3 21 0300  -55.2  605.8    2.3  128.0  444.0  444.0
2018  80  3 21 0600  -47.5  606.8    2.3  153.0  444.0  444.0
2018  80  3 21 0900  -53.5  608.5    1.8  198.0  444.0  444.0
2018  80  3 21 1200  -54.0  610.3    2.3  215.0  444.0  444.0
2018  80  3 21 1500  -55.6  611.6    1.8  210.0  444.0  444.0
2018  80  3 21 1800  -61.5  613.1    2.5  217.0  444.0  444.0
2018  80  3 21 2100  -59.1  614.3    2.1  183.0  444.0  444.0
2018  81  3 22 0000  -59.2  614.9    2.1  143.0  444.0  444.0
2018  81  3 22 0300  -54.9  615.7    2.5  142.0  444.0  444.0
2018  81  3 22 0600  -50.1  616.5    0.0  134.0  444.0  444.0
2018  81  3 22 0900  -48.1  617.4    1.8  120.0  444.0  444.0
2018  81  3 22 1200  -47.8  618.4    2.5  152.0  444.0  444.0
2018  81  3 22 1500  -51.2  618.9    1.9  150.0  444.0  444.0
2018  81  3 22 1800  -56.6  619.4    2.5  122.0  444.0  444.0
2018  81  3 22 2100  -59.4  619.9    3.1  121.0  444.0  444.0
2018  82  3 23 0000  -59.0  620.3    3.3  139.0  444.0  444.0
2018  82  3 23 0300  -57.0  620.1    5.1  124.0  444.0  444.0
2018  82  3 23 0600  -55.4  620.5    5.3  117.0  444.0  444.0
2018  82  3 23 0900  -50.9  621.0    6.6  115.0  444.0  444.0
2018  82  3 23 1200  -49.8  621.5    7.2  114.0  444.0  444.0
2018  82  3 23 1500  -51.0  621.8    9.2  105.0  444.0  444.0
2018  82  3 23 1800  -52.8  621.4    9.6  108.0  444.0  444.0
2018  82  3 23 2100  -52.1  621.2   10.3  103.0  444.0  444.0
2018  83  3 24 0000  -50.2  620.3    9.8  104.0  444.0  444.0
2018  83  3 24 0300  -50.1  619.8    9.9   97.0  444.0  444.0
2018  83  3 24 0600  -49.0  619.1    9.0   91.0  444.0  444.0
2018  83  3 24 0900  -47.4  618.3    7.2   80.0  444.0  444.0
2018  83  3 24 1200  -46.6  618.2    8.0   73.0  444.0  444.0
2018  83  3 24 1500  -50.4  618.1    4.9   70.0  444.0  444.0
2018  83  3 24 1800  -55.1  619.0    3.7   80.0  444.0  444.0
2018  83  3 24 2100  -54.8  619.4    3.9   62.0  444.0  444.0
2018  84  3 25 0000  -55.2  619.9    2.9   66.0  444.0  444.0
2018  84  3 25 0300  -56.4  620.1    3.1   86.0  444.0  444.0
2018  84  3 25 0600  -54.4  620.5    2.9   96.0  444.0  444.0
2018  84  3 25 0900  -47.6  620.1    4.1   75.0  444.0  444.0
2018  84  3 25 1200  -40.2  620.1    6.4   75.0  444.0  444.0
2018  84  3 25 1500  -38.0  620.1    5.1   56.0  444.0  444.0
2018  84  3 25 1800  -36.8  620.6    5.3   41.0  444.0  444.0
2018  84  3 25 2100  -36.8  621.2    2.9   35.0  444.0  444.0
2018  85  3 26 0000  -37.4  622.1    1.6   52.0  444.0  444.0
2018  85  3 26 0300  -38.1  622.8    0.4   55.0  444.0  444.0
2018  85  3 26 0600  -40.1  623.6    0.0   55.0  444.0  444.0
2018  85  3 26 0900  -36.2  624.5    1.6  132.0  444.0  444.0
2018  85  3 26 1200  -35.4  625.3    1.9  141.0  444.0  444.0
2018  85  3 26 1500  -37.0  625.7    1.8  108.0  444.0  444.0
2018  85  3 26 1800  -41.9  625.9    2.1   83.0  444.0  444.0
2018  85  3 26 2100  -43.6  626.4    1.6  100.0  444.0  444.0
2018  86  3 27 0000  -46.6  626.2    3.1   83.0  444.0  444.0
2018  86  3 27 0300  -52.6  625.7    2.1  105.0  444.0  444.0
2018  86  3 27 0600  -52.4  625.5    2.3  112.0  444.0  444.0
2018  86  3 27 0900  -48.9  624.8    1.2  110.0  444.0  444.0
2018  86  3 27 1200  -47.5  623.9    1.8   96.0  444.0  444.0
2018  86  3 27 1500  -46.9  622.9    1.0   91.0  444.0  444.0
2018  86  3 27 1800  -53.4  621.3    1.6   84.0  444.0  444.0
2018  86  3 27 2100  -52.2  620.5    0.6   63.0  444.0  444.0
2018  87  3 28 0000  -53.0  619.9    1.0  179.0  444.0  444.0
2018  87  3 28 0300  -53.6  619.4    1.6  135.0  444.0  444.0
2018  87  3 28 0600  -54.2  618.9    1.4  115.0  444.0  444.0
2018  87  3 28 0900  -51.1  619.3    1.8  187.0  444.0  444.0
2018  87  3 28 1200  -45.4  619.3    1.6  136.0  444.0  444.0
2018  87  3 28 1500  -50.1  619.3    1.6  163.0  444.0  444.0
2018  87  3 28 1800  -49.0  619.8    1.2  163.0  444.0  444.0
2018  87  3 28 2100  -50.0  620.1    2.3  138.0  444.0  444.0
2018  88  3 29 0000  -55.2  620.1    1.2  149.0  444.0  444.0
2018  88  3 29 0300  -56.6  620.0    1.8  143.0  444.0  444.0
2018  88  3 29 0600  -55.9  619.8    1.4  174.0  444.0  444.0
2018  88  3 29 0900  -53.0  619.8    1.0  170.0  444.0  444.0
2018  88  3 29 1200  -54.0  619.8    1.0  217.0  444.0  444.0
2018  88  3 29 1500  -54.8  619.7    1.4  173.0  444.0  444.0
2018  88  3 29 1800  -57.1  619.7    1.6  197.0  444.0  444.0
2018  88  3 29 2100  -58.8  619.4    1.2  193.0  444.0  444.0
2018  89  3 30 0000  -61.2  618.9    1.0  218.0  444.0  444.0
2018  89  3 30 0300  -58.1  618.4    1.4  204.0  444.0  444.0
2018  89  3 30 0600  -59.4  617.9    1.6  193.0  444.0  444.0
2018  89  3 30 0900  -56.6  617.4    1.2  181.0  444.0  444.0
2018  89  3 30 1200  -55.5  617.0    4.1  174.0  444.0  444.0
2018  89  3 30 1500  -58.5  616.4    4.1  180.0  444.0  444.0
2018  89  3 30 1800  -60.0  615.7    4.7  172.0  444.0  444.0
2018  89  3 30 2100  -61.4  615.2    5.5  188.0  444.0  444.0
2018  90  3 31 0000  -61.8  614.3    4.9  184.0  444.0  444.0
2018  90  3 31 0300  -62.1  613.7    5.3  169.0  444.0  444.0
2018  90  3 31 0600  -61.5  613.7    6.0  142.0  444.0  444.0
2018  90  3 31 0900  -59.2  613.8    4.5  132.0  444.0  444.0
2018  90  3 31 1200  -58.1  614.1    4.3  124.0  444.0  444.0
2018  90  3 31 1500  -60.9  614.0    3.7  129.0  444.0  444.0
2018  90  3 31 1800  -61.5  614.5    4.7  107.0  444.0  444.0
2018  90  3 31 2100  -63.2  614.8    3.5  115.0  444.0  444.0
