Year: 2018  Month: 07  ID: JNT  ARGOS:  8936  Name: Janet               
Lat: 77.17S  Lon: 123.39W  Elev: 2085m
2018 182  7  1 0000  -27.8  750.0  444.0  444.0   78.0  444.0
2018 182  7  1 0300  -27.2  748.6   12.6   45.0   78.0  444.0
2018 182  7  1 0600  -28.0  746.7   13.9   44.0   77.0  444.0
2018 182  7  1 0900  -27.5  745.9   12.5   36.0   77.6  444.0
2018 182  7  1 1200  -25.6  746.3   10.9   31.0   80.0  444.0
2018 182  7  1 1500  -24.1  747.4   12.1   23.0   81.0  444.0
2018 182  7  1 1800  -24.4  749.3    9.0   20.0   81.0  444.0
2018 182  7  1 2100  -23.5  750.5    6.6   53.0   82.3  444.0
2018 183  7  2 0000  -22.1  750.4   10.3   68.0   84.0  444.0
2018 183  7  2 0300  -24.4  749.2   13.8   82.0   81.4  444.0
2018 183  7  2 0600  -26.4  748.9   12.9   88.0   80.0  444.0
2018 183  7  2 0900  -27.2  748.8   17.3   71.0   78.0  444.0
2018 183  7  2 1200  -25.7  749.6   17.9   64.0   79.9  444.0
2018 183  7  2 1500  -24.5  751.6   14.1   49.0   81.0  444.0
2018 183  7  2 1800  -22.6  752.4   14.9   62.0   83.2  444.0
2018 183  7  2 2100  -23.5  753.1   17.8   46.0   82.0  444.0
2018 184  7  3 0000  -23.2  754.9   15.1   43.0   82.1  444.0
2018 184  7  3 0300  -23.6  756.1    9.2   65.0   81.0  444.0
2018 184  7  3 0600  -23.2  757.0    9.6  101.0   81.9  444.0
2018 184  7  3 0900  -21.5  755.5   18.4   58.0   84.0  444.0
2018 184  7  3 1200  -20.0  758.0   17.9    6.0   85.0  444.0
2018 184  7  3 1500  -20.1  758.5   15.1   62.0   85.0  444.0
2018 184  7  3 1800  -20.4  759.3   13.8   67.0   85.0  444.0
2018 184  7  3 2100  -21.1  759.8   12.2   74.0   84.1  444.0
2018 185  7  4 0000  -22.9  760.6    9.7   69.0   82.3  444.0
2018 185  7  4 0300  -22.6  760.9    9.5   59.0   83.0  444.0
2018 185  7  4 0600  -24.2  761.2    6.1   60.0   81.0  444.0
2018 185  7  4 0900  -25.1  761.5    4.6   89.0   81.3  444.0
2018 185  7  4 1200  -23.2  760.6    6.6   77.0   82.0  444.0
2018 185  7  4 1500  -23.9  760.3    4.6   48.0   81.0  444.0
2018 185  7  4 1800  -26.1  760.0    3.3   14.0   80.0  444.0
2018 185  7  4 2100  -27.8  759.2    2.9   74.0   77.0  444.0
2018 186  7  5 0000  -30.0  759.0    2.8  311.0   76.0  444.0
2018 186  7  5 0300  -31.4  758.3    7.0   45.0   75.0  444.0
2018 186  7  5 0600  -27.6  757.9    5.1   31.0   78.0  444.0
2018 186  7  5 0900  -25.2  757.3    4.4   29.0   81.0  444.0
2018 186  7  5 1200  -25.2  756.7    5.5   43.0   80.0  444.0
2018 186  7  5 1500  -24.3  755.5    5.1   27.0   81.0  444.0
2018 186  7  5 1800  -25.1  754.8    4.1   43.0   81.0  444.0
2018 186  7  5 2100  -29.0  754.0    4.6   21.0   77.0  444.0
2018 187  7  6 0000  -32.8  753.1    4.7    8.0   75.0  444.0
2018 187  7  6 0300  -30.7  752.5    1.1  297.0   76.3  444.0
2018 187  7  6 0600  -30.8  751.7    1.6   35.0   75.0  444.0
2018 187  7  6 0900  -36.6  751.0    1.0   35.0   69.0  444.0
2018 187  7  6 1200  -38.5  750.2    1.0   45.0   67.0  444.0
2018 187  7  6 1500  -38.1  749.5    1.0   36.0   67.0  444.0
2018 187  7  6 1800  -37.9  749.4    0.5   46.0   68.0  444.0
2018 187  7  6 2100  -35.9  749.3    0.1   59.0   72.0  444.0
2018 188  7  7 0000  -35.3  749.6  444.0  444.0   70.0  444.0
2018 188  7  7 0300  -35.6  750.5  444.0  444.0   70.0  444.0
2018 188  7  7 0600  -38.4  751.3  444.0  444.0   67.0  444.0
2018 188  7  7 0900  -38.8  751.7  444.0  444.0   67.0  444.0
2018 188  7  7 1200  -39.6  751.8  444.0  444.0   65.2  444.0
2018 188  7  7 1500  -40.2  751.7  444.0  444.0   64.0  444.0
2018 188  7  7 1800  -39.5  751.5  444.0  444.0   64.3  444.0
2018 188  7  7 2100  -38.5  751.1  444.0  444.0   65.0  444.0
2018 189  7  8 0000  -37.5  749.9  444.0  444.0   67.3  444.0
2018 189  7  8 0300  -33.0  748.8  444.0  444.0   72.0  444.0
2018 189  7  8 0600  -28.7  747.5  444.0  444.0   76.0  444.0
2018 189  7  8 0900  -27.8  745.8  444.0  444.0   78.0  444.0
2018 189  7  8 1200  -28.0  744.2  444.0  444.0   78.0  444.0
2018 189  7  8 1500  -30.9  743.3  444.0  444.0   74.6  444.0
2018 189  7  8 1800  -33.9  743.2  444.0  444.0   71.0  444.0
2018 189  7  8 2100  -36.0  742.7  444.0  444.0   69.1  444.0
2018 190  7  9 0000  -36.8  742.9  444.0  444.0   71.0  444.0
2018 190  7  9 0300  -38.8  742.5  444.0  444.0   66.0  444.0
2018 190  7  9 0600  -39.6  742.1  444.0  444.0   66.0  444.0
2018 190  7  9 0900  -38.4  741.5  444.0  444.0   67.0  444.0
2018 190  7  9 1200  -34.7  740.9  444.0  444.0   70.0  444.0
2018 190  7  9 1500  -39.7  740.1  444.0  444.0   63.7  444.0
2018 190  7  9 1800  -37.0  739.2  444.0  444.0   69.0  444.0
2018 190  7  9 2100  -37.1  738.6  444.0  444.0   69.0  444.0
2018 191  7 10 0000  -30.4  739.3  444.0  444.0   75.0  444.0
2018 191  7 10 0300  -30.1  739.8  444.0  444.0   75.2  444.0
2018 191  7 10 0600  -26.7  740.5  444.0  444.0   79.0  444.0
2018 191  7 10 0900  -21.9  740.9  444.0  444.0   83.0  444.0
2018 191  7 10 1200  -18.2  740.5   15.8  295.0   87.0  444.0
2018 191  7 10 1500  -16.0  740.6   12.7  337.0   89.0  444.0
2018 191  7 10 1800  -15.5  739.9   14.6  315.0   89.2  444.0
2018 191  7 10 2100  -15.1  738.9   17.2  337.0   89.7  444.0
2018 192  7 11 0000  -14.1  740.1   12.5  332.0   90.0  444.0
2018 192  7 11 0300  -14.2  739.1   15.2  321.0   91.0  444.0
2018 192  7 11 0600  -14.6  740.2   13.0  331.0   89.7  444.0
2018 192  7 11 0900  -15.1  741.7   14.9  334.0   90.0  444.0
2018 192  7 11 1200  -17.0  742.4   11.5  357.0   88.0  444.0
2018 192  7 11 1500  -17.7  741.2   15.0  358.0   87.0  444.0
2018 192  7 11 1800  -19.1  739.5   14.0   18.0   86.0  444.0
2018 192  7 11 2100  -23.3  738.1   10.8   42.0   82.0  444.0
2018 193  7 12 0000  -22.1  734.8   13.3   34.0   85.0  444.0
2018 193  7 12 0300  -20.9  731.9   16.4   35.0   85.0  444.0
2018 193  7 12 0600  -19.0  729.9   18.9   32.0   87.0  444.0
2018 193  7 12 0900  -21.8  731.9   13.3   37.0   84.0  444.0
2018 193  7 12 1200  -24.0  732.8   19.6    9.0   82.0  444.0
2018 193  7 12 1500  -24.7  736.1   22.4  341.0   82.0  444.0
2018 193  7 12 1800  -24.9  742.9   15.8  342.0   80.9  444.0
2018 193  7 12 2100  -22.8  746.2   13.2  346.0   83.0  444.0
2018 194  7 13 0000  -20.0  747.3   13.2  359.0   86.0  444.0
2018 194  7 13 0300  -18.4  748.5    7.9  104.0   86.0  444.0
2018 194  7 13 0600  -22.5  744.9   11.8   82.0   83.0  444.0
2018 194  7 13 0900  -22.6  741.2   16.0   68.0   83.0  444.0
2018 194  7 13 1200  -22.9  738.7   19.4   50.0   83.0  444.0
2018 194  7 13 1500  -22.3  738.3   21.4   43.0   83.0  444.0
2018 194  7 13 1800  -23.7  741.6   11.5   35.0   82.0  444.0
2018 194  7 13 2100  -26.3  743.2   13.6   13.0   79.9  444.0
2018 195  7 14 0000  -26.9  745.9   14.8   10.0   79.0  444.0
2018 195  7 14 0300  -27.4  748.1    8.1  357.0   78.0  444.0
2018 195  7 14 0600  -25.6  750.1    1.5  274.0   80.0  444.0
2018 195  7 14 0900  -26.8  750.6    9.0  108.0   79.0  444.0
2018 195  7 14 1200  -24.8  750.3   12.5   53.0   81.0  444.0
2018 195  7 14 1500  -23.5  750.7    7.6   34.0   80.0  444.0
2018 195  7 14 1800  -25.8  750.1    3.6   58.0   77.0  444.0
2018 195  7 14 2100  -26.8  749.0    4.1   85.0   74.0  444.0
2018 196  7 15 0000  -28.0  748.6    9.3   70.0   73.7  444.0
2018 196  7 15 0300  -28.6  747.1    9.2   48.0   75.0  444.0
2018 196  7 15 0600  -24.9  745.6   10.7   44.0   81.3  444.0
2018 196  7 15 0900  -25.9  745.7    2.9   81.0   80.0  444.0
2018 196  7 15 1200  -26.9  744.7    8.8   43.0   79.0  444.0
2018 196  7 15 1500  -27.5  744.6    7.0   37.0   79.0  444.0
2018 196  7 15 1800  -25.6  744.2    7.8   61.0   79.8  444.0
2018 196  7 15 2100  -23.2  742.2   13.1   62.0   82.0  444.0
2018 197  7 16 0000  -22.0  739.9   19.1   74.0   83.0  444.0
2018 197  7 16 0300  -23.9  740.0   14.6   63.0   82.0  444.0
2018 197  7 16 0600  -22.5  738.6   15.2   71.0   83.0  444.0
2018 197  7 16 0900  -23.0  737.8   16.3   73.0   83.0  444.0
2018 197  7 16 1200  -24.5  736.2   14.5  102.0   81.0  444.0
2018 197  7 16 1500  -21.2  734.8   17.5   93.0   84.0  444.0
2018 197  7 16 1800  -22.9  734.5   13.3   99.0   83.0  444.0
2018 197  7 16 2100  -25.2  734.6    7.9   92.0   81.0  444.0
2018 198  7 17 0000  -25.7  734.6   10.0   74.0   80.0  444.0
2018 198  7 17 0300  -26.6  736.1   12.6   42.0   79.0  444.0
2018 198  7 17 0600  -28.9  738.6    7.6   23.0   76.6  444.0
2018 198  7 17 0900  -32.4  739.8    6.4   31.0   73.0  444.0
2018 198  7 17 1200  -33.0  741.0    9.2   54.0   72.0  444.0
2018 198  7 17 1500  -37.6  742.0    7.7   49.0   68.0  444.0
2018 198  7 17 1800  -33.8  742.0    6.2   49.0   72.0  444.0
2018 198  7 17 2100  -30.6  740.9    5.9  101.0   75.0  444.0
2018 199  7 18 0000  -30.6  738.5    7.4  121.0   75.0  444.0
2018 199  7 18 0300  -29.7  735.8    9.9  106.0   76.0  444.0
2018 199  7 18 0600  -29.8  733.5    6.2   83.0   76.0  444.0
2018 199  7 18 0900  -25.9  731.7    7.1   96.0   79.8  444.0
2018 199  7 18 1200  -23.1  729.8    6.1  103.0   82.0  444.0
2018 199  7 18 1500  -23.6  728.0    7.3  106.0   82.0  444.0
2018 199  7 18 1800  -23.6  726.5    6.3  105.0   82.2  444.0
2018 199  7 18 2100  -21.8  725.5    7.9   85.0   84.0  444.0
2018 200  7 19 0000  -20.0  724.6   12.0   86.0   85.0  444.0
2018 200  7 19 0300  -27.9  725.4   15.2   47.0   77.9  444.0
2018 200  7 19 0600  -30.3  727.3   16.3   63.0   75.0  444.0
2018 200  7 19 0900  -34.9  729.4   10.7   64.0   71.0  444.0
2018 200  7 19 1200  -36.0  729.8   11.6   82.0   69.8  444.0
2018 200  7 19 1500  -34.4  730.2    9.3   98.0   72.0  444.0
2018 200  7 19 1800  -31.2  729.7   11.6   96.0   74.5  444.0
2018 200  7 19 2100  -30.2  728.9    9.1  118.0   75.0  444.0
2018 201  7 20 0000  -30.1  727.9   10.5   94.0   76.0  444.0
2018 201  7 20 0300  -32.0  727.7   12.9   68.0   73.0  444.0
2018 201  7 20 0600  -36.2  729.3    8.6   71.0   68.9  444.0
2018 201  7 20 0900  -37.7  729.8    6.0   56.0   68.0  444.0
2018 201  7 20 1200  -33.7  730.6    3.1   71.0   72.0  444.0
2018 201  7 20 1500  -32.2  730.8    2.5  139.0   73.0  444.0
2018 201  7 20 1800  -34.9  730.9    1.3  142.0   70.0  444.0
2018 201  7 20 2100  -37.7  731.2  444.0  444.0   67.8  444.0
2018 202  7 21 0000  -36.2  731.9  444.0  444.0   69.0  444.0
2018 202  7 21 0300  -35.9  732.0  444.0  444.0   69.0  444.0
2018 202  7 21 0600  -36.2  731.8  444.0  444.0   69.0  444.0
2018 202  7 21 0900  -32.7  731.6  444.0  444.0   72.6  444.0
2018 202  7 21 1200  -35.0  731.0  444.0  444.0   70.0  444.0
2018 202  7 21 1500  -41.1  730.6    3.8   51.0   64.0  444.0
2018 202  7 21 1800  -35.1  730.1    5.5   59.0   70.0  444.0
2018 202  7 21 2100  -39.1  729.5    5.4   70.0   66.0  444.0
2018 203  7 22 0000  -40.5  729.2    6.4   49.0   64.0  444.0
2018 203  7 22 0300  -41.4  729.2    6.9   47.0   64.0  444.0
2018 203  7 22 0600  -42.5  729.5    7.7   79.0   62.0  444.0
2018 203  7 22 0900  -41.3  729.7    8.7   49.0   64.0  444.0
2018 203  7 22 1200  -39.8  730.0    9.8   53.0   65.0  444.0
2018 203  7 22 1500  -37.7  730.2   12.4   52.0   67.2  444.0
2018 203  7 22 1800  -39.0  731.3   10.1   45.0   66.0  444.0
2018 203  7 22 2100  -39.4  732.2    9.6   55.0   65.0  444.0
2018 204  7 23 0000  -41.7  733.2    8.4   61.0   63.0  444.0
2018 204  7 23 0300  -44.0  733.4    9.3   51.0   60.5  444.0
2018 204  7 23 0600  -42.0  734.1    8.6   52.0   63.0  444.0
2018 204  7 23 0900  -42.7  734.6    9.0   48.0   62.0  444.0
2018 204  7 23 1200  -43.0  734.5    7.8   44.0   61.4  444.0
2018 204  7 23 1500  -43.7  734.6    7.4   50.0   61.0  444.0
2018 204  7 23 1800  -42.2  734.5    6.9   47.0   62.5  444.0
2018 204  7 23 2100  -42.2  734.3    7.3   48.0   62.3  444.0
2018 205  7 24 0000  -40.6  733.9    3.5   28.0   63.0  444.0
2018 205  7 24 0300  -37.3  733.8    3.1  348.0   67.0  444.0
2018 205  7 24 0600  -37.1  733.5    2.8  335.0   67.5  444.0
2018 205  7 24 0900  -36.1  733.7    1.3  335.0   69.0  444.0
2018 205  7 24 1200  -37.3  733.5    1.5  335.0   68.0  444.0
2018 205  7 24 1500  -38.5  733.2    1.6  330.0   66.0  444.0
2018 205  7 24 1800  -41.6  732.1    1.6  311.0   63.0  444.0
2018 205  7 24 2100  -39.6  730.9    4.5  300.0   65.0  444.0
2018 206  7 25 0000  -39.2  729.3    3.4  305.0   65.6  444.0
2018 206  7 25 0300  -37.4  727.3    6.6  296.0   67.0  444.0
2018 206  7 25 0600  -38.4  725.7    5.4  286.0   66.1  444.0
2018 206  7 25 0900  -41.0  725.2    4.3  311.0   63.0  444.0
2018 206  7 25 1200  -43.5  725.5    3.1   34.0   61.0  444.0
2018 206  7 25 1500  -48.5  726.2    4.6   33.0   55.2  444.0
2018 206  7 25 1800  -48.9  727.7    6.7   48.0   55.0  444.0
2018 206  7 25 2100  -48.3  729.5    5.5   45.0   55.4  444.0
2018 207  7 26 0000  -47.1  731.8    4.7   79.0   57.0  444.0
2018 207  7 26 0300  -44.5  733.3    4.7   63.0   59.3  444.0
2018 207  7 26 0600  -42.9  733.8    5.1   96.0   61.0  444.0
2018 207  7 26 0900  -42.6  734.8    3.7   62.0   61.5  444.0
2018 207  7 26 1200  -41.2  734.8    5.5   90.0   63.0  444.0
2018 207  7 26 1500  -43.6  735.4    4.6   73.0   61.0  444.0
2018 207  7 26 1800  -41.4  734.4    5.6  113.0   63.0  444.0
2018 207  7 26 2100  -39.4  734.4    2.4   65.0   65.0  444.0
2018 208  7 27 0000  -34.9  734.3    6.5  112.0   70.0  444.0
2018 208  7 27 0300  -35.0  733.8    8.9  110.0   70.0  444.0
2018 208  7 27 0600  -33.8  733.7    8.9  112.0   71.0  444.0
2018 208  7 27 0900  -35.4  733.7    9.8  106.0   69.0  444.0
2018 208  7 27 1200  -38.3  733.8    8.9  105.0   66.1  444.0
2018 208  7 27 1500  -41.1  734.5    4.5   62.0   63.2  444.0
2018 208  7 27 1800  -40.4  734.2    6.5   45.0   64.0  444.0
2018 208  7 27 2100  -42.0  734.4    4.4   21.0   62.5  444.0
2018 209  7 28 0000  -41.3  734.8    4.7   12.0   63.0  444.0
2018 209  7 28 0300  -38.9  735.4    2.8   36.0   65.5  444.0
2018 209  7 28 0600  -44.0  736.5    3.5   32.0   60.0  444.0
2018 209  7 28 0900  -42.8  738.1    3.8   37.0   61.0  444.0
2018 209  7 28 1200  -44.4  740.5    3.1   33.0   60.0  444.0
2018 209  7 28 1500  -44.2  742.4    3.7   48.0   60.0  444.0
2018 209  7 28 1800  -43.6  743.9    3.2   36.0   60.9  444.0
2018 209  7 28 2100  -47.1  745.8    3.5   40.0   57.0  444.0
2018 210  7 29 0000  -41.6  746.8    1.9   35.0   63.0  444.0
2018 210  7 29 0300  -38.0  747.4    1.4  336.0   66.0  444.0
2018 210  7 29 0600  -36.2  747.9    0.6  308.0   68.7  444.0
2018 210  7 29 0900  -38.0  748.1    0.4  308.0   67.0  444.0
2018 210  7 29 1200  -38.0  749.0    0.7  340.0   67.0  444.0
2018 210  7 29 1500  -36.8  749.1    0.2   36.0   67.0  444.0
2018 210  7 29 1800  -36.5  749.8    3.2  352.0   67.8  444.0
2018 210  7 29 2100  -40.8  750.0    2.2   21.0   63.4  444.0
2018 211  7 30 0000  -36.3  750.5    1.0  328.0   68.4  444.0
2018 211  7 30 0300  -38.8  750.7    0.9  328.0   66.0  444.0
2018 211  7 30 0600  -38.3  751.1    0.8  295.0   67.0  444.0
2018 211  7 30 0900  -39.0  751.7    1.1  327.0   65.4  444.0
2018 211  7 30 1200  -35.5  752.1    0.7  318.0   69.0  444.0
2018 211  7 30 1500  -38.3  752.8    1.0  354.0   66.0  444.0
2018 211  7 30 1800  -36.0  753.1    0.7    4.0   68.0  444.0
2018 211  7 30 2100  -35.8  753.2    0.6   32.0   68.7  444.0
2018 212  7 31 0000  -39.4  753.6    0.5   13.0   65.0  444.0
2018 212  7 31 0300  -37.4  753.5    0.3   14.0   66.6  444.0
2018 212  7 31 0600  -40.9  753.3  444.0  444.0   62.0  444.0
2018 212  7 31 0900  -39.8  753.0  444.0  444.0   64.0  444.0
2018 212  7 31 1200  -40.8  752.5  444.0  444.0   63.0  444.0
2018 212  7 31 1500  -39.2  752.3  444.0  444.0   64.0  444.0
2018 212  7 31 1800  -37.2  751.9  444.0  444.0   68.0  444.0
2018 212  7 31 2100  -38.5  751.9  444.0  444.0   66.0  444.0
