Year: 2018  Month: 02  ID: JNT  ARGOS:  8936  Name: Janet               
Lat: 77.18S  Lon: 123.39W  Elev: 2085m
2018  32  2  1 0000  -14.2  756.4    5.6   64.0   85.7  444.0
2018  32  2  1 0300  -15.2  756.8    1.7   95.0   86.0  444.0
2018  32  2  1 0600  -17.5  757.1    6.0  103.0   88.0  444.0
2018  32  2  1 0900  -17.6  757.4    3.4   87.0   88.0  444.0
2018  32  2  1 1200  -18.3  757.8    2.8  106.0   86.8  444.0
2018  32  2  1 1500  -17.5  757.9    2.1  100.0   86.0  444.0
2018  32  2  1 1800  -16.4  758.2    3.1  105.0   82.0  444.0
2018  32  2  1 2100  -16.6  758.2    3.8  134.0   79.0  444.0
2018  33  2  2 0000  -16.4  758.2    4.7  139.0   80.0  444.0
2018  33  2  2 0300  -17.3  757.7    4.3  135.0   82.0  444.0
2018  33  2  2 0600  -20.3  757.6    3.1  136.0   82.0  444.0
2018  33  2  2 0900  -23.2  757.6    2.9   50.0   85.0  444.0
2018  33  2  2 1200  -24.1  757.1    3.9   67.0   81.0  444.0
2018  33  2  2 1500  -23.6  756.9    4.2   52.0   74.0  444.0
2018  33  2  2 1800  -20.2  756.6    2.0   49.0   62.0  444.0
2018  33  2  2 2100  -18.9  756.2    2.7   60.0   70.6  444.0
2018  34  2  3 0000  -19.2  755.9    1.8   80.0   74.0  444.0
2018  34  2  3 0300  -18.6  755.0    4.2   73.0   74.0  444.0
2018  34  2  3 0600  -22.0  754.4    4.6   78.0   84.3  444.0
2018  34  2  3 0900  -27.5  753.5    4.3   44.0   78.0  444.0
2018  34  2  3 1200  -26.2  752.5    2.3   49.0   79.2  444.0
2018  34  2  3 1500  -22.1  750.9    3.0   89.0   83.0  444.0
2018  34  2  3 1800  -22.0  749.5    6.0  122.0   83.0  444.0
2018  34  2  3 2100  -21.4  748.2    7.7  125.0   81.3  444.0
2018  35  2  4 0000  -21.0  747.1    8.4  112.0   81.0  444.0
2018  35  2  4 0300  -21.1  746.0    8.5  116.0   82.2  444.0
2018  35  2  4 0600  -21.1  745.5    9.1  110.0   83.0  444.0
2018  35  2  4 0900  -21.4  745.5    6.7  101.0   82.7  444.0
2018  35  2  4 1200  -20.8  745.8    6.7  100.0   85.5  444.0
2018  35  2  4 1500  -20.6  746.7    5.4   78.0   85.0  444.0
2018  35  2  4 1800  -18.9  747.7    4.6   72.0   85.0  444.0
2018  35  2  4 2100  -19.5  749.0    5.1   92.0   82.1  444.0
2018  36  2  5 0000  -19.3  750.2    4.4   98.0   80.9  444.0
2018  36  2  5 0300  -20.1  751.1    3.4   85.0   82.0  444.0
2018  36  2  5 0600  -19.8  752.1    4.9   78.0   84.0  444.0
2018  36  2  5 0900  -22.0  753.0    2.6   46.0   83.0  444.0
2018  36  2  5 1200  -20.1  753.7    0.6   12.0   81.4  444.0
2018  36  2  5 1500  -19.8  754.0    1.9   80.0   81.0  444.0
2018  36  2  5 1800  -18.5  753.8    3.2   90.0   79.9  444.0
2018  36  2  5 2100  -17.9  753.3    3.9   41.0   78.0  444.0
2018  37  2  6 0000  -17.0  752.7    7.5   53.0   79.0  444.0
2018  37  2  6 0300  -17.6  751.9    6.8   44.0   82.0  444.0
2018  37  2  6 0600  -18.2  751.6    5.0   40.0   83.7  444.0
2018  37  2  6 0900  -19.1  751.4    4.8   42.0   84.0  444.0
2018  37  2  6 1200  -18.9  751.0    4.7   28.0   75.0  444.0
2018  37  2  6 1500  -20.0  750.1    5.9   52.0   75.2  444.0
2018  37  2  6 1800  -18.9  748.6    9.4   42.0   76.0  444.0
2018  37  2  6 2100  -15.9  747.6   10.9   26.0   79.0  444.0
2018  38  2  7 0000  -15.4  747.2    9.4   24.0   82.0  444.0
2018  38  2  7 0300  -17.1  747.2    7.4    6.0   81.0  444.0
2018  38  2  7 0600  -20.2  747.2    6.7   46.0   78.0  444.0
2018  38  2  7 0900  -24.1  747.4    6.1   42.0   77.0  444.0
2018  38  2  7 1200  -22.5  747.6    7.4   49.0   83.4  444.0
2018  38  2  7 1500  -18.1  749.0    2.7   12.0   80.0  444.0
2018  38  2  7 1800  -15.9  749.5    5.5   58.0   77.0  444.0
2018  38  2  7 2100  -15.8  749.8    4.2   68.0   78.4  444.0
2018  39  2  8 0000  -14.5  749.2    7.4   42.0   81.0  444.0
2018  39  2  8 0300  -15.5  747.9   12.7   45.0   87.0  444.0
2018  39  2  8 0600  -16.7  747.1   10.0   58.0   87.0  444.0
2018  39  2  8 0900  -17.2  744.5   14.8   47.0   87.0  444.0
2018  39  2  8 1200  -17.0  743.3   13.8   53.0   88.0  444.0
2018  39  2  8 1500  -17.5  742.2   12.8   53.0   87.6  444.0
2018  39  2  8 1800  -18.2  739.7   15.0   70.0   87.0  444.0
2018  39  2  8 2100  -17.9  739.2   15.3   57.0   87.0  444.0
2018  40  2  9 0000  -15.1  738.4   16.4   29.0   90.0  444.0
2018  40  2  9 0300  -15.7  738.0   17.2   34.0   89.4  444.0
2018  40  2  9 0600  -17.5  741.2    8.6   17.0   88.0  444.0
2018  40  2  9 0900  -17.9  743.5    2.7  273.0   88.0  444.0
2018  40  2  9 1200  -17.8  745.6    8.6   29.0   88.0  444.0
2018  40  2  9 1500  -17.6  747.6    8.7   26.0   88.0  444.0
2018  40  2  9 1800  -16.6  750.1   12.2    1.0   88.2  444.0
2018  40  2  9 2100  -16.9  752.8    9.0  354.0   85.0  444.0
2018  41  2 10 0000  -15.1  755.3    3.4  230.0   83.8  444.0
2018  41  2 10 0300  -16.7  757.2    5.8  354.0   80.0  444.0
2018  41  2 10 0600  -19.9  758.9    3.7    7.0   80.0  444.0
2018  41  2 10 0900  -21.7  760.4    3.7   34.0   80.0  444.0
2018  41  2 10 1200  -24.7  761.3    5.6   28.0   79.0  444.0
2018  41  2 10 1500  -25.6  762.1    4.3   49.0   75.0  444.0
2018  41  2 10 1800  -21.9  762.3    3.8   51.0   76.9  444.0
2018  41  2 10 2100  -17.2  762.5    3.2   49.0   79.2  444.0
2018  42  2 11 0000  -18.7  761.9    3.1   65.0   82.0  444.0
2018  42  2 11 0300  -18.5  760.7    3.2   51.0   84.0  444.0
2018  42  2 11 0600  -19.1  759.9    1.9  356.0   86.0  444.0
2018  42  2 11 0900  -20.9  758.6    2.7   76.0   86.6  444.0
2018  42  2 11 1200  -23.3  757.3    2.9   17.0   82.0  444.0
2018  42  2 11 1500  -24.7  755.6    3.3   31.0   78.0  444.0
2018  42  2 11 1800  -24.6  754.3    3.0   33.0   74.0  444.0
2018  42  2 11 2100  -21.1  753.2    4.4   24.0   76.0  444.0
2018  43  2 12 0000  -19.6  751.5    4.9   63.0   79.0  444.0
2018  43  2 12 0300  -21.8  750.0    4.9   60.0   78.4  444.0
2018  43  2 12 0600  -25.5  748.8    6.1   55.0   79.0  444.0
2018  43  2 12 0900  -30.3  747.8    5.1   28.0   75.6  444.0
2018  43  2 12 1200  -23.8  747.0    1.1  323.0   81.0  444.0
2018  43  2 12 1500  -24.0  746.5    4.2  335.0   81.0  444.0
2018  43  2 12 1800  -23.4  746.0    3.0  314.0   78.0  444.0
2018  43  2 12 2100  -21.6  746.1    2.9  296.0   81.0  444.0
2018  44  2 13 0000  -20.7  745.9    2.2  290.0   79.3  444.0
2018  44  2 13 0300  -22.1  745.4    2.4  230.0   85.0  444.0
2018  44  2 13 0600  -23.0  745.4    2.1  192.0   82.0  444.0
2018  44  2 13 0900  -24.1  745.2    0.6   37.0   82.0  444.0
2018  44  2 13 1200  -24.5  744.4    2.0   92.0   81.2  444.0
2018  44  2 13 1500  -24.8  743.9    4.4   87.0   81.0  444.0
2018  44  2 13 1800  -23.9  743.3    4.6   94.0   81.0  444.0
2018  44  2 13 2100  -24.1  743.1    5.2  106.0   80.0  444.0
2018  45  2 14 0000  -24.5  742.9    5.5  114.0   79.4  444.0
2018  45  2 14 0300  -27.0  742.7    4.7  105.0   77.0  444.0
2018  45  2 14 0600  -28.3  742.8    3.7   68.0   82.0  444.0
2018  45  2 14 0900  -31.0  742.7    3.1  116.0   74.0  444.0
2018  45  2 14 1200  -28.9  742.1    0.8   42.0   78.0  444.0
2018  45  2 14 1500  -27.8  741.7    0.8  289.0   77.8  444.0
2018  45  2 14 1800  -27.5  741.5    3.1  178.0   78.3  444.0
2018  45  2 14 2100  -25.2  741.8    2.0  208.0   81.0  444.0
2018  46  2 15 0000  444.0  741.9    0.5  241.0   83.6  444.0
2018  46  2 15 0300  444.0  741.8    1.1  181.0   78.8  444.0
2018  46  2 15 0600  -32.5  741.8    2.0    7.0   73.0  444.0
2018  46  2 15 0900  -36.4  741.2    3.4   41.0   70.0  444.0
2018  46  2 15 1200  -37.8  740.8    3.4   51.0   69.6  444.0
2018  46  2 15 1500  -31.7  740.0    4.8   83.0   75.0  444.0
2018  46  2 15 1800  -31.4  739.1    6.5   43.0   76.0  444.0
2018  46  2 15 2100  -28.2  738.9    3.5   35.0   78.1  444.0
2018  47  2 16 0000  -26.3  739.0    2.1  345.0   75.0  444.0
2018  47  2 16 0300  -28.2  739.2    3.5   31.0   75.3  444.0
2018  47  2 16 0600  -28.2  740.0    4.2   38.0   77.0  444.0
2018  47  2 16 0900  -34.7  740.7    5.9   33.0   74.6  444.0
2018  47  2 16 1200  -29.4  742.0    4.1   25.0   77.0  444.0
2018  47  2 16 1500  -30.9  742.9    4.7   38.0   74.0  444.0
2018  47  2 16 1800  -26.9  744.6    4.3   15.0   77.0  444.0
2018  47  2 16 2100  -24.5  746.2    4.7    1.0   76.5  444.0
2018  48  2 17 0000  -24.0  748.0    4.3  335.0   75.0  444.0
2018  48  2 17 0300  -25.1  749.4    4.5  341.0   79.1  444.0
2018  48  2 17 0600  -27.9  751.3    4.5  357.0   76.0  444.0
2018  48  2 17 0900  -25.8  753.2    4.7  332.0   80.0  444.0
2018  48  2 17 1200  -29.6  754.8    4.6   10.0   75.0  444.0
2018  48  2 17 1500  -31.3  756.0    5.1   34.0   76.0  444.0
2018  48  2 17 1800  -25.4  757.2    6.4   28.0   80.0  444.0
2018  48  2 17 2100  -23.9  758.1    6.1    6.0   79.0  444.0
2018  49  2 18 0000  -22.6  759.3    3.2   15.0   71.0  444.0
2018  49  2 18 0300  -25.9  759.6    5.5   11.0   74.0  444.0
2018  49  2 18 0600  -29.0  760.4    5.4   25.0   76.5  444.0
2018  49  2 18 0900  -31.1  760.7    4.1  340.0   76.0  444.0
2018  49  2 18 1200  -33.8  761.0    3.8   33.0   73.0  444.0
2018  49  2 18 1500  -33.8  760.8    5.2   44.0   69.0  444.0
2018  49  2 18 1800  -26.7  760.6    6.0   51.0   76.0  444.0
2018  49  2 18 2100  -21.9  760.0    4.9   44.0   66.9  444.0
2018  50  2 19 0000  -21.1  759.7    6.6   44.0   69.0  444.0
2018  50  2 19 0300  -21.1  759.4    6.2   30.0   74.0  444.0
2018  50  2 19 0600  -23.9  758.8    5.6   57.0   74.0  444.0
2018  50  2 19 0900  -28.4  757.8    7.0   45.0   69.8  444.0
2018  50  2 19 1200  -27.7  757.4    6.3   32.0   68.0  444.0
2018  50  2 19 1500  -21.5  757.2    5.7   27.0   47.0  444.0
2018  50  2 19 1800  -17.5  757.2    4.1  352.0   38.0  444.0
2018  50  2 19 2100  -16.3  757.2    1.5  346.0   55.0  444.0
2018  51  2 20 0000  -13.6  757.1    5.9    8.0   80.0  444.0
2018  51  2 20 0300  -15.3  757.3    5.7    7.0   87.0  444.0
2018  51  2 20 0600  -18.5  757.1    6.2   53.0   88.0  444.0
2018  51  2 20 0900  -17.9  756.9    4.4   59.0   89.0  444.0
2018  51  2 20 1200  -17.4  756.5    5.9   54.0   88.0  444.0
2018  51  2 20 1500  -14.5  756.1    3.1   23.0   81.0  444.0
2018  51  2 20 1800  -12.8  756.1    3.4   34.0   79.0  444.0
2018  51  2 20 2100  -11.6  755.3    2.1   43.0   76.0  444.0
2018  52  2 21 0000  -11.2  754.7    1.1   17.0   76.0  444.0
2018  52  2 21 0300  -15.8  753.6    3.6   75.0   91.3  444.0
2018  52  2 21 0600  -20.4  753.0    4.8   62.0   86.0  444.0
2018  52  2 21 0900  -23.3  753.1    6.3   52.0   84.0  444.0
2018  52  2 21 1200  -19.2  753.1    5.8   45.0   87.0  444.0
2018  52  2 21 1500  -14.8  753.4    4.3   42.0   85.0  444.0
2018  52  2 21 1800  -15.9  753.5    4.2   65.0   77.0  444.0
2018  52  2 21 2100  -16.5  754.2    3.9   41.0   76.2  444.0
2018  53  2 22 0000  -17.8  754.5    4.0   39.0   78.0  444.0
2018  53  2 22 0300  -20.7  754.6    4.3   38.0   79.0  444.0
2018  53  2 22 0600  -25.2  754.9    5.5   38.0   82.0  444.0
2018  53  2 22 0900  -26.1  754.9    4.0   21.0   83.0  444.0
2018  53  2 22 1200  -30.7  754.8    4.3   45.0   76.0  444.0
2018  53  2 22 1500  -27.0  754.7    2.7   47.0   80.0  444.0
2018  53  2 22 1800  -24.1  754.7    4.8   47.0   82.2  444.0
2018  53  2 22 2100  -21.1  754.5    4.3   43.0   84.0  444.0
2018  54  2 23 0000  -19.4  754.5    3.0    5.0   74.0  444.0
2018  54  2 23 0300  -19.4  754.3    2.4  353.0   59.0  444.0
2018  54  2 23 0600  -22.7  753.9    3.2   25.0   84.5  444.0
2018  54  2 23 0900  -24.4  753.5    3.3   14.0   80.0  444.0
2018  54  2 23 1200  -25.9  753.0    7.9   10.0   79.0  444.0
2018  54  2 23 1500  -21.9  752.7    2.4  354.0   46.0  444.0
2018  54  2 23 1800  -21.1  752.4    3.4  339.0   50.0  444.0
2018  54  2 23 2100  -19.3  752.2    3.3  360.0   52.0  444.0
2018  55  2 24 0000  -17.9  751.9    3.3  334.0   44.3  444.0
2018  55  2 24 0300  -19.1  751.2    4.1  322.0   43.3  444.0
2018  55  2 24 0600  -24.0  750.9    4.4  331.0   55.0  444.0
2018  55  2 24 0900  -23.6  750.8    5.2  324.0   52.0  444.0
2018  55  2 24 1200  -22.8  750.6    3.3  333.0   52.8  444.0
2018  55  2 24 1500  -21.2  750.7    4.6  339.0   56.0  444.0
2018  55  2 24 1800  -19.3  750.8    3.0  353.0   53.0  444.0
2018  55  2 24 2100  -18.0  751.2    4.9  353.0   52.0  444.0
2018  56  2 25 0000  -18.3  751.3    4.4    8.0   55.6  444.0
2018  56  2 25 0300  -20.9  751.4    4.9   16.0   53.0  444.0
2018  56  2 25 0600  -27.1  751.7    6.3   39.0   65.0  444.0
2018  56  2 25 0900  -27.7  752.0    7.2   38.0   73.0  444.0
2018  56  2 25 1200  -26.6  752.2    7.0   38.0   67.0  444.0
2018  56  2 25 1500  -24.2  752.2    7.0   34.0   55.1  444.0
2018  56  2 25 1800  -22.5  752.6    5.5   24.0   64.0  444.0
2018  56  2 25 2100  -20.6  753.2    4.6   36.0   60.0  444.0
2018  57  2 26 0000  -20.5  753.2    5.3   51.0   63.0  444.0
2018  57  2 26 0300  -21.2  753.0    5.8   36.0   56.0  444.0
2018  57  2 26 0600  -25.7  752.9    7.1   45.0   68.0  444.0
2018  57  2 26 0900  -25.2  752.9    7.5   42.0   67.0  444.0
2018  57  2 26 1200  -24.2  753.0    8.1   25.0   71.0  444.0
2018  57  2 26 1500  -22.1  753.2    5.9   28.0   67.0  444.0
2018  57  2 26 1800  -22.9  753.4    6.4   52.0   67.9  444.0
2018  57  2 26 2100  -21.2  753.6    4.3   55.0   73.0  444.0
2018  58  2 27 0000  -19.1  753.3    8.2   35.0   74.8  444.0
2018  58  2 27 0300  -20.4  753.1    9.9   44.0   81.0  444.0
2018  58  2 27 0600  -18.9  753.4    6.9   44.0   87.0  444.0
2018  58  2 27 0900  -21.4  754.4    7.1   54.0   82.0  444.0
2018  58  2 27 1200  -21.6  753.7    9.2   61.0   83.9  444.0
2018  58  2 27 1500  -19.6  753.6   10.6   53.0   84.0  444.0
2018  58  2 27 1800  -17.7  753.3   11.8   59.0   83.6  444.0
2018  58  2 27 2100  -17.4  753.2    9.6   48.0   83.0  444.0
2018  59  2 28 0000  -17.6  753.5    7.8   33.0   81.4  444.0
2018  59  2 28 0300  -17.5  752.8    8.2   39.0   85.0  444.0
2018  59  2 28 0600  -17.7  752.6    6.6   39.0   84.0  444.0
2018  59  2 28 0900  -16.2  752.8    3.2  298.0   86.4  444.0
2018  59  2 28 1200  -18.3  752.4    1.7   40.0   86.0  444.0
2018  59  2 28 1500  -17.5  752.3    2.8    9.0   83.1  444.0
2018  59  2 28 1800  -17.2  752.2    4.7  344.0   82.0  444.0
2018  59  2 28 2100  -17.2  752.5    1.5  295.0   81.2  444.0
