Year: 2018  Month: 06  ID: JNT  ARGOS:  8936  Name: Janet               
Lat: 77.18S  Lon: 123.39W  Elev: 2085m
2018 152  6  1 0000  -40.1  744.6    0.6   90.0   65.0  444.0
2018 152  6  1 0300  -40.0  744.2    0.6   74.0   64.5  444.0
2018 152  6  1 0600  -41.5  742.9    1.0   62.0   63.0  444.0
2018 152  6  1 0900  -46.2  741.7    1.2   38.0   57.0  444.0
2018 152  6  1 1200  -52.2  741.1    1.2   49.0   51.0  444.0
2018 152  6  1 1500  -50.4  741.1    1.4   42.0   53.0  444.0
2018 152  6  1 1800  -50.4  741.4    1.3   39.0   52.8  444.0
2018 152  6  1 2100  -49.9  740.8    1.2   45.0   53.9  444.0
2018 153  6  2 0000  -48.3  739.1    0.4   34.0   56.1  444.0
2018 153  6  2 0300  -47.4  736.6    1.0   53.0   56.0  444.0
2018 153  6  2 0600  -52.5  734.8    0.7   49.0   50.5  444.0
2018 153  6  2 0900  -51.2  732.7    0.7   44.0   52.0  444.0
2018 153  6  2 1200  -45.0  730.6    0.7   36.0   56.0  444.0
2018 153  6  2 1500  -46.0  728.6    0.5   21.0   57.0  444.0
2018 153  6  2 1800  -43.1  727.4    0.4  345.0   61.0  444.0
2018 153  6  2 2100  -44.3  726.3    0.4  349.0   59.0  444.0
2018 154  6  3 0000  -42.9  725.2    0.4  353.0   61.0  444.0
2018 154  6  3 0300  -45.5  724.9    0.4    1.0   58.0  444.0
2018 154  6  3 0600  -43.2  725.3    0.2    2.0   60.0  444.0
2018 154  6  3 0900  -49.1  726.5  444.0  444.0   53.8  444.0
2018 154  6  3 1200  -48.0  728.2  444.0  444.0   55.3  444.0
2018 154  6  3 1500  -44.6  730.4  444.0  444.0   58.0  444.0
2018 154  6  3 1800  -48.5  732.9  444.0  444.0   54.6  444.0
2018 154  6  3 2100  -44.6  735.9  444.0  444.0   60.0  444.0
2018 155  6  4 0000  -41.1  738.7  444.0  444.0   62.3  444.0
2018 155  6  4 0300  -38.2  740.6  444.0  444.0   66.0  444.0
2018 155  6  4 0600  -45.2  742.4  444.0  444.0   59.0  444.0
2018 155  6  4 0900  -47.9  743.3  444.0  444.0   57.0  444.0
2018 155  6  4 1200  -40.9  744.1  444.0  444.0   61.0  444.0
2018 155  6  4 1500  -47.6  744.7  444.0  444.0   55.8  444.0
2018 155  6  4 1800  -46.9  744.3  444.0  444.0   57.0  444.0
2018 155  6  4 2100  -46.0  743.9  444.0  444.0   56.5  444.0
2018 156  6  5 0000  -42.0  743.3  444.0  444.0   60.0  444.0
2018 156  6  5 0300  -38.2  742.9  444.0  444.0   65.3  444.0
2018 156  6  5 0600  -45.2  741.7  444.0  444.0   59.0  444.0
2018 156  6  5 0900  -44.3  740.6  444.0  444.0   59.0  444.0
2018 156  6  5 1200  -42.0  739.9  444.0  444.0   62.0  444.0
2018 156  6  5 1500  -37.1  739.0  444.0  444.0   67.0  444.0
2018 156  6  5 1800  -35.2  738.1  444.0  444.0   69.0  444.0
2018 156  6  5 2100  -35.0  737.4  444.0  444.0   69.0  444.0
2018 157  6  6 0000  -36.1  736.7  444.0  444.0   68.2  444.0
2018 157  6  6 0300  -42.6  736.1  444.0  444.0   61.8  444.0
2018 157  6  6 0600  -45.4  735.1  444.0  444.0   58.0  444.0
2018 157  6  6 0900  -43.1  734.4  444.0  444.0   60.0  444.0
2018 157  6  6 1200  -43.7  733.7  444.0  444.0   60.0  444.0
2018 157  6  6 1500  -47.9  732.9  444.0  444.0   55.0  444.0
2018 157  6  6 1800  -47.0  732.0  444.0  444.0   55.0  444.0
2018 157  6  6 2100  -49.4  731.2  444.0  444.0   54.0  444.0
2018 158  6  7 0000  -47.6  731.6  444.0  444.0   55.0  444.0
2018 158  6  7 0300  -51.4  731.4  444.0  444.0   51.0  444.0
2018 158  6  7 0600  -48.5  731.4  444.0  444.0   54.0  444.0
2018 158  6  7 0900  -50.9  731.1  444.0  444.0   51.0  444.0
2018 158  6  7 1200  -49.5  730.7  444.0  444.0   53.0  444.0
2018 158  6  7 1500  -47.1  729.4  444.0  444.0   55.6  444.0
2018 158  6  7 1800  -40.5  728.2  444.0  444.0   63.0  444.0
2018 158  6  7 2100  -37.7  728.1  444.0  444.0   66.2  444.0
2018 159  6  8 0000  -36.3  726.7  444.0  444.0   68.0  444.0
2018 159  6  8 0300  -37.3  725.3   10.4   98.0   66.6  444.0
2018 159  6  8 0600  -39.6  724.0    9.7  106.0   64.0  444.0
2018 159  6  8 0900  -39.8  722.7    8.0  107.0   64.1  444.0
2018 159  6  8 1200  -38.0  721.9    8.1  105.0   66.0  444.0
2018 159  6  8 1500  -31.2  721.4   11.8   74.0   73.0  444.0
2018 159  6  8 1800  -32.9  722.5    7.8   56.0   73.0  444.0
2018 159  6  8 2100  -30.2  722.8    8.7   76.0   74.5  444.0
2018 160  6  9 0000  -31.4  723.1    7.3   94.0   74.0  444.0
2018 160  6  9 0300  -36.1  722.8    5.7   63.0   70.0  444.0
2018 160  6  9 0600  -32.6  723.6    6.1   45.0   72.0  444.0
2018 160  6  9 0900  -34.9  724.3    3.5   29.0   70.0  444.0
2018 160  6  9 1200  -38.9  725.1    6.5   44.0   66.0  444.0
2018 160  6  9 1500  -40.6  726.7    4.8   31.0   63.4  444.0
2018 160  6  9 1800  -37.2  728.0    3.6   44.0   67.0  444.0
2018 160  6  9 2100  -41.8  728.9    4.6   40.0   62.9  444.0
2018 161  6 10 0000  -38.8  730.0    3.2   54.0   65.0  444.0
2018 161  6 10 0300  -34.9  730.5    4.0   48.0   69.7  444.0
2018 161  6 10 0600  -38.4  730.6    4.6   62.0   66.0  444.0
2018 161  6 10 0900  -36.6  730.5    4.6   61.0   69.0  444.0
2018 161  6 10 1200  -38.0  730.0    5.0   65.0   67.0  444.0
2018 161  6 10 1500  -35.1  729.5    6.0   87.0   70.0  444.0
2018 161  6 10 1800  -37.1  728.8    6.8   85.0   67.6  444.0
2018 161  6 10 2100  -38.7  727.7    8.6   76.0   66.0  444.0
2018 162  6 11 0000  -44.1  727.9    2.8  326.0   60.0  444.0
2018 162  6 11 0300  -41.2  727.3    1.8   40.0   66.0  444.0
2018 162  6 11 0600  -42.3  726.2    2.0  320.0   62.1  444.0
2018 162  6 11 0900  -46.3  725.5    2.8  318.0   58.0  444.0
2018 162  6 11 1200  -45.0  725.6    3.6  316.0   59.0  444.0
2018 162  6 11 1500  -44.1  726.5    3.6  297.0   60.0  444.0
2018 162  6 11 1800  -44.2  728.3    4.1  326.0   59.9  444.0
2018 162  6 11 2100  -43.5  730.0    5.1  348.0   61.0  444.0
2018 163  6 12 0000  -45.9  731.6    5.3   28.0   57.0  444.0
2018 163  6 12 0300  -41.8  733.0    4.3   32.0   62.0  444.0
2018 163  6 12 0600  -42.5  734.1    4.9   42.0   61.0  444.0
2018 163  6 12 0900  -39.4  735.7    3.9   13.0   65.0  444.0
2018 163  6 12 1200  -39.2  737.6    6.0  352.0   65.0  444.0
2018 163  6 12 1500  -37.7  739.1    5.2    2.0   66.6  444.0
2018 163  6 12 1800  -37.0  740.0    6.0   19.0   68.0  444.0
2018 163  6 12 2100  -36.6  741.1    5.9   49.0   68.3  444.0
2018 164  6 13 0000  -34.5  742.4    7.7   32.0   70.0  444.0
2018 164  6 13 0300  -33.9  743.0    8.5   23.0   71.0  444.0
2018 164  6 13 0600  -30.0  744.7   12.6   22.0   75.0  444.0
2018 164  6 13 0900  -30.6  747.4    1.8  129.0   74.0  444.0
2018 164  6 13 1200  -37.1  748.2    8.7   59.0   68.0  444.0
2018 164  6 13 1500  -35.3  747.7    8.5   63.0   70.0  444.0
2018 164  6 13 1800  -34.7  747.2    9.8   62.0   70.0  444.0
2018 164  6 13 2100  -36.0  745.6   13.2   65.0   68.0  444.0
2018 165  6 14 0000  -37.9  745.8   12.3   74.0   66.0  444.0
2018 165  6 14 0300  -39.5  744.8   11.6   64.0   65.4  444.0
2018 165  6 14 0600  -37.9  745.0   11.6   75.0   66.0  444.0
2018 165  6 14 0900  -40.0  745.1   10.2   63.0   64.0  444.0
2018 165  6 14 1200  -39.7  744.3    6.0  103.0   65.0  444.0
2018 165  6 14 1500  -39.9  743.1    9.1   84.0   66.0  444.0
2018 165  6 14 1800  -37.1  742.3   10.4   91.0   68.0  444.0
2018 165  6 14 2100  -37.3  741.7    7.1  106.0   66.7  444.0
2018 166  6 15 0000  -37.2  741.0    7.3  103.0   67.4  444.0
2018 166  6 15 0300  -41.0  740.3    8.6  103.0   64.0  444.0
2018 166  6 15 0600  -38.8  739.9    9.9   96.0   66.0  444.0
2018 166  6 15 0900  -40.3  740.0    9.5   82.0   64.0  444.0
2018 166  6 15 1200  -38.6  740.5   10.9   94.0   66.0  444.0
2018 166  6 15 1500  -38.2  741.5    6.4   96.0   66.0  444.0
2018 166  6 15 1800  -35.4  742.3    7.6   99.0   69.1  444.0
2018 166  6 15 2100  -34.6  742.8    7.5  108.0   70.0  444.0
2018 167  6 16 0000  -36.3  743.3    8.4  113.0   68.0  444.0
2018 167  6 16 0300  -38.8  744.2    5.7   50.0   66.0  444.0
2018 167  6 16 0600  -38.8  744.7    7.2   81.0   66.0  444.0
2018 167  6 16 0900  -39.1  745.3    5.4   66.0   66.0  444.0
2018 167  6 16 1200  -39.2  746.1    5.5   44.0   63.4  444.0
2018 167  6 16 1500  -42.0  746.7    4.7   43.0   62.4  444.0
2018 167  6 16 1800  -42.7  747.0    4.4   48.0   61.9  444.0
2018 167  6 16 2100  -35.3  747.2    2.4    9.0   71.0  444.0
2018 168  6 17 0000  -35.8  747.4    1.0  342.0   69.0  444.0
2018 168  6 17 0300  -37.8  747.5    1.9  322.0   66.6  444.0
2018 168  6 17 0600  -37.5  747.6    0.9   18.0   68.0  444.0
2018 168  6 17 0900  -40.3  748.4    1.1   33.0   64.0  444.0
2018 168  6 17 1200  -33.7  749.0    1.3   78.0   71.0  444.0
2018 168  6 17 1500  -39.3  749.5    1.4   53.0   65.0  444.0
2018 168  6 17 1800  -42.5  749.3    1.1   53.0   62.0  444.0
2018 168  6 17 2100  -33.3  749.9    1.4   68.0   73.2  444.0
2018 169  6 18 0000  -30.1  750.2    1.7   67.0   75.0  444.0
2018 169  6 18 0300  -28.1  749.8    2.6   77.0   76.0  444.0
2018 169  6 18 0600  -25.8  750.0    2.7   70.0   78.0  444.0
2018 169  6 18 0900  -26.0  750.4    3.1   81.0   78.7  444.0
2018 169  6 18 1200  -25.5  750.7    3.8   80.0   80.0  444.0
2018 169  6 18 1500  -25.6  751.0    6.1   83.0   80.0  444.0
2018 169  6 18 1800  -25.9  750.7    8.7   79.0   79.8  444.0
2018 169  6 18 2100  -25.2  751.4   15.5   78.0   80.0  444.0
2018 170  6 19 0000  -25.2  751.8   14.8   80.0   80.0  444.0
2018 170  6 19 0300  -26.6  752.8   13.8   78.0   79.0  444.0
2018 170  6 19 0600  -26.6  754.1   12.1   68.0   78.0  444.0
2018 170  6 19 0900  -28.9  754.6   11.3   56.0   76.0  444.0
2018 170  6 19 1200  -25.8  754.7   14.8   54.0   80.0  444.0
2018 170  6 19 1500  -28.3  756.2   12.1   53.0   77.0  444.0
2018 170  6 19 1800  -29.8  757.4   10.7   35.0   76.0  444.0
2018 170  6 19 2100  -31.8  757.7   12.0   32.0   74.0  444.0
2018 171  6 20 0000  -32.1  758.4    7.5    2.0   73.0  444.0
2018 171  6 20 0300  -33.4  758.5    5.6  328.0   72.0  444.0
2018 171  6 20 0600  -34.8  758.2    5.0   11.0   71.0  444.0
2018 171  6 20 0900  -38.9  757.2    6.2   52.0   68.0  444.0
2018 171  6 20 1200  -38.6  756.4    6.3   56.0   65.5  444.0
2018 171  6 20 1500  -38.7  755.3    7.1   47.0   67.0  444.0
2018 171  6 20 1800  -37.8  754.3    9.3   46.0   67.1  444.0
2018 171  6 20 2100  -30.8  753.7   12.2   55.0   74.0  444.0
2018 172  6 21 0000  -30.1  752.3   16.5   55.0   75.0  444.0
2018 172  6 21 0300  -31.4  753.6   15.3   55.0   74.0  444.0
2018 172  6 21 0600  -30.6  754.7   14.3   49.0   74.8  444.0
2018 172  6 21 0900  -30.4  754.7   13.8   49.0   75.0  444.0
2018 172  6 21 1200  -29.5  755.1   14.3   49.0   76.0  444.0
2018 172  6 21 1500  -29.5  756.0   13.3   46.0   76.0  444.0
2018 172  6 21 1800  -27.5  757.2   13.5   47.0   78.0  444.0
2018 172  6 21 2100  -28.1  759.3    9.1   65.0   77.1  444.0
2018 173  6 22 0000  -26.7  758.9   13.4   58.0   77.0  444.0
2018 173  6 22 0300  -27.6  760.1   11.4   49.0   77.8  444.0
2018 173  6 22 0600  -24.7  760.7   11.5   55.0   80.0  444.0
2018 173  6 22 0900  -22.6  761.5   10.7   66.0   82.4  444.0
2018 173  6 22 1200  -24.0  761.4   11.0   67.0   81.0  444.0
2018 173  6 22 1500  -22.2  761.2   12.1   61.0   83.0  444.0
2018 173  6 22 1800  -22.3  761.2   10.9   59.0   83.0  444.0
2018 173  6 22 2100  -21.2  760.7   18.8   53.0   84.5  444.0
2018 174  6 23 0000  -22.4  760.7   11.9   50.0   83.0  444.0
2018 174  6 23 0300  -25.3  760.8    9.4   52.0   80.0  444.0
2018 174  6 23 0600  -29.3  760.2    6.9   55.0   76.0  444.0
2018 174  6 23 0900  -30.8  759.4    5.9   62.0   74.0  444.0
2018 174  6 23 1200  -29.4  757.1    8.8   68.0   76.6  444.0
2018 174  6 23 1500  -29.1  756.0    8.2   92.0   78.0  444.0
2018 174  6 23 1800  -28.7  754.2    8.8  108.0   77.0  444.0
2018 174  6 23 2100  -26.5  753.2   11.0   82.0   79.0  444.0
2018 175  6 24 0000  -26.5  752.8    8.6  106.0   79.0  444.0
2018 175  6 24 0300  -27.6  752.2    4.6  114.0   78.0  444.0
2018 175  6 24 0600  -26.5  750.2    6.0  114.0   79.0  444.0
2018 175  6 24 0900  -26.9  748.5    7.0  121.0   79.0  444.0
2018 175  6 24 1200  -27.4  746.7    4.6  104.0   78.0  444.0
2018 175  6 24 1500  -27.4  745.1    8.4  103.0   78.0  444.0
2018 175  6 24 1800  -28.4  744.1    5.7   93.0   76.6  444.0
2018 175  6 24 2100  -29.9  744.3    3.9   94.0   76.0  444.0
2018 176  6 25 0000  -30.2  745.8    5.6   71.0   75.0  444.0
2018 176  6 25 0300  -31.1  747.5    8.4   50.0   74.0  444.0
2018 176  6 25 0600  -28.0  750.0    9.9   46.0   77.0  444.0
2018 176  6 25 0900  -28.9  752.3    8.6   45.0   76.0  444.0
2018 176  6 25 1200  -31.3  755.0    8.2   42.0   74.3  444.0
2018 176  6 25 1500  -33.3  757.3    7.8   38.0   72.0  444.0
2018 176  6 25 1800  -33.0  759.4    6.8   37.0   72.0  444.0
2018 176  6 25 2100  -34.8  761.2    2.8   33.0   67.2  444.0
2018 177  6 26 0000  -30.3  762.1    4.4   31.0   72.6  444.0
2018 177  6 26 0300  -29.6  763.3    2.9   53.0   77.0  444.0
2018 177  6 26 0600  -30.8  763.8    3.2   33.0   74.0  444.0
2018 177  6 26 0900  -33.4  764.3    3.0   39.0   71.0  444.0
2018 177  6 26 1200  -30.9  764.4    2.7   11.0   75.0  444.0
2018 177  6 26 1500  -29.1  764.5    2.3    5.0   76.6  444.0
2018 177  6 26 1800  -30.3  764.8    1.3   23.0   75.0  444.0
2018 177  6 26 2100  -29.7  764.5    1.0   15.0   76.0  444.0
2018 178  6 27 0000  -29.5  764.6    0.5  360.0   76.0  444.0
2018 178  6 27 0300  -29.2  764.6    0.2  334.0   76.0  444.0
2018 178  6 27 0600  -30.7  764.5    0.1  354.0   75.0  444.0
2018 178  6 27 0900  -33.1  764.4  444.0  444.0   72.9  444.0
2018 178  6 27 1200  -35.1  764.1  444.0  444.0   71.0  444.0
2018 178  6 27 1500  -35.8  763.6  444.0  444.0   70.0  444.0
2018 178  6 27 1800  -37.0  762.9  444.0  444.0   67.8  444.0
2018 178  6 27 2100  -33.8  762.2  444.0  444.0   72.0  444.0
2018 179  6 28 0000  -33.8  761.3  444.0  444.0   72.4  444.0
2018 179  6 28 0300  -39.0  760.0  444.0  444.0   66.0  444.0
2018 179  6 28 0600  -32.3  758.8  444.0  444.0   72.0  444.0
2018 179  6 28 0900  -33.5  757.5  444.0  444.0   71.0  444.0
2018 179  6 28 1200  -35.2  756.2  444.0  444.0   69.8  444.0
2018 179  6 28 1500  -36.1  755.0  444.0  444.0   69.0  444.0
2018 179  6 28 1800  -36.1  753.9  444.0  444.0   68.0  444.0
2018 179  6 28 2100  -36.8  753.0  444.0  444.0   67.0  444.0
2018 180  6 29 0000  -38.6  752.8  444.0  444.0   64.2  444.0
2018 180  6 29 0300  -40.2  752.6  444.0  444.0   64.0  444.0
2018 180  6 29 0600  -40.8  752.8  444.0  444.0   63.0  444.0
2018 180  6 29 0900  -37.2  753.1  444.0  444.0   67.0  444.0
2018 180  6 29 1200  -36.5  753.7  444.0  444.0   68.0  444.0
2018 180  6 29 1500  -36.5  754.0  444.0  444.0   68.0  444.0
2018 180  6 29 1800  -35.4  754.4  444.0  444.0   68.9  444.0
2018 180  6 29 2100  -36.4  754.8  444.0  444.0   67.0  444.0
2018 181  6 30 0000  -35.0  755.2  444.0  444.0   69.0  444.0
2018 181  6 30 0300  -36.0  755.3  444.0  444.0   68.0  444.0
2018 181  6 30 0600  -38.3  755.3  444.0  444.0   65.0  444.0
2018 181  6 30 0900  -40.9  754.8  444.0  444.0   63.0  444.0
2018 181  6 30 1200  -40.8  754.2  444.0  444.0   63.0  444.0
2018 181  6 30 1500  -38.9  753.3  444.0  444.0   66.0  444.0
2018 181  6 30 1800  -33.1  752.6  444.0  444.0   72.0  444.0
2018 181  6 30 2100  -29.5  751.6  444.0  444.0   75.4  444.0
