Year: 2018  Month: 05  ID: JNT  ARGOS:  8936  Name: Janet               
Lat: 77.18S  Lon: 123.39W  Elev: 2085m
2018 121  5  1 0000  -41.4  737.1    4.9   50.0   63.0  444.0
2018 121  5  1 0300  -40.2  737.1    5.1   57.0   64.0  444.0
2018 121  5  1 0600  -38.9  737.4    4.3   50.0   66.0  444.0
2018 121  5  1 0900  -37.0  737.3    4.3   42.0   68.0  444.0
2018 121  5  1 1200  -35.9  736.9    4.3   51.0   69.0  444.0
2018 121  5  1 1500  -40.6  736.4    4.3   34.0   64.0  444.0
2018 121  5  1 1800  -43.6  735.7    7.9   50.0   61.0  444.0
2018 121  5  1 2100  -37.5  735.8    7.3   41.0   67.4  444.0
2018 122  5  2 0000  -31.1  735.2    8.9   46.0   74.0  444.0
2018 122  5  2 0300  -30.5  734.4    8.7   56.0   74.4  444.0
2018 122  5  2 0600  -30.5  733.6    9.8   50.0   75.0  444.0
2018 122  5  2 0900  -31.0  732.7   11.2   55.0   74.1  444.0
2018 122  5  2 1200  -32.3  731.5   11.0   70.0   73.0  444.0
2018 122  5  2 1500  -32.7  730.2   13.3   56.0   73.0  444.0
2018 122  5  2 1800  -33.8  730.0   12.0   59.0   71.6  444.0
2018 122  5  2 2100  -33.0  730.2   11.6   63.0   72.0  444.0
2018 123  5  3 0000  -32.8  731.3   10.1   66.0   72.0  444.0
2018 123  5  3 0300  -35.7  732.7    5.5   51.0   69.0  444.0
2018 123  5  3 0600  -37.4  733.7    7.7   48.0   67.0  444.0
2018 123  5  3 0900  -38.7  735.9    4.4   99.0   66.0  444.0
2018 123  5  3 1200  -35.5  736.9    3.0   55.0   69.6  444.0
2018 123  5  3 1500  -37.6  738.2    2.2  131.0   67.0  444.0
2018 123  5  3 1800  -40.9  739.1    1.6   72.0   63.9  444.0
2018 123  5  3 2100  -41.2  739.6  444.0  444.0   64.0  444.0
2018 124  5  4 0000  -43.5  740.3  444.0  444.0   61.0  444.0
2018 124  5  4 0300  -45.8  740.6  444.0  444.0   59.0  444.0
2018 124  5  4 0600  -41.2  741.0  444.0  444.0   63.8  444.0
2018 124  5  4 0900  -41.5  741.2  444.0  444.0   63.0  444.0
2018 124  5  4 1200  -45.1  741.1  444.0  444.0   59.0  444.0
2018 124  5  4 1500  -44.8  740.9  444.0  444.0   60.0  444.0
2018 124  5  4 1800  -38.3  741.2  444.0  444.0   67.0  444.0
2018 124  5  4 2100  -35.6  742.2  444.0  444.0   69.4  444.0
2018 125  5  5 0000  -39.4  742.6  444.0  444.0   65.0  444.0
2018 125  5  5 0300  -39.6  742.4  444.0  444.0   65.1  444.0
2018 125  5  5 0600  -38.1  742.3  444.0  444.0   67.0  444.0
2018 125  5  5 0900  -38.6  741.8  444.0  444.0   65.9  444.0
2018 125  5  5 1200  444.0  741.2  444.0  444.0   68.0  444.0
2018 125  5  5 1500  -38.9  740.3  444.0  444.0   66.0  444.0
2018 125  5  5 1800  -41.9  739.4  444.0  444.0   62.0  444.0
2018 125  5  5 2100  -44.4  738.6    2.9   19.0   60.0  444.0
2018 126  5  6 0000  -43.6  737.6    2.2   22.0   61.0  444.0
2018 126  5  6 0300  -45.0  736.3    2.4   33.0   59.0  444.0
2018 126  5  6 0600  -42.6  735.3    1.5   23.0   62.0  444.0
2018 126  5  6 0900  -45.9  734.7    1.3   23.0   59.0  444.0
2018 126  5  6 1200  -44.8  734.3    0.8   13.0   59.0  444.0
2018 126  5  6 1500  -44.2  733.9    0.8   16.0   60.0  444.0
2018 126  5  6 1800  -49.3  733.9    0.7   23.0   55.0  444.0
2018 126  5  6 2100  -50.7  733.9    5.1   40.0   53.0  444.0
2018 127  5  7 0000  -48.1  733.6    5.2   38.0   55.0  444.0
2018 127  5  7 0300  -43.4  733.5    5.3   36.0   60.5  444.0
2018 127  5  7 0600  -41.0  733.2    5.5   37.0   61.0  444.0
2018 127  5  7 0900  -37.3  733.6    5.8   47.0   67.0  444.0
2018 127  5  7 1200  -33.1  733.9    6.9   35.0   71.0  444.0
2018 127  5  7 1500  -32.0  734.6    6.9   43.0   73.0  444.0
2018 127  5  7 1800  -32.8  735.9    6.2   49.0   71.8  444.0
2018 127  5  7 2100  -32.0  736.9    6.5   60.0   73.0  444.0
2018 128  5  8 0000  -30.9  737.9    7.2   37.0   74.0  444.0
2018 128  5  8 0300  -32.6  738.9    7.4   48.0   72.0  444.0
2018 128  5  8 0600  -36.3  740.0    6.8   34.0   68.7  444.0
2018 128  5  8 0900  -32.7  740.9    5.8   43.0   72.0  444.0
2018 128  5  8 1200  -34.5  742.1    3.9   39.0   70.0  444.0
2018 128  5  8 1500  -35.4  742.6    3.9   52.0   70.0  444.0
2018 128  5  8 1800  -41.9  742.7    4.9   39.0   63.0  444.0
2018 128  5  8 2100  -40.1  742.8    5.7   35.0   64.5  444.0
2018 129  5  9 0000  -35.4  742.7    5.5    7.0   69.0  444.0
2018 129  5  9 0300  -34.6  742.6    4.4    8.0   69.0  444.0
2018 129  5  9 0600  -33.1  741.6    7.1   60.0   71.7  444.0
2018 129  5  9 0900  -27.5  739.9    6.1    6.0   77.0  444.0
2018 129  5  9 1200  -26.4  737.6   10.4   51.0   79.0  444.0
2018 129  5  9 1500  -25.9  735.1   12.7   52.0   79.3  444.0
2018 129  5  9 1800  -26.7  731.9   16.4   54.0   78.0  444.0
2018 129  5  9 2100  -27.2  730.7   14.2   51.0   78.0  444.0
2018 130  5 10 0000  -29.0  729.3   16.1   48.0   76.0  444.0
2018 130  5 10 0300  -30.0  729.8   13.9   40.0   75.7  444.0
2018 130  5 10 0600  -28.1  730.7   11.3   32.0   78.0  444.0
2018 130  5 10 0900  -27.0  732.3   10.9   45.0   78.2  444.0
2018 130  5 10 1200  -24.8  734.1   10.6   46.0   80.6  444.0
2018 130  5 10 1500  -23.4  735.1   11.5   57.0   82.0  444.0
2018 130  5 10 1800  -22.5  733.3   18.0   65.0   82.4  444.0
2018 130  5 10 2100  -22.1  734.2   18.8   69.0   83.3  444.0
2018 131  5 11 0000  -22.1  733.4   16.8   74.0   83.6  444.0
2018 131  5 11 0300  -21.8  733.3   16.3   72.0   84.0  444.0
2018 131  5 11 0600  -20.3  733.4   19.1   77.0   85.0  444.0
2018 131  5 11 0900  -21.2  733.6   19.1   73.0   84.0  444.0
2018 131  5 11 1200  -22.7  735.8   14.5   83.0   83.0  444.0
2018 131  5 11 1500  -22.2  736.8   11.1   95.0   83.0  444.0
2018 131  5 11 1800  -23.2  736.1    9.8   98.0   83.0  444.0
2018 131  5 11 2100  -24.0  736.2    9.4  100.0   82.0  444.0
2018 132  5 12 0000  -24.0  736.6   10.2   98.0   81.9  444.0
2018 132  5 12 0300  -24.9  737.5   10.2   82.0   81.0  444.0
2018 132  5 12 0600  -24.7  739.0    7.3   80.0   81.0  444.0
2018 132  5 12 0900  -23.3  739.5   13.7   67.0   82.0  444.0
2018 132  5 12 1200  -24.9  741.5   11.1   79.0   81.0  444.0
2018 132  5 12 1500  -27.8  741.7   12.0   76.0   78.0  444.0
2018 132  5 12 1800  -26.3  741.7   12.7   74.0   79.7  444.0
2018 132  5 12 2100  -28.3  741.9    7.8   84.0   77.0  444.0
2018 133  5 13 0000  -23.1  741.7    9.7   79.0   82.0  444.0
2018 133  5 13 0300  -24.4  741.3    8.4   96.0   81.0  444.0
2018 133  5 13 0600  -27.7  738.9    8.4  114.0   78.0  444.0
2018 133  5 13 0900  -32.0  736.2    6.8  123.0   74.0  444.0
2018 133  5 13 1200  -30.0  733.6    5.6  129.0   76.0  444.0
2018 133  5 13 1500  -27.9  731.9    6.2  114.0   78.0  444.0
2018 133  5 13 1800  -27.4  731.9    5.0  126.0   78.0  444.0
2018 133  5 13 2100  -24.6  730.2    9.1  128.0   80.9  444.0
2018 134  5 14 0000  -25.7  728.0    9.0  140.0   80.0  444.0
2018 134  5 14 0300  -28.2  727.3    0.0   57.0   77.0  444.0
2018 134  5 14 0600  -27.5  726.6    2.3   57.0   78.0  444.0
2018 134  5 14 0900  -34.5  728.2    1.2   57.0   71.3  444.0
2018 134  5 14 1200  -31.6  731.4    7.0  350.0   74.0  444.0
2018 134  5 14 1500  -29.7  736.0    5.6  356.0   76.0  444.0
2018 134  5 14 1800  -27.6  740.7    6.1  346.0   78.0  444.0
2018 134  5 14 2100  -30.7  744.7    7.3  343.0   75.2  444.0
2018 135  5 15 0000  -32.0  748.1    5.4   24.0   74.0  444.0
2018 135  5 15 0300  -36.4  750.0    6.6   73.0   68.9  444.0
2018 135  5 15 0600  -28.5  751.2    7.5   55.0   77.0  444.0
2018 135  5 15 0900  -27.6  751.1    9.1   75.0   78.0  444.0
2018 135  5 15 1200  -27.0  752.1    7.6  101.0   78.3  444.0
2018 135  5 15 1500  -27.7  751.0    8.8  103.0   78.0  444.0
2018 135  5 15 1800  -25.5  748.5   13.1   88.0   80.0  444.0
2018 135  5 15 2100  -29.6  746.6    8.3  104.0   76.0  444.0
2018 136  5 16 0000  -30.1  745.4    2.7   71.0   75.3  444.0
2018 136  5 16 0300  -30.3  743.9    3.1   24.0   75.0  444.0
2018 136  5 16 0600  -31.8  743.9    6.7   32.0   74.0  444.0
2018 136  5 16 0900  -27.6  746.0   10.1    8.0   79.0  444.0
2018 136  5 16 1200  -24.9  748.8    9.7  348.0   80.0  444.0
2018 136  5 16 1500  -26.0  751.5    7.6  351.0   80.0  444.0
2018 136  5 16 1800  -27.0  753.8    8.4  357.0   79.0  444.0
2018 136  5 16 2100  -30.3  755.7    7.7  354.0   75.0  444.0
2018 137  5 17 0000  -34.8  757.2    5.1   29.0   71.0  444.0
2018 137  5 17 0300  -33.7  759.1    3.2  345.0   70.0  444.0
2018 137  5 17 0600  -35.3  759.8    5.1   47.0   70.0  444.0
2018 137  5 17 0900  -30.0  760.8    6.5   19.0   74.8  444.0
2018 137  5 17 1200  -32.9  761.5    5.9   21.0   73.0  444.0
2018 137  5 17 1500  -36.3  761.2    5.6   28.0   69.0  444.0
2018 137  5 17 1800  -36.0  761.4    2.6   51.0   70.0  444.0
2018 137  5 17 2100  -35.0  760.9  444.0  444.0   71.0  444.0
2018 138  5 18 0000  -32.0  760.7  444.0  444.0   71.0  444.0
2018 138  5 18 0300  -31.5  759.3  444.0  444.0   74.0  444.0
2018 138  5 18 0600  -32.2  757.9  444.0  444.0   73.0  444.0
2018 138  5 18 0900  -31.4  756.5  444.0  444.0   74.0  444.0
2018 138  5 18 1200  -33.5  754.7  444.0  444.0   72.0  444.0
2018 138  5 18 1500  -36.2  752.3  444.0  444.0   69.0  444.0
2018 138  5 18 1800  -43.3  750.1  444.0  444.0   61.0  444.0
2018 138  5 18 2100  -46.8  747.7  444.0  444.0   59.0  444.0
2018 139  5 19 0000  -42.6  745.7  444.0  444.0   62.0  444.0
2018 139  5 19 0300  -34.5  743.2  444.0  444.0   69.4  444.0
2018 139  5 19 0600  -35.3  740.7  444.0  444.0   70.0  444.0
2018 139  5 19 0900  -35.1  737.9  444.0  444.0   69.9  444.0
2018 139  5 19 1200  -32.8  735.4  444.0  444.0   72.0  444.0
2018 139  5 19 1500  -37.9  733.1  444.0  444.0   67.0  444.0
2018 139  5 19 1800  -36.6  732.7  444.0  444.0   69.8  444.0
2018 139  5 19 2100  -40.3  733.3  444.0  444.0   64.2  444.0
2018 140  5 20 0000  -38.2  733.9  444.0  444.0   67.0  444.0
2018 140  5 20 0300  -43.0  734.0  444.0  444.0   62.0  444.0
2018 140  5 20 0600  -43.5  734.4  444.0  444.0   61.3  444.0
2018 140  5 20 0900  -38.5  735.1  444.0  444.0   66.0  444.0
2018 140  5 20 1200  -42.0  736.9  444.0  444.0   62.7  444.0
2018 140  5 20 1500  -44.0  738.8  444.0  444.0   61.0  444.0
2018 140  5 20 1800  -45.7  740.9  444.0  444.0   58.7  444.0
2018 140  5 20 2100  -41.6  742.6  444.0  444.0   63.0  444.0
2018 141  5 21 0000  -41.6  745.2  444.0  444.0   63.3  444.0
2018 141  5 21 0300  -42.5  746.8  444.0  444.0   61.0  444.0
2018 141  5 21 0600  -42.2  748.9  444.0  444.0   62.0  444.0
2018 141  5 21 0900  -39.1  750.7  444.0  444.0   65.0  444.0
2018 141  5 21 1200  -39.9  752.8  444.0  444.0   64.0  444.0
2018 141  5 21 1500  -42.3  754.4  444.0  444.0   62.7  444.0
2018 141  5 21 1800  -38.0  756.1  444.0  444.0   66.0  444.0
2018 141  5 21 2100  -41.6  757.4  444.0  444.0   63.0  444.0
2018 142  5 22 0000  -41.9  758.7  444.0  444.0   63.0  444.0
2018 142  5 22 0300  -37.2  759.6    8.4  290.0   67.0  444.0
2018 142  5 22 0600  -34.5  760.0    5.9  283.0   71.0  444.0
2018 142  5 22 0900  -32.2  760.1    8.8  296.0   73.0  444.0
2018 142  5 22 1200  -33.9  760.3    4.1  328.0   71.0  444.0
2018 142  5 22 1500  -29.9  759.7    6.0  321.0   75.0  444.0
2018 142  5 22 1800  -27.5  759.2    5.0  351.0   77.0  444.0
2018 142  5 22 2100  -27.4  758.2    5.1    7.0   77.0  444.0
2018 143  5 23 0000  -25.6  756.0    6.6   26.0   81.0  444.0
2018 143  5 23 0300  -25.8  753.1    7.2   43.0   80.0  444.0
2018 143  5 23 0600  -22.2  751.0    6.5   41.0   83.0  444.0
2018 143  5 23 0900  -19.5  749.3    8.4   32.0   85.6  444.0
2018 143  5 23 1200  -22.0  747.7    9.3   42.0   83.0  444.0
2018 143  5 23 1500  -22.0  746.6    8.0   54.0   83.8  444.0
2018 143  5 23 1800  -22.8  746.3    9.5   38.0   83.0  444.0
2018 143  5 23 2100  -23.7  747.1    6.1   43.0   81.7  444.0
2018 144  5 24 0000  -24.2  749.5    1.7  267.0   81.0  444.0
2018 144  5 24 0300  -27.2  751.8    2.1  301.0   78.6  444.0
2018 144  5 24 0600  -32.8  753.6    4.2  331.0   73.0  444.0
2018 144  5 24 0900  -35.2  754.1    3.7   41.0   71.0  444.0
2018 144  5 24 1200  -34.1  753.0    7.7   42.0   72.5  444.0
2018 144  5 24 1500  -24.0  750.1    8.5   44.0   82.0  444.0
2018 144  5 24 1800  -20.0  745.9   14.1   43.0   85.0  444.0
2018 144  5 24 2100  -21.6  742.4   14.0   21.0   84.0  444.0
2018 145  5 25 0000  -22.3  740.6    3.2   55.0   83.2  444.0
2018 145  5 25 0300  -19.4  738.8    7.2  327.0   86.0  444.0
2018 145  5 25 0600  -20.4  739.6    4.1  271.0   84.2  444.0
2018 145  5 25 0900  -24.5  741.3    5.1  277.0   81.0  444.0
2018 145  5 25 1200  -24.4  743.4    8.1  289.0   81.0  444.0
2018 145  5 25 1500  -26.0  744.7    2.5  336.0   80.0  444.0
2018 145  5 25 1800  -23.6  744.8    5.3  300.0   83.0  444.0
2018 145  5 25 2100  -26.3  745.5    4.6  300.0   80.0  444.0
2018 146  5 26 0000  -28.0  746.1    6.3  293.0   78.0  444.0
2018 146  5 26 0300  -34.4  746.2    3.4  296.0   71.0  444.0
2018 146  5 26 0600  -30.2  747.3    8.1  270.0   76.0  444.0
2018 146  5 26 0900  -37.3  748.4    3.5  290.0   67.8  444.0
2018 146  5 26 1200  -39.8  749.3    3.4  332.0   65.0  444.0
2018 146  5 26 1500  -37.5  748.8    2.0  334.0   67.9  444.0
2018 146  5 26 1800  -37.9  748.8    1.6   17.0   68.0  444.0
2018 146  5 26 2100  -36.8  748.6    2.9   49.0   68.4  444.0
2018 147  5 27 0000  -46.5  748.2    4.4   53.0   58.0  444.0
2018 147  5 27 0300  -47.4  747.9    4.1   51.0   58.0  444.0
2018 147  5 27 0600  -46.6  747.9    3.6   33.0   59.0  444.0
2018 147  5 27 0900  -41.1  748.9    1.4  323.0   64.0  444.0
2018 147  5 27 1200  -41.3  749.5    1.9  326.0   64.0  444.0
2018 147  5 27 1500  -39.5  749.8    1.5  322.0   65.0  444.0
2018 147  5 27 1800  -42.9  750.1    1.1  312.0   62.0  444.0
2018 147  5 27 2100  -44.7  750.6    0.8  324.0   59.8  444.0
2018 148  5 28 0000  -41.6  750.5    0.6  343.0   63.0  444.0
2018 148  5 28 0300  -40.4  750.0    0.4    4.0   64.0  444.0
2018 148  5 28 0600  -44.8  748.6    0.7   35.0   61.0  444.0
2018 148  5 28 0900  -45.7  747.7    0.6   43.0   59.0  444.0
2018 148  5 28 1200  -38.5  746.3    0.4   13.0   66.0  444.0
2018 148  5 28 1500  -41.5  744.5    0.4   37.0   63.0  444.0
2018 148  5 28 1800  -41.5  741.5    0.5   50.0   63.0  444.0
2018 148  5 28 2100  -39.9  738.0    5.7   63.0   65.0  444.0
2018 149  5 29 0000  -35.8  735.4    5.6   50.0   69.0  444.0
2018 149  5 29 0300  -34.4  734.3    2.0  349.0   70.0  444.0
2018 149  5 29 0600  -32.9  733.7    2.4    6.0   72.0  444.0
2018 149  5 29 0900  -35.0  734.6    2.2   42.0   70.0  444.0
2018 149  5 29 1200  -42.8  735.3    4.6   54.0   62.0  444.0
2018 149  5 29 1500  -41.4  736.0    3.8   39.0   63.0  444.0
2018 149  5 29 1800  -41.4  736.6    6.5   47.0   63.1  444.0
2018 149  5 29 2100  -40.6  737.3    6.4   46.0   64.0  444.0
2018 150  5 30 0000  -41.6  738.2    5.8   50.0   62.8  444.0
2018 150  5 30 0300  -35.8  739.1    4.5   55.0   69.0  444.0
2018 150  5 30 0600  -36.6  739.4    3.8   69.0   68.2  444.0
2018 150  5 30 0900  -43.0  740.2    5.1   43.0   61.0  444.0
2018 150  5 30 1200  -39.2  740.6    3.1   44.0   65.4  444.0
2018 150  5 30 1500  -40.9  741.6    3.8   43.0   63.0  444.0
2018 150  5 30 1800  -43.1  741.9    3.4   32.0   61.0  444.0
2018 150  5 30 2100  -43.4  743.0    3.4   56.0   61.0  444.0
2018 151  5 31 0000  -42.2  743.8    3.3   68.0   62.3  444.0
2018 151  5 31 0300  -46.8  744.7    3.7   48.0   56.9  444.0
2018 151  5 31 0600  -47.1  745.5    3.4   48.0   56.0  444.0
2018 151  5 31 0900  -48.6  746.1    3.5   60.0   55.7  444.0
2018 151  5 31 1200  -47.7  746.0    3.2   39.0   56.0  444.0
2018 151  5 31 1500  -47.5  746.1    3.3   57.0   56.4  444.0
2018 151  5 31 1800  -44.3  745.8    1.9   28.0   60.0  444.0
2018 151  5 31 2100  -40.2  745.4    0.6   64.0   63.0  444.0
