Year: 2018  Month: 10  ID: JNT  ARGOS:  8936  Name: Janet               
Lat: 77.18S  Lon: 123.39W  Elev: 2085m
2018 274 10  1 0000  -33.8  749.1  444.0  444.0   73.0  444.0
2018 274 10  1 0300  -30.0  749.2  444.0  444.0   74.0  444.0
2018 274 10  1 0600  -31.4  749.5  444.0  444.0   72.2  444.0
2018 274 10  1 0900  -31.1  750.2  444.0  444.0   74.0  444.0
2018 274 10  1 1200  -29.5  750.4  444.0  444.0   75.0  444.0
2018 274 10  1 1500  -23.3  750.5  444.0  444.0   79.0  444.0
2018 274 10  1 1800  -25.6  750.5    8.7   22.0   81.0  444.0
2018 274 10  1 2100  -23.6  751.6    5.2   32.0   82.0  444.0
2018 275 10  2 0000  -24.8  751.9    6.0   12.0   81.3  444.0
2018 275 10  2 0300  -21.7  751.4    4.8   21.0   81.0  444.0
2018 275 10  2 0600  -21.0  750.6    7.3   28.0   83.0  444.0
2018 275 10  2 0900  -22.3  749.6    7.3   48.0   83.0  444.0
2018 275 10  2 1200  -21.4  748.4    7.6   42.0   83.6  444.0
2018 275 10  2 1500  -22.5  746.4    9.5   50.0   83.0  444.0
2018 275 10  2 1800  -23.0  745.0   10.7   55.0   83.0  444.0
2018 275 10  2 2100  -22.5  743.5   15.4   45.0   83.0  444.0
2018 276 10  3 0000  -24.2  740.8   15.7   74.0   81.5  444.0
2018 276 10  3 0300  -24.4  738.5   18.0   75.0   81.3  444.0
2018 276 10  3 0600  -24.3  736.8   20.3   61.0   81.0  444.0
2018 276 10  3 0900  -24.7  738.9   15.6   50.0   81.0  444.0
2018 276 10  3 1200  -28.7  740.1   12.7   41.0   77.0  444.0
2018 276 10  3 1500  -30.2  741.3    8.5   39.0   76.4  444.0
2018 276 10  3 1800  -30.1  740.7    9.2   54.0   75.0  444.0
2018 276 10  3 2100  -21.8  738.1   12.2   84.0   84.0  444.0
2018 277 10  4 0000  -25.3  735.4   18.3   80.0   80.0  444.0
2018 277 10  4 0300  -25.5  734.6   18.9   71.0   80.1  444.0
2018 277 10  4 0600  -24.8  734.9   18.1   65.0   81.0  444.0
2018 277 10  4 0900  -25.3  735.4   13.5   70.0   80.8  444.0
2018 277 10  4 1200  -23.2  734.3   16.5   67.0   82.0  444.0
2018 277 10  4 1500  -23.4  733.6   16.5   67.0   82.1  444.0
2018 277 10  4 1800  -22.2  732.9   16.6   62.0   83.4  444.0
2018 277 10  4 2100  -23.4  733.0   13.0   60.0   82.0  444.0
2018 278 10  5 0000  -22.9  733.7   10.4   57.0   82.0  444.0
2018 278 10  5 0300  -24.3  734.6    5.2   53.0   81.0  444.0
2018 278 10  5 0600  -24.3  734.6    8.4   67.0   82.1  444.0
2018 278 10  5 0900  -25.4  734.7    8.5   72.0   80.0  444.0
2018 278 10  5 1200  -24.9  735.4    7.0   67.0   80.4  444.0
2018 278 10  5 1500  -24.9  735.6    7.0   66.0   81.0  444.0
2018 278 10  5 1800  -26.0  735.9    4.8   92.0   79.0  444.0
2018 278 10  5 2100  -27.8  736.0    4.4   70.0   78.0  444.0
2018 279 10  6 0000  -28.6  736.5  444.0  444.0   78.0  444.0
2018 279 10  6 0300  -29.6  736.3  444.0  444.0   77.0  444.0
2018 279 10  6 0600  -29.5  736.6  444.0  444.0   76.0  444.0
2018 279 10  6 0900  -31.2  736.6  444.0  444.0   74.0  444.0
2018 279 10  6 1200  -30.6  736.5  444.0  444.0   75.0  444.0
2018 279 10  6 1500  -33.4  736.2  444.0  444.0   72.0  444.0
2018 279 10  6 1800  -31.2  735.4  444.0  444.0   75.0  444.0
2018 279 10  6 2100  -30.8  735.4  444.0  444.0   77.0  444.0
2018 280 10  7 0000  -30.4  735.5    3.8   84.0   76.4  444.0
2018 280 10  7 0300  -31.8  735.7    4.8   61.0   75.0  444.0
2018 280 10  7 0600  -36.9  736.3    1.6   21.0   71.0  444.0
2018 280 10  7 0900  -36.3  736.8    7.6   55.0   69.0  444.0
2018 280 10  7 1200  -36.9  737.8    7.6   62.0   68.0  444.0
2018 280 10  7 1500  -34.1  738.5    7.1   58.0   72.0  444.0
2018 280 10  7 1800  -32.6  738.7    8.2   76.0   72.9  444.0
2018 280 10  7 2100  -31.9  739.1    7.7   96.0   73.5  444.0
2018 281 10  8 0000  -32.7  739.0    7.2  110.0   73.0  444.0
2018 281 10  8 0300  -32.4  738.1    8.8  107.0   72.9  444.0
2018 281 10  8 0600  -35.0  737.4    7.5  109.0   70.0  444.0
2018 281 10  8 0900  -35.9  736.9    7.8   98.0   69.3  444.0
2018 281 10  8 1200  -33.3  736.1   10.4   86.0   71.0  444.0
2018 281 10  8 1500  -29.2  735.0   12.1   86.0   76.0  444.0
2018 281 10  8 1800  -29.4  734.9   12.1   90.0   76.0  444.0
2018 281 10  8 2100  -26.8  734.3   13.8   94.0   78.0  444.0
2018 282 10  9 0000  -26.3  733.3   16.1  100.0   78.7  444.0
2018 282 10  9 0300  -27.0  732.9   13.7  106.0   78.0  444.0
2018 282 10  9 0600  -28.6  733.1   11.8  108.0   77.0  444.0
2018 282 10  9 0900  -30.5  733.3    9.1  110.0   75.3  444.0
2018 282 10  9 1200  -31.8  733.0    8.2   90.0   73.0  444.0
2018 282 10  9 1500  -35.0  732.1    7.1  103.0   70.0  444.0
2018 282 10  9 1800  -33.8  731.6    6.3   46.0   72.0  444.0
2018 282 10  9 2100  -28.7  731.7    4.6   68.0   76.0  444.0
2018 283 10 10 0000  -27.5  731.9    9.7   95.0   77.6  444.0
2018 283 10 10 0300  -26.2  732.8   11.3   73.0   79.0  444.0
2018 283 10 10 0600  -23.4  732.0   17.5   79.0   82.0  444.0
2018 283 10 10 0900  -19.6  729.8   21.2   96.0   85.0  444.0
2018 283 10 10 1200  -18.4  730.3   21.6   87.0   87.0  444.0
2018 283 10 10 1500  -19.9  731.2   21.0   82.0   85.0  444.0
2018 283 10 10 1800  -21.6  733.1   19.4   78.0   84.2  444.0
2018 283 10 10 2100  -22.5  735.1   20.6   64.0   83.0  444.0
2018 284 10 11 0000  -23.1  738.9   18.0   62.0   82.0  444.0
2018 284 10 11 0300  -22.9  741.2   16.5   61.0   82.4  444.0
2018 284 10 11 0600  -24.2  743.1   12.5   67.0   81.0  444.0
2018 284 10 11 0900  -24.0  743.6    8.4   88.0   81.0  444.0
2018 284 10 11 1200  -22.9  742.9   10.0   84.0   82.5  444.0
2018 284 10 11 1500  -23.5  742.2    8.7   81.0   82.0  444.0
2018 284 10 11 1800  -23.3  742.3    8.0   95.0   82.0  444.0
2018 284 10 11 2100  -22.7  742.7   10.1   87.0   82.8  444.0
2018 285 10 12 0000  -22.6  743.4    7.9   82.0   83.0  444.0
2018 285 10 12 0300  -21.5  743.5    9.7   82.0   84.0  444.0
2018 285 10 12 0600  -22.5  743.4   10.9   88.0   83.0  444.0
2018 285 10 12 0900  -24.3  744.0   10.0   79.0   81.0  444.0
2018 285 10 12 1200  -23.9  744.5    9.0   80.0   81.0  444.0
2018 285 10 12 1500  -23.6  745.3    8.7   73.0   82.0  444.0
2018 285 10 12 1800  -22.8  746.2   10.0   76.0   83.0  444.0
2018 285 10 12 2100  -22.2  747.7    7.7   75.0   83.0  444.0
2018 286 10 13 0000  -21.8  748.6    7.8   61.0   83.0  444.0
2018 286 10 13 0300  -22.5  749.3    5.5   83.0   83.0  444.0
2018 286 10 13 0600  -23.0  749.6    2.5   99.0   83.0  444.0
2018 286 10 13 0900  -24.8  749.7    2.9  117.0   81.2  444.0
2018 286 10 13 1200  -26.7  749.3    2.8   77.0   79.1  444.0
2018 286 10 13 1500  -25.9  748.9    2.9   94.0   79.9  444.0
2018 286 10 13 1800  -24.7  748.4    3.7  102.0   81.0  444.0
2018 286 10 13 2100  -23.7  748.4    5.3   64.0   81.5  444.0
2018 287 10 14 0000  -24.4  748.7    6.5   51.0   81.0  444.0
2018 287 10 14 0300  -26.7  749.7    7.5   28.0   79.0  444.0
2018 287 10 14 0600  -30.2  751.3    8.4   25.0   76.0  444.0
2018 287 10 14 0900  -29.0  752.9   11.9  355.0   76.0  444.0
2018 287 10 14 1200  -36.9  754.4    7.1   46.0   69.0  444.0
2018 287 10 14 1500  -37.3  755.0    5.7   61.0   68.0  444.0
2018 287 10 14 1800  -35.0  755.8    3.1   59.0   70.5  444.0
2018 287 10 14 2100  -29.5  755.5    7.0   52.0   76.0  444.0
2018 288 10 15 0000  -33.3  756.0    3.2  321.0   73.1  444.0
2018 288 10 15 0300  -33.8  756.6    3.6  344.0   74.0  444.0
2018 288 10 15 0600  -40.3  756.4    4.7   39.0   65.8  444.0
2018 288 10 15 0900  -41.6  755.9    5.3   50.0   64.0  444.0
2018 288 10 15 1200  -42.0  755.5    5.8   54.0   62.0  444.0
2018 288 10 15 1500  -27.9  754.4    5.8   50.0   77.0  444.0
2018 288 10 15 1800  -22.8  752.6   12.5   59.0   82.0  444.0
2018 288 10 15 2100  -23.4  751.0   14.8   70.0   81.5  444.0
2018 289 10 16 0000  -24.1  747.4   17.3   76.0   80.0  444.0
2018 289 10 16 0300  -26.4  744.5   17.1   92.0   79.0  444.0
2018 289 10 16 0600  -27.2  739.2   19.6   94.0   78.0  444.0
2018 289 10 16 0900  -24.9  733.7   23.0   94.0   80.6  444.0
2018 289 10 16 1200  -23.9  730.5   23.0   90.0   82.0  444.0
2018 289 10 16 1500  -21.6  732.3   18.3   34.0   84.0  444.0
2018 289 10 16 1800  -21.0  737.4   14.5   33.0   84.0  444.0
2018 289 10 16 2100  -19.9  740.6   12.8   58.0   85.0  444.0
2018 290 10 17 0000  -20.0  741.4   16.2   66.0   85.0  444.0
2018 290 10 17 0300  -19.2  740.0   19.9   65.0   86.0  444.0
2018 290 10 17 0600  -18.8  740.4   18.6   75.0   87.0  444.0
2018 290 10 17 0900  -19.6  737.6   14.4   80.0   86.0  444.0
2018 290 10 17 1200  -18.8  735.1   17.1  103.0   87.0  444.0
2018 290 10 17 1500  -18.1  732.3   16.9  106.0   87.0  444.0
2018 290 10 17 1800  -17.8  730.7   15.8   76.0   87.0  444.0
2018 290 10 17 2100  -22.0  731.6   21.7   45.0   83.5  444.0
2018 291 10 18 0000  -21.7  735.1   17.7   48.0   83.9  444.0
2018 291 10 18 0300  -22.2  736.1   16.5   55.0   84.0  444.0
2018 291 10 18 0600  -26.2  738.8   14.3   35.0   80.0  444.0
2018 291 10 18 0900  -28.5  740.5   13.8   40.0   77.6  444.0
2018 291 10 18 1200  -27.7  743.2    6.8   51.0   78.0  444.0
2018 291 10 18 1500  -23.3  743.6    9.7   79.0   82.0  444.0
2018 291 10 18 1800  -20.8  742.5   10.1   92.0   84.6  444.0
2018 291 10 18 2100  -17.6  741.5    8.8   73.0   87.0  444.0
2018 292 10 19 0000  -18.9  740.0    9.1   81.0   86.4  444.0
2018 292 10 19 0300  -20.9  739.2    0.9  131.0   85.0  444.0
2018 292 10 19 0600  -21.7  738.1    1.6  204.0   84.0  444.0
2018 292 10 19 0900  -25.8  737.3    1.7  303.0   80.0  444.0
2018 292 10 19 1200  -25.2  737.3    2.1  322.0   80.6  444.0
2018 292 10 19 1500  -23.9  738.1    2.3  331.0   82.0  444.0
2018 292 10 19 1800  -23.4  739.6  444.0  444.0   81.4  444.0
2018 292 10 19 2100  -21.3  741.0  444.0  444.0   83.0  444.0
2018 293 10 20 0000  -21.4  742.8  444.0  444.0   84.0  444.0
2018 293 10 20 0300  -22.8  743.6  444.0  444.0   83.0  444.0
2018 293 10 20 0600  -28.1  744.4    5.9   43.0   78.0  444.0
2018 293 10 20 0900  -29.2  744.7    6.9   18.0   76.9  444.0
2018 293 10 20 1200  -28.8  745.0    1.4   39.0   83.0  444.0
2018 293 10 20 1500  -32.0  744.9    4.9   46.0   75.0  444.0
2018 293 10 20 1800  -28.2  745.1    3.2  285.0   77.0  444.0
2018 293 10 20 2100  -24.9  746.2    0.9  270.0   81.6  444.0
2018 294 10 21 0000  -26.4  746.2    3.5   46.0   81.3  444.0
2018 294 10 21 0300  -23.5  746.5    0.8  208.0   83.0  444.0
2018 294 10 21 0600  -23.9  746.8    0.7  280.0   82.0  444.0
2018 294 10 21 0900  -26.0  747.0    2.4   35.0   80.0  444.0
2018 294 10 21 1200  -35.5  746.2    4.3   52.0   71.0  444.0
2018 294 10 21 1500  -35.8  745.9    3.5   36.0   71.0  444.0
2018 294 10 21 1800  -33.6  745.2    3.8   47.0   73.0  444.0
2018 294 10 21 2100  -27.5  744.2    4.7   32.0   78.2  444.0
2018 295 10 22 0000  -26.0  744.3    5.0  346.0   79.0  444.0
2018 295 10 22 0300  -25.4  743.4    3.2   46.0   80.6  444.0
2018 295 10 22 0600  -34.0  743.4    4.9   33.0   72.0  444.0
2018 295 10 22 0900  -29.8  743.6    1.8    6.0   75.0  444.0
2018 295 10 22 1200  -30.9  743.5    3.4   57.0   74.2  444.0
2018 295 10 22 1500  -31.1  743.0    4.8   55.0   74.9  444.0
2018 295 10 22 1800  -22.0  743.6    0.6  206.0   84.0  444.0
2018 295 10 22 2100  -25.7  744.4  444.0  444.0   81.0  444.0
2018 296 10 23 0000  -26.5  744.5  444.0  444.0   80.2  444.0
2018 296 10 23 0300  -28.2  744.0  444.0  444.0   78.0  444.0
2018 296 10 23 0600  -30.4  744.3  444.0  444.0   76.0  444.0
2018 296 10 23 0900  -30.8  743.6  444.0  444.0   74.0  444.0
2018 296 10 23 1200  -31.9  743.0  444.0  444.0   74.0  444.0
2018 296 10 23 1500  -29.8  741.7    6.0   63.0   76.0  444.0
2018 296 10 23 1800  -25.6  740.7    9.8   90.0   78.4  444.0
2018 296 10 23 2100  -26.5  738.5    9.1   93.0   77.0  444.0
2018 297 10 24 0000  -27.9  736.2   10.1  100.0   78.0  444.0
2018 297 10 24 0300  -27.8  734.2   12.3  107.0   77.0  444.0
2018 297 10 24 0600  -26.3  732.9   12.3  105.0   79.1  444.0
2018 297 10 24 0900  -25.8  732.5   11.1  104.0   79.0  444.0
2018 297 10 24 1200  -19.3  731.9   15.8  101.0   86.0  444.0
2018 297 10 24 1500  -18.0  731.7   15.3  102.0   87.0  444.0
2018 297 10 24 1800  -16.2  732.6   15.4  100.0   88.1  444.0
2018 297 10 24 2100  -14.8  732.0   15.4   97.0   89.1  444.0
2018 298 10 25 0000  -14.5  732.0   13.8  109.0   90.0  444.0
2018 298 10 25 0300  -14.7  730.4   16.2  115.0   90.0  444.0
2018 298 10 25 0600  -17.1  729.6   13.3   75.0   88.0  444.0
2018 298 10 25 0900  -22.8  731.6    6.4   53.0   82.8  444.0
2018 298 10 25 1200  -30.5  732.9    6.8   61.0   75.0  444.0
2018 298 10 25 1500  -30.6  735.2    7.5   90.0   74.8  444.0
2018 298 10 25 1800  -26.8  737.1   11.7   83.0   79.0  444.0
2018 298 10 25 2100  -23.1  737.9   18.3   80.0   82.3  444.0
2018 299 10 26 0000  -22.5  740.8   14.8   86.0   82.0  444.0
2018 299 10 26 0300  -23.7  742.6    7.8  107.0   82.2  444.0
2018 299 10 26 0600  -26.6  739.8    8.1  132.0   80.0  444.0
2018 299 10 26 0900  -25.1  735.9   10.5  144.0   81.0  444.0
2018 299 10 26 1200  -22.7  732.9   12.0  127.0   83.2  444.0
2018 299 10 26 1500  -16.0  732.7   16.9  100.0   89.0  444.0
2018 299 10 26 1800  -16.7  733.6   13.7  101.0   88.2  444.0
2018 299 10 26 2100  -16.8  733.4   12.3  123.0   88.0  444.0
2018 300 10 27 0000  -16.0  733.6   10.8  101.0   89.0  444.0
2018 300 10 27 0300  -15.8  734.3   14.6   89.0   89.0  444.0
2018 300 10 27 0600  -16.0  736.7   16.4   83.0   89.0  444.0
2018 300 10 27 0900  -16.9  739.0   11.5   85.0   88.0  444.0
2018 300 10 27 1200  -19.2  740.3    4.3  167.0   86.0  444.0
2018 300 10 27 1500  -14.9  740.6   12.7   96.0   90.0  444.0
2018 300 10 27 1800  -14.4  741.9   11.7  118.0   90.0  444.0
2018 300 10 27 2100  -16.5  741.8   15.9  119.0   89.0  444.0
2018 301 10 28 0000  -16.6  741.9   16.6  123.0   88.0  444.0
2018 301 10 28 0300  -17.0  743.3   13.1  115.0   88.0  444.0
2018 301 10 28 0600  -19.2  743.5   10.7  118.0   86.0  444.0
2018 301 10 28 0900  -18.4  743.6    8.6  135.0   87.0  444.0
2018 301 10 28 1200  -18.5  743.7   10.8  118.0   87.0  444.0
2018 301 10 28 1500  -18.6  744.2    6.4  114.0   86.0  444.0
2018 301 10 28 1800  -18.8  744.1    9.9  117.0   85.0  444.0
2018 301 10 28 2100  -18.7  743.8    8.8  122.0   85.0  444.0
2018 302 10 29 0000  -18.4  744.4    8.1  110.0   85.5  444.0
2018 302 10 29 0300  -18.6  743.7    9.1  124.0   86.0  444.0
2018 302 10 29 0600  -19.7  743.6    6.3  126.0   86.0  444.0
2018 302 10 29 0900  -21.6  743.6    3.7  163.0   84.0  444.0
2018 302 10 29 1200  -20.6  743.0    5.0  141.0   85.0  444.0
2018 302 10 29 1500  -19.9  742.8    1.7  168.0   86.0  444.0
2018 302 10 29 1800  -20.1  742.7    4.1  129.0   85.0  444.0
2018 302 10 29 2100  -19.2  742.5    4.8  157.0   85.9  444.0
2018 303 10 30 0000  -17.7  742.4    5.7  159.0   87.0  444.0
2018 303 10 30 0300  -21.4  742.4  444.0  444.0   84.5  444.0
2018 303 10 30 0600  -20.9  742.4  444.0  444.0   85.0  444.0
2018 303 10 30 0900  -24.0  742.8  444.0  444.0   82.6  444.0
2018 303 10 30 1200  -24.4  743.0  444.0  444.0   82.0  444.0
2018 303 10 30 1500  -20.3  743.0  444.0  444.0   85.4  444.0
2018 303 10 30 1800  -15.9  743.0  444.0  444.0   88.5  444.0
2018 303 10 30 2100  -17.6  743.1  444.0  444.0   87.0  444.0
2018 304 10 31 0000  -18.9  743.1  444.0  444.0   86.2  444.0
2018 304 10 31 0300  -19.8  742.7  444.0  444.0   85.0  444.0
2018 304 10 31 0600  -23.1  742.8  444.0  444.0   83.0  444.0
2018 304 10 31 0900  -24.2  743.0  444.0  444.0   81.0  444.0
2018 304 10 31 1200  -25.4  743.5  444.0  444.0   80.8  444.0
2018 304 10 31 1500  -22.6  743.8  444.0  444.0   82.0  444.0
2018 304 10 31 1800  -21.1  744.5  444.0  444.0   83.0  444.0
2018 304 10 31 2100  -17.1  744.8  444.0  444.0   86.0  444.0
