Year: 2018  Month: 01  ID: KMS  ARGOS: 21364  Name: Kominko-Slade       
Lat: 79.47S  Lon: 112.11W  Elev: 1801m
2018   1  1  1 0000  -17.3  784.3    7.6   25.0   69.0  444.0
2018   1  1  1 0300  -18.1  784.5    5.6   19.0   71.0  444.0
2018   1  1  1 0600  -18.7  784.8    5.5   25.0   76.0  444.0
2018   1  1  1 0900  -18.3  785.5    6.3    9.0   77.0  444.0
2018   1  1  1 1200  -19.3  786.4    5.6   16.0   74.0  444.0
2018   1  1  1 1500  -18.1  787.1    6.6    5.0   73.0  444.0
2018   1  1  1 1800  -17.3  788.1    7.8    6.0   71.0  444.0
2018   1  1  1 2100  -15.8  789.2    8.3    6.0   70.9  444.0
2018   2  1  2 0000  -16.6  790.3    7.7   16.0   71.0  444.0
2018   2  1  2 0300  -17.7  790.8    6.5   22.0   74.0  444.0
2018   2  1  2 0600  -17.7  791.5    7.6   20.0   75.4  444.0
2018   2  1  2 0900  -18.4  792.3    5.7   26.0   76.0  444.0
2018   2  1  2 1200  -18.7  792.7    5.7   31.0   74.0  444.0
2018   2  1  2 1500  -19.1  792.8    6.1   48.0   71.0  444.0
2018   2  1  2 1800  -17.8  792.8    6.1   42.0   71.0  444.0
2018   2  1  2 2100  -16.4  792.8    5.9   58.0   68.0  444.0
2018   3  1  3 0000  -16.3  792.4    5.6   48.0   72.8  444.0
2018   3  1  3 0300  -17.6  791.9    3.7   73.0   72.0  444.0
2018   3  1  3 0600  -20.3  791.4    3.8   73.0   72.0  444.0
2018   3  1  3 0900  -21.1  790.7    3.3   73.0   71.0  444.0
2018   3  1  3 1200  -19.2  789.8    3.8   70.0   72.0  444.0
2018   3  1  3 1500  -18.2  788.8    4.1   68.0   68.2  444.0
2018   3  1  3 1800  -15.8  787.6    4.5   69.0   65.0  444.0
2018   3  1  3 2100  -14.1  786.8    4.7   80.0   64.0  444.0
2018   4  1  4 0000  444.0  444.0  444.0  444.0  444.0  444.0
2018   4  1  4 0300  444.0  444.0  444.0  444.0  444.0  444.0
2018   4  1  4 0600  444.0  444.0  444.0  444.0  444.0  444.0
2018   4  1  4 0900  444.0  444.0  444.0  444.0  444.0  444.0
2018   4  1  4 1200  444.0  444.0  444.0  444.0  444.0  444.0
2018   4  1  4 1500  444.0  444.0  444.0  444.0  444.0  444.0
2018   4  1  4 1800  444.0  444.0  444.0  444.0  444.0  444.0
2018   4  1  4 2100  444.0  444.0  444.0  444.0  444.0  444.0
2018   5  1  5 0000  444.0  787.7    0.7   62.0   58.0  444.0
2018   5  1  5 0300  444.0  788.2    0.2   75.0   61.0  444.0
2018   5  1  5 0600  -16.0  789.0    1.0  100.0   75.2  444.0
2018   5  1  5 0900  -19.9  789.6    2.4   89.0   73.0  444.0
2018   5  1  5 1200  -20.9  790.0    2.2   80.0   67.0  444.0
2018   5  1  5 1500  -17.7  790.3    1.6   77.0   63.6  444.0
2018   5  1  5 1800  -14.1  790.4    2.1   57.0   64.0  444.0
2018   5  1  5 2100  -12.3  790.5    2.4   59.0   60.0  444.0
2018   6  1  6 0000  -12.2  790.3    3.6   86.0   68.0  444.0
2018   6  1  6 0300  -14.5  789.6    3.6   84.0   72.0  444.0
2018   6  1  6 0600  -18.6  788.8    3.0   68.0   72.0  444.0
2018   6  1  6 0900  -20.2  788.3    5.6   53.0   69.8  444.0
2018   6  1  6 1200  -19.9  787.5    5.3   48.0   69.0  444.0
2018   6  1  6 1500  -17.9  786.8    5.4   22.0   75.0  444.0
2018   6  1  6 1800  -14.2  786.4    5.7   15.0   73.0  444.0
2018   6  1  6 2100  -12.0  786.4    5.2  358.0   71.4  444.0
2018   7  1  7 0000  -11.4  786.4    6.1   13.0   76.0  444.0
2018   7  1  7 0300  -11.6  786.9    5.2  346.0   82.0  444.0
2018   7  1  7 0600  -11.7  787.4    4.8  348.0   84.0  444.0
2018   7  1  7 0900  -11.9  788.5    2.8  356.0   84.0  444.0
2018   7  1  7 1200  -11.8  789.3    2.7  327.0   82.0  444.0
2018   7  1  7 1500  -12.7  790.3    2.6  308.0   82.0  444.0
2018   7  1  7 1800  -12.0  791.7    2.7  296.0   80.0  444.0
2018   7  1  7 2100   -9.8  792.8    1.3  307.0   75.0  444.0
2018   8  1  8 0000   -9.6  793.9    1.9   76.0   76.0  444.0
2018   8  1  8 0300   -9.8  794.9    1.9   89.0   75.0  444.0
2018   8  1  8 0600  444.0  795.7    1.7   93.0   74.4  444.0
2018   8  1  8 0900  -13.3  796.5    1.7   50.0   77.0  444.0
2018   8  1  8 1200  -12.7  797.2    0.6  341.0   75.0  444.0
2018   8  1  8 1500  -13.0  797.4    2.1  346.0   74.0  444.0
2018   8  1  8 1800  -12.6  797.5    3.0  356.0   74.0  444.0
2018   8  1  8 2100  -12.6  797.7    3.3  349.0   73.0  444.0
2018   9  1  9 0000  -12.0  797.6    2.2  312.0   79.0  444.0
2018   9  1  9 0300  -11.4  797.0    0.3  319.0   79.0  444.0
2018   9  1  9 0600  -12.6  796.6    1.2  203.0   82.0  444.0
2018   9  1  9 0900  -13.2  795.8    0.8  222.0   83.0  444.0
2018   9  1  9 1200  -14.6  795.0    2.0  196.0   83.0  444.0
2018   9  1  9 1500  -14.8  793.8    1.4  263.0   79.0  444.0
2018   9  1  9 1800  -14.6  792.6    1.4  202.0   77.0  444.0
2018   9  1  9 2100  -15.5  791.2    1.9  208.0   75.6  444.0
2018  10  1 10 0000  -15.7  790.0    3.8  196.0   78.9  444.0
2018  10  1 10 0300  -16.6  788.6    3.8  193.0   81.0  444.0
2018  10  1 10 0600  -18.2  787.5    4.1  178.0   79.0  444.0
2018  10  1 10 0900  -17.2  786.7    3.8  185.0   80.0  444.0
2018  10  1 10 1200  -16.6  785.6    3.6  175.0   78.8  444.0
2018  10  1 10 1500  -16.0  784.9    3.0  168.0   76.0  444.0
2018  10  1 10 1800  -17.5  784.2    3.5  180.0   73.0  444.0
2018  10  1 10 2100  -16.6  783.7    3.2  178.0   72.0  444.0
2018  11  1 11 0000  -16.6  783.6    2.0  161.0   72.8  444.0
2018  11  1 11 0300  -17.6  783.2    1.4  137.0   74.0  444.0
2018  11  1 11 0600  -21.3  783.2    2.1   78.0   75.0  444.0
2018  11  1 11 0900  -25.0  783.5    2.7   58.0   73.0  444.0
2018  11  1 11 1200  -18.8  783.8    5.9   35.0   79.0  444.0
2018  11  1 11 1500  -18.0  784.1    5.1   24.0   77.7  444.0
2018  11  1 11 1800  -17.9  784.5    5.1   31.0   76.0  444.0
2018  11  1 11 2100  -16.8  785.0    5.6  355.0   75.0  444.0
2018  12  1 12 0000  -16.3  785.5    4.2   11.0   73.6  444.0
2018  12  1 12 0300  -19.6  786.0    3.3   29.0   74.0  444.0
2018  12  1 12 0600  -22.2  786.5    3.0   30.0   75.0  444.0
2018  12  1 12 0900  -23.5  787.2    3.1   31.0   73.0  444.0
2018  12  1 12 1200  -22.4  787.8    3.7   27.0   72.0  444.0
2018  12  1 12 1500  -20.1  788.2    4.3   37.0   73.0  444.0
2018  12  1 12 1800  -17.3  789.1    5.0   28.0   72.0  444.0
2018  12  1 12 2100  -15.8  789.8    4.7   27.0   70.0  444.0
2018  13  1 13 0000  -15.9  790.5    4.0   19.0   75.2  444.0
2018  13  1 13 0300  -16.8  790.9    5.0   10.0   80.7  444.0
2018  13  1 13 0600  -16.8  791.4    4.2   15.0   81.0  444.0
2018  13  1 13 0900  -17.6  791.9    4.5  349.0   82.0  444.0
2018  13  1 13 1200  -17.5  792.1    3.8  353.0   79.0  444.0
2018  13  1 13 1500  -16.4  792.0    3.9   14.0   78.0  444.0
2018  13  1 13 1800  -15.7  791.9    4.1  336.0   77.0  444.0
2018  13  1 13 2100  -15.0  791.6    3.6  342.0   77.0  444.0
2018  14  1 14 0000  -14.6  790.9    1.9  312.0   75.0  444.0
2018  14  1 14 0300  -15.0  789.8    2.4  280.0   78.3  444.0
2018  14  1 14 0600  -17.4  788.8    1.3  356.0   81.0  444.0
2018  14  1 14 0900  -16.1  787.5    1.1  324.0   81.0  444.0
2018  14  1 14 1200  -14.3  786.3    1.2  264.0   82.1  444.0
2018  14  1 14 1500  -12.9  784.8    3.0  243.0   82.0  444.0
2018  14  1 14 1800  -12.8  783.6    4.2  233.0   79.6  444.0
2018  14  1 14 2100  -12.7  782.6    5.0  217.0   79.0  444.0
2018  15  1 15 0000  -12.6  781.5    5.4  204.0   78.0  444.0
2018  15  1 15 0300  -13.9  780.3    3.6  211.0   82.0  444.0
2018  15  1 15 0600  -15.4  779.0    2.7  234.0   82.0  444.0
2018  15  1 15 0900  -15.6  778.1    2.9  231.0   82.0  444.0
2018  15  1 15 1200  -17.2  777.4    2.4  259.0   79.0  444.0
2018  15  1 15 1500  -17.6  776.4    2.6  254.0   76.0  444.0
2018  15  1 15 1800  -14.7  775.7    1.8  292.0   76.0  444.0
2018  15  1 15 2100  444.0  775.8    0.1  295.0   68.7  444.0
2018  16  1 16 0000  -13.4  775.5    1.7   35.0   75.0  444.0
2018  16  1 16 0300  -16.7  775.1    2.6   16.0   79.0  444.0
2018  16  1 16 0600  -18.6  775.1    3.0   35.0   79.0  444.0
2018  16  1 16 0900  -18.4  775.6    3.2   30.0   79.0  444.0
2018  16  1 16 1200  -18.4  775.7    2.5   43.0   78.0  444.0
2018  16  1 16 1500  -19.7  776.0    2.4   60.0   73.0  444.0
2018  16  1 16 1800  -16.6  776.1    4.1   45.0   69.0  444.0
2018  16  1 16 2100  -15.2  776.6    5.7   38.0   67.0  444.0
2018  17  1 17 0000  -15.9  776.7    3.0   58.0   68.0  444.0
2018  17  1 17 0300  -19.5  776.4    3.1   71.0   70.7  444.0
2018  17  1 17 0600  -23.7  776.4    3.5   62.0   73.0  444.0
2018  17  1 17 0900  -19.0  776.5    4.4   49.0   77.0  444.0
2018  17  1 17 1200  -17.9  776.2    5.2   50.0   77.0  444.0
2018  17  1 17 1500  -18.0  776.1    6.2   53.0   75.0  444.0
2018  17  1 17 1800  -17.6  775.8    7.1   51.0   73.0  444.0
2018  17  1 17 2100  -17.2  775.8    7.2   57.0   73.0  444.0
2018  18  1 18 0000  -17.5  775.5    6.6   60.0   72.0  444.0
2018  18  1 18 0300  -17.8  775.1    4.8   57.0   73.0  444.0
2018  18  1 18 0600  -18.4  774.7    6.0   77.0   69.0  444.0
2018  18  1 18 0900  -18.9  774.3    5.6   68.0   70.6  444.0
2018  18  1 18 1200  -17.9  773.8    6.1   82.0   72.0  444.0
2018  18  1 18 1500  -17.2  773.2    8.8   64.0   71.0  444.0
2018  18  1 18 1800  -17.0  773.0    8.3   69.0   72.0  444.0
2018  18  1 18 2100  -15.1  772.8    9.1   65.0   71.9  444.0
2018  19  1 19 0000  -14.5  772.9    9.1   66.0   74.2  444.0
2018  19  1 19 0300  -14.8  772.8   10.5   61.0   78.0  444.0
2018  19  1 19 0600  -14.5  773.5   11.0   64.0   80.0  444.0
2018  19  1 19 0900  -14.1  773.5   11.2   73.0   81.0  444.0
2018  19  1 19 1200  -14.1  773.0   13.5   72.0   80.9  444.0
2018  19  1 19 1500  -13.5  772.7   16.2   60.0   81.0  444.0
2018  19  1 19 1800  -13.3  774.3   14.4   57.0   79.0  444.0
2018  19  1 19 2100  -12.8  775.8   13.2   56.0   80.0  444.0
2018  20  1 20 0000  -12.3  776.2   14.3   50.0   79.9  444.0
2018  20  1 20 0300  -13.1  777.2   10.9   57.0   79.8  444.0
2018  20  1 20 0600  -13.8  778.0   11.1   55.0   82.0  444.0
2018  20  1 20 0900  -15.5  778.9   10.0   61.0   78.0  444.0
2018  20  1 20 1200  -16.5  779.5    9.4   67.0   78.0  444.0
2018  20  1 20 1500  -15.5  780.1    9.0   60.0   75.7  444.0
2018  20  1 20 1800  -14.6  780.1   10.6   55.0   74.0  444.0
2018  20  1 20 2100  -14.4  780.7    8.1   62.0   72.0  444.0
2018  21  1 21 0000  -14.3  781.4    7.1   55.0   75.0  444.0
2018  21  1 21 0300  -15.3  781.5    6.1   65.0   75.6  444.0
2018  21  1 21 0600  -16.7  781.8    4.6   48.0   74.0  444.0
2018  21  1 21 0900  -20.5  782.3    3.6   56.0   72.0  444.0
2018  21  1 21 1200  -21.0  782.6    2.5   70.0   68.0  444.0
2018  21  1 21 1500  -19.6  782.8    1.9   70.0   63.0  444.0
2018  21  1 21 1800  -16.8  783.0    0.0    8.0   50.9  444.0
2018  21  1 21 2100  -16.0  783.1    1.6  106.0   57.0  444.0
2018  22  1 22 0000  -15.5  783.2    1.9  165.0   62.0  444.0
2018  22  1 22 0300  -17.1  783.3    2.8  190.0   70.0  444.0
2018  22  1 22 0600  -19.6  783.5    3.1  172.0   73.0  444.0
2018  22  1 22 0900  -22.3  783.9    1.5   86.0   70.0  444.0
2018  22  1 22 1200  -23.1  784.7    2.0   78.0   59.0  444.0
2018  22  1 22 1500  -21.4  785.0    2.5   48.0   60.0  444.0
2018  22  1 22 1800  -19.4  785.3    3.0   38.0   58.0  444.0
2018  22  1 22 2100  -17.5  785.4    2.3   39.0   58.0  444.0
2018  23  1 23 0000  -17.0  785.7    1.8   34.0   61.0  444.0
2018  23  1 23 0300  -18.2  785.1    1.8   51.0   68.0  444.0
2018  23  1 23 0600  -21.3  784.8    1.8   64.0   73.0  444.0
2018  23  1 23 0900  -24.7  784.6    2.0   65.0   72.0  444.0
2018  23  1 23 1200  -26.0  784.1    1.7   57.0   67.0  444.0
2018  23  1 23 1500  -23.1  783.5    1.6   95.0   64.0  444.0
2018  23  1 23 1800  -20.3  783.0    1.6  102.0   65.0  444.0
2018  23  1 23 2100  -18.3  782.6    2.3   72.0   66.0  444.0
2018  24  1 24 0000  -17.9  782.2    2.6   44.0   67.7  444.0
2018  24  1 24 0300  -19.5  781.7    2.6   53.0   72.0  444.0
2018  24  1 24 0600  -23.4  781.6    3.6   46.0   72.9  444.0
2018  24  1 24 0900  -24.8  781.5    4.7   46.0   71.0  444.0
2018  24  1 24 1200  -24.9  781.6    4.8   42.0   69.0  444.0
2018  24  1 24 1500  -23.3  781.7    5.3   34.0   68.0  444.0
2018  24  1 24 1800  -20.9  782.1    4.9   34.0   66.7  444.0
2018  24  1 24 2100  -19.1  782.4    4.6   32.0   65.0  444.0
2018  25  1 25 0000  -18.9  783.1    4.2   31.0   67.0  444.0
2018  25  1 25 0300  -20.8  783.3    2.7   31.0   71.0  444.0
2018  25  1 25 0600  -24.3  783.8    2.1   42.0   72.0  444.0
2018  25  1 25 0900  -24.0  784.2    3.1   24.0   78.6  444.0
2018  25  1 25 1200  -26.9  784.8    3.7   51.0   71.0  444.0
2018  25  1 25 1500  -25.3  785.0    2.4    9.0   70.0  444.0
2018  25  1 25 1800  -22.4  785.0    4.0   44.0   71.0  444.0
2018  25  1 25 2100  -22.5  785.0    5.2   41.0   70.5  444.0
2018  26  1 26 0000  -23.8  785.2    4.7   29.0   70.0  444.0
2018  26  1 26 0300  -23.4  784.9    2.9   25.0   72.0  444.0
2018  26  1 26 0600  -26.4  784.8    5.7   36.0   72.0  444.0
2018  26  1 26 0900  -21.8  784.7    1.9   59.0   76.0  444.0
2018  26  1 26 1200  -18.6  784.7    3.1   61.0   75.9  444.0
2018  26  1 26 1500  -20.0  784.6    6.1   76.0   74.0  444.0
2018  26  1 26 1800  -18.7  784.8    5.2   65.0   74.0  444.0
2018  26  1 26 2100  -17.6  784.9    4.1   68.0   73.0  444.0
2018  27  1 27 0000  -17.3  785.0    4.6   74.0   70.0  444.0
2018  27  1 27 0300  -19.4  785.2    3.1   76.0   70.0  444.0
2018  27  1 27 0600  -23.1  785.6    3.6   66.0   71.0  444.0
2018  27  1 27 0900  -24.4  785.8    6.1   65.0   71.0  444.0
2018  27  1 27 1200  -24.3  786.5    5.6   62.0   70.0  444.0
2018  27  1 27 1500  -20.5  786.7    7.2   57.0   74.0  444.0
2018  27  1 27 1800  -19.1  787.6    7.9   34.0   72.0  444.0
2018  27  1 27 2100  -18.6  788.4    5.7   31.0   69.4  444.0
2018  28  1 28 0000  -18.8  788.9    3.5   62.0   71.0  444.0
2018  28  1 28 0300  -19.5  788.8    2.2  104.0   73.0  444.0
2018  28  1 28 0600  -24.3  788.7    2.5   65.0   73.0  444.0
2018  28  1 28 0900  -26.6  788.5    3.6   47.0   72.0  444.0
2018  28  1 28 1200  -26.9  788.5    2.9   50.0   69.0  444.0
2018  28  1 28 1500  -24.6  788.2    3.0   48.0   68.0  444.0
2018  28  1 28 1800  -20.8  787.7    3.7   46.0   69.0  444.0
2018  28  1 28 2100  -18.8  787.0    5.4   60.0   68.0  444.0
2018  29  1 29 0000  -18.7  786.6    3.1   51.0   70.0  444.0
2018  29  1 29 0300  -21.2  785.7    2.6   41.0   72.0  444.0
2018  29  1 29 0600  -24.6  785.2    4.0   25.0   74.0  444.0
2018  29  1 29 0900  -26.6  784.7    3.6   22.0   73.0  444.0
2018  29  1 29 1200  -26.7  784.5    3.6   31.0   71.0  444.0
2018  29  1 29 1500  -24.4  783.8    3.1   40.0   70.0  444.0
2018  29  1 29 1800  -21.9  783.2    3.9   34.0   69.0  444.0
2018  29  1 29 2100  -19.5  782.9    5.2   35.0   66.0  444.0
2018  30  1 30 0000  -19.6  782.5    6.4   32.0   66.0  444.0
2018  30  1 30 0300  -21.4  782.2    5.9   38.0   70.8  444.0
2018  30  1 30 0600  -24.2  782.4    4.7   36.0   72.0  444.0
2018  30  1 30 0900  -26.2  782.5    5.0   41.0   70.0  444.0
2018  30  1 30 1200  -26.5  783.1    4.8   37.0   67.0  444.0
2018  30  1 30 1500  -24.4  783.3    4.9   34.0   65.0  444.0
2018  30  1 30 1800  -21.5  783.9    5.4   37.0   64.0  444.0
2018  30  1 30 2100  -19.7  784.5    5.3   36.0   63.1  444.0
2018  31  1 31 0000  -19.5  785.2    5.1   37.0   67.0  444.0
2018  31  1 31 0300  -20.9  785.5    4.1   44.0   73.0  444.0
2018  31  1 31 0600  -19.0  785.9    4.3   49.0   78.0  444.0
2018  31  1 31 0900  -18.0  786.2    6.1   35.0   81.0  444.0
2018  31  1 31 1200  -17.9  786.7    6.8   30.0   81.0  444.0
2018  31  1 31 1500  -17.9  787.0    8.7   33.0   79.0  444.0
2018  31  1 31 1800  -17.6  787.2   10.2   39.0   77.0  444.0
2018  31  1 31 2100  -17.3  788.1    8.4   28.0   75.0  444.0
