Year: 2018  Month: 06  ID: KMS  ARGOS: 21364  Name: Kominko-Slade       
Lat: 79.47S  Lon: 112.11W  Elev: 1801m
2018 152  6  1 0000  -33.7  778.9    6.0  106.0   68.0  444.0
2018 152  6  1 0300  -33.5  778.3    6.4  135.0   67.9  444.0
2018 152  6  1 0600  -37.9  777.5    6.4  123.0   65.0  444.0
2018 152  6  1 0900  -40.8  777.4    6.1   87.0   64.0  444.0
2018 152  6  1 1200  -40.3  777.9    8.1   73.0   64.0  444.0
2018 152  6  1 1500  -43.3  778.1    6.0   75.0   63.0  444.0
2018 152  6  1 1800  -44.3  777.8    6.1   74.0   62.4  444.0
2018 152  6  1 2100  -42.6  776.6    6.7   78.0   63.0  444.0
2018 153  6  2 0000  -42.6  774.8    7.1   88.0   63.0  444.0
2018 153  6  2 0300  -37.2  772.6   10.5   61.0   66.0  444.0
2018 153  6  2 0600  -34.2  771.3    8.4   70.0   68.0  444.0
2018 153  6  2 0900  -32.9  768.2   12.4   62.0   69.0  444.0
2018 153  6  2 1200  -32.3  765.5   10.7   65.0   69.0  444.0
2018 153  6  2 1500  -32.9  762.0   10.5   57.0   69.0  444.0
2018 153  6  2 1800  -36.2  760.2    7.8   56.0   67.0  444.0
2018 153  6  2 2100  -36.8  758.3    5.7   56.0   67.0  444.0
2018 154  6  3 0000  -38.2  756.4    3.3   73.0   66.0  444.0
2018 154  6  3 0300  -35.9  754.9    3.1   75.0   67.0  444.0
2018 154  6  3 0600  -37.3  754.5  444.0  444.0   66.0  444.0
2018 154  6  3 0900  -39.1  755.2  444.0  444.0   65.1  444.0
2018 154  6  3 1200  -45.4  757.6  444.0  444.0   62.0  444.0
2018 154  6  3 1500  -50.0  760.5  444.0  444.0   60.0  444.0
2018 154  6  3 1800  -47.8  763.6  444.0  444.0   61.0  444.0
2018 154  6  3 2100  -48.1  766.9  444.0  444.0   60.0  444.0
2018 155  6  4 0000  -51.6  769.8  444.0  444.0   59.0  444.0
2018 155  6  4 0300  -49.7  772.1  444.0  444.0   60.0  444.0
2018 155  6  4 0600  -51.1  773.6  444.0  444.0   59.0  444.0
2018 155  6  4 0900  -51.3  774.4  444.0  444.0   59.0  444.0
2018 155  6  4 1200  -52.3  775.0  444.0  444.0   58.0  444.0
2018 155  6  4 1500  -52.5  774.7  444.0  444.0   58.0  444.0
2018 155  6  4 1800  -54.6  774.3  444.0  444.0   57.0  444.0
2018 155  6  4 2100  -51.4  773.7  444.0  444.0   59.0  444.0
2018 156  6  5 0000  -53.8  773.3  444.0  444.0   58.0  444.0
2018 156  6  5 0300  -54.4  772.5  444.0  444.0   58.0  444.0
2018 156  6  5 0600  -53.5  772.0  444.0  444.0   57.0  444.0
2018 156  6  5 0900  -53.5  771.4  444.0  444.0   58.0  444.0
2018 156  6  5 1200  -54.7  771.2  444.0  444.0   57.0  444.0
2018 156  6  5 1500  -54.0  770.3  444.0  444.0   57.0  444.0
2018 156  6  5 1800  -53.1  770.0  444.0  444.0   57.4  444.0
2018 156  6  5 2100  -53.7  769.6  444.0  444.0   57.0  444.0
2018 157  6  6 0000  -53.9  769.1  444.0  444.0   57.0  444.0
2018 157  6  6 0300  -53.1  768.7  444.0  444.0   57.5  444.0
2018 157  6  6 0600  -53.0  767.9  444.0  444.0   57.5  444.0
2018 157  6  6 0900  -53.6  766.8  444.0  444.0   57.0  444.0
2018 157  6  6 1200  -54.2  765.4  444.0  444.0   57.0  444.0
2018 157  6  6 1500  -53.6  763.9  444.0  444.0   57.0  444.0
2018 157  6  6 1800  -51.5  762.6  444.0  444.0   58.0  444.0
2018 157  6  6 2100  -45.3  762.1  444.0  444.0   61.0  444.0
2018 158  6  7 0000  -45.5  762.8  444.0  444.0   61.0  444.0
2018 158  6  7 0300  -50.3  762.8  444.0  444.0   59.0  444.0
2018 158  6  7 0600  -49.7  763.3  444.0  444.0   59.0  444.0
2018 158  6  7 0900  -50.5  763.9  444.0  444.0   59.0  444.0
2018 158  6  7 1200  -51.6  764.1  444.0  444.0   58.0  444.0
2018 158  6  7 1500  -52.9  764.2  444.0  444.0   58.0  444.0
2018 158  6  7 1800  -52.3  764.2    3.4   54.0   58.0  444.0
2018 158  6  7 2100  -50.1  764.2    4.3   40.0   59.0  444.0
2018 159  6  8 0000  -47.8  764.2    5.4   53.0   60.0  444.0
2018 159  6  8 0300  -43.5  763.4    7.8   60.0   62.2  444.0
2018 159  6  8 0600  -37.3  762.7   11.1   54.0   65.0  444.0
2018 159  6  8 0900  -35.5  761.2   11.3   70.0   66.0  444.0
2018 159  6  8 1200  -32.7  759.0   13.9   68.0   68.0  444.0
2018 159  6  8 1500  -28.5  758.0   13.4   67.0   71.0  444.0
2018 159  6  8 1800  -25.9  757.6   11.9   55.0   73.0  444.0
2018 159  6  8 2100  -24.2  757.8   12.1   55.0   75.0  444.0
2018 160  6  9 0000  -25.0  757.8   10.8   64.0   74.0  444.0
2018 160  6  9 0300  -26.2  756.9   11.5   73.0   73.0  444.0
2018 160  6  9 0600  -25.2  756.1   12.8   63.0   74.0  444.0
2018 160  6  9 0900  -25.9  757.1   14.1   53.0   74.0  444.0
2018 160  6  9 1200  -26.8  758.8   12.0   61.0   73.0  444.0
2018 160  6  9 1500  -28.3  760.0   12.7   64.0   72.2  444.0
2018 160  6  9 1800  -30.1  761.1   10.3   60.0   71.0  444.0
2018 160  6  9 2100  -31.6  762.0    8.6   56.0   70.0  444.0
2018 161  6 10 0000  -30.5  763.1    9.9   44.0   70.0  444.0
2018 161  6 10 0300  -32.8  764.0    9.9   47.0   69.0  444.0
2018 161  6 10 0600  -34.3  764.6   10.0   53.0   68.0  444.0
2018 161  6 10 0900  -35.9  765.0   10.1   47.0   67.0  444.0
2018 161  6 10 1200  -38.3  765.2    8.8   48.0   66.0  444.0
2018 161  6 10 1500  -38.1  765.2    8.7   47.0   66.0  444.0
2018 161  6 10 1800  -37.5  765.0    7.3   47.0   66.0  444.0
2018 161  6 10 2100  -38.6  764.2    6.6   62.0   66.0  444.0
2018 162  6 11 0000  -39.9  763.3    8.7   64.0   65.0  444.0
2018 162  6 11 0300  -36.6  761.6    8.7   74.0   67.0  444.0
2018 162  6 11 0600  -36.0  759.3    6.4   88.0   67.0  444.0
2018 162  6 11 0900  -34.9  756.6    4.9  112.0   68.0  444.0
2018 162  6 11 1200  -32.3  755.0    6.2  109.0   70.0  444.0
2018 162  6 11 1500  -31.2  755.3    6.0   93.0   70.0  444.0
2018 162  6 11 1800  -38.9  756.9    3.2   85.0   65.5  444.0
2018 162  6 11 2100  -41.5  757.6    6.0  134.0   63.5  444.0
2018 163  6 12 0000  -45.6  758.6  444.0  444.0   62.0  444.0
2018 163  6 12 0300  -48.1  760.3  444.0  444.0   61.0  444.0
2018 163  6 12 0600  -49.5  761.9  444.0  444.0   60.0  444.0
2018 163  6 12 0900  -48.2  763.7  444.0  444.0   60.7  444.0
2018 163  6 12 1200  -47.2  765.7  444.0  444.0   61.0  444.0
2018 163  6 12 1500  -46.4  768.0    2.7  289.0   61.4  444.0
2018 163  6 12 1800  -47.7  770.0    1.4  289.0   61.0  444.0
2018 163  6 12 2100  -47.4  772.1  444.0  444.0   60.8  444.0
2018 164  6 13 0000  -48.4  773.7  444.0  444.0   60.0  444.0
2018 164  6 13 0300  -45.8  774.8    5.8   19.0   62.0  444.0
2018 164  6 13 0600  -43.7  776.1    7.0   22.0   63.0  444.0
2018 164  6 13 0900  -43.2  777.3    8.9   11.0   63.0  444.0
2018 164  6 13 1200  -40.4  778.6    8.2   10.0   64.0  444.0
2018 164  6 13 1500  -34.8  780.3    8.2  358.0   66.0  444.0
2018 164  6 13 1800  -37.3  781.5    7.6   11.0   66.0  444.0
2018 164  6 13 2100  -38.2  782.0    7.2   22.0   66.0  444.0
2018 165  6 14 0000  -38.7  782.4    7.4   38.0   65.0  444.0
2018 165  6 14 0300  -37.8  781.9    6.6   45.0   65.8  444.0
2018 165  6 14 0600  -36.5  781.5    6.8   50.0   67.0  444.0
2018 165  6 14 0900  -38.4  781.4    6.6   49.0   65.0  444.0
2018 165  6 14 1200  -39.1  780.9    6.9   66.0   65.0  444.0
2018 165  6 14 1500  -39.6  780.2    5.8   61.0   64.9  444.0
2018 165  6 14 1800  -38.8  779.4    6.8   66.0   65.0  444.0
2018 165  6 14 2100  -38.7  778.7    7.0   70.0   66.0  444.0
2018 166  6 15 0000  -37.4  778.2    7.6   64.0   66.0  444.0
2018 166  6 15 0300  -34.9  777.5    9.4   68.0   68.0  444.0
2018 166  6 15 0600  -32.6  777.0   13.1   63.0   69.0  444.0
2018 166  6 15 0900  -30.9  776.8   13.6   61.0   70.0  444.0
2018 166  6 15 1200  -30.2  777.8   11.6   54.0   70.0  444.0
2018 166  6 15 1500  -28.6  778.4   11.9   59.0   72.0  444.0
2018 166  6 15 1800  -27.8  779.3   11.7   73.0   72.0  444.0
2018 166  6 15 2100  -31.0  780.2   12.8   79.0   70.0  444.0
2018 167  6 16 0000  -34.1  780.7    9.7   85.0   67.9  444.0
2018 167  6 16 0300  -36.6  780.4    8.1   81.0   67.0  444.0
2018 167  6 16 0600  -37.2  779.9    7.6   76.0   67.0  444.0
2018 167  6 16 0900  -36.2  779.9    6.3   81.0   67.0  444.0
2018 167  6 16 1200  -37.5  780.1    6.4   77.0   66.2  444.0
2018 167  6 16 1500  -34.7  780.3    8.7   78.0   68.0  444.0
2018 167  6 16 1800  -35.6  780.2    3.9   89.0   68.0  444.0
2018 167  6 16 2100  -30.8  780.1    3.6  104.0   71.0  444.0
2018 168  6 17 0000  -27.5  780.1    7.1  102.0   72.0  444.0
2018 168  6 17 0300  -27.7  780.1    7.3   93.0   72.3  444.0
2018 168  6 17 0600  -26.4  780.9    8.6   71.0   73.0  444.0
2018 168  6 17 0900  -26.5  782.5    7.3   68.0   73.0  444.0
2018 168  6 17 1200  -26.5  783.7    7.6   68.0   73.0  444.0
2018 168  6 17 1500  -29.4  784.8    8.2   77.0   71.2  444.0
2018 168  6 17 1800  -27.5  785.2    9.0   68.0   73.0  444.0
2018 168  6 17 2100  -25.5  785.9   12.5   62.0   74.0  444.0
2018 169  6 18 0000  -23.8  786.8   13.5   56.0   75.0  444.0
2018 169  6 18 0300  -23.9  787.4   13.5   50.0   75.0  444.0
2018 169  6 18 0600  -24.5  788.4   12.9   57.0   75.0  444.0
2018 169  6 18 0900  -28.3  789.0   12.0   58.0   72.0  444.0
2018 169  6 18 1200  -28.9  789.4   11.9   62.0   72.0  444.0
2018 169  6 18 1500  -28.8  789.0   11.3   54.0   72.0  444.0
2018 169  6 18 1800  -28.7  789.1   10.8   58.0   72.1  444.0
2018 169  6 18 2100  -28.0  789.7    9.3   56.0   72.0  444.0
2018 170  6 19 0000  -32.3  789.6    9.1   57.0   69.5  444.0
2018 170  6 19 0300  -32.2  789.8    9.1   55.0   70.0  444.0
2018 170  6 19 0600  -35.1  789.9    7.2   59.0   68.0  444.0
2018 170  6 19 0900  -36.5  790.3    6.6   50.0   67.0  444.0
2018 170  6 19 1200  -34.5  790.8    6.3   45.0   68.0  444.0
2018 170  6 19 1500  -36.9  791.3  444.0  444.0   66.0  444.0
2018 170  6 19 1800  -34.0  791.7  444.0  444.0   69.0  444.0
2018 170  6 19 2100  -32.2  791.8  444.0  444.0   69.0  444.0
2018 171  6 20 0000  -31.4  791.4  444.0  444.0   70.0  444.0
2018 171  6 20 0300  -33.2  790.7  444.0  444.0   68.0  444.0
2018 171  6 20 0600  -38.9  790.0  444.0  444.0   65.0  444.0
2018 171  6 20 0900  -35.1  789.9    7.3   65.0   68.0  444.0
2018 171  6 20 1200  -32.4  790.6    7.8   57.0   69.1  444.0
2018 171  6 20 1500  -36.8  790.4    8.6   61.0   67.0  444.0
2018 171  6 20 1800  -38.0  790.0    7.9   58.0   66.0  444.0
2018 171  6 20 2100  -38.3  789.7    7.6   55.0   66.0  444.0
2018 172  6 21 0000  -39.2  789.6    6.8   54.0   65.0  444.0
2018 172  6 21 0300  -38.8  789.7    6.0   52.0   66.0  444.0
2018 172  6 21 0600  -40.2  789.6    6.4   46.0   64.8  444.0
2018 172  6 21 0900  -41.6  790.2    5.2   45.0   64.0  444.0
2018 172  6 21 1200  -39.3  790.5    6.6   49.0   65.0  444.0
2018 172  6 21 1500  -35.3  791.1    6.4   41.0   67.0  444.0
2018 172  6 21 1800  -33.6  791.6    6.1   42.0   68.0  444.0
2018 172  6 21 2100  -35.2  792.9    6.7   42.0   67.5  444.0
2018 173  6 22 0000  -33.4  793.7    5.7   47.0   69.0  444.0
2018 173  6 22 0300  -32.6  794.4    5.8   43.0   69.0  444.0
2018 173  6 22 0600  -32.2  794.7    6.2   26.0   69.0  444.0
2018 173  6 22 0900  -30.9  795.3    6.8   31.0   70.1  444.0
2018 173  6 22 1200  -29.8  795.7    7.0   39.0   71.0  444.0
2018 173  6 22 1500  -26.4  795.6    7.6   36.0   73.0  444.0
2018 173  6 22 1800  -25.9  795.9    5.0   17.0   74.0  444.0
2018 173  6 22 2100  -27.5  795.2    7.4   41.0   73.0  444.0
2018 174  6 23 0000  -29.9  794.9    6.6   35.0   71.0  444.0
2018 174  6 23 0300  -30.6  794.4    7.2   33.0   71.0  444.0
2018 174  6 23 0600  -31.1  793.2    8.0   35.0   70.0  444.0
2018 174  6 23 0900  -32.0  792.7    7.9   28.0   70.0  444.0
2018 174  6 23 1200  -33.7  792.0    7.2   32.0   69.0  444.0
2018 174  6 23 1500  -35.2  791.1    6.5   45.0   68.0  444.0
2018 174  6 23 1800  -36.0  790.3    5.0   62.0   67.0  444.0
2018 174  6 23 2100  -32.7  789.1    6.9   41.0   69.0  444.0
2018 175  6 24 0000  -32.3  788.5    6.2   54.0   69.0  444.0
2018 175  6 24 0300  -31.5  787.2    6.3   56.0   70.0  444.0
2018 175  6 24 0600  -30.7  785.7    5.7   60.0   70.0  444.0
2018 175  6 24 0900  -31.9  784.3    6.3   60.0   70.0  444.0
2018 175  6 24 1200  -27.2  782.3    8.4   54.0   73.0  444.0
2018 175  6 24 1500  -27.6  780.7    8.5   65.0   72.0  444.0
2018 175  6 24 1800  -25.4  779.1    8.2   58.0   74.0  444.0
2018 175  6 24 2100  -24.5  777.8   11.1   44.0   75.0  444.0
2018 176  6 25 0000  -25.5  778.0    8.5   41.0   74.0  444.0
2018 176  6 25 0300  -25.7  778.7    7.5   13.0   74.0  444.0
2018 176  6 25 0600  -26.7  780.6    9.0  346.0   73.3  444.0
2018 176  6 25 0900  -29.6  782.8    8.2  345.0   72.0  444.0
2018 176  6 25 1200  -33.1  786.1    6.8    2.0   69.0  444.0
2018 176  6 25 1500  -30.1  787.9    7.9  355.0   71.2  444.0
2018 176  6 25 1800  -32.4  789.2    7.2  360.0   69.0  444.0
2018 176  6 25 2100  -34.0  791.1    6.6  342.0   69.0  444.0
2018 177  6 26 0000  -34.4  792.4    5.8  331.0   68.0  444.0
2018 177  6 26 0300  -34.3  793.5    4.7  327.0   68.0  444.0
2018 177  6 26 0600  -35.1  794.3    4.8  327.0   68.0  444.0
2018 177  6 26 0900  -31.6  794.6    5.2  316.0   70.0  444.0
2018 177  6 26 1200  -33.7  794.5  444.0  444.0   69.0  444.0
2018 177  6 26 1500  -34.9  793.8  444.0  444.0   68.0  444.0
2018 177  6 26 1800  -37.7  793.5  444.0  444.0   66.0  444.0
2018 177  6 26 2100  -38.4  793.2  444.0  444.0   66.0  444.0
2018 178  6 27 0000  -38.8  792.6  444.0  444.0   65.0  444.0
2018 178  6 27 0300  -38.5  792.3  444.0  444.0   66.0  444.0
2018 178  6 27 0600  -37.7  791.3  444.0  444.0   66.0  444.0
2018 178  6 27 0900  -37.7  790.8  444.0  444.0   66.0  444.0
2018 178  6 27 1200  -35.7  790.3  444.0  444.0   67.0  444.0
2018 178  6 27 1500  -34.3  789.9    5.3  272.0   68.0  444.0
2018 178  6 27 1800  -33.8  789.5    4.5  271.0   68.3  444.0
2018 178  6 27 2100  -34.3  788.9    4.1  276.0   68.0  444.0
2018 179  6 28 0000  -35.0  788.2    3.9  292.0   67.4  444.0
2018 179  6 28 0300  -36.4  787.1    3.8  296.0   67.0  444.0
2018 179  6 28 0600  -38.1  786.2  444.0  444.0   66.0  444.0
2018 179  6 28 0900  -41.3  785.4  444.0  444.0   64.0  444.0
2018 179  6 28 1200  -41.4  784.5  444.0  444.0   64.1  444.0
2018 179  6 28 1500  -42.8  784.1  444.0  444.0   63.0  444.0
2018 179  6 28 1800  -39.5  783.3  444.0  444.0   65.0  444.0
2018 179  6 28 2100  -39.2  783.0  444.0  444.0   65.0  444.0
2018 180  6 29 0000  -44.0  783.0  444.0  444.0   62.6  444.0
2018 180  6 29 0300  -43.7  782.8  444.0  444.0   63.0  444.0
2018 180  6 29 0600  -41.8  782.9  444.0  444.0   64.0  444.0
2018 180  6 29 0900  -43.0  783.1  444.0  444.0   63.0  444.0
2018 180  6 29 1200  -39.9  783.1  444.0  444.0   65.0  444.0
2018 180  6 29 1500  -36.0  783.3  444.0  444.0   66.8  444.0
2018 180  6 29 1800  -33.4  783.5  444.0  444.0   68.4  444.0
2018 180  6 29 2100  -32.5  784.1  444.0  444.0   69.0  444.0
2018 181  6 30 0000  -30.9  784.5  444.0  444.0   70.0  444.0
2018 181  6 30 0300  -35.8  785.0  444.0  444.0   67.0  444.0
2018 181  6 30 0600  -39.1  785.2  444.0  444.0   65.0  444.0
2018 181  6 30 0900  -39.1  785.7  444.0  444.0   65.0  444.0
2018 181  6 30 1200  -40.8  785.7  444.0  444.0   64.0  444.0
2018 181  6 30 1500  -38.8  785.5  444.0  444.0   65.0  444.0
2018 181  6 30 1800  -40.9  785.2  444.0  444.0   64.0  444.0
2018 181  6 30 2100  -42.6  784.8  444.0  444.0   63.0  444.0
