Year: 2018  Month: 10  ID: KMS  ARGOS: 21364  Name: Kominko-Slade       
Lat: 79.47S  Lon: 112.11W  Elev: 1801m
2018 274 10  1 0000  -29.6  775.2  444.0  444.0   71.0  444.0
2018 274 10  1 0300  -32.0  776.3  444.0  444.0   70.0  444.0
2018 274 10  1 0600  -33.6  777.1  444.0  444.0   68.8  444.0
2018 274 10  1 0900  -39.3  778.3  444.0  444.0   66.0  444.0
2018 274 10  1 1200  -40.2  778.9  444.0  444.0   65.0  444.0
2018 274 10  1 1500  -40.3  779.5  444.0  444.0   65.0  444.0
2018 274 10  1 1800  -37.4  780.0  444.0  444.0   66.0  444.0
2018 274 10  1 2100  -36.0  780.8  444.0  444.0   67.0  444.0
2018 275 10  2 0000  -34.5  780.6  444.0  444.0   68.2  444.0
2018 275 10  2 0300  -32.5  780.9  444.0  444.0   69.0  444.0
2018 275 10  2 0600  -33.9  780.9  444.0  444.0   69.0  444.0
2018 275 10  2 0900  -35.8  780.7  444.0  444.0   67.0  444.0
2018 275 10  2 1200  -30.9  780.0  444.0  444.0   71.0  444.0
2018 275 10  2 1500  -27.9  779.1  444.0  444.0   73.0  444.0
2018 275 10  2 1800  -28.2  778.1  444.0  444.0   72.0  444.0
2018 275 10  2 2100  -27.8  777.7  444.0  444.0   72.0  444.0
2018 276 10  3 0000  -26.7  776.4  444.0  444.0   73.0  444.0
2018 276 10  3 0300  -25.3  775.1  444.0  444.0   74.0  444.0
2018 276 10  3 0600  -24.0  773.8  444.0  444.0   75.0  444.0
2018 276 10  3 0900  -23.7  772.9  444.0  444.0   76.0  444.0
2018 276 10  3 1200  -23.6  772.3   14.5   29.0   76.0  444.0
2018 276 10  3 1500  -24.0  773.6   12.6   17.0   75.3  444.0
2018 276 10  3 1800  -26.7  774.9    9.3   21.0   73.0  444.0
2018 276 10  3 2100  -26.3  775.5    8.4   35.0   73.0  444.0
2018 277 10  4 0000  -24.5  774.3   10.6   43.0   75.0  444.0
2018 277 10  4 0300  -22.9  772.8   13.0   51.0   76.4  444.0
2018 277 10  4 0600  -21.4  771.6   14.0   35.0   78.0  444.0
2018 277 10  4 0900  -21.1  771.5   12.8   28.0   78.0  444.0
2018 277 10  4 1200  -21.4  771.0   11.0   39.0   78.0  444.0
2018 277 10  4 1500  -21.9  770.4   13.1   44.0   77.0  444.0
2018 277 10  4 1800  -23.2  769.6   12.9   46.0   76.0  444.0
2018 277 10  4 2100  -23.4  768.8   11.0   44.0   76.0  444.0
2018 278 10  5 0000  -23.5  768.1   10.8   40.0   76.0  444.0
2018 278 10  5 0300  -25.0  768.1   10.4   40.0   75.0  444.0
2018 278 10  5 0600  -25.7  768.0    9.5   34.0   74.4  444.0
2018 278 10  5 0900  -26.5  768.4    8.4   44.0   74.0  444.0
2018 278 10  5 1200  -26.5  769.1    7.5   52.0   74.0  444.0
2018 278 10  5 1500  -26.4  769.3    8.0   59.0   74.0  444.0
2018 278 10  5 1800  -26.1  769.2    8.3   59.0   74.0  444.0
2018 278 10  5 2100  -26.2  769.2    8.6   56.0   74.0  444.0
2018 279 10  6 0000  -28.3  769.2    6.3   52.0   72.0  444.0
2018 279 10  6 0300  -27.9  769.3    7.5   46.0   73.0  444.0
2018 279 10  6 0600  -29.1  769.8    8.6   52.0   72.0  444.0
2018 279 10  6 0900  -30.5  770.3    8.1   54.0   71.0  444.0
2018 279 10  6 1200  -29.9  770.8    7.3   66.0   72.0  444.0
2018 279 10  6 1500  -27.7  770.5    9.0   67.0   73.0  444.0
2018 279 10  6 1800  -24.1  770.0   12.8   63.0   75.0  444.0
2018 279 10  6 2100  -23.6  770.2   13.9   67.0   75.0  444.0
2018 280 10  7 0000  -24.5  770.3   10.6   63.0   74.4  444.0
2018 280 10  7 0300  -25.1  769.8   13.7   59.0   74.0  444.0
2018 280 10  7 0600  -27.8  770.8   13.1   52.0   73.0  444.0
2018 280 10  7 0900  -26.5  772.7   12.7   52.0   73.7  444.0
2018 280 10  7 1200  -27.3  773.5   11.3   54.0   73.0  444.0
2018 280 10  7 1500  -27.7  774.2   11.1   49.0   72.4  444.0
2018 280 10  7 1800  -28.7  774.9   11.7   52.0   71.0  444.0
2018 280 10  7 2100  -27.1  775.9   10.7   57.0   72.0  444.0
2018 281 10  8 0000  -26.1  775.9   10.2   60.0   73.0  444.0
2018 281 10  8 0300  -26.1  775.4   13.6   61.0   74.0  444.0
2018 281 10  8 0600  -25.2  774.5   11.4   56.0   75.0  444.0
2018 281 10  8 0900  -25.9  774.0   11.8   51.0   74.0  444.0
2018 281 10  8 1200  -28.0  773.3   12.4   48.0   73.0  444.0
2018 281 10  8 1500  -27.5  773.0   14.1   46.0   73.0  444.0
2018 281 10  8 1800  -27.0  773.0   14.5   51.0   73.0  444.0
2018 281 10  8 2100  -27.3  773.0   14.5   55.0   73.0  444.0
2018 282 10  9 0000  -27.8  772.6   14.1   55.0   72.0  444.0
2018 282 10  9 0300  -29.6  771.9   15.5   59.0   71.0  444.0
2018 282 10  9 0600  -31.6  772.1   14.2   61.0   70.0  444.0
2018 282 10  9 0900  -31.7  771.7   14.0   67.0   70.0  444.0
2018 282 10  9 1200  -29.2  770.1   13.0   69.0   72.0  444.0
2018 282 10  9 1500  -25.6  767.2   17.9   69.0   74.0  444.0
2018 282 10  9 1800  -25.2  765.5   18.4   55.0   74.0  444.0
2018 282 10  9 2100  -24.1  765.9   18.0   46.0   75.0  444.0
2018 283 10 10 0000  -22.9  767.7   13.5   44.0   76.0  444.0
2018 283 10 10 0300  -21.3  770.3   14.2   46.0   78.0  444.0
2018 283 10 10 0600  -20.3  771.0   18.3   34.0   79.0  444.0
2018 283 10 10 0900  -20.7  772.3   20.1   42.0   78.0  444.0
2018 283 10 10 1200  -20.0  773.5   21.6   41.0   79.0  444.0
2018 283 10 10 1500  -19.2  774.8   22.1   48.0   80.0  444.0
2018 283 10 10 1800  -17.2  774.9   23.9   49.0   81.0  444.0
2018 283 10 10 2100  -16.5  775.1   23.8   45.0   82.0  444.0
2018 284 10 11 0000  -16.2  776.1   23.6   41.0   82.0  444.0
2018 284 10 11 0300  -16.4  777.9   21.7   39.0   82.0  444.0
2018 284 10 11 0600  -17.6  779.1   19.5   45.0   81.0  444.0
2018 284 10 11 0900  -19.7  780.3   18.8   47.0   79.0  444.0
2018 284 10 11 1200  -21.6  779.9   17.0   56.0   78.0  444.0
2018 284 10 11 1500  -21.2  778.8   17.2   63.0   78.0  444.0
2018 284 10 11 1800  -22.3  778.8   17.0   50.0   76.0  444.0
2018 284 10 11 2100  -22.3  778.9   15.5   48.0   76.3  444.0
2018 285 10 12 0000  -21.6  779.2   14.9   45.0   77.0  444.0
2018 285 10 12 0300  -21.3  778.9   15.6   44.0   78.0  444.0
2018 285 10 12 0600  -20.7  779.1   17.1   42.0   78.0  444.0
2018 285 10 12 0900  -20.7  778.5   17.9   44.0   79.0  444.0
2018 285 10 12 1200  -21.8  779.8   14.5   43.0   77.0  444.0
2018 285 10 12 1500  -21.5  780.4   14.4   37.0   77.0  444.0
2018 285 10 12 1800  -21.1  780.9   14.1   33.0   77.0  444.0
2018 285 10 12 2100  -20.6  781.6   13.9   37.0   78.0  444.0
2018 286 10 13 0000  -20.9  783.0    9.9   40.0   78.0  444.0
2018 286 10 13 0300  -22.0  782.7   10.5   47.0   77.0  444.0
2018 286 10 13 0600  -22.0  783.0    8.8   42.0   77.0  444.0
2018 286 10 13 0900  -21.8  783.4    8.4   46.0   78.0  444.0
2018 286 10 13 1200  -21.8  783.4    7.8   50.0   77.0  444.0
2018 286 10 13 1500  -21.5  783.1   10.4   47.0   78.0  444.0
2018 286 10 13 1800  -20.8  782.9   12.3   48.0   78.0  444.0
2018 286 10 13 2100  -20.1  782.6   11.5   50.0   78.0  444.0
2018 287 10 14 0000  -21.0  782.2   11.0   42.0   78.0  444.0
2018 287 10 14 0300  -21.3  781.9   10.6   27.0   78.0  444.0
2018 287 10 14 0600  -21.3  782.4   10.9   16.0   78.0  444.0
2018 287 10 14 0900  -21.7  783.4    9.6  349.0   77.0  444.0
2018 287 10 14 1200  -25.3  784.5    6.9  352.0   74.0  444.0
2018 287 10 14 1500  -28.7  785.7    5.1  342.0   72.0  444.0
2018 287 10 14 1800  -29.0  786.4  444.0  444.0   71.5  444.0
2018 287 10 14 2100  -27.6  787.1  444.0  444.0   72.0  444.0
2018 288 10 15 0000  -28.3  787.0  444.0  444.0   73.0  444.0
2018 288 10 15 0300  -31.7  786.3  444.0  444.0   70.0  444.0
2018 288 10 15 0600  -34.1  785.7  444.0  444.0   68.9  444.0
2018 288 10 15 0900  -38.0  785.4  444.0  444.0   67.0  444.0
2018 288 10 15 1200  -37.9  785.7  444.0  444.0   66.0  444.0
2018 288 10 15 1500  -37.2  785.9  444.0  444.0   66.0  444.0
2018 288 10 15 1800  -35.9  786.3    3.3  358.0   67.0  444.0
2018 288 10 15 2100  -34.1  786.0    4.6   29.0   67.7  444.0
2018 289 10 16 0000  -31.9  784.9    9.1   23.0   70.0  444.0
2018 289 10 16 0300  -27.4  783.2    9.6   33.0   73.0  444.0
2018 289 10 16 0600  -26.6  780.8   12.8   37.0   73.0  444.0
2018 289 10 16 0900  -24.6  777.1   15.0   44.0   74.8  444.0
2018 289 10 16 1200  -23.6  772.4   18.0   51.0   76.0  444.0
2018 289 10 16 1500  -22.6  770.2   18.6   43.0   76.0  444.0
2018 289 10 16 1800  -22.2  770.1   15.6   34.0   76.0  444.0
2018 289 10 16 2100  -20.5  774.1   10.1    1.0   77.0  444.0
2018 290 10 17 0000  -21.1  777.8    9.4   14.0   78.0  444.0
2018 290 10 17 0300  -19.2  778.4   11.4   29.0   80.0  444.0
2018 290 10 17 0600  -19.2  778.9   12.6   39.0   80.0  444.0
2018 290 10 17 0900  -18.2  777.8   15.1   40.0   81.0  444.0
2018 290 10 17 1200  -17.7  775.4   13.3   54.0   81.0  444.0
2018 290 10 17 1500  -18.9  771.8   17.2   56.0   79.9  444.0
2018 290 10 17 1800  -18.3  768.4   16.9   52.0   80.0  444.0
2018 290 10 17 2100  -14.8  767.8   16.9   14.0   82.0  444.0
2018 291 10 18 0000  -17.7  770.5   15.6    6.0   80.2  444.0
2018 291 10 18 0300  -18.9  774.4   12.3   10.0   80.0  444.0
2018 291 10 18 0600  -18.2  774.7   16.0   26.0   81.0  444.0
2018 291 10 18 0900  -18.8  776.1   12.7   11.0   80.0  444.0
2018 291 10 18 1200  -18.9  776.6   14.5    7.0   80.0  444.0
2018 291 10 18 1500  -19.3  778.6    9.3   13.0   79.0  444.0
2018 291 10 18 1800  -18.4  777.8    4.7   44.0   80.0  444.0
2018 291 10 18 2100  -15.3  776.4   10.8   21.0   82.0  444.0
2018 292 10 19 0000  -15.2  774.6   10.0   36.0   83.0  444.0
2018 292 10 19 0300  -17.0  772.4    9.1   51.0   82.0  444.0
2018 292 10 19 0600  -19.5  770.5    5.3   53.0   80.0  444.0
2018 292 10 19 0900  -23.0  768.0    1.9   54.0   77.0  444.0
2018 292 10 19 1200  -21.6  766.6    0.4   54.0   78.0  444.0
2018 292 10 19 1500  -25.3  766.2  444.0  444.0   75.0  444.0
2018 292 10 19 1800  -23.5  766.7  444.0  444.0   75.0  444.0
2018 292 10 19 2100  -22.6  768.6    4.0   58.0   75.0  444.0
2018 293 10 20 0000  -22.5  770.3    2.1   67.0   76.0  444.0
2018 293 10 20 0300  -23.3  772.1  444.0  444.0   76.0  444.0
2018 293 10 20 0600  -28.8  773.8  444.0  444.0   73.0  444.0
2018 293 10 20 0900  -29.1  775.3  444.0  444.0   72.2  444.0
2018 293 10 20 1200  -30.9  776.1  444.0  444.0   71.0  444.0
2018 293 10 20 1500  -30.1  775.8    3.2   67.0   71.0  444.0
2018 293 10 20 1800  -29.7  775.7    5.0   23.0   71.0  444.0
2018 293 10 20 2100  -27.0  775.4    6.4   23.0   73.0  444.0
2018 294 10 21 0000  -26.1  775.2    6.5   29.0   74.0  444.0
2018 294 10 21 0300  -26.0  775.2    5.5    8.0   74.0  444.0
2018 294 10 21 0600  -26.6  774.8    5.7    2.0   74.0  444.0
2018 294 10 21 0900  -27.1  775.1    1.2  343.0   73.3  444.0
2018 294 10 21 1200  -30.3  775.2  444.0  444.0   71.0  444.0
2018 294 10 21 1500  -33.7  775.3  444.0  444.0   69.0  444.0
2018 294 10 21 1800  -29.9  775.0  444.0  444.0   71.0  444.0
2018 294 10 21 2100  -28.0  774.8  444.0  444.0   71.9  444.0
2018 295 10 22 0000  -29.4  774.4  444.0  444.0   71.0  444.0
2018 295 10 22 0300  -31.0  773.9  444.0  444.0   71.0  444.0
2018 295 10 22 0600  -34.6  773.2  444.0  444.0   69.0  444.0
2018 295 10 22 0900  -40.4  772.7  444.0  444.0   65.0  444.0
2018 295 10 22 1200  -39.6  772.4    1.7   38.0   66.0  444.0
2018 295 10 22 1500  -37.6  772.3    4.6   25.0   67.0  444.0
2018 295 10 22 1800  -34.7  772.3    4.9   40.0   68.0  444.0
2018 295 10 22 2100  -32.9  773.3    3.7   21.0   70.0  444.0
2018 296 10 23 0000  -34.2  773.6    3.4   26.0   70.0  444.0
2018 296 10 23 0300  -35.5  773.9    2.2   38.0   68.0  444.0
2018 296 10 23 0600  -40.5  774.3    2.9   36.0   65.0  444.0
2018 296 10 23 0900  -42.5  774.7    2.9   35.0   64.0  444.0
2018 296 10 23 1200  -38.5  775.2    2.3   50.0   67.0  444.0
2018 296 10 23 1500  -36.0  775.3    3.6   52.0   67.0  444.0
2018 296 10 23 1800  -32.3  775.0    5.3   48.0   69.0  444.0
2018 296 10 23 2100  -29.9  774.4    6.5   60.0   70.0  444.0
2018 297 10 24 0000  -30.0  773.3    7.2   56.0   70.0  444.0
2018 297 10 24 0300  -29.8  771.9   10.0   58.0   71.0  444.0
2018 297 10 24 0600  -29.5  771.2   11.2   55.0   71.3  444.0
2018 297 10 24 0900  -26.9  770.1   12.9   56.0   73.0  444.0
2018 297 10 24 1200  -24.9  769.7   15.4   53.0   75.0  444.0
2018 297 10 24 1500  -23.8  770.4   13.4   54.0   75.0  444.0
2018 297 10 24 1800  -21.4  770.9   14.7   58.0   76.0  444.0
2018 297 10 24 2100  -20.7  771.0   15.3   59.0   77.2  444.0
2018 298 10 25 0000  -20.1  771.3   16.3   61.0   78.0  444.0
2018 298 10 25 0300  -20.1  770.8   16.8   59.0   79.0  444.0
2018 298 10 25 0600  -20.4  771.2   16.9   63.0   79.0  444.0
2018 298 10 25 0900  -19.5  770.3   17.0   66.0   79.5  444.0
2018 298 10 25 1200  -19.9  769.5   18.2   66.0   79.0  444.0
2018 298 10 25 1500  -19.5  769.7   18.5   56.0   79.0  444.0
2018 298 10 25 1800  -19.5  773.6   11.9   35.0   79.0  444.0
2018 298 10 25 2100  -20.5  777.1    9.3   29.0   77.0  444.0
2018 299 10 26 0000  -23.4  779.2    5.8   44.0   75.2  444.0
2018 299 10 26 0300  -24.7  778.7    5.7   59.0   77.0  444.0
2018 299 10 26 0600  -22.4  776.5    9.1   83.0   77.0  444.0
2018 299 10 26 0900  -20.1  773.6   14.9   69.0   79.0  444.0
2018 299 10 26 1200  -19.4  773.0   17.4   59.0   79.3  444.0
2018 299 10 26 1500  -19.8  773.3   17.9   59.0   79.0  444.0
2018 299 10 26 1800  -19.4  773.1   15.6   65.0   79.0  444.0
2018 299 10 26 2100  -16.8  772.0   16.9   59.0   81.0  444.0
2018 300 10 27 0000  -15.8  772.3   18.1   55.0   82.0  444.0
2018 300 10 27 0300  -15.8  772.8   17.4   52.0   82.8  444.0
2018 300 10 27 0600  -14.5  774.6   15.5   48.0   84.0  444.0
2018 300 10 27 0900  -15.7  775.7   15.9   47.0   83.0  444.0
2018 300 10 27 1200  -17.0  777.4   13.1   59.0   82.0  444.0
2018 300 10 27 1500  -16.1  778.8   15.0   57.0   82.0  444.0
2018 300 10 27 1800  -14.3  779.3   15.9   52.0   83.0  444.0
2018 300 10 27 2100  -14.2  780.0   13.0   58.0   83.0  444.0
2018 301 10 28 0000  -14.2  780.4   12.6   60.0   84.0  444.0
2018 301 10 28 0300  -14.6  780.4    9.4   58.0   84.0  444.0
2018 301 10 28 0600  -14.9  779.5   10.3   64.0   84.0  444.0
2018 301 10 28 0900  -16.3  779.2    8.8   78.0   82.0  444.0
2018 301 10 28 1200  -19.1  779.0    8.0   83.0   80.0  444.0
2018 301 10 28 1500  -19.3  778.6    7.1   75.0   78.0  444.0
2018 301 10 28 1800  -17.9  778.6    8.4   71.0   79.0  444.0
2018 301 10 28 2100  -16.5  777.8    7.8   69.0   79.0  444.0
2018 302 10 29 0000  -20.0  777.4    3.5   66.0   77.3  444.0
2018 302 10 29 0300  -19.7  776.7    3.5   79.0   78.1  444.0
2018 302 10 29 0600  -24.0  776.1    2.0   80.0   76.0  444.0
2018 302 10 29 0900  -27.6  775.5    3.2   80.0   71.4  444.0
2018 302 10 29 1200  -22.5  775.1    6.3   63.0   72.0  444.0
2018 302 10 29 1500  -23.8  775.0    2.6   80.0   65.0  444.0
2018 302 10 29 1800  -22.4  774.2    1.9   82.0   70.0  444.0
2018 302 10 29 2100  -20.1  773.6  444.0  444.0   68.0  444.0
2018 303 10 30 0000  -20.8  773.5  444.0  444.0   69.0  444.0
2018 303 10 30 0300  -24.4  773.2  444.0  444.0   71.0  444.0
2018 303 10 30 0600  -28.3  772.9    1.8   56.0   63.0  444.0
2018 303 10 30 0900  -30.9  772.7    3.3   72.0   60.0  444.0
2018 303 10 30 1200  -30.8  772.7    3.0   54.0   59.0  444.0
2018 303 10 30 1500  -28.8  772.3    2.7   54.0   56.0  444.0
2018 303 10 30 1800  -25.4  772.4    1.6   52.0   55.0  444.0
2018 303 10 30 2100  -23.8  772.3    1.7   13.0   58.0  444.0
2018 304 10 31 0000  -24.0  772.0    2.0   67.0   61.0  444.0
2018 304 10 31 0300  -26.4  772.1    2.5   49.0   61.0  444.0
2018 304 10 31 0600  -31.3  772.7    3.3   12.0   62.1  444.0
2018 304 10 31 0900  -33.0  773.1    5.4   47.0   65.0  444.0
2018 304 10 31 1200  -27.6  773.7    4.9   20.0   72.0  444.0
2018 304 10 31 1500  -22.1  774.4    3.2   18.0   75.0  444.0
2018 304 10 31 1800  -19.2  775.2    4.1   20.0   77.0  444.0
2018 304 10 31 2100  -18.2  775.7    4.5   23.0   77.0  444.0
