Year: 2018  Month: 11  ID: KMS  ARGOS: 21364  Name: Kominko-Slade       
Lat: 79.47S  Lon: 112.11W  Elev: 1801m
2018 305 11  1 0000  -19.0  776.4    5.4   35.0   78.0  444.0
2018 305 11  1 0300  -18.8  776.5    4.6   12.0   79.0  444.0
2018 305 11  1 0600  -19.1  777.4    3.4  356.0   80.0  444.0
2018 305 11  1 0900  -19.3  777.8    2.9  356.0   79.0  444.0
2018 305 11  1 1200  -19.5  778.3    2.7  356.0   77.0  444.0
2018 305 11  1 1500  -19.4  778.5    3.3    1.0   77.0  444.0
2018 305 11  1 1800  -19.3  778.3    2.7  360.0   76.0  444.0
2018 305 11  1 2100  -19.0  778.2    1.8   67.0   75.0  444.0
2018 306 11  2 0000  -19.3  777.8    2.2   26.0   74.0  444.0
2018 306 11  2 0300  -24.0  777.3    1.0   29.0   74.7  444.0
2018 306 11  2 0600  -28.0  777.3    1.7   13.0   72.0  444.0
2018 306 11  2 0900  -26.7  777.5    2.4  320.0   73.0  444.0
2018 306 11  2 1200  -27.7  777.9    2.1  286.0   72.0  444.0
2018 306 11  2 1500  -24.0  778.1    1.2   17.0   75.0  444.0
2018 306 11  2 1800  -20.5  778.5    2.0  315.0   76.0  444.0
2018 306 11  2 2100  -18.8  778.9    2.7  338.0   78.0  444.0
2018 307 11  3 0000  -20.7  779.1    4.1  345.0   76.0  444.0
2018 307 11  3 0300  -22.2  779.4    3.1  314.0   77.0  444.0
2018 307 11  3 0600  -23.5  779.8    1.2   24.0   76.0  444.0
2018 307 11  3 0900  -25.2  779.6    2.8   19.0   75.0  444.0
2018 307 11  3 1200  -25.1  780.0    3.5   11.0   74.0  444.0
2018 307 11  3 1500  -25.7  779.6    2.5   18.0   73.0  444.0
2018 307 11  3 1800  -23.8  779.3    2.4   33.0   73.0  444.0
2018 307 11  3 2100  -21.7  779.4    3.9   10.0   74.0  444.0
2018 308 11  4 0000  -22.6  779.9    3.4    0.0   75.0  444.0
2018 308 11  4 0300  -24.1  780.1    2.8   24.0   75.0  444.0
2018 308 11  4 0600  -24.5  780.7    0.4  309.0   75.0  444.0
2018 308 11  4 0900  -28.6  781.3    1.9   40.0   72.0  444.0
2018 308 11  4 1200  -28.0  781.8    2.1   28.0   70.0  444.0
2018 308 11  4 1500  -26.7  782.1    2.0   38.0   70.0  444.0
2018 308 11  4 1800  -22.0  782.2    1.9   39.0   73.0  444.0
2018 308 11  4 2100  -21.4  782.4    2.0   30.0   75.0  444.0
2018 309 11  5 0000  -23.6  782.1    2.3   42.0   73.0  444.0
2018 309 11  5 0300  -26.5  781.6    3.2   49.0   72.0  444.0
2018 309 11  5 0600  -30.3  780.8    4.9   41.0   70.0  444.0
2018 309 11  5 0900  -31.7  780.4    5.8   41.0   68.0  444.0
2018 309 11  5 1200  -30.5  779.8    7.8   46.0   69.0  444.0
2018 309 11  5 1500  -27.4  778.8    9.7   42.0   70.0  444.0
2018 309 11  5 1800  -26.1  777.6   12.3   41.0   70.0  444.0
2018 309 11  5 2100  -25.7  776.7   13.5   36.0   71.0  444.0
2018 310 11  6 0000  -25.2  776.0   14.0   33.0   72.0  444.0
2018 310 11  6 0300  -25.2  776.1   13.3   30.0   73.0  444.0
2018 310 11  6 0600  -25.9  775.9   12.9   24.0   73.0  444.0
2018 310 11  6 0900  -26.4  777.6   11.2   18.0   72.0  444.0
2018 310 11  6 1200  -26.4  778.7   10.7   10.0   72.0  444.0
2018 310 11  6 1500  -26.5  779.6    8.1  359.0   69.0  444.0
2018 310 11  6 1800  -24.9  781.5    6.7  353.0   69.0  444.0
2018 310 11  6 2100  -22.2  782.9    5.2  341.0   71.6  444.0
2018 311 11  7 0000  -17.8  783.8    4.3  268.0   77.0  444.0
2018 311 11  7 0300  -18.7  784.2    2.7  352.0   79.0  444.0
2018 311 11  7 0600  -20.4  784.2    4.1   16.0   78.0  444.0
2018 311 11  7 0900  -21.5  783.9    6.0   14.0   76.0  444.0
2018 311 11  7 1200  -25.4  783.0    6.7   23.0   72.0  444.0
2018 311 11  7 1500  -23.1  781.2   10.4   37.0   74.0  444.0
2018 311 11  7 1800  -22.0  780.3   12.2   24.0   74.0  444.0
2018 311 11  7 2100  -20.5  779.3   12.8   22.0   75.0  444.0
2018 312 11  8 0000  -20.0  778.3   14.6   21.0   77.0  444.0
2018 312 11  8 0300  -20.2  778.1   13.8   20.0   77.0  444.0
2018 312 11  8 0600  -20.0  778.4   13.7   14.0   78.0  444.0
2018 312 11  8 0900  -20.3  778.4   12.6   24.0   78.0  444.0
2018 312 11  8 1200  -19.9  778.4   12.2   22.0   77.0  444.0
2018 312 11  8 1500  -19.6  778.5   11.4   26.0   76.2  444.0
2018 312 11  8 1800  -18.6  777.9   11.3   29.0   75.9  444.0
2018 312 11  8 2100  -17.7  777.6   10.9   36.0   75.0  444.0
2018 313 11  9 0000  -18.2  776.7   10.3   39.0   77.0  444.0
2018 313 11  9 0300  -19.2  775.2   12.2   46.0   77.0  444.0
2018 313 11  9 0600  -19.0  774.5   12.7   51.0   79.0  444.0
2018 313 11  9 0900  -19.7  773.3   12.2   60.0   78.0  444.0
2018 313 11  9 1200  -18.5  772.1   14.2   52.0   76.8  444.0
2018 313 11  9 1500  -18.3  772.6    9.9   51.0   76.0  444.0
2018 313 11  9 1800  -17.6  772.6   10.6   47.0   73.0  444.0
2018 313 11  9 2100  -17.4  773.1    9.9   50.0   74.0  444.0
2018 314 11 10 0000  -17.6  773.4    8.5   49.0   75.1  444.0
2018 314 11 10 0300  -17.0  773.1    8.1   47.0   80.0  444.0
2018 314 11 10 0600  -17.9  773.7    9.7   53.0   80.0  444.0
2018 314 11 10 0900  -19.1  774.0    8.1   44.0   79.0  444.0
2018 314 11 10 1200  -19.9  774.2    8.9   36.0   78.0  444.0
2018 314 11 10 1500  -19.2  774.8    6.1   11.0   77.0  444.0
2018 314 11 10 1800  -18.9  774.9    5.6   17.0   73.0  444.0
2018 314 11 10 2100  -18.5  775.0    3.7  360.0   72.8  444.0
2018 315 11 11 0000  -17.2  774.5    1.6  357.0   70.0  444.0
2018 315 11 11 0300  -21.9  773.8    2.3  297.0   74.0  444.0
2018 315 11 11 0600  -23.7  773.2    1.3  335.0   75.0  444.0
2018 315 11 11 0900  -27.2  772.2    1.3  333.0   73.0  444.0
2018 315 11 11 1200  -29.3  770.9    2.1  286.0   70.0  444.0
2018 315 11 11 1500  -26.8  769.9    2.1  222.0   70.0  444.0
2018 315 11 11 1800  -26.1  769.1    1.0  194.0   69.0  444.0
2018 315 11 11 2100  -25.4  768.0    2.0  194.0   71.0  444.0
2018 316 11 12 0000  -26.3  767.1    2.3  197.0   70.0  444.0
2018 316 11 12 0300  -27.3  766.4    1.7  200.0   70.9  444.0
2018 316 11 12 0600  -31.3  765.9    2.2  242.0   69.0  444.0
2018 316 11 12 0900  444.0  765.3    0.4  199.0   70.0  444.0
2018 316 11 12 1200  444.0  765.0    1.1   94.0   69.0  444.0
2018 316 11 12 1500  444.0  765.0    0.9  104.0   71.0  444.0
2018 316 11 12 1800  -22.9  765.1    2.0  133.0   73.0  444.0
2018 316 11 12 2100  -21.2  765.4    2.3  120.0   72.9  444.0
2018 317 11 13 0000  -23.9  765.9    2.1   98.0   71.0  444.0
2018 317 11 13 0300  -28.0  766.1    2.5   94.0   70.0  444.0
2018 317 11 13 0600  -31.7  766.5    3.0   55.0   69.0  444.0
2018 317 11 13 0900  -32.2  766.9    2.9   65.0   68.3  444.0
2018 317 11 13 1200  -31.6  767.2    2.5   93.0   68.0  444.0
2018 317 11 13 1500  -28.4  767.2    2.5   96.0   69.0  444.0
2018 317 11 13 1800  -21.9  767.1    5.2   64.0   74.0  444.0
2018 317 11 13 2100  -20.6  767.4    6.6   52.0   72.0  444.0
2018 318 11 14 0000  -20.4  767.9    7.9   53.0   74.0  444.0
2018 318 11 14 0300  -20.1  768.5    6.2   64.0   76.0  444.0
2018 318 11 14 0600  -22.7  769.2    5.8   57.0   73.0  444.0
2018 318 11 14 0900  -25.2  769.6    4.7   52.0   74.0  444.0
2018 318 11 14 1200  -22.9  769.8    4.5   33.0   74.0  444.0
2018 318 11 14 1500  -21.9  770.3    4.3    6.0   75.0  444.0
2018 318 11 14 1800  -21.1  771.0    6.9   23.0   70.0  444.0
2018 318 11 14 2100  -21.7  771.7    6.7   23.0   69.0  444.0
2018 319 11 15 0000  -21.8  771.9    7.4   26.0   70.0  444.0
2018 319 11 15 0300  -23.0  771.9    5.6   24.0   72.0  444.0
2018 319 11 15 0600  -25.4  771.8    6.5   32.0   73.0  444.0
2018 319 11 15 0900  -25.1  771.7    7.4   23.0   74.0  444.0
2018 319 11 15 1200  -23.8  771.8    9.0   13.0   73.0  444.0
2018 319 11 15 1500  -22.7  772.4   10.2    1.0   72.3  444.0
2018 319 11 15 1800  -23.0  772.8   10.1  358.0   68.0  444.0
2018 319 11 15 2100  -22.6  773.5    9.0  359.0   69.0  444.0
2018 320 11 16 0000  -22.1  773.7    9.2    4.0   71.0  444.0
2018 320 11 16 0300  -22.8  773.8    8.9   11.0   73.0  444.0
2018 320 11 16 0600  -21.9  774.3    9.9    3.0   75.0  444.0
2018 320 11 16 0900  -23.3  775.2    9.3    9.0   75.0  444.0
2018 320 11 16 1200  -22.9  776.0    9.7    0.0   74.0  444.0
2018 320 11 16 1500  -22.4  776.8    9.9    0.0   73.0  444.0
2018 320 11 16 1800  -22.1  777.7    9.7  358.0   70.0  444.0
2018 320 11 16 2100  -21.6  778.5    9.6    3.0   70.0  444.0
2018 321 11 17 0000  -21.8  778.9    8.4    0.0   73.0  444.0
2018 321 11 17 0300  -22.0  779.4    7.7   11.0   73.3  444.0
2018 321 11 17 0600  -21.8  779.7    7.7   11.0   75.2  444.0
2018 321 11 17 0900  -22.7  779.7    8.4    9.0   74.0  444.0
2018 321 11 17 1200  -24.4  779.9    7.2   16.0   71.0  444.0
2018 321 11 17 1500  -22.9  779.3    6.5    0.0   70.0  444.0
2018 321 11 17 1800  -21.2  779.0    7.4   15.0   68.1  444.0
2018 321 11 17 2100  -20.9  778.8    7.1   14.0   70.0  444.0
2018 322 11 18 0000  -21.9  778.2    5.0   15.0   71.0  444.0
2018 322 11 18 0300  -23.0  777.7    1.7    6.0   70.0  444.0
2018 322 11 18 0600  -25.9  777.2    1.5   75.0   71.3  444.0
2018 322 11 18 0900  -27.5  776.8    0.7   53.0   72.0  444.0
2018 322 11 18 1200  -23.7  775.8    1.0  222.0   73.0  444.0
2018 322 11 18 1500  -22.3  774.4    1.4  227.0   72.0  444.0
2018 322 11 18 1800  -21.3  773.2    2.2  170.0   69.0  444.0
2018 322 11 18 2100  -20.7  772.0    3.4  163.0   69.1  444.0
2018 323 11 19 0000  -20.7  770.9    4.3  153.0   71.0  444.0
2018 323 11 19 0300  -21.1  769.6    3.6  151.0   74.0  444.0
2018 323 11 19 0600  -22.1  768.8    2.6  142.0   71.0  444.0
2018 323 11 19 0900  -22.5  768.0    3.5  131.0   67.0  444.0
2018 323 11 19 1200  -23.0  767.0    1.6  144.0   71.0  444.0
2018 323 11 19 1500  -23.1  766.1    2.2  127.0   61.0  444.0
2018 323 11 19 1800  -24.3  765.0    3.1  134.0   63.0  444.0
2018 323 11 19 2100  -24.2  764.2    4.0   79.0   59.0  444.0
2018 324 11 20 0000  -24.8  763.7    5.0   54.0   65.0  444.0
2018 324 11 20 0300  -26.9  763.3    5.0   48.0   68.0  444.0
2018 324 11 20 0600  -29.3  763.2    6.5   60.0   68.0  444.0
2018 324 11 20 0900  -30.4  763.2    7.9   66.0   66.0  444.0
2018 324 11 20 1200  -30.1  763.1    8.5   66.0   65.0  444.0
2018 324 11 20 1500  -26.3  762.9    7.3   71.0   66.0  444.0
2018 324 11 20 1800  -24.2  762.5    7.4   65.0   67.0  444.0
2018 324 11 20 2100  -22.3  762.8    7.3   73.0   66.0  444.0
2018 325 11 21 0000  -21.2  762.4    9.0   61.0   70.0  444.0
2018 325 11 21 0300  -22.1  763.1   11.0   58.0   71.0  444.0
2018 325 11 21 0600  -23.7  764.5    9.6   47.0   72.0  444.0
2018 325 11 21 0900  -22.7  766.5   10.1   46.0   73.0  444.0
2018 325 11 21 1200  -22.7  768.2   11.6   49.0   74.0  444.0
2018 325 11 21 1500  -22.6  770.2    8.0   43.0   69.0  444.0
2018 325 11 21 1800  -20.1  772.1    7.1   42.0   71.0  444.0
2018 325 11 21 2100  -18.5  773.6    8.7   56.0   72.0  444.0
2018 326 11 22 0000  -17.6  775.0    8.8   63.0   72.0  444.0
2018 326 11 22 0300  -18.7  776.2    8.1   76.0   72.0  444.0
2018 326 11 22 0600  -19.8  777.3    6.3   83.0   72.5  444.0
2018 326 11 22 0900  -22.6  777.5    4.9   77.0   72.0  444.0
2018 326 11 22 1200  -21.6  777.7    7.7   75.0   70.0  444.0
2018 326 11 22 1500  -21.6  777.8    7.2   75.0   68.0  444.0
2018 326 11 22 1800  -20.0  777.8    6.8   74.0   67.0  444.0
2018 326 11 22 2100  -19.2  777.5    6.3   69.0   67.0  444.0
2018 327 11 23 0000  -19.2  777.2    4.6   81.0   69.0  444.0
2018 327 11 23 0300  -20.7  777.0    3.4   83.0   72.0  444.0
2018 327 11 23 0600  -24.7  776.9    2.4   84.0   73.0  444.0
2018 327 11 23 0900  -23.3  776.7    3.5   90.0   73.0  444.0
2018 327 11 23 1200  -24.6  776.1    4.3   97.0   68.0  444.0
2018 327 11 23 1500  -22.8  775.0    5.5   98.0   65.9  444.0
2018 327 11 23 1800  -20.7  774.2    4.1  110.0   67.0  444.0
2018 327 11 23 2100  -18.6  773.2    3.4  121.0   66.0  444.0
2018 328 11 24 0000  -18.7  772.3    3.6  139.0   66.0  444.0
2018 328 11 24 0300  -21.5  770.6    2.8  170.0   69.2  444.0
2018 328 11 24 0600  -24.7  769.3    2.9  182.0   72.0  444.0
2018 328 11 24 0900  -27.2  768.6    2.6  102.0   68.0  444.0
2018 328 11 24 1200  -27.9  768.2    4.3   41.0   66.0  444.0
2018 328 11 24 1500  -24.8  768.8    5.0   40.0   66.0  444.0
2018 328 11 24 1800  -20.3  770.5    8.5    6.0   74.0  444.0
2018 328 11 24 2100  -19.0  772.5    6.9   33.0   74.1  444.0
2018 329 11 25 0000  -18.9  773.8    6.0   65.0   73.0  444.0
2018 329 11 25 0300  -18.9  774.9    8.4   54.0   75.0  444.0
2018 329 11 25 0600  -19.5  776.0    7.4   65.0   75.0  444.0
2018 329 11 25 0900  -21.1  776.7    6.8   61.0   75.0  444.0
2018 329 11 25 1200  -21.4  777.2    6.8   58.0   74.0  444.0
2018 329 11 25 1500  -20.8  777.7    6.0   57.0   72.0  444.0
2018 329 11 25 1800  -19.9  778.0    4.4   50.0   68.0  444.0
2018 329 11 25 2100  -19.6  778.2    4.9   65.0   68.0  444.0
2018 330 11 26 0000  -19.7  778.4    4.0   63.0   70.0  444.0
2018 330 11 26 0300  -21.4  778.2    2.4   36.0   72.0  444.0
2018 330 11 26 0600  -24.3  778.6    3.7   55.0   73.0  444.0
2018 330 11 26 0900  -26.4  778.8    3.3   57.0   72.0  444.0
2018 330 11 26 1200  -24.7  779.0    3.5   48.0   72.0  444.0
2018 330 11 26 1500  -22.9  779.2    4.1   42.0   70.0  444.0
2018 330 11 26 1800  -20.1  779.6    4.4   31.0   71.0  444.0
2018 330 11 26 2100  -18.5  780.0    3.2   31.0   71.0  444.0
2018 331 11 27 0000  -17.6  780.4    1.1   28.0   70.8  444.0
2018 331 11 27 0300  -18.3  780.6    2.0  109.0   57.0  444.0
2018 331 11 27 0600  -19.8  780.7    1.8  238.0   64.0  444.0
2018 331 11 27 0900  -21.6  781.0    2.8  132.0   64.0  444.0
2018 331 11 27 1200  -25.1  781.0    2.2  138.0   67.3  444.0
2018 331 11 27 1500  -24.6  780.7    0.2  186.0   59.8  444.0
2018 331 11 27 1800  -21.7  780.9    3.3  179.0   65.0  444.0
2018 331 11 27 2100  -20.2  780.9    4.6  182.0   64.0  444.0
2018 332 11 28 0000  -20.0  780.9    4.4  188.0   67.0  444.0
2018 332 11 28 0300  -21.8  780.9    4.6  186.0   70.0  444.0
2018 332 11 28 0600  -24.4  781.2    3.4  183.0   72.0  444.0
2018 332 11 28 0900  -26.3  781.5    3.3  162.0   71.4  444.0
2018 332 11 28 1200  -26.2  781.6    2.4  205.0   68.0  444.0
2018 332 11 28 1500  -23.2  781.5    3.3  195.0   69.0  444.0
2018 332 11 28 1800  -20.6  781.4    5.4  188.0   65.0  444.0
2018 332 11 28 2100  -19.2  781.0    7.6  183.0   69.3  444.0
2018 333 11 29 0000  -19.0  780.2    6.7  188.0   72.0  444.0
2018 333 11 29 0300  -21.5  779.4    4.2  178.0   69.0  444.0
2018 333 11 29 0600  -21.5  779.0    3.4  139.0   72.0  444.0
2018 333 11 29 0900  -20.7  778.2    0.8  155.0   73.8  444.0
2018 333 11 29 1200  -20.0  777.1    2.2  172.0   72.0  444.0
2018 333 11 29 1500  -20.4  775.5    1.8  132.0   69.0  444.0
2018 333 11 29 1800  -20.5  774.3    2.5  107.0   64.0  444.0
2018 333 11 29 2100  -19.3  773.0    3.9  112.0   64.2  444.0
2018 334 11 30 0000  -18.6  771.8    3.4  130.0   67.8  444.0
2018 334 11 30 0300  -17.0  771.0    4.6  100.0   68.0  444.0
2018 334 11 30 0600  -22.7  770.8    5.4   79.0   72.0  444.0
2018 334 11 30 0900  -25.4  770.6    4.7   93.0   72.0  444.0
2018 334 11 30 1200  -22.3  770.3    2.6   97.0   74.1  444.0
2018 334 11 30 1500  -19.2  769.6    6.7   77.0   71.0  444.0
2018 334 11 30 1800  -17.7  770.0    8.4   74.0   72.0  444.0
2018 334 11 30 2100  -16.1  769.8   12.3   78.0   73.0  444.0
