Year: 2018  Month: 11  ID: KTH  ARGOS:  8929  Name: Kathie              
Lat: 78.00S  Lon:  97.27W  Elev: 1600m
2018 305 11  1 0000  -20.1  793.2    6.1   84.0   78.0  444.0
2018 305 11  1 0300  -20.7  793.5    6.7  132.0   78.0  444.0
2018 305 11  1 0600  -25.1  794.0    5.6  127.0   74.6  444.0
2018 305 11  1 0900  -23.2  794.6    5.3  116.0   73.0  444.0
2018 305 11  1 1200  -21.6  794.3    9.5  124.0   76.5  444.0
2018 305 11  1 1500  -23.6  794.0    8.9  139.0   72.0  444.0
2018 305 11  1 1800  -23.7  793.6    6.0  133.0   65.0  444.0
2018 305 11  1 2100  -22.7  794.3    5.2  124.0   67.0  444.0
2018 306 11  2 0000  -24.2  794.9    4.5  113.0   67.0  444.0
2018 306 11  2 0300  -26.3  795.3    3.7  106.0   69.0  444.0
2018 306 11  2 0600  -25.4  796.4    1.3   56.0   72.0  444.0
2018 306 11  2 0900  -24.1  796.9    0.7   85.0   78.0  444.0
2018 306 11  2 1200  -22.9  796.6    2.4  105.0   78.0  444.0
2018 306 11  2 1500  -21.3  796.8    1.5   52.0   76.5  444.0
2018 306 11  2 1800  -20.5  796.9    0.1  329.0   76.1  444.0
2018 306 11  2 2100  -20.1  797.0    1.0  287.0   75.6  444.0
2018 307 11  3 0000  -21.9  796.9    1.9  199.0   76.0  444.0
2018 307 11  3 0300  -24.4  797.2    3.6  226.0   78.0  444.0
2018 307 11  3 0600  -31.5  797.4    1.6  164.0   71.0  444.0
2018 307 11  3 0900  -32.3  797.5    4.0  144.0   69.0  444.0
2018 307 11  3 1200  -31.4  798.1    2.7  140.0   67.0  444.0
2018 307 11  3 1500  -30.2  797.8    3.9  131.0   64.0  444.0
2018 307 11  3 1800  -27.3  797.7    5.3  127.0   62.0  444.0
2018 307 11  3 2100  -25.9  797.6    4.7  126.0   63.0  444.0
2018 308 11  4 0000  -26.9  797.7    2.1  141.0   64.0  444.0
2018 308 11  4 0300  -28.7  797.5    3.4  128.0   63.8  444.0
2018 308 11  4 0600  -32.3  797.7    3.6  137.0   67.0  444.0
2018 308 11  4 0900  -33.5  798.0    4.5  135.0   66.0  444.0
2018 308 11  4 1200  -32.5  798.3    5.7  137.0   64.7  444.0
2018 308 11  4 1500  -28.7  798.7    6.0  124.0   65.0  444.0
2018 308 11  4 1800  -24.9  799.1    5.6  129.0   64.0  444.0
2018 308 11  4 2100  -23.6  799.6    5.2  123.0   64.0  444.0
2018 309 11  5 0000  -24.7  799.9    6.1  125.0   67.0  444.0
2018 309 11  5 0300  -27.6  799.7    7.0  124.0   66.0  444.0
2018 309 11  5 0600  -30.6  799.9    6.4  127.0   64.0  444.0
2018 309 11  5 0900  -31.8  799.6    5.2  138.0   60.0  444.0
2018 309 11  5 1200  -30.4  799.8    5.0  133.0   59.0  444.0
2018 309 11  5 1500  -28.4  799.1    8.4  117.0   65.0  444.0
2018 309 11  5 1800  -26.6  799.2    8.4  114.0   65.1  444.0
2018 309 11  5 2100  -25.5  799.0    6.1  109.0   67.0  444.0
2018 310 11  6 0000  -26.8  799.3    4.4  103.0   70.0  444.0
2018 310 11  6 0300  -30.1  798.9    4.3  102.0   73.0  444.0
2018 310 11  6 0600  -32.8  799.2    2.1  115.0   72.0  444.0
2018 310 11  6 0900  -27.0  799.3    4.3  113.0   75.0  444.0
2018 310 11  6 1200  -25.4  799.6    3.8  124.0   72.8  444.0
2018 310 11  6 1500  -21.7  799.8    4.4  119.0   73.0  444.0
2018 310 11  6 1800  -18.5  800.5    5.0  152.0   70.0  444.0
2018 310 11  6 2100  -17.2  801.5    2.5  145.0   72.9  444.0
2018 311 11  7 0000  -19.1  802.2    2.4  173.0   76.0  444.0
2018 311 11  7 0300  -24.8  802.3    2.1  173.0   74.8  444.0
2018 311 11  7 0600  -29.6  802.5    2.1  170.0   73.0  444.0
2018 311 11  7 0900  -31.8  802.1    3.4  160.0   70.0  444.0
2018 311 11  7 1200  -29.7  802.3    5.3  143.0   69.0  444.0
2018 311 11  7 1500  -26.6  801.9    4.2  149.0   67.7  444.0
2018 311 11  7 1800  -23.0  802.0    3.0  184.0   66.0  444.0
2018 311 11  7 2100  -21.8  801.7    4.3  144.0   67.0  444.0
2018 312 11  8 0000  -21.9  801.9    2.4  179.0   66.0  444.0
2018 312 11  8 0300  -24.5  801.7    3.2  135.0   68.0  444.0
2018 312 11  8 0600  -27.8  801.5    2.8  134.0   70.0  444.0
2018 312 11  8 0900  -25.5  801.9    1.9  143.0   68.0  444.0
2018 312 11  8 1200  -22.4  801.4    4.6  111.0   68.0  444.0
2018 312 11  8 1500  -20.7  800.9    5.1  104.0   67.0  444.0
2018 312 11  8 1800  -19.6  800.8    4.3   43.0   73.6  444.0
2018 312 11  8 2100  -18.2  800.3    6.1   36.0   77.0  444.0
2018 313 11  9 0000  -18.4  799.7    7.4   40.0   79.0  444.0
2018 313 11  9 0300  -20.1  799.1    6.1   44.0   80.2  444.0
2018 313 11  9 0600  -19.1  797.8    9.3   54.0   80.6  444.0
2018 313 11  9 0900  -19.1  796.6   10.3   59.0   79.0  444.0
2018 313 11  9 1200  -18.9  795.5   11.2   56.0   80.1  444.0
2018 313 11  9 1500  -18.7  795.1   11.1   43.0   79.0  444.0
2018 313 11  9 1800  -18.9  794.8   10.8   43.0   77.0  444.0
2018 313 11  9 2100  -18.2  794.5   10.6   41.0   77.0  444.0
2018 314 11 10 0000  -18.6  794.9    8.8   45.0   78.4  444.0
2018 314 11 10 0300  -19.2  794.5    8.1   48.0   80.0  444.0
2018 314 11 10 0600  -20.0  794.8    5.6   57.0   79.8  444.0
2018 314 11 10 0900  -20.1  794.5    7.2   45.0   80.0  444.0
2018 314 11 10 1200  -21.1  794.3    3.8   62.0   78.2  444.0
2018 314 11 10 1500  -20.2  793.9    5.0   75.0   73.0  444.0
2018 314 11 10 1800  -18.7  793.8    5.4   57.0   72.0  444.0
2018 314 11 10 2100  -18.3  793.2    5.6   52.0   74.0  444.0
2018 315 11 11 0000  -17.9  792.5    2.2   69.0   74.0  444.0
2018 315 11 11 0300  -19.1  791.5    1.6  103.0   80.0  444.0
2018 315 11 11 0600  -20.0  790.4    2.5  106.0   81.0  444.0
2018 315 11 11 0900  -20.1  788.8    3.8  121.0   79.0  444.0
2018 315 11 11 1200  -19.6  787.1    4.1  119.0   75.0  444.0
2018 315 11 11 1500  -19.0  785.3    4.5  122.0   73.9  444.0
2018 315 11 11 1800  -18.8  783.9    6.2  108.0   72.0  444.0
2018 315 11 11 2100  -18.4  782.5    5.0  100.0   76.0  444.0
2018 316 11 12 0000  -18.0  781.5    4.9  110.0   79.0  444.0
2018 316 11 12 0300  -18.6  780.6    4.7  104.0   80.6  444.0
2018 316 11 12 0600  -18.8  780.5    4.5   79.0   81.0  444.0
2018 316 11 12 0900  -19.4  780.4    5.4   66.0   80.0  444.0
2018 316 11 12 1200  -19.3  780.7    5.2   69.0   78.0  444.0
2018 316 11 12 1500  -19.6  781.2    7.3   63.0   77.0  444.0
2018 316 11 12 1800  -19.4  781.5    7.9   62.0   76.0  444.0
2018 316 11 12 2100  -19.1  782.3    9.3   55.0   76.5  444.0
2018 317 11 13 0000  -20.6  782.9    9.7   55.0   78.0  444.0
2018 317 11 13 0300  -22.0  783.5    9.2   56.0   78.0  444.0
2018 317 11 13 0600  -22.9  784.2   10.4   57.0   78.3  444.0
2018 317 11 13 0900  -23.4  784.8    9.7   63.0   78.0  444.0
2018 317 11 13 1200  -23.5  785.0   12.1   46.0   76.0  444.0
2018 317 11 13 1500  -23.0  786.0   11.0   45.0   75.0  444.0
2018 317 11 13 1800  -22.3  786.7   11.6   40.0   75.0  444.0
2018 317 11 13 2100  -21.8  787.5   10.4   39.0   75.0  444.0
2018 318 11 14 0000  -21.9  788.1   10.0   46.0   76.0  444.0
2018 318 11 14 0300  -22.4  788.2   10.3   50.0   78.0  444.0
2018 318 11 14 0600  -22.7  788.7    9.8   43.0   78.0  444.0
2018 318 11 14 0900  -24.1  789.6    8.1   40.0   77.0  444.0
2018 318 11 14 1200  -22.9  790.4    7.0   33.0   76.2  444.0
2018 318 11 14 1500  -21.7  791.3    5.9   29.0   76.0  444.0
2018 318 11 14 1800  -19.4  792.2    3.8   23.0   72.0  444.0
2018 318 11 14 2100  -19.9  792.4    3.6   42.0   78.0  444.0
2018 319 11 15 0000  -20.4  792.3    3.9   60.0   77.0  444.0
2018 319 11 15 0300  -22.3  792.0    1.7   71.0   77.0  444.0
2018 319 11 15 0600  -23.9  791.7    3.4   77.0   77.0  444.0
2018 319 11 15 0900  -27.0  791.7    2.2  124.0   74.0  444.0
2018 319 11 15 1200  -25.8  792.0    2.4  134.0   71.0  444.0
2018 319 11 15 1500  -26.0  792.3    2.4  124.0   68.5  444.0
2018 319 11 15 1800  -24.1  793.0    2.6  116.0   69.0  444.0
2018 319 11 15 2100  -23.0  793.8    1.6  121.0   68.0  444.0
2018 320 11 16 0000  -24.5  794.6    1.5  105.0   70.3  444.0
2018 320 11 16 0300  -29.3  795.3    1.6  114.0   70.0  444.0
2018 320 11 16 0600  -33.3  796.0    2.2  111.0   70.0  444.0
2018 320 11 16 0900  -32.3  797.0    1.6  153.0   69.9  444.0
2018 320 11 16 1200  -30.6  797.6    2.7  115.0   69.0  444.0
2018 320 11 16 1500  -27.0  798.2    1.6   98.0   68.0  444.0
2018 320 11 16 1800  -24.2  798.8    4.0  122.0   64.0  444.0
2018 320 11 16 2100  -22.2  799.5    3.3  132.0   65.2  444.0
2018 321 11 17 0000  -23.1  799.9    2.1  146.0   68.0  444.0
2018 321 11 17 0300  -26.6  799.8    2.4  137.0   68.7  444.0
2018 321 11 17 0600  -30.4  800.0    3.3  133.0   68.0  444.0
2018 321 11 17 0900  -30.9  800.0    1.3  151.0   66.0  444.0
2018 321 11 17 1200  -29.9  800.0    2.6  119.0   64.7  444.0
2018 321 11 17 1500  -28.1  799.4    3.0  117.0   65.0  444.0
2018 321 11 17 1800  -24.4  798.8    2.0  114.0   68.4  444.0
2018 321 11 17 2100  -22.9  798.3    2.2  122.0   67.0  444.0
2018 322 11 18 0000  -22.7  797.2    0.7  134.0   67.2  444.0
2018 322 11 18 0300  -27.1  795.9    0.9  160.0   71.0  444.0
2018 322 11 18 0600  -29.3  794.4    1.1  182.0   69.6  444.0
2018 322 11 18 0900  -31.6  792.8    4.6  140.0   66.0  444.0
2018 322 11 18 1200  -30.0  791.0    5.6  139.0   64.0  444.0
2018 322 11 18 1500  -26.6  789.2    5.5  131.0   64.0  444.0
2018 322 11 18 1800  -23.3  787.6    7.4  118.0   66.0  444.0
2018 322 11 18 2100  -22.0  786.5    7.1  117.0   68.2  444.0
2018 323 11 19 0000  -22.9  785.8    4.1  112.0   69.0  444.0
2018 323 11 19 0300  -26.0  784.9    3.1  132.0   69.0  444.0
2018 323 11 19 0600  -29.2  784.0    4.7  126.0   66.0  444.0
2018 323 11 19 0900  -30.2  783.2    3.7  124.0   65.0  444.0
2018 323 11 19 1200  -30.6  782.6    4.9  113.0   65.0  444.0
2018 323 11 19 1500  -28.1  782.6    4.9  116.0   65.0  444.0
2018 323 11 19 1800  -24.9  782.4    6.0  121.0   65.9  444.0
2018 323 11 19 2100  -23.2  782.2    6.8  115.0   67.0  444.0
2018 324 11 20 0000  -23.6  782.3    4.8  107.0   69.0  444.0
2018 324 11 20 0300  -26.7  781.8    5.9  114.0   69.0  444.0
2018 324 11 20 0600  -28.1  781.8    7.4  122.0   70.0  444.0
2018 324 11 20 0900  -28.5  781.7    4.3  112.0   70.0  444.0
2018 324 11 20 1200  -26.5  781.6    4.7  119.0   69.0  444.0
2018 324 11 20 1500  -21.9  781.0    6.4  106.0   72.7  444.0
2018 324 11 20 1800  -20.0  781.0    6.4   83.0   72.0  444.0
2018 324 11 20 2100  -19.9  781.8    8.0   62.0   75.0  444.0
2018 325 11 21 0000  -19.9  782.4    7.0   66.0   78.0  444.0
2018 325 11 21 0300  -19.5  783.5    8.1   54.0   79.5  444.0
2018 325 11 21 0600  -20.0  784.9    8.3   58.0   80.0  444.0
2018 325 11 21 0900  -19.9  786.7    6.9   74.0   79.8  444.0
2018 325 11 21 1200  -19.5  788.0    6.1   73.0   78.0  444.0
2018 325 11 21 1500  -19.5  789.2    7.1   96.0   73.0  444.0
2018 325 11 21 1800  -17.4  790.5    8.0   86.0   70.0  444.0
2018 325 11 21 2100  -16.8  791.7    8.0  102.0   74.0  444.0
2018 326 11 22 0000  -17.1  792.8    8.5   89.0   79.0  444.0
2018 326 11 22 0300  -20.4  793.5    6.2  112.0   74.0  444.0
2018 326 11 22 0600  -23.3  794.3    6.1  117.0   75.6  444.0
2018 326 11 22 0900  -23.3  794.8    6.4  111.0   77.0  444.0
2018 326 11 22 1200  -20.6  794.9    5.8  112.0   74.6  444.0
2018 326 11 22 1500  -19.1  794.7    5.8  110.0   71.0  444.0
2018 326 11 22 1800  -18.5  794.6    5.7  107.0   70.0  444.0
2018 326 11 22 2100  -17.5  794.4    5.0   84.0   67.0  444.0
2018 327 11 23 0000  -17.4  793.9    6.4  104.0   74.0  444.0
2018 327 11 23 0300  -20.2  793.3    7.8  104.0   77.0  444.0
2018 327 11 23 0600  -20.5  792.9    7.1  107.0   78.0  444.0
2018 327 11 23 0900  -21.5  792.3    6.9  117.0   75.0  444.0
2018 327 11 23 1200  -21.8  790.8    8.1  123.0   71.0  444.0
2018 327 11 23 1500  -19.7  789.4    8.3  113.0   71.1  444.0
2018 327 11 23 1800  -17.7  788.4    9.3  114.0   71.0  444.0
2018 327 11 23 2100  -17.2  787.3    7.0  116.0   71.0  444.0
2018 328 11 24 0000  -18.4  786.3    5.8  120.0   72.4  444.0
2018 328 11 24 0300  -22.2  785.4    4.2  122.0   73.7  444.0
2018 328 11 24 0600  -24.7  785.4    4.3  121.0   73.0  444.0
2018 328 11 24 0900  -25.2  786.1    3.2   99.0   73.0  444.0
2018 328 11 24 1200  -20.5  787.2    4.5   37.0   79.0  444.0
2018 328 11 24 1500  -19.1  788.3    6.4   56.0   76.0  444.0
2018 328 11 24 1800  -18.5  790.0    6.8   99.0   72.0  444.0
2018 328 11 24 2100  -17.8  791.1    8.6  108.0   74.0  444.0
2018 329 11 25 0000  -18.3  792.4    7.7   98.0   74.0  444.0
2018 329 11 25 0300  -19.2  793.0    6.9  107.0   78.0  444.0
2018 329 11 25 0600  -22.8  793.8    4.9  118.0   76.0  444.0
2018 329 11 25 0900  -24.2  794.5    4.1  115.0   74.0  444.0
2018 329 11 25 1200  -23.5  795.0    4.3  110.0   72.0  444.0
2018 329 11 25 1500  -21.5  795.4    4.6  118.0   71.0  444.0
2018 329 11 25 1800  -17.5  796.0    3.4   52.0   75.0  444.0
2018 329 11 25 2100  -16.8  796.3    1.0  149.0   68.7  444.0
2018 330 11 26 0000  -18.5  796.2    2.6  220.0   73.0  444.0
2018 330 11 26 0300  -21.3  795.7    4.9  145.0   75.0  444.0
2018 330 11 26 0600  -23.9  796.1    4.6  119.0   75.0  444.0
2018 330 11 26 0900  -24.7  796.3    2.9  118.0   74.0  444.0
2018 330 11 26 1200  -22.5  796.3    4.3  133.0   69.0  444.0
2018 330 11 26 1500  -21.9  795.9    5.1  115.0   69.2  444.0
2018 330 11 26 1800  -18.8  796.2    5.2   89.0   69.0  444.0
2018 330 11 26 2100  -17.4  796.3    5.0  105.0   70.0  444.0
2018 331 11 27 0000  -18.1  796.3    4.1  127.0   73.8  444.0
2018 331 11 27 0300  -21.0  795.8    3.8  165.0   72.0  444.0
2018 331 11 27 0600  -23.6  795.5    5.2  139.0   71.0  444.0
2018 331 11 27 0900  -24.9  795.2    6.7  130.0   71.0  444.0
2018 331 11 27 1200  -24.9  795.3    4.3  132.0   69.2  444.0
2018 331 11 27 1500  -21.1  794.6    4.4  130.0   67.0  444.0
2018 331 11 27 1800  -17.7  794.7    5.1  127.0   64.8  444.0
2018 331 11 27 2100  -16.2  795.0    4.2  136.0   68.0  444.0
2018 332 11 28 0000  -16.8  795.1    3.2  168.0   72.0  444.0
2018 332 11 28 0300  -19.6  795.5    3.9  120.0   72.0  444.0
2018 332 11 28 0600  -21.7  796.1    6.5  145.0   69.0  444.0
2018 332 11 28 0900  -23.0  796.3    5.5  145.0   71.0  444.0
2018 332 11 28 1200  -21.8  796.1    4.6  171.0   69.0  444.0
2018 332 11 28 1500  -19.6  795.7    6.3  142.0   66.4  444.0
2018 332 11 28 1800  -19.0  795.7    4.3  129.0   75.0  444.0
2018 332 11 28 2100  -16.1  795.4    6.9   80.0   71.0  444.0
2018 333 11 29 0000  -18.7  795.4    6.8   69.0   76.0  444.0
2018 333 11 29 0300  -22.3  795.5    5.3   46.0   82.0  444.0
2018 333 11 29 0600  -22.0  795.3    3.8   91.0   80.0  444.0
2018 333 11 29 0900  -19.1  794.0    6.4   80.0   78.9  444.0
2018 333 11 29 1200  -18.8  792.7    7.4   83.0   79.1  444.0
2018 333 11 29 1500  -19.1  791.2    6.5  112.0   70.0  444.0
2018 333 11 29 1800  -19.5  789.5    5.4  109.0   70.0  444.0
2018 333 11 29 2100  -19.0  788.9    5.8   69.0   70.0  444.0
2018 334 11 30 0000  -18.1  788.8    3.6  102.0   75.4  444.0
2018 334 11 30 0300  -19.4  788.0    2.7  138.0   75.0  444.0
2018 334 11 30 0600  -19.1  787.5    3.9  122.0   79.0  444.0
2018 334 11 30 0900  -18.7  786.8    6.3  101.0   79.0  444.0
2018 334 11 30 1200  -18.5  786.8    8.1   95.0   78.2  444.0
2018 334 11 30 1500  -16.7  786.7   10.4   80.0   78.0  444.0
2018 334 11 30 1800  -15.4  787.0   11.6   86.0   77.0  444.0
2018 334 11 30 2100  -14.5  787.3    8.9   88.0   77.0  444.0
