Year: 2018  Month: 10  ID: KTH  ARGOS:  8929  Name: Kathie              
Lat: 78.00S  Lon:  97.27W  Elev: 1600m
2018 274 10  1 0000  -22.2  791.2  444.0  444.0   80.0  444.0
2018 274 10  1 0300  -25.2  792.1  444.0  444.0   78.0  444.0
2018 274 10  1 0600  -29.8  793.1  444.0  444.0   74.0  444.0
2018 274 10  1 0900  -31.7  794.4  444.0  444.0   73.0  444.0
2018 274 10  1 1200  -32.9  795.8  444.0  444.0   72.0  444.0
2018 274 10  1 1500  -33.0  797.1  444.0  444.0   71.0  444.0
2018 274 10  1 1800  -30.6  797.7  444.0  444.0   71.0  444.0
2018 274 10  1 2100  -29.5  798.5  444.0  444.0   72.0  444.0
2018 275 10  2 0000  -31.5  799.3  444.0  444.0   72.1  444.0
2018 275 10  2 0300  -34.6  799.5  444.0  444.0   70.0  444.0
2018 275 10  2 0600  -35.2  799.9  444.0  444.0   70.0  444.0
2018 275 10  2 0900  -37.5  800.2  444.0  444.0   69.0  444.0
2018 275 10  2 1200  -37.8  800.1  444.0  444.0   68.1  444.0
2018 275 10  2 1500  -34.4  799.8  444.0  444.0   69.0  444.0
2018 275 10  2 1800  -32.3  799.5  444.0  444.0   69.8  444.0
2018 275 10  2 2100  -32.4  799.4  444.0  444.0   70.0  444.0
2018 276 10  3 0000  -33.0  799.3  444.0  444.0   70.5  444.0
2018 276 10  3 0300  -34.6  799.2  444.0  444.0   71.0  444.0
2018 276 10  3 0600  -30.4  798.9  444.0  444.0   73.0  444.0
2018 276 10  3 0900  -29.8  798.8  444.0  444.0   74.0  444.0
2018 276 10  3 1200  -29.7  798.1  444.0  444.0   74.0  444.0
2018 276 10  3 1500  -25.0  798.2  444.0  444.0   76.5  444.0
2018 276 10  3 1800  -22.7  798.7  444.0  444.0   78.0  444.0
2018 276 10  3 2100  -21.9  799.0  444.0  444.0   78.0  444.0
2018 277 10  4 0000  -21.5  799.0  444.0  444.0   80.0  444.0
2018 277 10  4 0300  -22.6  798.2  444.0  444.0   79.4  444.0
2018 277 10  4 0600  -22.8  797.5  444.0  444.0   79.0  444.0
2018 277 10  4 0900  -21.8  796.7  444.0  444.0   80.0  444.0
2018 277 10  4 1200  -22.1  795.9  444.0  444.0   80.0  444.0
2018 277 10  4 1500  -21.4  794.3  444.0  444.0   79.5  444.0
2018 277 10  4 1800  -20.7  792.5  444.0  444.0   79.6  444.0
2018 277 10  4 2100  -20.4  790.8  444.0  444.0   80.0  444.0
2018 278 10  5 0000  -21.5  790.5  444.0  444.0   80.0  444.0
2018 278 10  5 0300  -23.1  790.5  444.0  444.0   79.0  444.0
2018 278 10  5 0600  -24.1  789.9  444.0  444.0   78.4  444.0
2018 278 10  5 0900  -25.0  789.4  444.0  444.0   78.0  444.0
2018 278 10  5 1200  -26.1  789.1  444.0  444.0   76.0  444.0
2018 278 10  5 1500  -26.1  789.3  444.0  444.0   76.0  444.0
2018 278 10  5 1800  -25.7  789.3  444.0  444.0   75.0  444.0
2018 278 10  5 2100  -26.6  789.4   11.1   49.0   75.0  444.0
2018 279 10  6 0000  -28.8  790.1   11.5   42.0   74.0  444.0
2018 279 10  6 0300  -30.7  791.0   10.0   45.0   73.0  444.0
2018 279 10  6 0600  -29.8  791.8   10.1   54.0   74.0  444.0
2018 279 10  6 0900  -27.4  791.6    9.8   61.0   76.0  444.0
2018 279 10  6 1200  -26.6  791.0   11.5   54.0   76.0  444.0
2018 279 10  6 1500  -25.4  791.0   14.3   45.0   76.0  444.0
2018 279 10  6 1800  -22.4  790.4   14.8   53.0   77.0  444.0
2018 279 10  6 2100  -21.2  790.1   16.4   55.0   78.0  444.0
2018 280 10  7 0000  -24.0  790.5   17.9   51.0   77.0  444.0
2018 280 10  7 0300  -27.1  792.3   14.3   49.0   76.0  444.0
2018 280 10  7 0600  -27.5  793.6   10.9   40.0   76.0  444.0
2018 280 10  7 0900  -27.4  794.5    8.5   48.0   76.0  444.0
2018 280 10  7 1200  -28.9  794.9   12.8   43.0   74.0  444.0
2018 280 10  7 1500  -28.8  796.5   10.1   43.0   73.0  444.0
2018 280 10  7 1800  -29.5  797.4    8.8   57.0   70.3  444.0
2018 280 10  7 2100  -28.0  797.6    6.9   83.0   72.0  444.0
2018 281 10  8 0000  -25.8  797.4    5.4  101.0   74.0  444.0
2018 281 10  8 0300  -25.7  796.4    6.1   65.0   76.4  444.0
2018 281 10  8 0600  -26.8  796.1    7.9   56.0   75.0  444.0
2018 281 10  8 0900  -28.5  795.9    9.7   53.0   74.0  444.0
2018 281 10  8 1200  -28.6  796.3   10.1   55.0   74.0  444.0
2018 281 10  8 1500  -28.8  796.6    6.2   65.0   72.0  444.0
2018 281 10  8 1800  -28.5  796.3    7.6   57.0   71.0  444.0
2018 281 10  8 2100  -29.7  796.1   10.0   52.0   71.4  444.0
2018 282 10  9 0000  -31.0  796.4   10.3   55.0   72.0  444.0
2018 282 10  9 0300  -31.1  796.3   10.1   51.0   73.0  444.0
2018 282 10  9 0600  -30.9  796.2   10.2   49.0   73.0  444.0
2018 282 10  9 0900  -30.7  794.6   11.8   70.0   73.0  444.0
2018 282 10  9 1200  -28.8  792.0   14.0   66.0   74.0  444.0
2018 282 10  9 1500  -27.8  790.1   17.4   49.0   74.0  444.0
2018 282 10  9 1800  -26.7  790.4   18.1   44.0   74.0  444.0
2018 282 10  9 2100  -27.2  793.0   17.5   35.0   72.0  444.0
2018 283 10 10 0000  -28.1  796.9   12.8   30.0   73.9  444.0
2018 283 10 10 0300  -29.0  799.7    9.4   35.0   74.0  444.0
2018 283 10 10 0600  -28.5  801.4   10.1   47.0   75.0  444.0
2018 283 10 10 0900  -27.4  803.6    8.7   41.0   75.0  444.0
2018 283 10 10 1200  -25.3  805.0    9.2   41.0   76.0  444.0
2018 283 10 10 1500  -23.4  805.6    9.3   44.0   77.0  444.0
2018 283 10 10 1800  -20.9  806.3    8.9   37.0   78.3  444.0
2018 283 10 10 2100  -20.4  806.4    9.2   38.0   79.0  444.0
2018 284 10 11 0000  -19.6  806.4   10.4   44.0   81.0  444.0
2018 284 10 11 0300  -21.7  806.1   10.1   55.0   80.0  444.0
2018 284 10 11 0600  -24.5  806.1   10.1   57.0   78.0  444.0
2018 284 10 11 0900  -25.0  805.2   12.3   66.0   77.0  444.0
2018 284 10 11 1200  -25.7  804.0   13.9   65.0   76.0  444.0
2018 284 10 11 1500  -24.3  803.0   15.4   56.0   76.0  444.0
2018 284 10 11 1800  -23.9  803.1   16.5   47.0   76.0  444.0
2018 284 10 11 2100  -24.5  804.3   13.6   45.0   76.0  444.0
2018 285 10 12 0000  -24.0  804.9   12.0   46.0   77.0  444.0
2018 285 10 12 0300  -23.8  805.2   11.9   43.0   78.0  444.0
2018 285 10 12 0600  -24.4  805.3   12.2   48.0   78.0  444.0
2018 285 10 12 0900  -25.2  805.3    9.8   48.0   77.0  444.0
2018 285 10 12 1200  -25.3  805.8   10.5   41.0   77.0  444.0
2018 285 10 12 1500  -24.5  805.7    9.9   47.0   76.0  444.0
2018 285 10 12 1800  -24.6  805.5    9.2   45.0   75.0  444.0
2018 285 10 12 2100  -24.4  805.8    7.1   50.0   75.0  444.0
2018 286 10 13 0000  -24.9  806.2    6.1   56.0   76.0  444.0
2018 286 10 13 0300  -26.2  806.2    5.7   51.0   76.0  444.0
2018 286 10 13 0600  -27.1  806.2    5.5   71.0   76.0  444.0
2018 286 10 13 0900  -27.1  806.1    6.0   67.0   76.0  444.0
2018 286 10 13 1200  -26.9  805.9    7.0   64.0   75.0  444.0
2018 286 10 13 1500  -25.0  805.7    7.6   59.0   74.1  444.0
2018 286 10 13 1800  -23.9  805.6    6.8   59.0   74.0  444.0
2018 286 10 13 2100  -22.9  805.1    7.7   55.0   74.0  444.0
2018 287 10 14 0000  -25.9  805.6    3.9   77.0   75.0  444.0
2018 287 10 14 0300  -30.6  805.8    2.0   77.0   71.9  444.0
2018 287 10 14 0600  -32.6  805.8    0.1   61.0   71.0  444.0
2018 287 10 14 0900  -30.1  805.9  444.0  444.0   74.0  444.0
2018 287 10 14 1200  -30.9  806.1  444.0  444.0   72.0  444.0
2018 287 10 14 1500  -27.4  806.1  444.0  444.0   73.0  444.0
2018 287 10 14 1800  -24.1  806.1  444.0  444.0   75.3  444.0
2018 287 10 14 2100  -22.0  805.8  444.0  444.0   77.0  444.0
2018 288 10 15 0000  -21.1  805.7  444.0  444.0   79.7  444.0
2018 288 10 15 0300  -21.5  805.2  444.0  444.0   80.0  444.0
2018 288 10 15 0600  -22.0  804.5    2.8   65.0   79.6  444.0
2018 288 10 15 0900  -23.2  803.7    2.1   41.0   79.0  444.0
2018 288 10 15 1200  -25.0  803.3    2.3   34.0   77.0  444.0
2018 288 10 15 1500  -26.3  802.5    1.7   33.0   72.0  444.0
2018 288 10 15 1800  -28.8  803.9    3.0  186.0   70.0  444.0
2018 288 10 15 2100  -29.9  806.0    2.7  198.0   69.6  444.0
2018 289 10 16 0000  -30.7  807.2    1.6  207.0   70.0  444.0
2018 289 10 16 0300  -34.7  807.6    0.0    0.0   70.0  444.0
2018 289 10 16 0600  -34.9  806.9    0.0    0.0   71.0  444.0
2018 289 10 16 0900  -30.6  805.1    5.3   46.0   73.6  444.0
2018 289 10 16 1200  -26.7  801.3    9.0   44.0   75.0  444.0
2018 289 10 16 1500  -24.7  798.9   10.0   34.0   76.0  444.0
2018 289 10 16 1800  -18.5  796.1   14.2  350.0   80.0  444.0
2018 289 10 16 2100  -17.4  800.1   13.8  295.0   82.0  444.0
2018 290 10 17 0000  -17.8  804.0    3.6  289.0   82.0  444.0
2018 290 10 17 0300  -19.9  805.1    4.5  338.0   81.0  444.0
2018 290 10 17 0600  -21.3  805.1    6.1   46.0   81.0  444.0
2018 290 10 17 0900  -21.1  804.5    8.6   51.0   80.0  444.0
2018 290 10 17 1200  -19.7  801.1   11.8   48.0   81.0  444.0
2018 290 10 17 1500  -18.3  797.3   16.3   42.0   81.4  444.0
2018 290 10 17 1800  -20.9  795.8   15.3   31.0   78.0  444.0
2018 290 10 17 2100  -15.7  797.1    8.4  335.0   83.2  444.0
2018 291 10 18 0000  -16.5  799.5    8.6  291.0   83.0  444.0
2018 291 10 18 0300  -17.8  802.4    9.5  302.0   83.0  444.0
2018 291 10 18 0600  -19.4  803.7    7.5  356.0   82.0  444.0
2018 291 10 18 0900  -17.2  803.7   10.4  350.0   84.0  444.0
2018 291 10 18 1200  -15.6  803.7    5.6  356.0   84.0  444.0
2018 291 10 18 1500  -15.0  803.0    5.0   24.0   83.0  444.0
2018 291 10 18 1800  -13.6  802.0   10.4    4.0   83.7  444.0
2018 291 10 18 2100  -13.6  800.7    9.4   26.0   83.0  444.0
2018 292 10 19 0000  -15.2  797.4   10.3   43.0   84.0  444.0
2018 292 10 19 0300  -15.9  793.3   13.1   47.0   85.0  444.0
2018 292 10 19 0600  -16.5  789.4   10.9   47.0   85.0  444.0
2018 292 10 19 0900  -16.7  785.0   11.7   53.0   84.0  444.0
2018 292 10 19 1200  -17.9  782.6   10.9   52.0   82.4  444.0
2018 292 10 19 1500  -19.5  781.6   10.5   49.0   80.0  444.0
2018 292 10 19 1800  -20.1  781.5    8.8   51.0   77.6  444.0
2018 292 10 19 2100  -21.3  783.3    7.6   67.0   76.0  444.0
2018 293 10 20 0000  -22.2  785.6    4.4   70.0   76.0  444.0
2018 293 10 20 0300  -27.7  787.8    3.0   91.0   74.0  444.0
2018 293 10 20 0600  -31.8  790.2    3.4  123.0   73.0  444.0
2018 293 10 20 0900  -33.9  792.7    2.0  134.0   71.1  444.0
2018 293 10 20 1200  -32.9  794.3    0.6  144.0   67.0  444.0
2018 293 10 20 1500  -31.2  794.9    0.9  119.0   65.0  444.0
2018 293 10 20 1800  -29.4  795.6    2.4  125.0   66.0  444.0
2018 293 10 20 2100  -28.0  795.8    1.8   98.0   67.1  444.0
2018 294 10 21 0000  -28.5  795.9  444.0  444.0   68.0  444.0
2018 294 10 21 0300  -31.2  795.4  444.0  444.0   72.0  444.0
2018 294 10 21 0600  -28.6  795.3  444.0  444.0   75.0  444.0
2018 294 10 21 0900  -27.4  795.1  444.0  444.0   75.7  444.0
2018 294 10 21 1200  -26.5  794.6  444.0  444.0   75.0  444.0
2018 294 10 21 1500  -25.8  793.7    2.1  252.0   73.0  444.0
2018 294 10 21 1800  -25.6  792.8    2.9  231.0   74.0  444.0
2018 294 10 21 2100  -25.6  792.2    2.5  194.0   72.7  444.0
2018 295 10 22 0000  -29.4  791.3    2.8  197.0   71.0  444.0
2018 295 10 22 0300  -34.6  790.3    3.5  176.0   70.0  444.0
2018 295 10 22 0600  -36.5  790.4    1.5  161.0   70.0  444.0
2018 295 10 22 0900  -38.2  790.7    4.4  133.0   67.0  444.0
2018 295 10 22 1200  -38.2  791.5    5.1  138.0   65.3  444.0
2018 295 10 22 1500  -37.0  791.7    3.3  130.0   63.8  444.0
2018 295 10 22 1800  -33.4  792.2    2.6  131.0   65.0  444.0
2018 295 10 22 2100  -31.2  792.4    3.1  109.0   67.0  444.0
2018 296 10 23 0000  -33.1  792.5    2.2  126.0   70.0  444.0
2018 296 10 23 0300  -32.5  792.3    4.1  117.0   71.0  444.0
2018 296 10 23 0600  -35.2  793.1    1.3  154.0   70.0  444.0
2018 296 10 23 0900  -38.0  793.4    1.2  144.0   68.0  444.0
2018 296 10 23 1200  -37.4  794.2    2.7  162.0   65.0  444.0
2018 296 10 23 1500  -35.1  794.3    3.1  134.0   65.0  444.0
2018 296 10 23 1800  -32.3  795.1    2.3  123.0   65.7  444.0
2018 296 10 23 2100  -31.0  795.2    5.0  111.0   68.0  444.0
2018 297 10 24 0000  -32.2  794.8    5.3  104.0   70.0  444.0
2018 297 10 24 0300  -33.5  794.3    4.3   99.0   70.0  444.0
2018 297 10 24 0600  -28.3  793.7    7.1   78.0   74.7  444.0
2018 297 10 24 0900  -25.0  793.1   10.5   70.0   77.0  444.0
2018 297 10 24 1200  -23.6  793.1   10.9   46.0   77.0  444.0
2018 297 10 24 1500  -23.5  793.7   12.9   44.0   76.0  444.0
2018 297 10 24 1800  -23.1  794.5   13.0   42.0   76.0  444.0
2018 297 10 24 2100  -23.4  795.5   13.4   43.0   75.5  444.0
2018 298 10 25 0000  -23.9  796.1   12.8   41.0   77.0  444.0
2018 298 10 25 0300  -24.1  796.3   12.8   41.0   78.0  444.0
2018 298 10 25 0600  -24.1  796.3   12.8   43.0   78.0  444.0
2018 298 10 25 0900  -23.5  795.6   14.4   51.0   78.2  444.0
2018 298 10 25 1200  -24.1  795.0   16.8   45.0   77.0  444.0
2018 298 10 25 1500  -23.4  796.6   14.8   42.0   76.0  444.0
2018 298 10 25 1800  -23.6  798.3   13.4   40.0   75.0  444.0
2018 298 10 25 2100  -23.7  799.3   12.4   43.0   75.1  444.0
2018 299 10 26 0000  -23.9  799.0   11.1   51.0   77.0  444.0
2018 299 10 26 0300  -24.0  798.4   13.9   42.0   77.6  444.0
2018 299 10 26 0600  -24.0  797.9   15.6   44.0   78.0  444.0
2018 299 10 26 0900  -23.5  797.4   15.9   49.0   78.0  444.0
2018 299 10 26 1200  -24.1  797.6   15.1   49.0   76.7  444.0
2018 299 10 26 1500  -22.9  797.0   16.4   50.0   76.0  444.0
2018 299 10 26 1800  -20.4  796.6   17.2   43.0   77.0  444.0
2018 299 10 26 2100  -20.2  796.8   16.6   36.0   79.0  444.0
2018 300 10 27 0000  -20.2  798.2   14.7   38.0   80.0  444.0
2018 300 10 27 0300  -21.0  799.2   12.5   42.0   80.0  444.0
2018 300 10 27 0600  -21.1  800.0   11.6   49.0   80.4  444.0
2018 300 10 27 0900  -18.7  799.5   12.6   44.0   82.0  444.0
2018 300 10 27 1200  -16.3  800.3   12.5   55.0   83.0  444.0
2018 300 10 27 1500  -14.3  800.2   10.9   64.0   83.0  444.0
2018 300 10 27 1800  -14.2  799.9   11.3   62.0   83.0  444.0
2018 300 10 27 2100  -13.9  799.5   10.2   75.0   83.0  444.0
2018 301 10 28 0000  -13.6  798.3   10.8   77.0   85.0  444.0
2018 301 10 28 0300  -14.5  797.2   12.3   68.0   85.0  444.0
2018 301 10 28 0600  -17.9  797.0   10.3  101.0   83.0  444.0
2018 301 10 28 0900  -19.3  796.3    9.4  110.0   81.0  444.0
2018 301 10 28 1200  -19.2  795.3   10.1  108.0   80.0  444.0
2018 301 10 28 1500  -19.1  794.9    8.6  112.0   79.0  444.0
2018 301 10 28 1800  -16.7  793.6    9.1  112.0   78.0  444.0
2018 301 10 28 2100  -16.6  793.0    9.4  115.0   80.0  444.0
2018 302 10 29 0000  -17.5  792.4    8.4  110.0   80.2  444.0
2018 302 10 29 0300  -20.0  791.6    9.8  112.0   79.0  444.0
2018 302 10 29 0600  -21.9  791.7    8.9  111.0   74.0  444.0
2018 302 10 29 0900  -23.0  790.9    9.2  122.0   74.0  444.0
2018 302 10 29 1200  -24.1  790.0   10.0  122.0   70.0  444.0
2018 302 10 29 1500  -22.9  789.8    9.5  118.0   68.0  444.0
2018 302 10 29 1800  -20.2  789.0   10.8  114.0   69.0  444.0
2018 302 10 29 2100  -20.5  788.9    9.6  116.0   71.7  444.0
2018 303 10 30 0000  -22.3  788.9    8.5  113.0   70.0  444.0
2018 303 10 30 0300  -25.0  788.7    8.6  113.0   68.1  444.0
2018 303 10 30 0600  -27.7  788.8    8.0  123.0   68.0  444.0
2018 303 10 30 0900  -30.4  789.3    7.2  121.0   65.0  444.0
2018 303 10 30 1200  -29.9  789.2    7.2  124.0   61.0  444.0
2018 303 10 30 1500  -27.9  789.0    6.0  124.0   59.0  444.0
2018 303 10 30 1800  -25.6  788.8    6.2  112.0   62.0  444.0
2018 303 10 30 2100  -24.9  789.2    5.3  107.0   64.0  444.0
2018 304 10 31 0000  -25.6  789.6    2.8  112.0   65.0  444.0
2018 304 10 31 0300  -23.9  790.2    6.2  103.0   67.0  444.0
2018 304 10 31 0600  -23.5  791.1    3.2  103.0   69.0  444.0
2018 304 10 31 0900  -22.9  791.7    4.8  108.0   70.0  444.0
2018 304 10 31 1200  -21.8  792.1    5.0  104.0   64.9  444.0
2018 304 10 31 1500  -19.3  792.0    6.1  104.0   71.0  444.0
2018 304 10 31 1800  -17.3  792.1    7.6   95.0   72.0  444.0
2018 304 10 31 2100  -18.3  792.8    6.1   64.0   71.7  444.0
