Year: 2018  Month: 02  ID: KTH  ARGOS:  8929  Name: Kathie              
Lat: 78.00S  Lon:  97.27W  Elev: 1600m
2018  32  2  1 0000  -16.1  808.0    4.2   90.0   65.8  444.0
2018  32  2  1 0300  -16.8  807.8    4.1  108.0   72.0  444.0
2018  32  2  1 0600  -18.4  808.0    3.3  107.0   75.0  444.0
2018  32  2  1 0900  -18.9  807.7    4.3  117.0   77.0  444.0
2018  32  2  1 1200  -18.8  807.5    5.1  105.0   72.0  444.0
2018  32  2  1 1500  -18.3  807.0    5.5  107.0   71.0  444.0
2018  32  2  1 1800  -16.7  806.6    7.3  113.0   69.0  444.0
2018  32  2  1 2100  -16.0  806.3    6.0  104.0   71.0  444.0
2018  33  2  2 0000  -16.9  805.7    4.6  112.0   71.0  444.0
2018  33  2  2 0300  -18.9  805.2    4.9  115.0   73.0  444.0
2018  33  2  2 0600  -21.3  804.6    7.1  123.0   73.0  444.0
2018  33  2  2 0900  -23.6  804.2    7.8  116.0   71.0  444.0
2018  33  2  2 1200  -23.5  804.0    8.2  130.0   69.0  444.0
2018  33  2  2 1500  -21.3  803.7   10.1  120.0   70.0  444.0
2018  33  2  2 1800  -19.4  803.0    9.9  124.0   68.8  444.0
2018  33  2  2 2100  -18.0  803.0    8.6  107.0   69.9  444.0
2018  34  2  3 0000  -19.0  802.6    9.7  114.0   72.0  444.0
2018  34  2  3 0300  -20.0  802.2    9.9  106.0   76.0  444.0
2018  34  2  3 0600  -19.9  802.7    8.4  113.0   76.4  444.0
2018  34  2  3 0900  -21.4  802.5    8.3  118.0   77.0  444.0
2018  34  2  3 1200  -22.5  802.7    7.6  108.0   74.0  444.0
2018  34  2  3 1500  -19.6  802.0    7.6  108.0   72.0  444.0
2018  34  2  3 1800  -18.2  801.5    8.9  105.0   75.0  444.0
2018  34  2  3 2100  -16.5  800.9    8.9   99.0   77.0  444.0
2018  35  2  4 0000  -15.6  800.8    7.5   89.0   80.0  444.0
2018  35  2  4 0300  -16.6  800.5    6.4   79.0   82.0  444.0
2018  35  2  4 0600  -18.3  800.5    8.2   96.0   81.0  444.0
2018  35  2  4 0900  -20.2  800.5    7.4  102.0   79.9  444.0
2018  35  2  4 1200  -20.8  800.6    8.8  102.0   78.0  444.0
2018  35  2  4 1500  -19.4  800.7    8.8  105.0   77.0  444.0
2018  35  2  4 1800  -17.8  800.9    8.5  101.0   76.0  444.0
2018  35  2  4 2100  -16.8  801.2    8.1   98.0   74.5  444.0
2018  36  2  5 0000  -16.6  802.0    6.8  106.0   76.0  444.0
2018  36  2  5 0300  -17.5  802.1    6.8  109.0   76.0  444.0
2018  36  2  5 0600  -21.0  802.7    4.1  116.0   78.0  444.0
2018  36  2  5 0900  -22.2  802.8    6.0  120.0   77.0  444.0
2018  36  2  5 1200  -21.9  803.0    6.4  119.0   72.8  444.0
2018  36  2  5 1500  -21.0  802.9    5.7  126.0   66.0  444.0
2018  36  2  5 1800  -19.6  802.7    3.4  113.0   63.1  444.0
2018  36  2  5 2100  -18.9  802.3    1.1  100.0   64.0  444.0
2018  37  2  6 0000  -20.4  802.0    2.7   91.0   72.0  444.0
2018  37  2  6 0300  -19.3  801.4    2.2  110.0   77.0  444.0
2018  37  2  6 0600  -18.9  800.7    4.1  120.0   79.0  444.0
2018  37  2  6 0900  -19.6  800.2    4.5  120.0   74.0  444.0
2018  37  2  6 1200  -20.2  800.1    3.9  131.0   70.0  444.0
2018  37  2  6 1500  -20.9  799.5    5.7  127.0   62.7  444.0
2018  37  2  6 1800  -21.4  799.0    4.7  165.0   67.0  444.0
2018  37  2  6 2100  -19.2  798.3    2.4  120.0   64.0  444.0
2018  38  2  7 0000  -21.1  798.6    2.6   55.0   72.0  444.0
2018  38  2  7 0300  -24.8  798.6    3.3   89.0   73.0  444.0
2018  38  2  7 0600  -21.4  798.8    1.9   90.0   77.0  444.0
2018  38  2  7 0900  -22.2  798.8    4.2  118.0   75.0  444.0
2018  38  2  7 1200  -23.0  798.8    5.3  125.0   73.0  444.0
2018  38  2  7 1500  -22.6  798.9    6.0  132.0   70.0  444.0
2018  38  2  7 1800  -20.8  799.1    4.5  122.0   66.0  444.0
2018  38  2  7 2100  -19.2  799.3    4.5  130.0   65.3  444.0
2018  39  2  8 0000  -19.9  799.8    2.8  155.0   68.1  444.0
2018  39  2  8 0300  -23.7  799.6    1.9  158.0   69.0  444.0
2018  39  2  8 0600  -27.4  799.4    1.6  202.0   66.0  444.0
2018  39  2  8 0900  -30.1  798.9    2.6  151.0   66.0  444.0
2018  39  2  8 1200  -28.6  799.1    0.8  170.0   58.0  444.0
2018  39  2  8 1500  -27.1  798.4    4.8  171.0   61.7  444.0
2018  39  2  8 1800  -23.7  798.1    2.9  152.0   63.0  444.0
2018  39  2  8 2100  -20.4  798.4    0.2  189.0   66.0  444.0
2018  40  2  9 0000  -19.3  798.0    2.7    7.0   77.0  444.0
2018  40  2  9 0300  -17.9  797.8    6.2  307.0   81.6  444.0
2018  40  2  9 0600  -20.8  798.6    5.5  289.0   79.0  444.0
2018  40  2  9 0900  -21.3  800.1    4.6  281.0   82.0  444.0
2018  40  2  9 1200  -16.9  800.8    4.3  302.0   82.0  444.0
2018  40  2  9 1500  -17.6  801.2    4.4  310.0   80.3  444.0
2018  40  2  9 1800  -14.5  801.6    5.4  279.0   81.1  444.0
2018  40  2  9 2100  -13.9  802.4    6.0  279.0   82.0  444.0
2018  41  2 10 0000  -14.6  803.2    5.8  269.0   83.0  444.0
2018  41  2 10 0300  -19.9  804.5    5.0  247.0   82.0  444.0
2018  41  2 10 0600  -24.0  805.9    4.5  257.0   77.1  444.0
2018  41  2 10 0900  -25.9  807.1    3.8  247.0   77.0  444.0
2018  41  2 10 1200  -23.0  807.8    4.8  230.0   75.0  444.0
2018  41  2 10 1500  -20.6  808.2    2.2  231.0   75.0  444.0
2018  41  2 10 1800  -17.8  808.6    2.2  223.0   77.8  444.0
2018  41  2 10 2100  -16.6  808.4    4.8  180.0   75.2  444.0
2018  42  2 11 0000  -18.8  808.0    4.1  179.0   72.0  444.0
2018  42  2 11 0300  -23.0  806.9    3.7  174.0   73.0  444.0
2018  42  2 11 0600  -25.1  805.9    5.6  172.0   75.0  444.0
2018  42  2 11 0900  -26.3  805.0    4.3  159.0   72.7  444.0
2018  42  2 11 1200  -25.6  803.2    4.9  176.0   71.0  444.0
2018  42  2 11 1500  -23.1  801.8    5.9  167.0   68.0  444.0
2018  42  2 11 1800  -20.9  800.9    3.6  138.0   65.0  444.0
2018  42  2 11 2100  -19.5  799.5    5.6  157.0   66.0  444.0
2018  43  2 12 0000  -21.2  798.4    5.1  179.0   68.0  444.0
2018  43  2 12 0300  -24.1  796.9    5.4  168.0   70.0  444.0
2018  43  2 12 0600  -27.9  795.7    5.5  176.0   73.0  444.0
2018  43  2 12 0900  -28.6  794.7    6.5  166.0   70.4  444.0
2018  43  2 12 1200  -27.1  793.1    8.0  157.0   66.7  444.0
2018  43  2 12 1500  -25.1  791.9    6.5  153.0   65.0  444.0
2018  43  2 12 1800  -23.6  790.4    6.9  160.0   65.0  444.0
2018  43  2 12 2100  -21.7  789.7    5.7  170.0   64.0  444.0
2018  44  2 13 0000  -22.6  788.3    6.4  172.0   68.2  444.0
2018  44  2 13 0300  -25.7  787.3    6.0  169.0   68.0  444.0
2018  44  2 13 0600  -29.3  786.5    6.0  163.0   69.0  444.0
2018  44  2 13 0900  -30.7  785.7    8.6  156.0   67.0  444.0
2018  44  2 13 1200  -30.5  785.6    7.9  164.0   64.5  444.0
2018  44  2 13 1500  -26.9  785.5    8.4  152.0   64.0  444.0
2018  44  2 13 1800  -24.9  785.5    6.0  154.0   67.0  444.0
2018  44  2 13 2100  -23.1  786.3    5.5  130.0   66.0  444.0
2018  45  2 14 0000  -24.0  786.5    4.0  129.0   68.9  444.0
2018  45  2 14 0300  -27.5  786.7    5.7  126.0   69.0  444.0
2018  45  2 14 0600  -30.6  786.6    6.5  126.0   69.0  444.0
2018  45  2 14 0900  -33.8  786.6    6.2  118.0   69.0  444.0
2018  45  2 14 1200  -33.0  786.3    6.4  122.0   69.0  444.0
2018  45  2 14 1500  -28.8  786.1    6.3  117.0   69.5  444.0
2018  45  2 14 1800  -27.9  786.2    5.1   92.0   68.2  444.0
2018  45  2 14 2100  -25.7  786.2    4.8  118.0   69.0  444.0
2018  46  2 15 0000  -24.9  786.9    4.8  115.0   72.0  444.0
2018  46  2 15 0300  -26.6  787.4    4.3  114.0   74.3  444.0
2018  46  2 15 0600  -29.5  788.5    3.5  128.0   74.0  444.0
2018  46  2 15 0900  -33.5  789.1    3.5  121.0   70.0  444.0
2018  46  2 15 1200  -35.1  789.5    3.2  135.0   66.8  444.0
2018  46  2 15 1500  -32.5  789.6    5.6  124.0   66.0  444.0
2018  46  2 15 1800  -29.4  790.1    4.4  118.0   67.0  444.0
2018  46  2 15 2100  -28.9  790.8    3.8  119.0   69.0  444.0
2018  47  2 16 0000  -29.2  790.8    5.1  108.0   70.0  444.0
2018  47  2 16 0300  -28.7  790.8    5.2  112.0   73.0  444.0
2018  47  2 16 0600  -28.0  791.4    3.1  110.0   75.0  444.0
2018  47  2 16 0900  -27.9  791.9    3.5  108.0   75.3  444.0
2018  47  2 16 1200  -27.4  792.6    3.5  109.0   76.0  444.0
2018  47  2 16 1500  -26.7  793.5    3.1  105.0   74.0  444.0
2018  47  2 16 1800  -25.5  794.5    4.2  102.0   73.0  444.0
2018  47  2 16 2100  -25.8  795.7    4.7  103.0   70.0  444.0
2018  48  2 17 0000  -28.0  796.6    5.4  114.0   67.0  444.0
2018  48  2 17 0300  -31.0  797.4    5.1  114.0   68.2  444.0
2018  48  2 17 0600  -33.3  798.7    3.9  100.0   70.0  444.0
2018  48  2 17 0900  -30.8  800.2    2.1   75.0   73.0  444.0
2018  48  2 17 1200  -27.3  801.6    2.1   79.0   75.0  444.0
2018  48  2 17 1500  -28.1  802.9    2.5   78.0   72.0  444.0
2018  48  2 17 1800  -25.2  804.2    3.7   34.0   73.0  444.0
2018  48  2 17 2100  -23.6  805.5    2.5   22.0   73.0  444.0
2018  49  2 18 0000  -23.8  806.6    2.5   23.0   75.0  444.0
2018  49  2 18 0300  -30.0  807.4    1.8  106.0   73.0  444.0
2018  49  2 18 0600  -31.3  808.3    2.0  130.0   72.7  444.0
2018  49  2 18 0900  -31.9  808.4    4.4  138.0   72.0  444.0
2018  49  2 18 1200  -30.5  808.7    5.1  141.0   72.0  444.0
2018  49  2 18 1500  -31.3  808.9    3.3  141.0   69.0  444.0
2018  49  2 18 1800  -28.5  809.3    3.1  146.0   69.0  444.0
2018  49  2 18 2100  -27.3  809.6    3.8  147.0   70.0  444.0
2018  50  2 19 0000  -26.9  810.0    0.6  258.0   72.0  444.0
2018  50  2 19 0300  -28.1  809.5    0.7  149.0   72.0  444.0
2018  50  2 19 0600  -29.5  809.1    0.9  200.0   74.0  444.0
2018  50  2 19 0900  -32.8  808.3    0.7  132.0   70.4  444.0
2018  50  2 19 1200  -30.3  807.8    0.4  194.0   72.0  444.0
2018  50  2 19 1500  -26.1  807.1    0.5  224.0   73.0  444.0
2018  50  2 19 1800  -22.5  806.5    2.5  242.0   74.2  444.0
2018  50  2 19 2100  -22.9  806.4    3.2  254.0   72.0  444.0
2018  51  2 20 0000  -24.0  806.3    1.7  231.0   74.0  444.0
2018  51  2 20 0300  -26.5  806.3    1.9  212.0   75.0  444.0
2018  51  2 20 0600  -29.5  805.9    3.0  183.0   75.0  444.0
2018  51  2 20 0900  -32.2  805.5    1.9  144.0   72.0  444.0
2018  51  2 20 1200  -31.8  805.2    2.4  130.0   70.0  444.0
2018  51  2 20 1500  -27.9  804.6    0.7   93.0   70.0  444.0
2018  51  2 20 1800  -24.8  803.6    0.4  203.0   70.0  444.0
2018  51  2 20 2100  -22.6  802.6    2.1  208.0   69.2  444.0
2018  52  2 21 0000  -21.6  802.1    1.0  187.0   69.0  444.0
2018  52  2 21 0300  -16.4  801.4    2.6  148.0   84.0  444.0
2018  52  2 21 0600  -26.3  801.3    2.3  143.0   77.0  444.0
2018  52  2 21 0900  -19.0  801.2    5.4  136.0   82.0  444.0
2018  52  2 21 1200  -23.6  801.8    3.0  144.0   77.0  444.0
2018  52  2 21 1500  -22.6  801.8    3.4  121.0   74.4  444.0
2018  52  2 21 1800  -21.0  801.8    5.8  127.0   75.0  444.0
2018  52  2 21 2100  -18.0  802.2    3.5  146.0   74.0  444.0
2018  53  2 22 0000  -19.2  802.5    3.8  138.0   76.0  444.0
2018  53  2 22 0300  -20.8  802.3    3.6  134.0   80.0  444.0
2018  53  2 22 0600  -18.8  802.3    3.2  149.0   80.0  444.0
2018  53  2 22 0900  -19.6  801.9    3.6  146.0   80.0  444.0
2018  53  2 22 1200  -19.5  801.6    4.6  129.0   79.0  444.0
2018  53  2 22 1500  -17.8  801.1    4.7  122.0   75.0  444.0
2018  53  2 22 1800  -14.8  800.8    5.8  120.0   76.2  444.0
2018  53  2 22 2100  -14.4  800.5    5.9  117.0   76.0  444.0
2018  54  2 23 0000  -16.6  800.2    5.9  111.0   77.0  444.0
2018  54  2 23 0300  -20.9  800.4    3.1  124.0   81.0  444.0
2018  54  2 23 0600  -20.5  800.1    4.1  100.0   80.9  444.0
2018  54  2 23 0900  -19.2  800.2    2.7  129.0   79.0  444.0
2018  54  2 23 1200  -19.4  799.5    2.6  150.0   79.0  444.0
2018  54  2 23 1500  -18.9  798.9    7.3  113.0   75.0  444.0
2018  54  2 23 1800  -18.4  798.7    5.4   99.0   72.0  444.0
2018  54  2 23 2100  -19.0  798.1    2.1   96.0   68.0  444.0
2018  55  2 24 0000  -20.5  797.6    1.6  117.0   73.0  444.0
2018  55  2 24 0300  -21.2  796.8    1.4  132.0   75.0  444.0
2018  55  2 24 0600  -23.5  796.3    1.7  196.0   80.0  444.0
2018  55  2 24 0900  -27.8  795.5    0.3   70.0   77.0  444.0
2018  55  2 24 1200  -27.3  795.4    1.3  116.0   73.2  444.0
2018  55  2 24 1500  -23.1  795.3    2.9  130.0   74.0  444.0
2018  55  2 24 1800  -16.9  795.5    0.8  177.0   80.0  444.0
2018  55  2 24 2100  -15.5  795.7    1.7  213.0   72.0  444.0
2018  56  2 25 0000  -15.3  796.1    0.6  218.0   73.8  444.0
2018  56  2 25 0300  -17.9  796.3    2.0  258.0   84.0  444.0
2018  56  2 25 0600  -28.4  797.1    4.6  163.0   75.0  444.0
2018  56  2 25 0900  -32.0  798.1    3.0  173.0   73.0  444.0
2018  56  2 25 1200  -31.1  798.5    4.6  170.0   71.0  444.0
2018  56  2 25 1500  -30.0  799.5    4.4  152.0   67.8  444.0
2018  56  2 25 1800  -26.3  800.0    3.6  145.0   64.7  444.0
2018  56  2 25 2100  -24.2  800.7    1.8  150.0   65.0  444.0
2018  57  2 26 0000  -23.1  800.9    4.2  170.0   73.0  444.0
2018  57  2 26 0300  -26.6  801.3    4.9  168.0   76.0  444.0
2018  57  2 26 0600  -29.4  801.5    1.2  155.0   75.6  444.0
2018  57  2 26 0900  -29.8  801.8    2.1  159.0   74.0  444.0
2018  57  2 26 1200  -30.7  801.8    2.2  154.0   70.0  444.0
2018  57  2 26 1500  -27.9  802.1    1.3  172.0   70.0  444.0
2018  57  2 26 1800  -25.6  802.1    2.1  141.0   70.0  444.0
2018  57  2 26 2100  -23.7  802.4    2.3  175.0   68.0  444.0
2018  58  2 27 0000  -24.3  802.7    1.6  183.0   66.0  444.0
2018  58  2 27 0300  -28.0  802.9    1.9  182.0   68.0  444.0
2018  58  2 27 0600  -31.1  803.0    0.6  107.0   72.0  444.0
2018  58  2 27 0900  -31.0  803.5    1.4  214.0   76.0  444.0
2018  58  2 27 1200  -31.8  803.2    1.8  176.0   69.9  444.0
2018  58  2 27 1500  -30.1  803.4    2.7  169.0   69.0  444.0
2018  58  2 27 1800  -25.5  803.5    2.0  179.0   70.9  444.0
2018  58  2 27 2100  -24.0  803.7    3.2  191.0   70.0  444.0
2018  59  2 28 0000  -23.1  803.4    3.2  168.0   72.8  444.0
2018  59  2 28 0300  -24.6  803.1    1.0  157.0   73.0  444.0
2018  59  2 28 0600  -23.7  802.6    0.6  152.0   76.0  444.0
2018  59  2 28 0900  -23.7  802.0    0.7  170.0   76.2  444.0
2018  59  2 28 1200  -23.4  801.5    0.9  180.0   75.0  444.0
2018  59  2 28 1500  -19.9  800.8    3.8  183.0   77.0  444.0
2018  59  2 28 1800  -21.6  800.4    1.6  182.0   70.0  444.0
2018  59  2 28 2100  -20.8  800.3    2.1  161.0   70.2  444.0
