Year: 2018  Month: 05  ID: KTH  ARGOS:  8929  Name: Kathie              
Lat: 78.00S  Lon:  97.27W  Elev: 1600m
2018 121  5  1 0000  -35.0  789.7    8.7  107.0   70.0  444.0
2018 121  5  1 0300  -35.3  789.2    8.6  102.0   70.0  444.0
2018 121  5  1 0600  -37.1  789.0    6.8  109.0   69.0  444.0
2018 121  5  1 0900  -37.9  788.2    6.2  108.0   68.0  444.0
2018 121  5  1 1200  -40.9  787.7    4.0  102.0   67.0  444.0
2018 121  5  1 1500  -40.4  787.8    3.2  123.0   68.0  444.0
2018 121  5  1 1800  -41.6  787.4    2.7  122.0   66.0  444.0
2018 121  5  1 2100  -41.4  786.8    6.4  118.0   66.1  444.0
2018 122  5  2 0000  -41.3  786.9    7.5  117.0   66.0  444.0
2018 122  5  2 0300  -42.6  787.1    5.5  113.0   65.4  444.0
2018 122  5  2 0600  -42.4  787.1    6.2  118.0   65.0  444.0
2018 122  5  2 0900  -44.4  787.7    6.3  117.0   64.3  444.0
2018 122  5  2 1200  -40.7  787.8    8.1  113.0   67.0  444.0
2018 122  5  2 1500  -42.0  787.5    6.9  119.0   66.0  444.0
2018 122  5  2 1800  -42.8  787.5    6.8  116.0   65.1  444.0
2018 122  5  2 2100  -43.3  788.2    6.5  110.0   65.0  444.0
2018 123  5  3 0000  -43.5  787.9    7.6  118.0   65.0  444.0
2018 123  5  3 0300  -44.0  787.9    8.3  118.0   65.0  444.0
2018 123  5  3 0600  -43.8  787.6    9.5  119.0   65.0  444.0
2018 123  5  3 0900  -43.0  787.9    9.2  125.0   65.0  444.0
2018 123  5  3 1200  -43.3  788.3    9.7  122.0   64.8  444.0
2018 123  5  3 1500  -43.8  789.2    8.2  124.0   64.0  444.0
2018 123  5  3 1800  -43.8  789.7    7.7  122.0   64.0  444.0
2018 123  5  3 2100  -42.3  790.1    7.8  122.0   65.0  444.0
2018 124  5  4 0000  -39.3  790.8    6.8  119.0   67.0  444.0
2018 124  5  4 0300  -40.2  790.8    6.6  117.0   66.0  444.0
2018 124  5  4 0600  -39.3  790.8    6.2  122.0   67.1  444.0
2018 124  5  4 0900  -37.8  790.5    5.5  127.0   68.0  444.0
2018 124  5  4 1200  -38.1  790.5    4.9  146.0   68.0  444.0
2018 124  5  4 1500  -39.0  789.9    3.1  138.0   67.0  444.0
2018 124  5  4 1800  -40.1  789.7    1.0  122.0   66.0  444.0
2018 124  5  4 2100  -42.2  790.0    4.1  119.0   65.0  444.0
2018 125  5  5 0000  -42.0  790.4    4.2  138.0   66.0  444.0
2018 125  5  5 0300  -41.3  790.4    3.6  134.0   65.6  444.0
2018 125  5  5 0600  -42.8  790.0    4.5  139.0   65.0  444.0
2018 125  5  5 0900  -40.7  789.8    4.1  136.0   66.2  444.0
2018 125  5  5 1200  -42.9  788.8    4.0  128.0   65.0  444.0
2018 125  5  5 1500  -43.2  787.7    2.7  136.0   65.0  444.0
2018 125  5  5 1800  -43.0  786.7    3.4  122.0   65.0  444.0
2018 125  5  5 2100  -44.4  785.4    2.0  124.0   63.8  444.0
2018 126  5  6 0000  -45.4  784.0    1.9  126.0   63.0  444.0
2018 126  5  6 0300  -44.7  782.4  444.0  444.0   64.0  444.0
2018 126  5  6 0600  -41.9  781.1  444.0  444.0   65.0  444.0
2018 126  5  6 0900  -42.7  780.1  444.0  444.0   65.0  444.0
2018 126  5  6 1200  -45.0  779.3  444.0  444.0   63.0  444.0
2018 126  5  6 1500  -45.6  778.6  444.0  444.0   63.0  444.0
2018 126  5  6 1800  -46.4  778.6  444.0  444.0   62.0  444.0
2018 126  5  6 2100  -46.1  778.5  444.0  444.0   62.6  444.0
2018 127  5  7 0000  -47.1  778.9  444.0  444.0   62.0  444.0
2018 127  5  7 0300  -47.8  779.5  444.0  444.0   61.4  444.0
2018 127  5  7 0600  -49.4  780.9  444.0  444.0   60.0  444.0
2018 127  5  7 0900  -49.6  783.7  444.0  444.0   60.0  444.0
2018 127  5  7 1200  -50.7  786.3  444.0  444.0   59.0  444.0
2018 127  5  7 1500  -50.9  788.7  444.0  444.0   59.0  444.0
2018 127  5  7 1800  -50.8  791.0  444.0  444.0   59.0  444.0
2018 127  5  7 2100  -50.6  793.2  444.0  444.0   59.0  444.0
2018 128  5  8 0000  -50.1  794.1  444.0  444.0   60.0  444.0
2018 128  5  8 0300  -49.5  795.1    2.6  116.0   60.0  444.0
2018 128  5  8 0600  -46.8  795.9    2.8  115.0   62.2  444.0
2018 128  5  8 0900  -45.5  796.2    3.0  116.0   63.0  444.0
2018 128  5  8 1200  -45.0  796.4    3.1  116.0   63.2  444.0
2018 128  5  8 1500  -45.2  796.3    3.6  119.0   63.0  444.0
2018 128  5  8 1800  -45.9  796.3    3.3  117.0   63.0  444.0
2018 128  5  8 2100  -42.2  796.2    2.7  117.0   65.0  444.0
2018 129  5  9 0000  -39.4  795.4    1.6   96.0   66.7  444.0
2018 129  5  9 0300  -37.9  794.4    1.6  106.0   68.0  444.0
2018 129  5  9 0600  -37.7  793.2  444.0  444.0   67.9  444.0
2018 129  5  9 0900  -40.3  792.5  444.0  444.0   66.0  444.0
2018 129  5  9 1200  -39.1  792.0  444.0  444.0   67.0  444.0
2018 129  5  9 1500  -36.4  792.0  444.0  444.0   68.7  444.0
2018 129  5  9 1800  -34.6  792.3    0.3   51.0   70.0  444.0
2018 129  5  9 2100  -34.3  792.1    1.5   51.0   70.0  444.0
2018 130  5 10 0000  -33.1  791.1    3.4   76.0   71.0  444.0
2018 130  5 10 0300  -31.8  789.5    7.2   68.0   71.6  444.0
2018 130  5 10 0600  -29.6  788.5    6.7   77.0   73.0  444.0
2018 130  5 10 0900  -29.0  787.6    5.9   55.0   73.8  444.0
2018 130  5 10 1200  -28.6  788.7    5.6   37.0   74.0  444.0
2018 130  5 10 1500  -29.1  790.8    2.2   30.0   74.0  444.0
2018 130  5 10 1800  -27.0  794.1    0.1   79.0   75.0  444.0
2018 130  5 10 2100  -27.7  796.9    0.0    0.0   75.0  444.0
2018 131  5 11 0000  -24.9  798.7    3.5   59.0   77.5  444.0
2018 131  5 11 0300  -23.8  799.9    4.6   47.0   78.0  444.0
2018 131  5 11 0600  -22.5  800.0    6.1   42.0   79.0  444.0
2018 131  5 11 0900  -21.3  800.6    5.9   40.0   80.0  444.0
2018 131  5 11 1200  -20.4  799.9    7.2   53.0   81.0  444.0
2018 131  5 11 1500  -18.7  798.2   10.9   44.0   82.0  444.0
2018 131  5 11 1800  -19.7  797.1   13.0   49.0   82.0  444.0
2018 131  5 11 2100  -20.0  796.7   11.5   40.0   81.0  444.0
2018 132  5 12 0000  -20.4  797.1    9.1   38.0   81.1  444.0
2018 132  5 12 0300  -22.1  797.8   10.3   34.0   80.0  444.0
2018 132  5 12 0600  -23.0  798.9   10.8   32.0   79.0  444.0
2018 132  5 12 0900  -23.7  800.3    6.7   34.0   79.0  444.0
2018 132  5 12 1200  -24.7  801.8    5.7   35.0   78.0  444.0
2018 132  5 12 1500  -26.9  802.8    5.0   53.0   76.5  444.0
2018 132  5 12 1800  -25.8  802.8    5.0   60.0   77.2  444.0
2018 132  5 12 2100  -25.3  802.1    7.0   74.0   78.0  444.0
2018 133  5 13 0000  -24.3  800.6    8.8   72.0   78.2  444.0
2018 133  5 13 0300  -24.0  798.6    9.5   57.0   78.4  444.0
2018 133  5 13 0600  -23.8  797.4    9.7   60.0   79.0  444.0
2018 133  5 13 0900  -23.1  796.1   12.6   54.0   79.0  444.0
2018 133  5 13 1200  -22.9  795.3   13.0   49.0   79.0  444.0
2018 133  5 13 1500  -23.6  793.7   14.6   45.0   79.0  444.0
2018 133  5 13 1800  -23.9  792.0   15.2   53.0   79.0  444.0
2018 133  5 13 2100  -23.2  788.6   15.9   58.0   79.1  444.0
2018 134  5 14 0000  -22.4  786.9   18.4   59.0   80.0  444.0
2018 134  5 14 0300  -21.5  785.4   18.3   55.0   80.0  444.0
2018 134  5 14 0600  -22.3  786.0   18.4   41.0   78.0  444.0
2018 134  5 14 0900  -26.5  789.0   15.0   25.0   76.1  444.0
2018 134  5 14 1200  -28.2  791.9    8.0   27.0   75.0  444.0
2018 134  5 14 1500  -31.5  793.4    6.6   40.0   73.0  444.0
2018 134  5 14 1800  -32.5  795.3    5.9   41.0   72.0  444.0
2018 134  5 14 2100  -33.3  798.6  444.0  444.0   71.7  444.0
2018 135  5 15 0000  -31.9  801.3  444.0  444.0   73.0  444.0
2018 135  5 15 0300  -28.7  803.9  444.0  444.0   74.8  444.0
2018 135  5 15 0600  -28.8  806.8    2.1  289.0   74.0  444.0
2018 135  5 15 0900  -29.4  809.8    0.0  289.0   74.0  444.0
2018 135  5 15 1200  -31.5  811.8    3.3  289.0   72.6  444.0
2018 135  5 15 1500  -35.5  812.5    6.3  105.0   70.0  444.0
2018 135  5 15 1800  -35.5  811.7    7.1  109.0   70.0  444.0
2018 135  5 15 2100  -27.1  809.4    9.8   74.0   76.0  444.0
2018 136  5 16 0000  -23.2  806.3   13.6   50.0   78.6  444.0
2018 136  5 16 0300  -22.7  804.6   12.1   38.0   79.0  444.0
2018 136  5 16 0600  -18.5  804.8   10.3    6.0   82.7  444.0
2018 136  5 16 0900  -17.1  806.2   10.8  329.0   84.0  444.0
2018 136  5 16 1200  -17.9  807.1   10.3  337.0   83.0  444.0
2018 136  5 16 1500  -17.4  806.3   11.3  334.0   84.0  444.0
2018 136  5 16 1800  -20.4  807.5   10.1  307.0   81.0  444.0
2018 136  5 16 2100  -24.4  808.7    5.8  289.0   79.0  444.0
2018 137  5 17 0000  -25.7  809.3  444.0  444.0   78.0  444.0
2018 137  5 17 0300  -26.5  809.7  444.0  444.0   77.0  444.0
2018 137  5 17 0600  -29.2  809.8  444.0  444.0   75.0  444.0
2018 137  5 17 0900  -34.5  810.1  444.0  444.0   71.2  444.0
2018 137  5 17 1200  -33.3  810.4  444.0  444.0   71.0  444.0
2018 137  5 17 1500  -38.1  810.4  444.0  444.0   69.0  444.0
2018 137  5 17 1800  -39.5  810.3  444.0  444.0   68.0  444.0
2018 137  5 17 2100  -40.5  809.6  444.0  444.0   67.0  444.0
2018 138  5 18 0000  -41.0  809.1  444.0  444.0   67.0  444.0
2018 138  5 18 0300  -42.2  807.2  444.0  444.0   66.0  444.0
2018 138  5 18 0600  -40.1  805.9    4.5  161.0   68.0  444.0
2018 138  5 18 0900  -41.1  804.2    4.7  161.0   67.0  444.0
2018 138  5 18 1200  -38.9  801.9    8.9  124.0   68.0  444.0
2018 138  5 18 1500  -37.9  800.0    8.8  124.0   69.0  444.0
2018 138  5 18 1800  -34.5  797.7   11.2  121.0   71.0  444.0
2018 138  5 18 2100  -31.0  795.8   11.5  109.0   73.0  444.0
2018 139  5 19 0000  -28.2  794.7   10.9  106.0   75.0  444.0
2018 139  5 19 0300  -27.0  793.6   11.2   75.0   75.6  444.0
2018 139  5 19 0600  -27.7  793.1   11.2   67.0   75.0  444.0
2018 139  5 19 0900  -28.6  792.4   13.3   53.0   74.0  444.0
2018 139  5 19 1200  -29.5  791.4   15.2   38.0   74.0  444.0
2018 139  5 19 1500  -30.2  792.1   16.0   37.0   73.1  444.0
2018 139  5 19 1800  -30.8  793.0   15.2   36.0   73.0  444.0
2018 139  5 19 2100  -31.6  794.2   13.6   41.0   72.2  444.0
2018 140  5 20 0000  -31.7  794.1   12.6   49.0   72.0  444.0
2018 140  5 20 0300  -31.1  793.0   12.4   43.0   73.0  444.0
2018 140  5 20 0600  -30.5  792.2   14.2   39.0   73.0  444.0
2018 140  5 20 0900  -31.2  791.3   16.0   34.0   72.0  444.0
2018 140  5 20 1200  -32.2  792.8   14.2   31.0   71.6  444.0
2018 140  5 20 1500  -33.0  793.3   12.2   31.0   71.0  444.0
2018 140  5 20 1800  -33.8  795.4    8.2   38.0   70.9  444.0
2018 140  5 20 2100  -34.0  796.8    6.4   41.0   71.0  444.0
2018 141  5 21 0000  -36.5  798.1  444.0  444.0   69.2  444.0
2018 141  5 21 0300  -43.2  798.7  444.0  444.0   65.0  444.0
2018 141  5 21 0600  -45.5  799.2  444.0  444.0   64.0  444.0
2018 141  5 21 0900  -46.6  799.5  444.0  444.0   63.0  444.0
2018 141  5 21 1200  -46.4  799.7  444.0  444.0   63.0  444.0
2018 141  5 21 1500  -46.8  799.6  444.0  444.0   62.9  444.0
2018 141  5 21 1800  -45.8  799.3  444.0  444.0   64.0  444.0
2018 141  5 21 2100  -45.6  799.0    1.8   62.0   63.6  444.0
2018 142  5 22 0000  -46.1  798.5    2.9   73.0   63.0  444.0
2018 142  5 22 0300  -45.3  797.7  444.0  444.0   64.0  444.0
2018 142  5 22 0600  -44.9  796.2  444.0  444.0   64.0  444.0
2018 142  5 22 0900  -42.3  795.1  444.0  444.0   66.0  444.0
2018 142  5 22 1200  -35.9  794.2   10.8  162.0   70.0  444.0
2018 142  5 22 1500  -36.0  795.2    8.2  154.0   69.0  444.0
2018 142  5 22 1800  -37.3  796.9    5.4  142.0   69.0  444.0
2018 142  5 22 2100  -31.1  797.6    8.6  148.0   72.0  444.0
2018 143  5 23 0000  -35.0  799.2    8.6  173.0   70.0  444.0
2018 143  5 23 0300  -35.5  799.0    8.7  143.0   70.0  444.0
2018 143  5 23 0600  -35.5  799.4    6.6  149.0   70.0  444.0
2018 143  5 23 0900  -37.1  799.2    7.7  153.0   68.9  444.0
2018 143  5 23 1200  -37.8  799.0    5.5  164.0   68.0  444.0
2018 143  5 23 1500  -39.0  797.7    5.0  149.0   67.6  444.0
2018 143  5 23 1800  -40.4  797.1    4.8  144.0   67.0  444.0
2018 143  5 23 2100  -40.6  796.4    4.7  147.0   66.7  444.0
2018 144  5 24 0000  -34.8  796.0    5.3  147.0   70.0  444.0
2018 144  5 24 0300  -37.8  796.0    5.1  151.0   68.0  444.0
2018 144  5 24 0600  -37.9  797.4    2.9  143.0   68.0  444.0
2018 144  5 24 0900  -37.1  798.6    4.6  140.0   69.0  444.0
2018 144  5 24 1200  -38.3  799.9    5.1  157.0   67.9  444.0
2018 144  5 24 1500  -39.6  800.4  444.0  444.0   67.0  444.0
2018 144  5 24 1800  -40.0  800.0  444.0  444.0   67.0  444.0
2018 144  5 24 2100  -39.3  798.7  444.0  444.0   67.0  444.0
2018 145  5 25 0000  -35.4  796.5  444.0  444.0   69.5  444.0
2018 145  5 25 0300  -32.5  793.6  444.0  444.0   71.0  444.0
2018 145  5 25 0600  -30.2  790.3  444.0  444.0   73.1  444.0
2018 145  5 25 0900  -29.9  788.3  444.0  444.0   73.0  444.0
2018 145  5 25 1200  -30.6  787.3  444.0  444.0   73.0  444.0
2018 145  5 25 1500  -32.8  786.9  444.0  444.0   71.0  444.0
2018 145  5 25 1800  -31.6  787.4  444.0  444.0   72.3  444.0
2018 145  5 25 2100  -35.6  787.9  444.0  444.0   69.6  444.0
2018 146  5 26 0000  -39.4  788.5  444.0  444.0   68.0  444.0
2018 146  5 26 0300  -44.2  788.2  444.0  444.0   64.0  444.0
2018 146  5 26 0600  -43.3  788.4  444.0  444.0   65.0  444.0
2018 146  5 26 0900  -41.7  789.3  444.0  444.0   66.2  444.0
2018 146  5 26 1200  -41.9  790.3  444.0  444.0   66.0  444.0
2018 146  5 26 1500  -41.7  791.1    8.2  130.0   66.0  444.0
2018 146  5 26 1800  -43.9  792.6    6.5  121.0   64.0  444.0
2018 146  5 26 2100  -44.7  793.8    6.0  125.0   64.0  444.0
2018 147  5 27 0000  -42.8  794.0    7.1  130.0   65.0  444.0
2018 147  5 27 0300  -41.0  793.3    6.7  118.0   66.0  444.0
2018 147  5 27 0600  -42.5  792.4    7.3  135.0   65.0  444.0
2018 147  5 27 0900  -42.4  792.0    9.1  127.0   65.0  444.0
2018 147  5 27 1200  -41.9  791.2    7.4  131.0   66.0  444.0
2018 147  5 27 1500  -41.5  790.7    7.7  118.0   66.0  444.0
2018 147  5 27 1800  -41.0  790.1    9.9  124.0   66.0  444.0
2018 147  5 27 2100  -41.4  790.3    9.7  116.0   66.0  444.0
2018 148  5 28 0000  -40.7  791.0    8.6  123.0   66.0  444.0
2018 148  5 28 0300  -40.1  791.6    7.3  122.0   67.0  444.0
2018 148  5 28 0600  -40.4  792.3    6.9  124.0   67.0  444.0
2018 148  5 28 0900  -40.6  792.8    6.7  124.0   66.0  444.0
2018 148  5 28 1200  -41.1  793.0    4.4  133.0   66.0  444.0
2018 148  5 28 1500  -40.8  792.7    5.0  127.0   66.0  444.0
2018 148  5 28 1800  -40.7  792.0    3.9  129.0   67.0  444.0
2018 148  5 28 2100  -42.9  790.7  444.0  444.0   65.0  444.0
2018 149  5 29 0000  -42.1  788.8  444.0  444.0   65.0  444.0
2018 149  5 29 0300  -43.1  786.5  444.0  444.0   65.0  444.0
2018 149  5 29 0600  -42.0  784.9    6.4  126.0   66.0  444.0
2018 149  5 29 0900  -42.3  784.7    5.6  129.0   65.0  444.0
2018 149  5 29 1200  -39.2  785.4    8.3  120.0   67.0  444.0
2018 149  5 29 1500  -38.6  786.4    8.6  129.0   67.0  444.0
2018 149  5 29 1800  -38.7  788.5    3.8  124.0   67.5  444.0
2018 149  5 29 2100  -38.3  788.9    9.7  117.0   68.0  444.0
2018 150  5 30 0000  -35.8  790.4    9.4  119.0   69.4  444.0
2018 150  5 30 0300  -35.6  790.6    9.8  121.0   69.0  444.0
2018 150  5 30 0600  -35.4  790.2   11.9  119.0   69.4  444.0
2018 150  5 30 0900  -34.7  791.4   11.8  109.0   70.0  444.0
2018 150  5 30 1200  -34.8  791.9   12.7  111.0   69.8  444.0
2018 150  5 30 1500  -36.4  793.3   11.8  121.0   69.0  444.0
2018 150  5 30 1800  -37.4  793.1   14.6  124.0   68.0  444.0
2018 150  5 30 2100  -38.4  794.5    9.9  124.0   67.9  444.0
2018 151  5 31 0000  -36.1  795.2    7.0  126.0   68.9  444.0
2018 151  5 31 0300  -34.9  793.3   10.3  125.0   69.8  444.0
2018 151  5 31 0600  -34.0  792.8    8.4  135.0   70.0  444.0
2018 151  5 31 0900  -34.5  791.8    7.4  137.0   69.9  444.0
2018 151  5 31 1200  -32.0  791.3   10.2  114.0   72.0  444.0
2018 151  5 31 1500  -32.5  791.2   10.0  137.0   71.2  444.0
2018 151  5 31 1800  -30.1  789.8   15.3  123.0   73.0  444.0
2018 151  5 31 2100  -32.5  791.8    6.1  109.0   71.0  444.0
