Year: 2018  Month: 08  ID: KTH  ARGOS:  8929  Name: Kathie              
Lat: 78.00S  Lon:  97.27W  Elev: 1600m
2018 213  8  1 0000  -44.0  798.4  444.0  444.0   64.1  444.0
2018 213  8  1 0300  -43.5  797.9  444.0  444.0   65.0  444.0
2018 213  8  1 0600  -45.8  797.6  444.0  444.0   63.0  444.0
2018 213  8  1 0900  -44.9  797.5  444.0  444.0   64.0  444.0
2018 213  8  1 1200  -45.5  796.6  444.0  444.0   63.0  444.0
2018 213  8  1 1500  -47.3  797.0  444.0  444.0   62.0  444.0
2018 213  8  1 1800  -49.7  796.1  444.0  444.0   60.0  444.0
2018 213  8  1 2100  -49.6  795.2  444.0  444.0   61.0  444.0
2018 214  8  2 0000  -50.5  793.7  444.0  444.0   59.9  444.0
2018 214  8  2 0300  -50.2  792.1  444.0  444.0   60.0  444.0
2018 214  8  2 0600  -49.6  790.2  444.0  444.0   60.0  444.0
2018 214  8  2 0900  -49.7  788.4  444.0  444.0   60.0  444.0
2018 214  8  2 1200  -50.1  787.0  444.0  444.0   60.0  444.0
2018 214  8  2 1500  -47.7  786.2  444.0  444.0   62.0  444.0
2018 214  8  2 1800  -45.8  785.6  444.0  444.0   62.6  444.0
2018 214  8  2 2100  -43.8  786.0  444.0  444.0   64.0  444.0
2018 215  8  3 0000  -41.6  788.0  444.0  444.0   65.5  444.0
2018 215  8  3 0300  -41.1  790.0  444.0  444.0   66.0  444.0
2018 215  8  3 0600  -39.6  791.4  444.0  444.0   67.0  444.0
2018 215  8  3 0900  -40.1  792.8  444.0  444.0   66.0  444.0
2018 215  8  3 1200  -39.2  793.6  444.0  444.0   67.0  444.0
2018 215  8  3 1500  -39.7  792.8  444.0  444.0   67.0  444.0
2018 215  8  3 1800  -40.9  793.0  444.0  444.0   66.0  444.0
2018 215  8  3 2100  -43.6  791.6  444.0  444.0   65.0  444.0
2018 216  8  4 0000  -44.8  790.7  444.0  444.0   64.0  444.0
2018 216  8  4 0300  -45.8  789.2  444.0  444.0   62.7  444.0
2018 216  8  4 0600  -45.5  788.5  444.0  444.0   63.0  444.0
2018 216  8  4 0900  -45.4  787.4  444.0  444.0   63.0  444.0
2018 216  8  4 1200  -46.4  788.6  444.0  444.0   63.0  444.0
2018 216  8  4 1500  -44.9  788.8  444.0  444.0   63.3  444.0
2018 216  8  4 1800  -43.5  788.3  444.0  444.0   64.0  444.0
2018 216  8  4 2100  -42.2  787.4  444.0  444.0   65.2  444.0
2018 217  8  5 0000  -43.7  787.5  444.0  444.0   64.0  444.0
2018 217  8  5 0300  -44.3  787.4  444.0  444.0   63.8  444.0
2018 217  8  5 0600  -41.3  788.1  444.0  444.0   66.0  444.0
2018 217  8  5 0900  -41.1  788.8  444.0  444.0   65.6  444.0
2018 217  8  5 1200  -40.8  789.0  444.0  444.0   66.0  444.0
2018 217  8  5 1500  -41.9  789.7  444.0  444.0   65.0  444.0
2018 217  8  5 1800  -43.7  790.0  444.0  444.0   64.0  444.0
2018 217  8  5 2100  -43.8  790.4  444.0  444.0   68.0  444.0
2018 218  8  6 0000  -43.8  790.8  444.0  444.0   64.3  444.0
2018 218  8  6 0300  -44.3  791.7  444.0  444.0   64.0  444.0
2018 218  8  6 0600  -44.5  792.4  444.0  444.0   64.0  444.0
2018 218  8  6 0900  -45.1  793.6  444.0  444.0   63.0  444.0
2018 218  8  6 1200  -44.3  795.1  444.0  444.0   63.8  444.0
2018 218  8  6 1500  -42.4  796.8  444.0  444.0   65.0  444.0
2018 218  8  6 1800  -43.8  798.9  444.0  444.0   64.0  444.0
2018 218  8  6 2100  -43.0  800.7  444.0  444.0   65.0  444.0
2018 219  8  7 0000  -42.1  801.8  444.0  444.0   65.0  444.0
2018 219  8  7 0300  -40.6  803.1  444.0  444.0   66.0  444.0
2018 219  8  7 0600  -38.0  804.1  444.0  444.0   68.0  444.0
2018 219  8  7 0900  -36.7  805.4  444.0  444.0   69.0  444.0
2018 219  8  7 1200  -31.3  806.3  444.0  444.0   72.0  444.0
2018 219  8  7 1500  -28.3  807.5  444.0  444.0   74.0  444.0
2018 219  8  7 1800  -26.4  809.3  444.0  444.0   75.3  444.0
2018 219  8  7 2100  -25.5  811.1  444.0  444.0   76.0  444.0
2018 220  8  8 0000  -26.8  812.6  444.0  444.0   76.0  444.0
2018 220  8  8 0300  -25.9  814.3  444.0  444.0   76.6  444.0
2018 220  8  8 0600  -25.5  815.6  444.0  444.0   77.0  444.0
2018 220  8  8 0900  -27.9  817.0  444.0  444.0   75.0  444.0
2018 220  8  8 1200  -28.4  817.3  444.0  444.0   75.0  444.0
2018 220  8  8 1500  -28.0  817.5  444.0  444.0   75.0  444.0
2018 220  8  8 1800  -28.7  817.4  444.0  444.0   74.0  444.0
2018 220  8  8 2100  -28.2  816.9  444.0  444.0   74.5  444.0
2018 221  8  9 0000  -29.5  816.3  444.0  444.0   74.0  444.0
2018 221  8  9 0300  -30.3  815.2  444.0  444.0   73.0  444.0
2018 221  8  9 0600  -30.8  813.8  444.0  444.0   73.0  444.0
2018 221  8  9 0900  -32.2  812.0  444.0  444.0   72.1  444.0
2018 221  8  9 1200  -31.3  810.6  444.0  444.0   73.0  444.0
2018 221  8  9 1500  -30.4  809.6  444.0  444.0   73.5  444.0
2018 221  8  9 1800  -30.0  807.7  444.0  444.0   74.0  444.0
2018 221  8  9 2100  -29.6  806.3  444.0  444.0   73.8  444.0
2018 222  8 10 0000  -30.7  805.7  444.0  444.0   72.7  444.0
2018 222  8 10 0300  -30.7  804.8  444.0  444.0   73.0  444.0
2018 222  8 10 0600  -33.5  804.6  444.0  444.0   71.0  444.0
2018 222  8 10 0900  -34.0  804.4  444.0  444.0   71.0  444.0
2018 222  8 10 1200  -34.7  803.1  444.0  444.0   70.6  444.0
2018 222  8 10 1500  -35.4  802.0  444.0  444.0   70.0  444.0
2018 222  8 10 1800  -37.4  802.7  444.0  444.0   68.4  444.0
2018 222  8 10 2100  -36.4  801.2  444.0  444.0   69.0  444.0
2018 223  8 11 0000  -37.4  800.8  444.0  444.0   69.0  444.0
2018 223  8 11 0300  -38.8  800.1  444.0  444.0   68.0  444.0
2018 223  8 11 0600  -39.8  798.6  444.0  444.0   68.0  444.0
2018 223  8 11 0900  -35.1  797.6  444.0  444.0   70.0  444.0
2018 223  8 11 1200  -34.0  796.8  444.0  444.0   71.0  444.0
2018 223  8 11 1500  -32.8  797.3  444.0  444.0   71.5  444.0
2018 223  8 11 1800  -36.0  797.3  444.0  444.0   69.0  444.0
2018 223  8 11 2100  -33.3  796.6  444.0  444.0   71.0  444.0
2018 224  8 12 0000  -33.0  795.8  444.0  444.0   71.0  444.0
2018 224  8 12 0300  -32.8  794.2  444.0  444.0   72.0  444.0
2018 224  8 12 0600  -28.8  792.0  444.0  444.0   74.0  444.0
2018 224  8 12 0900  -26.7  789.9  444.0  444.0   76.0  444.0
2018 224  8 12 1200  -27.7  788.6  444.0  444.0   75.0  444.0
2018 224  8 12 1500  -27.1  790.6  444.0  444.0   75.6  444.0
2018 224  8 12 1800  -30.0  792.9  444.0  444.0   73.0  444.0
2018 224  8 12 2100  -30.2  795.3  444.0  444.0   73.0  444.0
2018 225  8 13 0000  -31.2  797.3  444.0  444.0   72.0  444.0
2018 225  8 13 0300  -31.7  798.6  444.0  444.0   72.0  444.0
2018 225  8 13 0600  -31.0  799.8  444.0  444.0   72.0  444.0
2018 225  8 13 0900  -29.6  800.5  444.0  444.0   73.7  444.0
2018 225  8 13 1200  -24.7  799.5  444.0  444.0   77.0  444.0
2018 225  8 13 1500  -25.6  800.5  444.0  444.0   77.0  444.0
2018 225  8 13 1800  -25.4  802.1  444.0  444.0   76.5  444.0
2018 225  8 13 2100  -26.9  803.8  444.0  444.0   76.0  444.0
2018 226  8 14 0000  -25.3  805.0  444.0  444.0   77.0  444.0
2018 226  8 14 0300  -24.9  805.5  444.0  444.0   77.0  444.0
2018 226  8 14 0600  -22.9  804.9  444.0  444.0   78.8  444.0
2018 226  8 14 0900  -21.4  804.4  444.0  444.0   80.0  444.0
2018 226  8 14 1200  -25.3  804.8  444.0  444.0   77.0  444.0
2018 226  8 14 1500  -26.3  804.3  444.0  444.0   76.0  444.0
2018 226  8 14 1800  -25.6  804.8  444.0  444.0   77.0  444.0
2018 226  8 14 2100  -24.7  805.1  444.0  444.0   77.0  444.0
2018 227  8 15 0000  -24.3  805.0  444.0  444.0   77.8  444.0
2018 227  8 15 0300  -24.6  804.9  444.0  444.0   78.0  444.0
2018 227  8 15 0600  -23.0  804.2  444.0  444.0   79.0  444.0
2018 227  8 15 0900  -23.9  804.3  444.0  444.0   78.0  444.0
2018 227  8 15 1200  -24.9  802.7  444.0  444.0   77.1  444.0
2018 227  8 15 1500  -23.9  801.4  444.0  444.0   78.0  444.0
2018 227  8 15 1800  -27.9  799.4  444.0  444.0   75.0  444.0
2018 227  8 15 2100  -28.9  798.1  444.0  444.0   72.0  444.0
2018 228  8 16 0000  -30.9  796.1  444.0  444.0   72.0  444.0
2018 228  8 16 0300  -33.5  795.0  444.0  444.0   71.0  444.0
2018 228  8 16 0600  -35.8  793.7  444.0  444.0   70.0  444.0
2018 228  8 16 0900  -37.2  793.1  444.0  444.0   69.0  444.0
2018 228  8 16 1200  -37.5  792.0  444.0  444.0   69.0  444.0
2018 228  8 16 1500  -37.6  791.4  444.0  444.0   68.8  444.0
2018 228  8 16 1800  -37.9  791.2  444.0  444.0   69.0  444.0
2018 228  8 16 2100  -38.1  790.7  444.0  444.0   69.0  444.0
2018 229  8 17 0000  -38.1  790.0  444.0  444.0   68.0  444.0
2018 229  8 17 0300  -37.4  790.2  444.0  444.0   68.7  444.0
2018 229  8 17 0600  -38.9  790.6  444.0  444.0   68.0  444.0
2018 229  8 17 0900  -40.1  790.9  444.0  444.0   67.0  444.0
2018 229  8 17 1200  -40.5  790.5  444.0  444.0   67.0  444.0
2018 229  8 17 1500  -39.5  790.6  444.0  444.0   67.0  444.0
2018 229  8 17 1800  -38.9  790.8  444.0  444.0   68.0  444.0
2018 229  8 17 2100  -38.3  790.0  444.0  444.0   68.0  444.0
2018 230  8 18 0000  -37.5  789.9  444.0  444.0   68.0  444.0
2018 230  8 18 0300  -38.9  790.0  444.0  444.0   68.0  444.0
2018 230  8 18 0600  -39.7  789.4  444.0  444.0   67.0  444.0
2018 230  8 18 0900  -37.5  788.0  444.0  444.0   68.3  444.0
2018 230  8 18 1200  -39.6  787.7  444.0  444.0   67.0  444.0
2018 230  8 18 1500  -36.6  786.2  444.0  444.0   70.0  444.0
2018 230  8 18 1800  -31.0  784.6  444.0  444.0   72.0  444.0
2018 230  8 18 2100  -28.9  783.5  444.0  444.0   73.8  444.0
2018 231  8 19 0000  -27.5  783.0  444.0  444.0   75.0  444.0
2018 231  8 19 0300  -26.6  782.5  444.0  444.0   75.0  444.0
2018 231  8 19 0600  -29.0  782.2  444.0  444.0   74.0  444.0
2018 231  8 19 0900  -28.7  781.6  444.0  444.0   74.0  444.0
2018 231  8 19 1200  -31.6  783.2  444.0  444.0   71.8  444.0
2018 231  8 19 1500  -33.5  786.6  444.0  444.0   71.0  444.0
2018 231  8 19 1800  -35.1  788.6  444.0  444.0   69.9  444.0
2018 231  8 19 2100  -37.1  790.2  444.0  444.0   69.0  444.0
2018 232  8 20 0000  -37.6  791.6  444.0  444.0   68.6  444.0
2018 232  8 20 0300  -37.7  791.8  444.0  444.0   69.0  444.0
2018 232  8 20 0600  -36.4  790.9  444.0  444.0   69.5  444.0
2018 232  8 20 0900  -37.2  792.0  444.0  444.0   69.0  444.0
2018 232  8 20 1200  -36.7  792.6  444.0  444.0   69.2  444.0
2018 232  8 20 1500  -33.2  793.7  444.0  444.0   71.0  444.0
2018 232  8 20 1800  -32.6  793.9  444.0  444.0   71.0  444.0
2018 232  8 20 2100  -33.5  795.0  444.0  444.0   71.0  444.0
2018 233  8 21 0000  -36.5  796.4  444.0  444.0   69.0  444.0
2018 233  8 21 0300  -37.4  796.9  444.0  444.0   68.7  444.0
2018 233  8 21 0600  -38.8  797.4  444.0  444.0   68.0  444.0
2018 233  8 21 0900  -39.2  797.9  444.0  444.0   67.9  444.0
2018 233  8 21 1200  -41.4  798.9  444.0  444.0   66.0  444.0
2018 233  8 21 1500  -40.4  800.0  444.0  444.0   66.0  444.0
2018 233  8 21 1800  -40.8  800.7  444.0  444.0   65.0  444.0
2018 233  8 21 2100  -41.8  801.0  444.0  444.0   64.6  444.0
2018 234  8 22 0000  -42.6  801.2  444.0  444.0   64.0  444.0
2018 234  8 22 0300  -42.4  801.5  444.0  444.0   64.0  444.0
2018 234  8 22 0600  -41.1  801.7  444.0  444.0   65.0  444.0
2018 234  8 22 0900  -43.7  802.0  444.0  444.0   65.0  444.0
2018 234  8 22 1200  -45.6  802.0  444.0  444.0   63.0  444.0
2018 234  8 22 1500  -45.8  802.5  444.0  444.0   63.0  444.0
2018 234  8 22 1800  -45.1  802.6  444.0  444.0   64.0  444.0
2018 234  8 22 2100  -45.4  802.2  444.0  444.0   63.0  444.0
2018 235  8 23 0000  -46.5  802.3  444.0  444.0   63.0  444.0
2018 235  8 23 0300  -45.7  802.0  444.0  444.0   63.0  444.0
2018 235  8 23 0600  -45.5  801.5  444.0  444.0   63.0  444.0
2018 235  8 23 0900  -44.7  800.8  444.0  444.0   63.0  444.0
2018 235  8 23 1200  -44.1  799.2  444.0  444.0   64.0  444.0
2018 235  8 23 1500  -41.9  798.1  444.0  444.0   65.0  444.0
2018 235  8 23 1800  -43.9  797.4  444.0  444.0   64.0  444.0
2018 235  8 23 2100  -43.6  796.8  444.0  444.0   65.0  444.0
2018 236  8 24 0000  -42.0  795.7  444.0  444.0   65.0  444.0
2018 236  8 24 0300  -41.3  794.9  444.0  444.0   66.0  444.0
2018 236  8 24 0600  -41.3  793.3  444.0  444.0   66.0  444.0
2018 236  8 24 0900  -40.7  792.8  444.0  444.0   66.0  444.0
2018 236  8 24 1200  -39.6  792.6  444.0  444.0   66.9  444.0
2018 236  8 24 1500  -39.5  792.0  444.0  444.0   67.0  444.0
2018 236  8 24 1800  -38.0  791.1  444.0  444.0   67.8  444.0
2018 236  8 24 2100  -38.4  791.2  444.0  444.0   67.5  444.0
2018 237  8 25 0000  -36.9  791.4  444.0  444.0   69.0  444.0
2018 237  8 25 0300  -35.8  791.6  444.0  444.0   69.0  444.0
2018 237  8 25 0600  -35.0  791.8  444.0  444.0   69.6  444.0
2018 237  8 25 0900  -35.2  792.6  444.0  444.0   70.0  444.0
2018 237  8 25 1200  -33.9  792.7  444.0  444.0   70.0  444.0
2018 237  8 25 1500  -34.2  794.0  444.0  444.0   70.0  444.0
2018 237  8 25 1800  -34.1  795.0  444.0  444.0   70.0  444.0
2018 237  8 25 2100  -36.3  796.0  444.0  444.0   68.7  444.0
2018 238  8 26 0000  -37.9  796.5  444.0  444.0   68.0  444.0
2018 238  8 26 0300  -37.3  796.6  444.0  444.0   68.0  444.0
2018 238  8 26 0600  -37.8  796.3  444.0  444.0   68.0  444.0
2018 238  8 26 0900  -37.4  796.1  444.0  444.0   68.0  444.0
2018 238  8 26 1200  -37.3  795.5  444.0  444.0   68.0  444.0
2018 238  8 26 1500  -34.9  795.2  444.0  444.0   69.6  444.0
2018 238  8 26 1800  -36.2  794.8  444.0  444.0   69.0  444.0
2018 238  8 26 2100  -36.3  794.3  444.0  444.0   68.8  444.0
2018 239  8 27 0000  -35.9  793.4  444.0  444.0   69.0  444.0
2018 239  8 27 0300  -36.3  792.8  444.0  444.0   68.8  444.0
2018 239  8 27 0600  -39.0  791.3  444.0  444.0   67.0  444.0
2018 239  8 27 0900  -37.7  790.1  444.0  444.0   68.0  444.0
2018 239  8 27 1200  -36.3  788.6  444.0  444.0   69.0  444.0
2018 239  8 27 1500  -37.2  787.7  444.0  444.0   68.0  444.0
2018 239  8 27 1800  -38.9  786.7  444.0  444.0   66.4  444.0
2018 239  8 27 2100  -40.5  785.7  444.0  444.0   66.4  444.0
2018 240  8 28 0000  -40.2  785.5  444.0  444.0   66.8  444.0
2018 240  8 28 0300  -38.1  785.3  444.0  444.0   68.0  444.0
2018 240  8 28 0600  -35.6  785.1  444.0  444.0   69.6  444.0
2018 240  8 28 0900  -34.6  785.7  444.0  444.0   70.0  444.0
2018 240  8 28 1200  -32.7  786.3  444.0  444.0   71.0  444.0
2018 240  8 28 1500  -32.0  787.3  444.0  444.0   72.0  444.0
2018 240  8 28 1800  -31.8  788.5  444.0  444.0   72.0  444.0
2018 240  8 28 2100  -33.4  789.3  444.0  444.0   71.0  444.0
2018 241  8 29 0000  -35.4  791.0  444.0  444.0   70.0  444.0
2018 241  8 29 0300  -37.7  792.1  444.0  444.0   68.2  444.0
2018 241  8 29 0600  -40.0  792.9  444.0  444.0   67.0  444.0
2018 241  8 29 0900  -38.3  793.9  444.0  444.0   68.1  444.0
2018 241  8 29 1200  -36.1  794.9  444.0  444.0   69.0  444.0
2018 241  8 29 1500  -35.6  795.1  444.0  444.0   69.0  444.0
2018 241  8 29 1800  -36.2  795.0  444.0  444.0   69.0  444.0
2018 241  8 29 2100  -37.5  794.4  444.0  444.0   68.0  444.0
2018 242  8 30 0000  -36.2  792.8  444.0  444.0   69.0  444.0
2018 242  8 30 0300  -34.7  790.1  444.0  444.0   70.0  444.0
2018 242  8 30 0600  -36.3  787.9  444.0  444.0   69.0  444.0
2018 242  8 30 0900  -36.8  786.0  444.0  444.0   68.0  444.0
2018 242  8 30 1200  -39.6  787.7  444.0  444.0   67.0  444.0
2018 242  8 30 1500  -40.3  789.4  444.0  444.0   66.7  444.0
2018 242  8 30 1800  -40.9  788.8  444.0  444.0   66.0  444.0
2018 242  8 30 2100  -42.3  787.7  444.0  444.0   65.2  444.0
2018 243  8 31 0000  -41.7  785.8  444.0  444.0   66.0  444.0
2018 243  8 31 0300  -40.4  783.2  444.0  444.0   67.0  444.0
2018 243  8 31 0600  -38.8  779.8  444.0  444.0   68.0  444.0
2018 243  8 31 0900  -40.2  777.7  444.0  444.0   66.6  444.0
2018 243  8 31 1200  -42.9  776.2  444.0  444.0   65.0  444.0
2018 243  8 31 1500  -43.7  774.9  444.0  444.0   65.0  444.0
2018 243  8 31 1800  -46.6  773.8  444.0  444.0   62.0  444.0
2018 243  8 31 2100  -46.8  773.3  444.0  444.0   62.0  444.0
