Year: 2018  Month: 04  ID: KTH  ARGOS:  8929  Name: Kathie              
Lat: 78.00S  Lon:  97.27W  Elev: 1600m
2018  91  4  1 0000  -23.2  800.7   10.6  120.0   79.0  444.0
2018  91  4  1 0300  -23.0  800.3   10.8  120.0   78.7  444.0
2018  91  4  1 0600  -23.2  800.2   11.5  117.0   78.0  444.0
2018  91  4  1 0900  -22.7  799.7   12.0  119.0   79.0  444.0
2018  91  4  1 1200  -22.4  799.5    9.8  109.0   79.0  444.0
2018  91  4  1 1500  -19.9  800.6    9.4  102.0   81.0  444.0
2018  91  4  1 1800  -21.7  801.2   10.8  111.0   78.0  444.0
2018  91  4  1 2100  -22.6  802.4    9.2  109.0   78.8  444.0
2018  92  4  2 0000  -23.4  802.7   11.2  115.0   78.0  444.0
2018  92  4  2 0300  -25.8  803.3    9.3  117.0   77.0  444.0
2018  92  4  2 0600  -25.9  803.8    9.8  116.0   76.4  444.0
2018  92  4  2 0900  -28.0  804.0    9.9  120.0   75.0  444.0
2018  92  4  2 1200  -24.0  803.5    9.7  119.0   77.7  444.0
2018  92  4  2 1500  -23.0  803.0   10.3  114.0   78.0  444.0
2018  92  4  2 1800  -23.4  803.2    9.6  118.0   77.0  444.0
2018  92  4  2 2100  -23.5  803.3    8.2  120.0   78.0  444.0
2018  93  4  3 0000  -24.2  803.0    7.0  124.0   77.5  444.0
2018  93  4  3 0300  -24.4  802.1    8.7  136.0   77.0  444.0
2018  93  4  3 0600  -26.2  801.3   10.0  127.0   76.0  444.0
2018  93  4  3 0900  -29.1  802.0    6.2  139.0   73.0  444.0
2018  93  4  3 1200  -28.5  801.5    7.6  120.0   75.0  444.0
2018  93  4  3 1500  -28.9  801.9    8.2  136.0   74.0  444.0
2018  93  4  3 1800  -29.2  802.1    7.3  128.0   72.0  444.0
2018  93  4  3 2100  -30.7  802.6    5.3  102.0   72.0  444.0
2018  94  4  4 0000  -29.6  803.5    4.5  106.0   74.0  444.0
2018  94  4  4 0300  -33.0  804.5    4.2  118.0   72.0  444.0
2018  94  4  4 0600  -29.5  805.4    4.9  129.0   74.2  444.0
2018  94  4  4 0900  -28.8  806.6    3.8  117.0   74.0  444.0
2018  94  4  4 1200  -26.8  807.5    4.0  112.0   76.0  444.0
2018  94  4  4 1500  -24.4  808.7    4.5  106.0   78.0  444.0
2018  94  4  4 1800  -22.7  809.8    5.2  114.0   78.5  444.0
2018  94  4  4 2100  -22.3  811.1    5.6  115.0   79.0  444.0
2018  95  4  5 0000  -22.5  812.4    6.7  104.0   78.0  444.0
2018  95  4  5 0300  -22.8  813.8    1.2  134.0   78.0  444.0
2018  95  4  5 0600  -22.1  814.6    4.3  148.0   78.0  444.0
2018  95  4  5 0900  -22.9  815.2    2.9  136.0   77.4  444.0
2018  95  4  5 1200  -27.3  815.8    4.8  117.0   76.0  444.0
2018  95  4  5 1500  -25.7  816.3    3.0  134.0   74.0  444.0
2018  95  4  5 1800  -25.4  816.1    0.7   78.0   73.0  444.0
2018  95  4  5 2100  -25.3  815.6    3.7  125.0   74.2  444.0
2018  96  4  6 0000  -24.3  815.5    2.5  147.0   76.0  444.0
2018  96  4  6 0300  -23.4  814.4    4.8  157.0   74.4  444.0
2018  96  4  6 0600  -27.8  813.9    5.5  122.0   72.0  444.0
2018  96  4  6 0900  -32.2  813.1    5.2  143.0   71.0  444.0
2018  96  4  6 1200  -33.7  811.8    4.1  134.0   71.5  444.0
2018  96  4  6 1500  -33.5  810.3    5.2  132.0   71.0  444.0
2018  96  4  6 1800  -33.8  809.2    6.2  125.0   69.0  444.0
2018  96  4  6 2100  -36.2  808.8    2.8  117.0   68.0  444.0
2018  97  4  7 0000  -39.3  807.8    3.9  132.0   67.8  444.0
2018  97  4  7 0300  -39.7  807.0    2.9  136.0   67.0  444.0
2018  97  4  7 0600  -39.6  805.7    5.1  119.0   67.7  444.0
2018  97  4  7 0900  -39.1  804.9    6.0  121.0   68.0  444.0
2018  97  4  7 1200  -38.9  804.4    5.7  116.0   68.0  444.0
2018  97  4  7 1500  -39.2  804.3    5.5  119.0   67.0  444.0
2018  97  4  7 1800  -38.1  804.3    5.9  115.0   68.0  444.0
2018  97  4  7 2100  -37.3  804.3    6.2  118.0   68.0  444.0
2018  98  4  8 0000  -37.1  804.3    5.8  117.0   69.0  444.0
2018  98  4  8 0300  -36.8  804.1    5.8  116.0   69.0  444.0
2018  98  4  8 0600  -37.2  804.2    5.8  118.0   69.0  444.0
2018  98  4  8 0900  -36.6  804.2    5.7  118.0   69.0  444.0
2018  98  4  8 1200  -35.1  804.0    6.0  122.0   70.0  444.0
2018  98  4  8 1500  -35.4  804.1    5.6  124.0   70.0  444.0
2018  98  4  8 1800  -37.0  804.4    5.9  131.0   69.0  444.0
2018  98  4  8 2100  -35.5  804.7    6.0  134.0   69.6  444.0
2018  99  4  9 0000  -34.4  805.0    4.6  137.0   70.0  444.0
2018  99  4  9 0300  -35.1  805.1    4.4  138.0   70.0  444.0
2018  99  4  9 0600  -37.0  805.4    4.7  134.0   68.0  444.0
2018  99  4  9 0900  -37.2  805.4    7.4  124.0   68.0  444.0
2018  99  4  9 1200  -36.8  805.7    7.0  130.0   68.0  444.0
2018  99  4  9 1500  -34.8  806.2    6.4  127.0   67.0  444.0
2018  99  4  9 1800  -35.1  806.2    6.5  125.0   65.0  444.0
2018  99  4  9 2100  -33.7  806.2    6.9  116.0   66.9  444.0
2018 100  4 10 0000  -34.9  806.2    5.7  118.0   69.0  444.0
2018 100  4 10 0300  -36.3  805.9    5.7  109.0   69.0  444.0
2018 100  4 10 0600  -33.0  805.4    5.2  107.0   70.7  444.0
2018 100  4 10 0900  -32.8  804.7    3.8   97.0   71.0  444.0
2018 100  4 10 1200  -31.5  803.7    3.4  101.0   72.0  444.0
2018 100  4 10 1500  -33.1  802.7    3.0   98.0   71.3  444.0
2018 100  4 10 1800  -28.8  801.5    4.1   94.0   74.0  444.0
2018 100  4 10 2100  -26.7  800.7    4.5   72.0   76.0  444.0
2018 101  4 11 0000  -27.4  800.0    4.0   69.0   75.0  444.0
2018 101  4 11 0300  -27.7  799.4    4.9   72.0   74.9  444.0
2018 101  4 11 0600  -28.0  799.4    5.3   72.0   75.0  444.0
2018 101  4 11 0900  -28.4  799.0    5.5   75.0   75.0  444.0
2018 101  4 11 1200  -28.3  798.7    5.4   88.0   75.0  444.0
2018 101  4 11 1500  -28.3  798.0    7.3   89.0   75.0  444.0
2018 101  4 11 1800  -29.2  797.8    7.3   74.0   73.2  444.0
2018 101  4 11 2100  -30.0  798.0    7.1   66.0   73.0  444.0
2018 102  4 12 0000  -30.5  797.8    7.6   70.0   73.0  444.0
2018 102  4 12 0300  -29.9  797.7    5.8   80.0   73.0  444.0
2018 102  4 12 0600  -29.3  797.7    6.3   74.0   73.9  444.0
2018 102  4 12 0900  -28.9  797.2    7.4   76.0   74.0  444.0
2018 102  4 12 1200  -28.4  797.1    7.3   71.0   74.3  444.0
2018 102  4 12 1500  -29.1  797.0    6.4   69.0   74.0  444.0
2018 102  4 12 1800  -29.4  797.0    4.3   78.0   73.0  444.0
2018 102  4 12 2100  -29.6  796.5    2.8   78.0   73.4  444.0
2018 103  4 13 0000  -30.6  796.0    4.4  106.0   73.0  444.0
2018 103  4 13 0300  -27.7  795.6    1.7   82.0   75.0  444.0
2018 103  4 13 0600  -32.2  795.1    4.1  109.0   73.0  444.0
2018 103  4 13 0900  -29.3  795.0    1.2   69.0   74.5  444.0
2018 103  4 13 1200  -32.2  795.1    1.3  104.0   72.0  444.0
2018 103  4 13 1500  -31.7  795.3    2.2  101.0   72.5  444.0
2018 103  4 13 1800  -29.3  795.8    1.5   77.0   75.0  444.0
2018 103  4 13 2100  -25.1  796.0    6.1   47.0   77.0  444.0
2018 104  4 14 0000  -25.7  796.6    5.5   35.0   77.0  444.0
2018 104  4 14 0300  -29.0  797.5    4.7   27.0   74.4  444.0
2018 104  4 14 0600  -29.9  798.1    5.0   28.0   74.0  444.0
2018 104  4 14 0900  -31.2  798.4    2.6   70.0   73.0  444.0
2018 104  4 14 1200  -32.1  798.4    3.3   80.0   72.0  444.0
2018 104  4 14 1500  -32.7  798.3    2.7   94.0   72.0  444.0
2018 104  4 14 1800  -33.3  797.0    5.2  118.0   70.0  444.0
2018 104  4 14 2100  -36.3  796.6    6.6  118.0   70.0  444.0
2018 105  4 15 0000  -32.9  796.1    7.1  118.0   71.9  444.0
2018 105  4 15 0300  -28.3  795.0    6.5  114.0   75.0  444.0
2018 105  4 15 0600  -27.1  793.9    8.2  118.0   76.0  444.0
2018 105  4 15 0900  -32.3  792.6   11.7  116.0   71.7  444.0
2018 105  4 15 1200  -32.8  792.5   12.3  102.0   72.0  444.0
2018 105  4 15 1500  -31.3  792.7   11.2   97.0   73.0  444.0
2018 105  4 15 1800  -32.3  793.2    8.5   90.0   72.0  444.0
2018 105  4 15 2100  -30.7  793.0   10.9   85.0   73.0  444.0
2018 106  4 16 0000  -31.4  794.0    8.4   82.0   72.3  444.0
2018 106  4 16 0300  -32.1  793.6    9.7  106.0   72.0  444.0
2018 106  4 16 0600  -32.6  793.4   10.8  106.0   71.0  444.0
2018 106  4 16 0900  -34.3  793.2   11.3  117.0   71.0  444.0
2018 106  4 16 1200  -33.8  793.1   10.3  120.0   70.8  444.0
2018 106  4 16 1500  -34.0  792.7    9.5  117.0   71.0  444.0
2018 106  4 16 1800  -33.9  792.0   11.8  119.0   70.4  444.0
2018 106  4 16 2100  -32.3  791.6   10.8  118.0   72.0  444.0
2018 107  4 17 0000  -33.5  790.9   11.2  112.0   70.8  444.0
2018 107  4 17 0300  -34.5  790.0   11.7  121.0   70.0  444.0
2018 107  4 17 0600  -34.5  789.1   10.1  117.0   70.0  444.0
2018 107  4 17 0900  -33.3  788.5   11.1  118.0   71.0  444.0
2018 107  4 17 1200  -34.5  788.6    9.8  125.0   70.2  444.0
2018 107  4 17 1500  -33.3  787.8   11.9  123.0   70.6  444.0
2018 107  4 17 1800  -33.7  787.7   11.0  116.0   70.0  444.0
2018 107  4 17 2100  -32.4  787.7   10.8  122.0   71.2  444.0
2018 108  4 18 0000  -30.1  787.7   10.5  122.0   72.0  444.0
2018 108  4 18 0300  -26.5  787.5   10.7  119.0   75.3  444.0
2018 108  4 18 0600  -25.0  787.8   11.9  117.0   77.0  444.0
2018 108  4 18 0900  -23.7  788.9   12.4  108.0   78.0  444.0
2018 108  4 18 1200  -23.4  790.3   14.3  106.0   78.0  444.0
2018 108  4 18 1500  -24.2  791.5   14.4  112.0   78.0  444.0
2018 108  4 18 1800  -24.3  793.1   12.8  114.0   77.0  444.0
2018 108  4 18 2100  -23.2  796.6    9.5   95.0   79.0  444.0
2018 109  4 19 0000  -27.0  799.0    2.9   71.0   77.0  444.0
2018 109  4 19 0300  -28.7  800.8    8.1  115.0   74.0  444.0
2018 109  4 19 0600  -32.9  802.4   10.4  120.0   71.0  444.0
2018 109  4 19 0900  -33.3  803.1    9.6  119.0   71.0  444.0
2018 109  4 19 1200  -32.6  803.0    8.9  127.0   72.0  444.0
2018 109  4 19 1500  -30.8  803.3    1.0  124.0   73.0  444.0
2018 109  4 19 1800  -31.1  802.9    7.7  117.0   73.0  444.0
2018 109  4 19 2100  -29.7  801.7    8.2  120.0   74.0  444.0
2018 110  4 20 0000  -27.7  800.7    8.9  124.0   75.0  444.0
2018 110  4 20 0300  -29.5  800.7    8.7  114.0   73.8  444.0
2018 110  4 20 0600  -31.8  801.4    8.5  117.0   72.0  444.0
2018 110  4 20 0900  -34.6  801.7    4.9  130.0   71.0  444.0
2018 110  4 20 1200  -34.6  802.1    3.7  132.0   71.0  444.0
2018 110  4 20 1500  -34.9  802.2    3.7  133.0   70.0  444.0
2018 110  4 20 1800  -37.3  802.4  444.0  444.0   69.0  444.0
2018 110  4 20 2100  -36.7  802.9  444.0  444.0   69.0  444.0
2018 111  4 21 0000  -37.6  803.2  444.0  444.0   69.0  444.0
2018 111  4 21 0300  -38.8  803.4  444.0  444.0   68.0  444.0
2018 111  4 21 0600  -36.9  803.8    4.4  130.0   69.0  444.0
2018 111  4 21 0900  -35.6  803.7    3.9  126.0   69.0  444.0
2018 111  4 21 1200  -35.9  803.9    4.7  136.0   70.0  444.0
2018 111  4 21 1500  -36.4  804.0    2.8  136.0   70.0  444.0
2018 111  4 21 1800  -34.3  804.0    2.8  136.0   70.0  444.0
2018 111  4 21 2100  -35.8  803.9    1.2  138.0   69.1  444.0
2018 112  4 22 0000  -36.1  804.0  444.0  444.0   69.0  444.0
2018 112  4 22 0300  -35.5  803.7  444.0  444.0   69.8  444.0
2018 112  4 22 0600  -37.2  803.0  444.0  444.0   69.0  444.0
2018 112  4 22 0900  -36.1  802.8  444.0  444.0   69.0  444.0
2018 112  4 22 1200  -33.3  802.2    2.7  142.0   71.0  444.0
2018 112  4 22 1500  -33.3  802.3    4.9  149.0   71.0  444.0
2018 112  4 22 1800  -34.2  802.5    6.2  151.0   70.0  444.0
2018 112  4 22 2100  -34.7  803.3    8.1  150.0   70.0  444.0
2018 113  4 23 0000  -35.2  805.0    6.4  136.0   70.0  444.0
2018 113  4 23 0300  -37.2  805.9    5.1  137.0   68.8  444.0
2018 113  4 23 0600  -37.5  806.5    5.7  126.0   68.0  444.0
2018 113  4 23 0900  -36.2  807.7    8.0  162.0   70.0  444.0
2018 113  4 23 1200  -33.3  808.5    7.2  169.0   71.0  444.0
2018 113  4 23 1500  -31.9  809.1    5.8  164.0   72.0  444.0
2018 113  4 23 1800  -31.7  810.2    4.7  180.0   71.6  444.0
2018 113  4 23 2100  -28.5  810.5    3.4  154.0   75.0  444.0
2018 114  4 24 0000  -26.6  811.1    2.3  170.0   75.0  444.0
2018 114  4 24 0300  -27.2  811.3  444.0  444.0   75.0  444.0
2018 114  4 24 0600  -29.6  811.2  444.0  444.0   73.9  444.0
2018 114  4 24 0900  -30.1  810.9  444.0  444.0   73.0  444.0
2018 114  4 24 1200  -31.7  810.0  444.0  444.0   72.0  444.0
2018 114  4 24 1500  -28.7  808.8  444.0  444.0   74.0  444.0
2018 114  4 24 1800  -27.9  807.9  444.0  444.0   75.1  444.0
2018 114  4 24 2100  -24.8  806.6    2.1   48.0   77.0  444.0
2018 115  4 25 0000  -23.1  805.5  444.0  444.0   79.0  444.0
2018 115  4 25 0300  -22.8  803.9  444.0  444.0   79.0  444.0
2018 115  4 25 0600  -21.5  802.6  444.0  444.0   80.0  444.0
2018 115  4 25 0900  -20.5  801.3  444.0  444.0   81.0  444.0
2018 115  4 25 1200  -22.4  799.7    1.1   78.0   79.8  444.0
2018 115  4 25 1500  -20.8  798.3    2.7  111.0   81.0  444.0
2018 115  4 25 1800  -19.4  797.8    3.1  127.0   82.0  444.0
2018 115  4 25 2100  -20.2  798.1    2.4  143.0   81.0  444.0
2018 116  4 26 0000  -20.4  798.0    3.7  143.0   81.3  444.0
2018 116  4 26 0300  -21.0  799.0    4.2  148.0   81.0  444.0
2018 116  4 26 0600  -25.2  799.8    2.4  158.0   77.0  444.0
2018 116  4 26 0900  -28.4  800.5    4.0  171.0   75.0  444.0
2018 116  4 26 1200  -31.1  801.1    3.0  170.0   73.2  444.0
2018 116  4 26 1500  -32.8  801.2    1.8  138.0   71.6  444.0
2018 116  4 26 1800  -33.2  800.9    2.3  126.0   72.0  444.0
2018 116  4 26 2100  -34.3  800.4    2.1  144.0   71.0  444.0
2018 117  4 27 0000  -37.4  799.9    1.7  139.0   69.0  444.0
2018 117  4 27 0300  -37.8  798.7    1.7  130.0   69.1  444.0
2018 117  4 27 0600  -38.5  797.5    2.4  115.0   68.0  444.0
2018 117  4 27 0900  -37.2  796.5    2.2  140.0   69.1  444.0
2018 117  4 27 1200  -36.2  794.6    3.6  126.0   70.0  444.0
2018 117  4 27 1500  -37.1  793.6    4.2  116.0   69.2  444.0
2018 117  4 27 1800  -37.3  793.4    4.3  108.0   69.0  444.0
2018 117  4 27 2100  -34.1  793.7    3.4   97.0   71.4  444.0
2018 118  4 28 0000  -33.2  794.0    2.6   96.0   71.0  444.0
2018 118  4 28 0300  -33.8  793.6    2.3   93.0   71.0  444.0
2018 118  4 28 0600  -32.5  793.6    2.0   83.0   71.7  444.0
2018 118  4 28 0900  -35.1  793.1    1.6   89.0   71.0  444.0
2018 118  4 28 1200  -32.5  792.8    2.3   66.0   71.7  444.0
2018 118  4 28 1500  -31.8  792.2    1.8   66.0   72.0  444.0
2018 118  4 28 1800  -32.3  791.9    1.4   73.0   72.0  444.0
2018 118  4 28 2100  -31.9  791.3    1.1   63.0   72.0  444.0
2018 119  4 29 0000  -33.5  790.8    1.0   70.0   71.1  444.0
2018 119  4 29 0300  -34.4  790.0    1.0   68.0   71.0  444.0
2018 119  4 29 0600  -34.0  789.2    1.0   65.0   71.0  444.0
2018 119  4 29 0900  -32.7  788.8    1.1   59.0   72.0  444.0
2018 119  4 29 1200  -32.6  788.7   10.1   65.0   72.0  444.0
2018 119  4 29 1500  -33.2  789.2    9.2   66.0   71.0  444.0
2018 119  4 29 1800  -35.3  790.3    6.2   82.0   70.0  444.0
2018 119  4 29 2100  -34.9  790.7    7.2   81.0   70.0  444.0
2018 120  4 30 0000  -33.6  791.2    8.8   73.0   71.0  444.0
2018 120  4 30 0300  -34.6  791.2    7.5   78.0   70.0  444.0
2018 120  4 30 0600  -34.6  791.3    4.4  104.0   70.0  444.0
2018 120  4 30 0900  -34.9  791.1    2.4   90.0   70.0  444.0
2018 120  4 30 1200  -34.5  790.9    3.2   78.0   70.0  444.0
2018 120  4 30 1500  -35.6  790.4    6.6  108.0   69.8  444.0
2018 120  4 30 1800  -35.2  789.9    8.9  106.0   70.0  444.0
2018 120  4 30 2100  -36.0  789.6    9.2  107.0   70.0  444.0
