Year: 2018  Month: 12  ID: KTH  ARGOS:  8929  Name: KATHIE              
Lat: 78.00S  Lon:  97.27W  Elev: 1600m
2018 335 12  1 0000  -15.3  787.3   10.2   89.0   79.0  444.0
2018 335 12  1 0300  -16.8  787.2    9.2  103.0   80.0  444.0
2018 335 12  1 0600  -18.7  787.0    8.3  112.0   80.0  444.0
2018 335 12  1 0900  -17.5  786.3    9.4  101.0   80.0  444.0
2018 335 12  1 1200  -17.4  786.0    7.5   98.0   77.0  444.0
2018 335 12  1 1500  -16.2  786.0    6.7   96.0   73.9  444.0
2018 335 12  1 1800  -15.1  786.3    6.2   86.0   73.7  444.0
2018 335 12  1 2100  -14.6  786.8    4.4   75.0   70.0  444.0
2018 336 12  2 0000  -14.8  787.3    6.0   79.0   77.3  444.0
2018 336 12  2 0300  -16.5  787.9    3.5   85.0   80.0  444.0
2018 336 12  2 0600  -19.6  789.0    2.8  122.0   79.3  444.0
2018 336 12  2 0900  -21.1  789.8    4.6  114.0   73.0  444.0
2018 336 12  2 1200  -21.2  790.1    3.9  132.0   74.0  444.0
2018 336 12  2 1500  -19.1  790.8    6.7  118.0   72.0  444.0
2018 336 12  2 1800  -16.9  791.4    6.0  109.0   71.0  444.0
2018 336 12  2 2100  -15.6  791.6    5.7  104.0   71.0  444.0
2018 337 12  3 0000  -16.1  792.2    5.5  114.0   71.0  444.0
2018 337 12  3 0300  -19.3  792.6    4.5  118.0   74.2  444.0
2018 337 12  3 0600  -21.6  794.3    5.7  100.0   77.0  444.0
2018 337 12  3 0900  -19.4  796.3    3.0  132.0   78.3  444.0
2018 337 12  3 1200  -15.6  797.2    5.2  135.0   75.0  444.0
2018 337 12  3 1500  -14.7  798.4    7.7  104.0   75.0  444.0
2018 337 12  3 1800  -13.3  800.1    7.8   97.0   73.0  444.0
2018 337 12  3 2100  -12.6  802.0    6.9   88.0   73.0  444.0
2018 338 12  4 0000  -13.1  803.7    6.8  114.0   79.0  444.0
2018 338 12  4 0300  -14.6  804.8    7.5  119.0   79.0  444.0
2018 338 12  4 0600  -17.0  805.6    2.9  143.0   80.0  444.0
2018 338 12  4 0900  -17.7  805.0    5.2  176.0   75.0  444.0
2018 338 12  4 1200  -15.9  804.1    5.7  160.0   73.0  444.0
2018 338 12  4 1500  -15.5  802.5    7.6  144.0   70.6  444.0
2018 338 12  4 1800  -13.9  801.6    7.8  148.0   70.0  444.0
2018 338 12  4 2100  -13.2  800.6    7.3  151.0   68.0  444.0
2018 339 12  5 0000  -13.6  799.2    5.6  149.0   74.0  444.0
2018 339 12  5 0300  -15.6  797.8    3.9  164.0   76.0  444.0
2018 339 12  5 0600  -18.3  796.7    3.4  185.0   78.0  444.0
2018 339 12  5 0900  -20.2  795.5    3.3  183.0   74.0  444.0
2018 339 12  5 1200  -21.0  794.3    3.9  173.0   70.2  444.0
2018 339 12  5 1500  -19.0  793.2    4.2  171.0   67.0  444.0
2018 339 12  5 1800  -16.9  792.5    4.5  184.0   65.1  444.0
2018 339 12  5 2100  -14.7  791.8    3.8  196.0   68.0  444.0
2018 340 12  6 0000  -15.1  791.2    3.8  206.0   73.0  444.0
2018 340 12  6 0300  -18.7  790.6    2.9  218.0   72.0  444.0
2018 340 12  6 0600  -22.2  789.8    3.8  177.0   72.0  444.0
2018 340 12  6 0900  -23.3  789.3    5.1  136.0   70.0  444.0
2018 340 12  6 1200  -22.1  789.1    4.7  130.0   75.0  444.0
2018 340 12  6 1500  -15.0  788.8    6.0  122.0   74.0  444.0
2018 340 12  6 1800  -16.5  789.3    5.1   81.0   74.1  444.0
2018 340 12  6 2100  -14.3  789.7    1.6  147.0   73.0  444.0
2018 341 12  7 0000  -15.7  790.1    5.6  120.0   73.0  444.0
2018 341 12  7 0300  -18.3  790.5    7.9  112.0   77.0  444.0
2018 341 12  7 0600  -20.9  792.1    4.5  113.0   77.3  444.0
2018 341 12  7 0900  -20.9  792.8    6.5  124.0   75.0  444.0
2018 341 12  7 1200  -18.3  792.5    7.1  134.0   71.0  444.0
2018 341 12  7 1500  -18.0  791.7    8.3  148.0   70.0  444.0
2018 341 12  7 1800  -17.2  791.1   10.6  123.0   67.0  444.0
2018 341 12  7 2100  -16.8  791.8    9.4  102.0   68.0  444.0
2018 342 12  8 0000  -16.9  792.8    5.8  104.0   68.0  444.0
2018 342 12  8 0300  -19.2  792.7    7.2  124.0   70.0  444.0
2018 342 12  8 0600  -20.5  793.2    8.1  125.0   71.0  444.0
2018 342 12  8 0900  -20.3  793.9    6.4  126.0   73.0  444.0
2018 342 12  8 1200  -21.2  794.2    4.1  144.0   67.3  444.0
2018 342 12  8 1500  -18.9  793.9    5.6  119.0   67.0  444.0
2018 342 12  8 1800  -16.7  793.9    6.2  119.0   61.0  444.0
2018 342 12  8 2100  -16.5  794.4    7.1  119.0   68.1  444.0
2018 343 12  9 0000  -16.8  794.7    5.0  115.0   68.3  444.0
2018 343 12  9 0300  -19.7  795.0    3.2  128.0   71.0  444.0
2018 343 12  9 0600  -22.8  795.4    4.1  144.0   70.0  444.0
2018 343 12  9 0900  -23.3  795.6    5.7  126.0   70.0  444.0
2018 343 12  9 1200  -21.4  796.1    6.0  114.0   68.8  444.0
2018 343 12  9 1500  -18.5  796.6    2.8   79.0   70.0  444.0
2018 343 12  9 1800  -16.8  796.6    3.6  116.0   64.0  444.0
2018 343 12  9 2100  -16.4  797.4    3.1   77.0   65.0  444.0
2018 344 12 10 0000  -16.7  798.1    2.9   38.0   70.8  444.0
2018 344 12 10 0300  -17.8  798.4    2.2  124.0   79.0  444.0
2018 344 12 10 0600  -22.0  799.1    2.5   97.0   80.0  444.0
2018 344 12 10 0900  -23.1  799.4    0.2  158.0   79.0  444.0
2018 344 12 10 1200  -23.8  799.5    2.1  125.0   69.0  444.0
2018 344 12 10 1500  -20.5  799.4    3.5  138.0   68.9  444.0
2018 344 12 10 1800  -18.0  799.1    4.4  138.0   66.0  444.0
2018 344 12 10 2100  -15.6  798.8    6.1  125.0   56.0  444.0
2018 345 12 11 0000  -16.2  798.4    5.4  136.0   59.0  444.0
2018 345 12 11 0300  -17.2  797.9    4.5  153.0   60.2  444.0
2018 345 12 11 0600  -18.0  797.0    2.8  175.0   64.0  444.0
2018 345 12 11 0900  -18.1  796.3    2.1  130.0   68.0  444.0
2018 345 12 11 1200  -17.5  795.6    1.8  119.0   60.0  444.0
2018 345 12 11 1500  -19.3  795.1    3.0  106.0   64.0  444.0
2018 345 12 11 1800  -17.8  795.1    1.4  135.0   63.0  444.0
2018 345 12 11 2100  -17.0  795.2    1.7  194.0   58.2  444.0
2018 346 12 12 0000  -15.9  795.8    1.6  243.0   62.1  444.0
2018 346 12 12 0300  -19.4  796.5    3.3  290.0   67.0  444.0
2018 346 12 12 0600  -19.8  797.6    2.2  257.0   82.0  444.0
2018 346 12 12 0900  444.0  798.6    0.5  123.0   74.6  444.0
2018 346 12 12 1200  -19.5  799.4    2.2   72.0   78.0  444.0
2018 346 12 12 1500  -18.7  800.1    4.5   85.0   76.3  444.0
2018 346 12 12 1800  -17.0  800.4    4.6   86.0   68.0  444.0
2018 346 12 12 2100  -15.1  800.4    0.1  144.0   50.2  444.0
2018 347 12 13 0000  -16.4  799.7    2.2  190.0   68.0  444.0
2018 347 12 13 0300  -16.6  798.6    3.7  223.0   73.2  444.0
2018 347 12 13 0600  -18.9  797.9    3.3  187.0   74.0  444.0
2018 347 12 13 0900  -20.1  797.6    3.4  129.0   77.0  444.0
2018 347 12 13 1200  -16.1  797.5    0.4   91.0   74.0  444.0
2018 347 12 13 1500  -18.3  797.8    5.1   23.0   76.0  444.0
2018 347 12 13 1800  -16.0  798.3    5.2   38.0   75.3  444.0
2018 347 12 13 2100  -15.1  798.2    4.9  118.0   72.0  444.0
2018 348 12 14 0000  -14.4  797.4    6.2  128.0   72.0  444.0
2018 348 12 14 0300  -14.8  796.7    3.8  108.0   77.0  444.0
2018 348 12 14 0600  -16.6  796.5    3.0   24.0   78.8  444.0
2018 348 12 14 0900  -17.1  796.6    5.3   76.0   79.0  444.0
2018 348 12 14 1200  -17.2  796.6    4.9   90.0   79.0  444.0
2018 348 12 14 1500  -14.7  796.5    5.7   95.0   75.0  444.0
2018 348 12 14 1800  -12.9  796.4    5.8   82.0   71.0  444.0
2018 348 12 14 2100  -12.7  796.5    5.1   94.0   70.0  444.0
2018 349 12 15 0000  -13.3  796.2    4.2  106.0   74.0  444.0
2018 349 12 15 0300  -14.2  795.7    0.8   74.0   78.0  444.0
2018 349 12 15 0600  -19.3  795.0    3.1  131.0   77.0  444.0
2018 349 12 15 0900  -19.9  794.0    4.9  124.0   76.7  444.0
2018 349 12 15 1200  -18.4  793.4    6.4  114.0   71.0  444.0
2018 349 12 15 1500  -16.3  792.2    5.1  112.0   71.0  444.0
2018 349 12 15 1800  -13.8  790.8    6.1  126.0   69.0  444.0
2018 349 12 15 2100  -12.3  790.2    5.9  120.0   68.0  444.0
2018 350 12 16 0000  -12.5  790.0    3.2  110.0   74.0  444.0
2018 350 12 16 0300  -14.3  790.0    3.2   91.0   79.0  444.0
2018 350 12 16 0600  -16.6  790.5    5.2  100.0   77.0  444.0
2018 350 12 16 0900  -18.2  790.6    5.5  109.0   75.0  444.0
2018 350 12 16 1200  -15.1  790.4    6.8  111.0   78.0  444.0
2018 350 12 16 1500  -15.6  791.4    3.5   33.0   83.0  444.0
2018 350 12 16 1800  -14.8  791.6    8.3   94.0   80.0  444.0
2018 350 12 16 2100  -14.4  792.1    7.7   91.0   77.0  444.0
2018 351 12 17 0000  -14.4  793.2    2.6   20.0   79.0  444.0
2018 351 12 17 0300  -15.2  794.2    2.1  119.0   81.0  444.0
2018 351 12 17 0600  -16.5  795.2    3.9  119.0   80.0  444.0
2018 351 12 17 0900  -17.3  797.2    2.9  113.0   78.0  444.0
2018 351 12 17 1200  -15.6  798.9    7.0   60.0   79.0  444.0
2018 351 12 17 1500  -15.5  800.2    7.9   74.0   79.0  444.0
2018 351 12 17 1800  -14.4  801.5    7.2   57.0   73.0  444.0
2018 351 12 17 2100  -13.7  802.8    5.4   49.0   69.0  444.0
2018 352 12 18 0000  -14.2  803.5    5.0  118.0   71.5  444.0
2018 352 12 18 0300  -15.0  803.2    3.9  150.0   71.0  444.0
2018 352 12 18 0600  -16.1  803.2    5.4  150.0   78.0  444.0
2018 352 12 18 0900  -17.0  803.0    5.7  116.0   75.0  444.0
2018 352 12 18 1200  -18.4  802.9    6.7  122.0   72.0  444.0
2018 352 12 18 1500  -15.8  802.6    6.0  126.0   73.0  444.0
2018 352 12 18 1800  -15.6  802.2    5.6  143.0   67.0  444.0
2018 352 12 18 2100  -15.7  801.5    6.0  154.0   65.0  444.0
2018 353 12 19 0000  -15.8  800.4    3.1  184.0   68.0  444.0
2018 353 12 19 0300  -18.2  799.0    3.9  172.0   72.0  444.0
2018 353 12 19 0600  -20.6  797.7    4.0  156.0   70.0  444.0
2018 353 12 19 0900  -21.1  795.9    5.7  163.0   74.0  444.0
2018 353 12 19 1200  -15.5  793.6    5.9  159.0   77.7  444.0
2018 353 12 19 1500  -13.0  792.7    5.4   67.0   78.0  444.0
2018 353 12 19 1800  -12.7  795.4    9.6   81.0   79.0  444.0
2018 353 12 19 2100  -11.9  797.9    8.0   65.0   78.0  444.0
2018 354 12 20 0000  -11.7  799.7    8.9   44.0   82.1  444.0
2018 354 12 20 0300  -13.9  801.6    4.9   60.0   83.0  444.0
2018 354 12 20 0600  -14.1  803.2    6.2   73.0   84.0  444.0
2018 354 12 20 0900  -13.4  804.3    6.2   68.0   83.4  444.0
2018 354 12 20 1200  -14.1  804.9    5.2  112.0   82.0  444.0
2018 354 12 20 1500  -12.8  805.0    5.0  119.0   76.8  444.0
2018 354 12 20 1800  -11.8  805.2    5.6  104.0   74.0  444.0
2018 354 12 20 2100  -12.2  805.4    3.4  106.0   77.0  444.0
2018 355 12 21 0000  -12.9  805.0    3.5  145.0   78.0  444.0
2018 355 12 21 0300  -16.0  804.3    3.9  150.0   78.0  444.0
2018 355 12 21 0600  -13.0  803.5    4.5  166.0   80.0  444.0
2018 355 12 21 0900  -12.5  802.1    5.9  154.0   78.0  444.0
2018 355 12 21 1200  -13.0  800.7    5.0  153.0   72.0  444.0
2018 355 12 21 1500  -11.7  799.3    7.6  140.0   73.0  444.0
2018 355 12 21 1800   -9.8  798.2    8.4  124.0   71.7  444.0
2018 355 12 21 2100  -10.7  797.3   10.1  122.0   75.0  444.0
2018 356 12 22 0000  -12.5  797.3    9.8  129.0   76.0  444.0
2018 356 12 22 0300  -15.5  797.1    8.9  128.0   76.0  444.0
2018 356 12 22 0600  -18.3  797.2    9.5  116.0   76.0  444.0
2018 356 12 22 0900  -18.4  798.6    4.6   52.0   73.0  444.0
2018 356 12 22 1200  -17.3  798.7    8.1  119.0   73.0  444.0
2018 356 12 22 1500  -16.0  799.5    6.3   47.0   76.0  444.0
2018 356 12 22 1800  -13.6  800.8    6.4   98.0   77.0  444.0
2018 356 12 22 2100  -12.1  801.0    4.4  114.0   76.0  444.0
2018 357 12 23 0000  -12.7  801.3    4.6   68.0   74.0  444.0
2018 357 12 23 0300  -14.3  801.4    4.7  117.0   78.0  444.0
2018 357 12 23 0600  -16.6  801.2    5.9  118.0   81.0  444.0
2018 357 12 23 0900  -16.1  801.3    5.7  122.0   79.0  444.0
2018 357 12 23 1200  -15.1  801.1    6.9  109.0   77.0  444.0
2018 357 12 23 1500  -14.0  801.4    6.1   95.0   77.0  444.0
2018 357 12 23 1800  -12.7  801.2    7.2  104.0   74.2  444.0
2018 357 12 23 2100  -12.3  800.9    8.7  113.0   71.0  444.0
2018 358 12 24 0000  -12.7  800.2    6.6  110.0   78.0  444.0
2018 358 12 24 0300  -14.0  800.2    2.3   60.0   83.0  444.0
2018 358 12 24 0600  -13.8  800.8    2.1   95.0   81.0  444.0
2018 358 12 24 0900  -17.8  800.5    5.0  124.0   78.0  444.0
2018 358 12 24 1200  -15.1  800.2    6.3  105.0   76.0  444.0
2018 358 12 24 1500  -12.8  799.6    8.0   96.0   77.0  444.0
2018 358 12 24 1800  -12.0  799.2    9.5   76.0   79.0  444.0
2018 358 12 24 2100  -10.9  799.4    9.0   75.0   80.6  444.0
2018 359 12 25 0000  -11.3  799.6    9.9   78.0   85.0  444.0
2018 359 12 25 0300  -12.2  799.8    9.1   78.0   85.2  444.0
2018 359 12 25 0600  -12.9  800.8    7.4   82.0   85.0  444.0
2018 359 12 25 0900  -14.1  801.5    7.2   95.0   84.0  444.0
2018 359 12 25 1200  -13.3  802.1    7.2   93.0   82.0  444.0
2018 359 12 25 1500  -12.4  802.5    7.1   81.0   79.0  444.0
2018 359 12 25 1800  -12.2  803.4    5.9   56.0   79.0  444.0
2018 359 12 25 2100  -12.2  804.3    8.1   48.0   80.0  444.0
2018 360 12 26 0000  -12.6  805.3    9.0   46.0   81.5  444.0
2018 360 12 26 0300  -13.2  806.1    7.3   50.0   83.0  444.0
2018 360 12 26 0600  -13.4  807.1    3.2   45.0   85.0  444.0
2018 360 12 26 0900  -13.4  807.7    1.9  110.0   85.0  444.0
2018 360 12 26 1200  -14.3  808.0    2.7  114.0   79.0  444.0
2018 360 12 26 1500  -13.3  808.2    2.5  124.0   72.0  444.0
2018 360 12 26 1800  -12.0  808.3    3.8  129.0   68.3  444.0
2018 360 12 26 2100  -11.6  808.3    5.3  139.0   67.7  444.0
2018 361 12 27 0000  -11.1  807.9    3.8  136.0   75.0  444.0
2018 361 12 27 0300  -12.3  807.9    2.8  110.0   74.0  444.0
2018 361 12 27 0600  -17.5  807.7    2.9  136.0   75.7  444.0
2018 361 12 27 0900  -19.2  807.6    4.0  129.0   75.0  444.0
2018 361 12 27 1200  -19.2  807.7    3.7  115.0   74.0  444.0
2018 361 12 27 1500  -16.9  807.5    3.6  114.0   75.0  444.0
2018 361 12 27 1800  -13.4  807.1    3.7  112.0   73.2  444.0
2018 361 12 27 2100  -11.9  806.9    1.0   84.0   71.0  444.0
2018 362 12 28 0000  444.0  806.4    0.3  170.0   65.9  444.0
2018 362 12 28 0300  -12.6  805.6    0.8  195.0   79.0  444.0
2018 362 12 28 0600  -13.8  805.2    0.4  194.0   81.0  444.0
2018 362 12 28 0900  -14.3  804.6    1.9  140.0   80.0  444.0
2018 362 12 28 1200  -13.1  804.2    0.9  161.0   76.2  444.0
2018 362 12 28 1500  -12.4  803.6    2.9  119.0   81.0  444.0
2018 362 12 28 1800  -11.6  803.0    3.2   88.0   79.0  444.0
2018 362 12 28 2100  -10.5  802.9    2.8   72.0   79.0  444.0
2018 363 12 29 0000  -10.6  802.5    3.4   38.0   83.9  444.0
2018 363 12 29 0300  -12.2  802.7    2.8   59.0   85.1  444.0
2018 363 12 29 0600  -13.0  802.9    2.8   54.0   85.0  444.0
2018 363 12 29 0900  -13.5  803.3    3.6   63.0   85.0  444.0
2018 363 12 29 1200  -13.4  803.6    5.5   56.0   75.0  444.0
2018 363 12 29 1500  -12.4  803.9    7.1   64.0   71.5  444.0
2018 363 12 29 1800  -12.7  804.6    6.2   48.0   76.0  444.0
2018 363 12 29 2100  -13.2  805.0    5.4   40.0   81.0  444.0
2018 364 12 30 0000  -14.0  805.3    6.2   53.0   82.0  444.0
2018 364 12 30 0300  -14.1  805.5    4.7   43.0   84.8  444.0
2018 364 12 30 0600  -14.7  805.7    3.6   39.0   84.7  444.0
2018 364 12 30 0900  -15.3  806.2    2.9   31.0   84.0  444.0
2018 364 12 30 1200  -15.1  806.4    4.0   44.0   82.0  444.0
2018 364 12 30 1500  -15.4  806.5    4.7   58.0   76.5  444.0
2018 364 12 30 1800  -15.0  806.4    4.9   65.0   70.1  444.0
2018 364 12 30 2100  -14.3  806.3    5.5   54.0   73.0  444.0
2018 365 12 31 0000  -14.5  806.2    4.2   64.0   78.0  444.0
2018 365 12 31 0300  -14.7  805.8    2.8   93.0   81.0  444.0
2018 365 12 31 0600  -17.9  805.3    3.9  130.0   77.6  444.0
2018 365 12 31 0900  -18.2  804.9    2.4  148.0   80.0  444.0
2018 365 12 31 1200  -19.3  804.9    2.6  135.0   77.0  444.0
2018 365 12 31 1500  -16.5  804.4    1.4  121.0   72.0  444.0
2018 365 12 31 1800  -15.1  803.7    4.3  154.0   71.0  444.0
2018 365 12 31 2100  -13.4  803.5    3.0  127.0   66.1  444.0
