Year: 2018  Month: 05  ID: LDA  ARGOS: 99603  Name: Linda               
Lat: 78.43S  Lon: 168.42E  Elev:   41m
2018 121  5  1 0000  -27.3  982.1    1.4  175.5   74.6  444.0
2018 121  5  1 0300  -26.2  981.5    1.0   69.9   76.5  444.0
2018 121  5  1 0600  -25.8  980.7    1.3  246.0   75.7  444.0
2018 121  5  1 0900  -24.9  979.5    2.7  245.2   77.8  444.0
2018 121  5  1 1200  -23.2  978.1    5.8  184.4   72.9  444.0
2018 121  5  1 1500  -20.8  976.7    9.6  205.5   80.8  444.0
2018 121  5  1 1800  -23.1  975.3   12.7  197.4   79.0  444.0
2018 121  5  1 2100  -24.2  974.8   12.3  186.5   77.5  444.0
2018 122  5  2 0000  -25.5  974.4   12.0  171.9   77.7  444.0
2018 122  5  2 0300  -26.8  974.5    9.8  170.1   77.1  444.0
2018 122  5  2 0600  -29.2  974.6    3.6  174.6   75.1  444.0
2018 122  5  2 0900  -27.9  974.2    6.5  184.9   72.9  444.0
2018 122  5  2 1200  -28.5  973.9    3.7  216.7   67.6  444.0
2018 122  5  2 1500  -32.3  973.2    2.2  302.7   74.1  444.0
2018 122  5  2 1800  -29.8  972.8    0.7  267.8   71.7  444.0
2018 122  5  2 2100  -25.6  973.1    6.2  200.4   78.7  444.0
2018 123  5  3 0000  -24.3  973.8    5.4  210.0   79.9  444.0
2018 123  5  3 0300  -22.9  973.8   10.2  196.2   80.5  444.0
2018 123  5  3 0600  -24.7  973.9    4.4  285.3   80.5  444.0
2018 123  5  3 0900  -22.0  973.2    3.8  257.7   78.2  444.0
2018 123  5  3 1200  -21.6  974.2   10.7  193.1   81.8  444.0
2018 123  5  3 1500  -22.7  975.4   12.4  201.6   80.9  444.0
2018 123  5  3 1800  -20.3  975.5   12.6  205.6   81.9  444.0
2018 123  5  3 2100  -21.7  977.5    8.2  192.3   80.9  444.0
2018 124  5  4 0000  -26.3  978.7    8.1  211.3   74.5  444.0
2018 124  5  4 0300  -24.7  979.5    8.2  237.9   77.6  444.0
2018 124  5  4 0600  -22.9  981.1    8.1  226.6   77.0  444.0
2018 124  5  4 0900  -25.2  982.6   12.3  185.2   79.1  444.0
2018 124  5  4 1200  -26.5  984.4    9.3  190.5   78.0  444.0
2018 124  5  4 1500  -27.3  985.9    0.9  247.1   76.1  444.0
2018 124  5  4 1800  -26.9  986.7    2.7  337.6   75.1  444.0
2018 124  5  4 2100  -28.8  987.4    0.9   28.2   76.9  444.0
2018 125  5  5 0000  -27.6  988.6    2.9  157.9   78.2  444.0
2018 125  5  5 0300  -30.0  989.0    0.3  310.6   65.7  444.0
2018 125  5  5 0600  -30.9  989.1    2.9  157.4   73.2  444.0
2018 125  5  5 0900  -30.4  989.3    2.8  133.5   77.7  444.0
2018 125  5  5 1200  -29.9  989.8    2.6  143.0   76.4  444.0
2018 125  5  5 1500  -33.8  988.7    2.7  333.6   73.7  444.0
2018 125  5  5 1800  -33.6  987.5    2.5  346.7   72.7  444.0
2018 125  5  5 2100  -31.3  986.4    1.1  331.3   74.4  444.0
2018 126  5  6 0000  -37.7  985.0    2.8   66.4   70.4  444.0
2018 126  5  6 0300  -38.6  984.1    1.1  123.1   69.8  444.0
2018 126  5  6 0600  -36.9  983.7    1.5  143.5   70.5  444.0
2018 126  5  6 0900  -38.0  982.7    1.5  243.2   69.8  444.0
2018 126  5  6 1200  -36.2  982.1    0.0    0.0   71.6  444.0
2018 126  5  6 1500  -33.2  981.1    1.5  100.9   72.4  444.0
2018 126  5  6 1800  -38.6  981.3    2.1  184.1   68.9  444.0
2018 126  5  6 2100  -38.5  981.7    0.1  227.6   69.5  444.0
2018 127  5  7 0000  -40.6  981.5    1.4  304.7   67.7  444.0
2018 127  5  7 0300  -39.7  981.7    0.6  134.3   68.5  444.0
2018 127  5  7 0600  -40.3  982.0    0.6  150.1   67.6  444.0
2018 127  5  7 0900  -38.5  982.3    0.2  320.3   69.2  444.0
2018 127  5  7 1200  -40.7  982.1    0.0    0.0   68.0  444.0
2018 127  5  7 1500  -41.7  982.6    0.0    0.0   67.3  444.0
2018 127  5  7 1800  -37.7  983.4    0.0    0.0   69.3  444.0
2018 127  5  7 2100  -40.4  985.7    0.6   44.4   67.4  444.0
2018 128  5  8 0000  -43.4  986.9    2.8  137.7   66.1  444.0
2018 128  5  8 0300  -40.0  988.8    4.9  168.6   68.1  444.0
2018 128  5  8 0600  -41.6  989.4    2.9  167.1   67.3  444.0
2018 128  5  8 0900  -46.2  989.3    1.9   28.1   64.3  444.0
2018 128  5  8 1200  -47.4  988.1    3.4    3.4   63.8  444.0
2018 128  5  8 1500  -43.7  986.9    0.5   51.7   65.5  444.0
2018 128  5  8 1800  -38.8  986.1    3.5  229.3   68.5  444.0
2018 128  5  8 2100  -37.5  985.8    3.5  232.1   69.3  444.0
2018 129  5  9 0000  -36.2  985.8    3.1  236.8   70.2  444.0
2018 129  5  9 0300  -37.5  986.2    3.1  198.6   69.0  444.0
2018 129  5  9 0600  -34.2  985.2    3.8  212.8   71.9  444.0
2018 129  5  9 0900  -34.2  984.5    1.4  229.9   71.8  444.0
2018 129  5  9 1200  -31.5  982.8    7.6  179.1   74.0  444.0
2018 129  5  9 1500  -31.4  981.6    6.7  198.2   73.6  444.0
2018 129  5  9 1800  -34.5  980.3    5.2  200.5   71.8  444.0
2018 129  5  9 2100  -35.0  978.8    4.6  201.0   71.2  444.0
2018 130  5 10 0000  -35.7  976.6    5.1  198.6   70.8  444.0
2018 130  5 10 0300  -38.6  975.1    1.4  196.8   68.6  444.0
2018 130  5 10 0600  -36.8  973.6    2.4  354.5   69.9  444.0
2018 130  5 10 0900  -38.2  972.9    0.1  104.9   69.0  444.0
2018 130  5 10 1200  -38.1  972.0    1.2  226.9   69.0  444.0
2018 130  5 10 1500  -39.1  971.2    1.6  306.1   68.4  444.0
2018 130  5 10 1800  -40.4  970.7    1.7  229.3   66.9  444.0
2018 130  5 10 2100  -40.3  969.3    1.9  240.4   67.5  444.0
2018 131  5 11 0000  -40.8  967.5    1.2  322.6   67.0  444.0
2018 131  5 11 0300  -36.9  965.5    1.9  295.8   69.4  444.0
2018 131  5 11 0600  -22.4  963.2   15.2  207.2   80.2  444.0
2018 131  5 11 0900  -32.0  964.0   13.0  174.2   73.4  444.0
2018 131  5 11 1200  -32.8  965.7   15.9  195.4   73.6  444.0
2018 131  5 11 1500  -29.5  965.9   11.1  183.9   75.7  444.0
2018 131  5 11 1800  -28.2  964.5    1.0  267.8   75.8  444.0
2018 131  5 11 2100  -27.8  962.5    4.1  327.8   77.1  444.0
2018 132  5 12 0000  -18.3  959.9    6.9  272.1   84.5  444.0
2018 132  5 12 0300  -14.3  958.7    6.9  192.4   88.8  444.0
2018 132  5 12 0600  -14.6  957.1    9.7  194.1   88.8  444.0
2018 132  5 12 0900  -20.8  958.4    6.9  149.6   83.4  444.0
2018 132  5 12 1200  -19.9  962.2    2.1  109.0   83.8  444.0
2018 132  5 12 1500  -23.1  965.2    9.7  182.6   81.6  444.0
2018 132  5 12 1800  -23.6  967.1    3.8  150.3   80.5  444.0
2018 132  5 12 2100  -23.3  968.5    3.8  335.3   80.0  444.0
2018 133  5 13 0000  -18.2  969.2    0.1   74.3   85.4  444.0
2018 133  5 13 0300  -14.6  969.6   11.4  210.1   88.1  444.0
2018 133  5 13 0600  -14.7  971.7    6.9  254.6   88.6  444.0
2018 133  5 13 0900  -15.9  972.9    7.0  220.4   86.6  444.0
2018 133  5 13 1200  -18.6  973.3   15.8  193.4   83.0  444.0
2018 133  5 13 1500  -19.3  973.9   15.4  187.8   84.6  444.0
2018 133  5 13 1800  -18.1  973.7   11.3  202.5   85.8  444.0
2018 133  5 13 2100  -16.3  972.7   13.8  205.2   84.6  444.0
2018 134  5 14 0000  -15.8  973.1   10.2  196.1   83.0  444.0
2018 134  5 14 0300  -14.4  971.1   15.0  190.4   85.5  444.0
2018 134  5 14 0600  -17.6  971.5    8.6  176.4   85.6  444.0
2018 134  5 14 0900  -13.2  970.3    9.8  205.4   89.9  444.0
2018 134  5 14 1200  -13.8  969.0   15.3  207.0   89.4  444.0
2018 134  5 14 1500  -13.5  968.7   17.9  206.0   89.6  444.0
2018 134  5 14 1800  -11.9  968.4   15.6  203.5   91.4  444.0
2018 134  5 14 2100  -13.3  968.8   12.9  181.0   89.8  444.0
2018 135  5 15 0000  -12.9  969.6   13.0  196.8   90.2  444.0
2018 135  5 15 0300  -12.4  970.0   14.0  201.1   90.6  444.0
2018 135  5 15 0600  -13.4  971.1   12.9  195.8   89.6  444.0
2018 135  5 15 0900  -15.1  972.9   13.0  189.9   87.7  444.0
2018 135  5 15 1200  -18.3  974.9   13.8  186.7   84.9  444.0
2018 135  5 15 1500  -25.1  978.0   14.5  172.2   79.5  444.0
2018 135  5 15 1800  -27.7  982.7   16.9  175.6   77.8  444.0
2018 135  5 15 2100  -27.7  986.6   17.9  192.1   77.4  444.0
2018 136  5 16 0000  -24.6  988.3   16.3  197.3   80.9  444.0
2018 136  5 16 0300  -27.5  989.2   16.9  189.4   77.8  444.0
2018 136  5 16 0600  -24.9  990.4   15.3  189.2   79.0  444.0
2018 136  5 16 0900  -23.5  989.9   11.4  186.0   80.5  444.0
2018 136  5 16 1200  -22.2  988.4    7.4  177.1   81.1  444.0
2018 136  5 16 1500  -21.6  986.4    5.3  170.4   80.8  444.0
2018 136  5 16 1800  -22.6  985.7    2.4  316.0   82.2  444.0
2018 136  5 16 2100  -23.2  985.0    0.0    0.0   82.4  444.0
2018 137  5 17 0000  -23.8  985.2    0.0    0.0   80.5  444.0
2018 137  5 17 0300  -23.0  985.7    0.0    0.0   82.3  444.0
2018 137  5 17 0600  -27.3  988.2    0.0    0.0   77.4  444.0
2018 137  5 17 0900  -25.2  990.4    5.2  165.9   78.7  444.0
2018 137  5 17 1200  -27.4  993.3    0.0  295.0   76.3  444.0
2018 137  5 17 1500  -21.3  995.7    8.8  187.2   76.8  444.0
2018 137  5 17 1800  -23.8  998.7    2.9  337.6   78.4  444.0
2018 137  5 17 2100  -21.9 1000.1    2.6   10.6   77.0  444.0
2018 138  5 18 0000  -22.2 1001.7    2.6  186.9   75.5  444.0
2018 138  5 18 0300  -22.9 1002.6    1.9  313.8   73.2  444.0
2018 138  5 18 0600  -23.2 1002.7    4.1  191.8   66.8  444.0
2018 138  5 18 0900  -22.8 1002.5    2.3  226.1   72.8  444.0
2018 138  5 18 1200  -26.8 1001.3    0.1  273.5   75.5  444.0
2018 138  5 18 1500  -32.6  999.1    3.2   14.1   74.5  444.0
2018 138  5 18 1800  -27.1  997.0    4.3   22.2   78.2  444.0
2018 138  5 18 2100  -26.5  994.8    5.8   27.9   78.7  444.0
2018 139  5 19 0000  -26.3  993.2    3.5   31.4   78.7  444.0
2018 139  5 19 0300  -27.4  992.2    1.7   31.5   77.8  444.0
2018 139  5 19 0600  -27.3  992.0    2.0  125.9   78.0  444.0
2018 139  5 19 0900  -31.1  991.5    5.1  167.1   75.0  444.0
2018 139  5 19 1200  -34.4  991.5    3.5  157.3   72.7  444.0
2018 139  5 19 1500  -37.0  991.3    0.1  108.6   70.8  444.0
2018 139  5 19 1800  -36.8  990.2    3.7  336.5   71.1  444.0
2018 139  5 19 2100  -34.9  989.4    4.6  330.6   72.4  444.0
2018 140  5 20 0000  -30.5  988.7    5.3  200.2   75.2  444.0
2018 140  5 20 0300  -29.4  989.2    7.7  187.4   76.2  444.0
2018 140  5 20 0600  -31.2  990.3    3.1  194.3   74.3  444.0
2018 140  5 20 0900  -33.0  990.6    2.6  145.2   73.6  444.0
2018 140  5 20 1200  -35.2  991.8    0.0    0.0   72.4  444.0
2018 140  5 20 1500  -36.0  992.5    2.0  280.3   70.5  444.0
2018 140  5 20 1800  -33.7  993.6    1.0  249.9   72.8  444.0
2018 140  5 20 2100  -40.1  994.8    1.1  301.7   68.4  444.0
2018 141  5 21 0000  -36.6  995.8    2.6  316.3   69.8  444.0
2018 141  5 21 0300  -30.7  995.9    3.3  276.5   75.1  444.0
2018 141  5 21 0600  -26.4  996.5    4.5  264.3   78.2  444.0
2018 141  5 21 0900  -23.7  997.5   10.1  201.0   80.4  444.0
2018 141  5 21 1200  -24.1  998.5    8.4  191.8   80.2  444.0
2018 141  5 21 1500  -26.0 1000.0    8.3  174.5   78.8  444.0
2018 141  5 21 1800  -31.3 1002.0    7.6  154.1   74.8  444.0
2018 141  5 21 2100  -32.3 1005.0    9.5  173.4   73.8  444.0
2018 142  5 22 0000  -30.8 1006.8    9.1  164.3   73.4  444.0
2018 142  5 22 0300  -31.0 1007.0   11.3  171.7   74.9  444.0
2018 142  5 22 0600  -27.6 1006.8   13.3  198.1   76.6  444.0
2018 142  5 22 0900  -29.5 1006.1   12.2  187.9   76.0  444.0
2018 142  5 22 1200  -29.2 1005.1   11.4   22.9   76.0  444.0
2018 142  5 22 1500  -29.2 1002.8   11.6    8.9   74.2  444.0
2018 142  5 22 1800  -28.1 1001.5   13.3   18.2   75.8  444.0
2018 142  5 22 2100  -27.3 1000.5   12.8    2.8   75.5  444.0
2018 143  5 23 0000  -26.6  999.8   10.6   11.4   73.7  444.0
2018 143  5 23 0300  -27.5  997.8   10.6   12.4   74.1  444.0
2018 143  5 23 0600  -26.4  996.1   11.1   12.0   73.0  444.0
2018 143  5 23 0900  -27.6  994.1    7.1   15.1   70.3  444.0
2018 143  5 23 1200  -30.5  992.4    3.0   12.4   74.5  444.0
2018 143  5 23 1500  -30.7  989.7    1.7   12.7   76.1  444.0
2018 143  5 23 1800  -31.6  988.1    2.3   12.1   74.3  444.0
2018 143  5 23 2100  -33.0  986.0    2.8   14.5   73.8  444.0
2018 144  5 24 0000  -31.7  984.5    3.0   12.1   74.3  444.0
2018 144  5 24 0300  -30.9  982.4    2.9   11.1   75.3  444.0
2018 144  5 24 0600  -32.9  980.8    0.3   12.0   73.4  444.0
2018 144  5 24 0900  -29.3  980.3    1.6   12.2   75.8  444.0
2018 144  5 24 1200  -34.0  979.4    0.8   14.8   72.8  444.0
2018 144  5 24 1500  -32.2  978.5    0.9   19.2   74.2  444.0
2018 144  5 24 1800  -30.8  977.6    1.1   13.4   75.1  444.0
2018 144  5 24 2100  -24.7  977.1    2.4   12.3   83.0  444.0
2018 145  5 25 0000  -18.4  976.6    7.5  245.3   85.1  444.0
2018 145  5 25 0300  -17.7  976.9    6.0  236.4   79.7  444.0
2018 145  5 25 0600  -18.4  975.9    7.1  276.1   85.1  444.0
2018 145  5 25 0900  -17.0  976.1    3.3  280.9   85.6  444.0
2018 145  5 25 1200  -17.5  976.4    4.2  254.3   84.5  444.0
2018 145  5 25 1500  -19.5  976.4    2.5  252.2   84.0  444.0
2018 145  5 25 1800  -20.4  977.0    3.5  192.1   82.8  444.0
2018 145  5 25 2100  -21.3  978.1    2.3  143.5   80.2  444.0
2018 146  5 26 0000  -24.0  979.1  444.0  444.0   80.9  444.0
2018 146  5 26 0300  -28.2  979.8  444.0  444.0   77.2  444.0
2018 146  5 26 0600  -32.6  980.2  444.0  444.0   74.4  444.0
2018 146  5 26 0900  -35.1  981.3  444.0  444.0   72.5  444.0
2018 146  5 26 1200  -36.8  983.4  444.0  444.0   70.8  444.0
2018 146  5 26 1500  -36.0  985.2  444.0  444.0   72.0  444.0
2018 146  5 26 1800  -37.7  987.5  444.0  444.0   70.7  444.0
2018 146  5 26 2100  -37.2  990.4  444.0  444.0   71.0  444.0
2018 147  5 27 0000  -35.3  992.7  444.0  444.0   70.2  444.0
2018 147  5 27 0300  -32.3  994.0    1.2  235.4   75.9  444.0
2018 147  5 27 0600  -36.1  995.0    0.2  305.0   71.2  444.0
2018 147  5 27 0900  -27.3  996.1    6.4  197.3   77.7  444.0
2018 147  5 27 1200  -26.8  997.3    2.4  213.2   79.0  444.0
2018 147  5 27 1500  -26.4  997.2    9.1  190.2   76.0  444.0
2018 147  5 27 1800  -26.9  997.1    7.6  185.1   69.9  444.0
2018 147  5 27 2100  -28.7  998.1    5.7  222.1   68.2  444.0
2018 148  5 28 0000  -30.5  997.6   10.0  195.4   72.7  444.0
2018 148  5 28 0300  -30.7  997.7    8.4  203.0   74.9  444.0
2018 148  5 28 0600  -30.8  997.0   11.5  190.7   74.5  444.0
2018 148  5 28 0900  -32.4  997.4    9.6  199.6   73.6  444.0
2018 148  5 28 1200  -32.6  997.1    8.8  191.5   72.4  444.0
2018 148  5 28 1500  -32.2  997.3    9.3  190.0   73.7  444.0
2018 148  5 28 1800  -32.5  997.4    4.2  191.8   68.8  444.0
2018 148  5 28 2100  -34.3  996.8    0.8  260.2   73.0  444.0
2018 149  5 29 0000  -36.6  995.9    0.0  349.8   71.5  444.0
2018 149  5 29 0300  -33.8  993.8    3.1  293.1   73.4  444.0
2018 149  5 29 0600  -33.6  991.3    3.7  283.9   70.7  444.0
2018 149  5 29 0900  -32.2  988.8    4.2  270.1   75.4  444.0
2018 149  5 29 1200  -31.4  986.9    6.0  261.5   73.1  444.0
2018 149  5 29 1500  -31.6  985.3    4.8  253.8   72.0  444.0
2018 149  5 29 1800  -34.4  985.5    1.8  244.6   73.8  444.0
2018 149  5 29 2100  -37.6  987.4    1.8    3.0   70.1  444.0
2018 150  5 30 0000  -42.9  989.3    1.4    3.0   66.7  444.0
2018 150  5 30 0300  -35.8  990.3    2.6  205.6   71.2  444.0
2018 150  5 30 0600  -40.1  991.6    1.2  303.7   68.3  444.0
2018 150  5 30 0900  -37.9  992.3    1.8  207.3   69.5  444.0
2018 150  5 30 1200  -34.2  992.6    6.6  189.1   72.1  444.0
2018 150  5 30 1500  -33.4  993.9    5.6  204.3   72.5  444.0
2018 150  5 30 1800  -38.0  994.3    2.9  234.9   69.6  444.0
2018 150  5 30 2100  -33.8  995.2    4.2  177.2   71.5  444.0
2018 151  5 31 0000  -36.4  996.0    5.6  192.2   70.4  444.0
2018 151  5 31 0300  -33.0  996.5    6.4  183.4   69.0  444.0
2018 151  5 31 0600  -29.6  997.3    7.7  190.4   60.3  444.0
2018 151  5 31 0900  -32.9  998.1    6.5  197.8   68.5  444.0
2018 151  5 31 1200  -30.2  999.0    8.2  206.3   68.0  444.0
2018 151  5 31 1500  -26.1  998.1    9.9  199.3   61.3  444.0
2018 151  5 31 1800  -29.8  997.7    2.9  238.3   54.3  444.0
2018 151  5 31 2100  -24.6  996.9    9.2  203.3   66.0  444.0
