Year: 2018  Month: 02  ID: LDA  ARGOS: 99603  Name: Linda               
Lat: 78.43S  Lon: 168.42E  Elev:   41m
2018  32  2  1 0000  -10.0  990.0    4.3    3.3   72.3  444.0
2018  32  2  1 0300   -9.1  989.7    4.2   10.0   70.5  444.0
2018  32  2  1 0600   -9.1  989.3    4.9   19.7   68.6  444.0
2018  32  2  1 0900  -10.9  989.5    4.4   33.9   78.0  444.0
2018  32  2  1 1200  -11.3  989.6    1.8   27.4   81.3  444.0
2018  32  2  1 1500  -11.7  989.3    2.6  125.0   86.5  444.0
2018  32  2  1 1800  -12.3  989.7    3.9  134.6   83.5  444.0
2018  32  2  1 2100  -12.1  990.2    6.3  150.5   80.2  444.0
2018  33  2  2 0000  -11.4  989.8    7.4  165.8   80.3  444.0
2018  33  2  2 0300  -10.9  989.5    8.8  166.0   85.5  444.0
2018  33  2  2 0600  -11.9  988.7   11.5  175.2   86.4  444.0
2018  33  2  2 0900  -11.9  988.7   11.3  172.6   88.9  444.0
2018  33  2  2 1200  -11.7  989.0   10.8  175.4   89.3  444.0
2018  33  2  2 1500  -11.5  989.1   11.1  176.6   89.4  444.0
2018  33  2  2 1800  -11.2  989.6    9.0  169.2   87.8  444.0
2018  33  2  2 2100  -10.4  989.5    7.8  168.6   86.6  444.0
2018  34  2  3 0000   -9.1  989.2    8.6  181.8   78.9  444.0
2018  34  2  3 0300   -9.6  988.7    9.3  179.1   77.8  444.0
2018  34  2  3 0600  -11.7  988.9    6.6  173.3   73.2  444.0
2018  34  2  3 0900  -14.0  989.0    5.4  169.8   75.0  444.0
2018  34  2  3 1200  -17.4  989.0    3.8  153.0   81.5  444.0
2018  34  2  3 1500  -15.9  988.6    4.7  162.2   83.1  444.0
2018  34  2  3 1800  -14.2  988.1    2.8  220.2   82.3  444.0
2018  34  2  3 2100  -13.7  987.5    1.2  185.0   70.1  444.0
2018  35  2  4 0000  -12.8  986.5    1.2  228.9   74.2  444.0
2018  35  2  4 0300  -10.6  985.3    5.9  231.1   69.1  444.0
2018  35  2  4 0600  -10.3  985.0    2.9  192.6   67.2  444.0
2018  35  2  4 0900  -10.7  984.2    6.5  197.4   67.1  444.0
2018  35  2  4 1200  -13.8  984.7    6.3  195.3   76.5  444.0
2018  35  2  4 1500  -11.1  984.5    6.3  190.6   80.8  444.0
2018  35  2  4 1800  -11.2  985.5    5.3  196.0   85.0  444.0
2018  35  2  4 2100  -11.5  986.3    6.9  197.6   85.5  444.0
2018  36  2  5 0000  -11.3  985.8   11.2  192.7   85.1  444.0
2018  36  2  5 0300  -10.6  985.6   11.5  187.6   84.9  444.0
2018  36  2  5 0600   -9.6  985.2   11.2  181.7   86.4  444.0
2018  36  2  5 0900   -8.1  984.9    8.8  188.4   84.2  444.0
2018  36  2  5 1200   -8.9  984.8    7.4  205.4   83.6  444.0
2018  36  2  5 1500  -12.5  985.0    6.5  176.3   77.2  444.0
2018  36  2  5 1800  -12.9  985.5    6.2  186.9   74.1  444.0
2018  36  2  5 2100  -10.5  984.8    9.2  194.3   75.8  444.0
2018  37  2  6 0000   -9.8  984.7   10.4  194.6   74.4  444.0
2018  37  2  6 0300   -9.4  984.6   10.6  185.5   66.3  444.0
2018  37  2  6 0600  -10.4  983.7    8.0  173.5   65.9  444.0
2018  37  2  6 0900  -12.1  982.8    5.1  178.8   67.7  444.0
2018  37  2  6 1200  -16.7  981.9    3.5  203.8   75.4  444.0
2018  37  2  6 1500  -16.5  981.3    2.9  229.2   67.5  444.0
2018  37  2  6 1800  -18.6  980.9    0.7   99.6   73.2  444.0
2018  37  2  6 2100  -14.6  980.3    2.2  201.8   78.7  444.0
2018  38  2  7 0000  -12.1  980.2    6.7  167.6   70.1  444.0
2018  38  2  7 0300  -12.0  979.8    7.6  179.6   68.5  444.0
2018  38  2  7 0600  -12.0  979.4    3.3  200.0   72.4  444.0
2018  38  2  7 0900  -12.5  978.9    0.8  205.0   80.1  444.0
2018  38  2  7 1200  -14.7  978.6    0.1  319.2   80.2  444.0
2018  38  2  7 1500  -10.6  978.0    3.5  227.1   57.7  444.0
2018  38  2  7 1800   -9.6  977.2    7.1  194.1   62.1  444.0
2018  38  2  7 2100   -8.1  976.3    8.5  208.5   62.4  444.0
2018  39  2  8 0000   -7.4  975.6    6.1  229.9   63.4  444.0
2018  39  2  8 0300   -9.1  974.7    9.0  196.9   74.3  444.0
2018  39  2  8 0600   -9.2  973.3    5.6  200.6   76.2  444.0
2018  39  2  8 0900   -7.7  972.3    3.5  212.9   70.9  444.0
2018  39  2  8 1200  -11.2  971.2    3.0  184.2   79.5  444.0
2018  39  2  8 1500  -11.1  970.1    6.4  202.6   72.7  444.0
2018  39  2  8 1800  -11.8  969.5    6.4  208.1   68.8  444.0
2018  39  2  8 2100  -10.3  968.3    6.3  206.9   73.4  444.0
2018  40  2  9 0000  -10.2  967.8    6.3  175.4   66.5  444.0
2018  40  2  9 0300   -8.6  966.7    1.2  263.6   67.5  444.0
2018  40  2  9 0600  -10.7  965.5    3.3  328.6   72.9  444.0
2018  40  2  9 0900  -13.3  964.9    2.7  348.9   73.0  444.0
2018  40  2  9 1200  -13.9  965.0    2.4  346.1   76.5  444.0
2018  40  2  9 1500  -12.9  965.2    2.0    2.3   75.4  444.0
2018  40  2  9 1800  -18.1  966.2    2.9   49.9   80.3  444.0
2018  40  2  9 2100  -15.6  967.5    1.9   62.4   77.5  444.0
2018  41  2 10 0000  -12.2  969.3    1.7   47.3   79.5  444.0
2018  41  2 10 0300  -11.4  970.5    1.1  104.5   78.7  444.0
2018  41  2 10 0600  -13.3  971.7    2.4  153.7   78.3  444.0
2018  41  2 10 0900  -15.0  972.8    2.9  119.8   83.1  444.0
2018  41  2 10 1200  -15.1  974.1    2.2  144.4   92.1  444.0
2018  41  2 10 1500  -15.6  975.2    0.3  251.4   84.9  444.0
2018  41  2 10 1800  -18.5  976.6    0.8   24.1   82.0  444.0
2018  41  2 10 2100  -14.2  978.2    1.3  342.5   84.8  444.0
2018  42  2 11 0000   -9.3  979.7    6.4  195.9   84.4  444.0
2018  42  2 11 0300   -7.2  980.5    5.9  202.2   81.0  444.0
2018  42  2 11 0600   -8.4  981.6    8.4  214.6   88.7  444.0
2018  42  2 11 0900  -10.1  983.1    7.8  191.1   88.4  444.0
2018  42  2 11 1200  -10.4  985.0   13.7  201.8   91.1  444.0
2018  42  2 11 1500  -10.8  986.6   13.0  198.1   89.7  444.0
2018  42  2 11 1800  -10.7  988.3    8.9  200.8   83.2  444.0
2018  42  2 11 2100   -9.4  989.4    8.7  207.9   81.5  444.0
2018  43  2 12 0000   -8.0  989.3    7.6  188.9   79.2  444.0
2018  43  2 12 0300   -8.0  988.1    2.8  344.4   80.6  444.0
2018  43  2 12 0600  -10.1  985.8    5.6    2.2   81.0  444.0
2018  43  2 12 0900  -12.9  983.9    3.7  339.7   85.2  444.0
2018  43  2 12 1200  -14.0  982.2    5.3   23.1   89.5  444.0
2018  43  2 12 1500  -16.9  980.6    3.3   27.4   85.8  444.0
2018  43  2 12 1800  -14.2  978.9    1.6   44.9   86.5  444.0
2018  43  2 12 2100  -15.9  977.4    3.8   34.3   81.4  444.0
2018  44  2 13 0000  -13.0  975.7    3.0   78.9   81.8  444.0
2018  44  2 13 0300  -11.3  973.5    4.7  122.2   80.7  444.0
2018  44  2 13 0600  -10.6  972.8    8.6  120.9   77.2  444.0
2018  44  2 13 0900  -12.5  973.2    7.2  173.5   85.4  444.0
2018  44  2 13 1200  -12.4  972.7    7.7  176.6   87.0  444.0
2018  44  2 13 1500  -14.5  972.9   10.3  188.3   79.7  444.0
2018  44  2 13 1800  -17.8  974.3    0.9    3.0   73.0  444.0
2018  44  2 13 2100  -15.9  974.9    9.8  182.7   74.6  444.0
2018  45  2 14 0000  -16.1  976.1   11.7  181.5   71.5  444.0
2018  45  2 14 0300  -11.0  977.4   12.5    5.7   57.2  444.0
2018  45  2 14 0600  -12.8  979.5    8.8  203.6   69.2  444.0
2018  45  2 14 0900  -14.8  982.0    0.6  163.9   67.5  444.0
2018  45  2 14 1200  -16.2  983.7    1.1  182.0   72.0  444.0
2018  45  2 14 1500  -16.2  984.5    0.5  137.2   61.2  444.0
2018  45  2 14 1800  -19.4  983.9    3.5  353.5   68.4  444.0
2018  45  2 14 2100  -16.5  982.7    1.2  350.8   73.0  444.0
2018  46  2 15 0000  -15.4  980.8    1.4   48.5   73.9  444.0
2018  46  2 15 0300  -15.1  979.1    2.2  162.2   76.0  444.0
2018  46  2 15 0600  -14.9  978.9    4.8  159.8   75.2  444.0
2018  46  2 15 0900  -14.6  978.9    5.8  176.9   75.1  444.0
2018  46  2 15 1200  -15.4  978.9    2.8  178.9   55.2  444.0
2018  46  2 15 1500  -14.0  979.1    2.2  222.4   64.8  444.0
2018  46  2 15 1800  -11.3  979.7    2.4  205.8   50.2  444.0
2018  46  2 15 2100  -11.8  980.2    1.4  329.2   64.1  444.0
2018  47  2 16 0000  -11.7  980.5    1.2   64.5   70.5  444.0
2018  47  2 16 0300  -11.9  980.1    2.1  119.3   71.9  444.0
2018  47  2 16 0600  -13.4  979.9    2.6    5.6   77.6  444.0
2018  47  2 16 0900  -15.5  980.0    2.3   19.4   78.8  444.0
2018  47  2 16 1200  -18.6  980.2    3.4  359.7   82.7  444.0
2018  47  2 16 1500  -20.7  980.5    0.1   12.9   87.8  444.0
2018  47  2 16 1800  -17.3  981.0    2.7   71.6   81.7  444.0
2018  47  2 16 2100  -19.7  982.0    3.0   80.9   71.5  444.0
2018  48  2 17 0000  -17.6  983.4    3.0  188.4   77.0  444.0
2018  48  2 17 0300  -12.5  983.7    7.9  181.9   67.4  444.0
2018  48  2 17 0600  -14.0  985.0    6.9  186.7   69.3  444.0
2018  48  2 17 0900  -13.9  985.8    8.1  172.9   70.9  444.0
2018  48  2 17 1200  -13.3  987.3    9.9  168.1   70.0  444.0
2018  48  2 17 1500  -14.3  988.9    8.8  176.6   74.9  444.0
2018  48  2 17 1800  -13.9  990.3    8.9  172.4   69.3  444.0
2018  48  2 17 2100  -15.4  991.9    8.7  171.0   75.6  444.0
2018  49  2 18 0000  -15.3  993.3    7.7  167.8   72.2  444.0
2018  49  2 18 0300  -14.6  994.1    6.3  171.6   72.5  444.0
2018  49  2 18 0600  -14.9  994.7    5.3  159.6   74.2  444.0
2018  49  2 18 0900  -15.3  994.8    4.8  158.7   84.9  444.0
2018  49  2 18 1200  -15.6  994.7    3.4  135.9   81.0  444.0
2018  49  2 18 1500  -16.2  994.1    2.6  124.8   82.1  444.0
2018  49  2 18 1800  -17.0  993.9    3.3  146.1   84.5  444.0
2018  49  2 18 2100  -16.4  993.8    1.9  144.2   75.3  444.0
2018  50  2 19 0000  -16.3  993.5    2.3  173.6   72.9  444.0
2018  50  2 19 0300  -15.6  993.1    1.8  178.1   70.4  444.0
2018  50  2 19 0600  -15.9  992.7    2.1  142.4   74.7  444.0
2018  50  2 19 0900  -16.6  992.5    2.1  119.6   84.2  444.0
2018  50  2 19 1200  -18.1  992.3    0.9  106.0   83.7  444.0
2018  50  2 19 1500  -19.0  991.6    2.0   84.8   81.9  444.0
2018  50  2 19 1800  -18.9  991.3    2.2   61.4   74.6  444.0
2018  50  2 19 2100  -18.2  990.2    2.4   61.2   71.6  444.0
2018  51  2 20 0000  -17.1  990.4    1.9   86.8   70.3  444.0
2018  51  2 20 0300  -16.5  990.3    4.6  140.6   72.1  444.0
2018  51  2 20 0600  -15.7  990.7    2.3  156.3   74.0  444.0
2018  51  2 20 0900  -18.1  991.5    9.2  180.9   81.3  444.0
2018  51  2 20 1200  -19.9  991.0    7.8  168.1   78.3  444.0
2018  51  2 20 1500  -25.1  991.1    8.6  165.9   78.5  444.0
2018  51  2 20 1800  -23.5  990.7    5.5  169.1   77.5  444.0
2018  51  2 20 2100  -23.5  990.0    4.9  170.6   71.7  444.0
2018  52  2 21 0000  -21.9  989.0    7.2  162.7   68.0  444.0
2018  52  2 21 0300  -19.0  987.6    8.9  185.2   68.8  444.0
2018  52  2 21 0600  -23.6  986.9    9.2  164.1   75.1  444.0
2018  52  2 21 0900  -23.8  986.7   10.8  165.0   77.7  444.0
2018  52  2 21 1200  -24.7  986.6    8.9  174.6   77.9  444.0
2018  52  2 21 1500  -24.8  986.2    9.9  165.1   75.0  444.0
2018  52  2 21 1800  -22.5  985.9   11.2  178.5   72.8  444.0
2018  52  2 21 2100  -21.6  985.8   13.3  185.0   70.6  444.0
2018  53  2 22 0000  -20.7  986.1   11.9  178.7   72.0  444.0
2018  53  2 22 0300  -18.2  985.8   12.7  182.8   79.8  444.0
2018  53  2 22 0600  -17.3  986.0   11.5  186.7   80.6  444.0
2018  53  2 22 0900  -17.0  986.7   11.0  182.1   81.3  444.0
2018  53  2 22 1200  -17.3  987.1    9.4  188.9   81.9  444.0
2018  53  2 22 1500  -15.3  986.9   11.8  185.0   83.4  444.0
2018  53  2 22 1800  -14.9  987.7   11.8  181.8   81.0  444.0
2018  53  2 22 2100  -15.5  988.4   10.0  186.6   74.8  444.0
2018  54  2 23 0000  -14.1  989.1   11.4  183.3   76.1  444.0
2018  54  2 23 0300  -13.7  989.1   10.5  182.4   70.3  444.0
2018  54  2 23 0600  -13.0  989.2    9.5  187.3   67.5  444.0
2018  54  2 23 0900  -14.5  989.3    8.9  180.6   73.8  444.0
2018  54  2 23 1200  -15.5  989.0    6.7  168.4   69.3  444.0
2018  54  2 23 1500  -15.0  988.4    6.9  180.8   65.7  444.0
2018  54  2 23 1800  -14.1  987.7    7.3  188.3   68.9  444.0
2018  54  2 23 2100  -14.3  987.4    8.3  184.5   66.5  444.0
2018  55  2 24 0000  -15.4  987.3    9.1  178.4   71.2  444.0
2018  55  2 24 0300  -15.3  986.6    8.5  183.1   72.3  444.0
2018  55  2 24 0600  -15.5  986.1    7.2  176.5   73.8  444.0
2018  55  2 24 0900  -15.7  985.4    5.4  182.5   71.5  444.0
2018  55  2 24 1200  -15.2  984.4    3.8  139.5   71.0  444.0
2018  55  2 24 1500  -20.0  983.3    2.2  177.0   78.2  444.0
2018  55  2 24 1800  -19.9  982.8    1.3  197.9   75.5  444.0
2018  55  2 24 2100  -17.6  982.1    0.3  261.7   70.0  444.0
2018  56  2 25 0000  -17.1  981.3    1.2  174.5   72.4  444.0
2018  56  2 25 0300  -17.1  980.1    3.3  157.5   67.1  444.0
2018  56  2 25 0600  -18.3  979.4    1.4  187.4   74.0  444.0
2018  56  2 25 0900  -19.3  978.9    0.7   51.2   80.0  444.0
2018  56  2 25 1200  -19.3  978.4    1.0   72.2   77.5  444.0
2018  56  2 25 1500  -17.7  977.9    6.6  186.2   71.3  444.0
2018  56  2 25 1800  -15.4  978.3    6.3  189.6   71.7  444.0
2018  56  2 25 2100  -15.2  978.2    9.5  189.9   75.8  444.0
2018  57  2 26 0000  -15.2  977.7   10.5  191.7   70.6  444.0
2018  57  2 26 0300  -15.5  977.5    4.9  196.8   71.8  444.0
2018  57  2 26 0600  -15.0  977.7    5.2  187.8   67.5  444.0
2018  57  2 26 0900  -16.9  977.4    8.8  174.0   72.2  444.0
2018  57  2 26 1200  -15.3  976.9    8.2  193.9   68.4  444.0
2018  57  2 26 1500  -14.6  976.2   10.1  190.3   78.2  444.0
2018  57  2 26 1800  -14.6  976.4    2.7  319.5   76.5  444.0
2018  57  2 26 2100  -12.7  976.2    3.4  243.1   70.1  444.0
2018  58  2 27 0000   -9.8  975.9    2.4  231.0   63.4  444.0
2018  58  2 27 0300  -10.9  975.3    1.8  294.6   68.6  444.0
2018  58  2 27 0600  -12.8  974.4    3.5  300.7   71.8  444.0
2018  58  2 27 0900  -15.5  974.0    2.9  289.8   80.4  444.0
2018  58  2 27 1200  -12.5  973.3    4.7  287.7   79.6  444.0
2018  58  2 27 1500  -11.1  973.1    5.3  295.5   86.1  444.0
2018  58  2 27 1800  -10.9  973.4    3.8  265.4   86.2  444.0
2018  58  2 27 2100  -10.0  974.3    1.7  222.9   89.1  444.0
2018  59  2 28 0000  -10.3  975.6    2.2   10.9   85.7  444.0
2018  59  2 28 0300   -9.8  976.6    3.2  251.9   79.1  444.0
2018  59  2 28 0600  -11.5  977.7    0.1  133.7   79.8  444.0
2018  59  2 28 0900  -13.4  977.9    1.7  236.3   88.8  444.0
2018  59  2 28 1200  -18.2  978.8    3.5   49.4   87.6  444.0
2018  59  2 28 1500  -19.0  979.3    0.3   65.6   86.9  444.0
2018  59  2 28 1800  -21.4  980.0    0.8  102.2   82.2  444.0
2018  59  2 28 2100  -18.5  979.9    3.5  155.3   85.2  444.0
