Year: 2018  Month: 03  ID: LDA  ARGOS: 99603  Name: Linda               
Lat: 78.43S  Lon: 168.42E  Elev:   41m
2018  60  3  1 0000  -13.0  979.9   10.7  183.7   84.6  444.0
2018  60  3  1 0300  -13.3  980.4   10.8  169.4   84.9  444.0
2018  60  3  1 0600  -15.8  981.1   11.8  179.9   85.0  444.0
2018  60  3  1 0900  -16.5  981.7    9.4  166.2   86.2  444.0
2018  60  3  1 1200  -16.5  982.1   10.7  172.8   86.9  444.0
2018  60  3  1 1500  -17.3  981.8   10.3  171.6   86.3  444.0
2018  60  3  1 1800  -15.2  981.8   11.3  177.3   86.8  444.0
2018  60  3  1 2100  -17.0  982.3    9.9  174.3   83.8  444.0
2018  61  3  2 0000  -17.0  982.4   10.0  172.5   81.7  444.0
2018  61  3  2 0300  -17.4  982.3    8.7  168.3   78.7  444.0
2018  61  3  2 0600  -16.9  982.2    9.4  171.8   82.1  444.0
2018  61  3  2 0900  -18.5  982.9    7.0  162.6   83.1  444.0
2018  61  3  2 1200  -20.3  983.1    6.0  161.0   81.6  444.0
2018  61  3  2 1500  -18.6  983.4    6.1  159.3   83.3  444.0
2018  61  3  2 1800  -19.5  984.1    5.1  167.7   82.7  444.0
2018  61  3  2 2100  -20.4  984.4    7.7  173.0   77.9  444.0
2018  62  3  3 0000  -19.1  985.2    9.3  172.6   80.3  444.0
2018  62  3  3 0300  -18.3  985.5    7.8  170.2   78.0  444.0
2018  62  3  3 0600  -19.5  985.9    6.9  175.5   72.4  444.0
2018  62  3  3 0900  -20.1  986.4    7.0  181.4   72.7  444.0
2018  62  3  3 1200  -20.0  987.1    6.4  185.6   72.7  444.0
2018  62  3  3 1500  -21.8  987.1    3.7  164.9   70.8  444.0
2018  62  3  3 1800  -21.9  987.2    0.9  203.4   71.6  444.0
2018  62  3  3 2100  -21.6  987.3    2.1   73.3   73.5  444.0
2018  63  3  4 0000  -20.4  986.9    3.3   37.9   67.0  444.0
2018  63  3  4 0300  -21.2  986.7    0.4  322.7   68.8  444.0
2018  63  3  4 0600  444.0  986.5    1.0   50.8   78.9  444.0
2018  63  3  4 0900  -22.2  986.4    2.6  120.4   76.7  444.0
2018  63  3  4 1200  -23.9  987.6    7.4  158.3   79.4  444.0
2018  63  3  4 1500  -21.4  987.8    9.4  162.5   81.3  444.0
2018  63  3  4 1800  -21.6  988.3   10.7  173.4   81.4  444.0
2018  63  3  4 2100  -20.9  987.4   13.9  171.6   81.3  444.0
2018  64  3  5 0000  -20.9  988.8   14.9  180.8   80.4  444.0
2018  64  3  5 0300  -20.4  990.1   10.3  185.6   78.8  444.0
2018  64  3  5 0600  -19.0  990.7   10.9  174.7   81.8  444.0
2018  64  3  5 0900  -17.2  992.2    7.3  164.6   73.7  444.0
2018  64  3  5 1200  -17.7  992.3    8.4  174.3   82.6  444.0
2018  64  3  5 1500  -19.6  992.2    9.6  166.1   83.0  444.0
2018  64  3  5 1800  -20.5  991.8   11.0  169.1   82.2  444.0
2018  64  3  5 2100  -20.0  991.0   12.8  189.1   80.7  444.0
2018  65  3  6 0000  -19.5  990.4   14.4  182.7   80.9  444.0
2018  65  3  6 0300  -20.4  989.5   12.8  180.5   78.2  444.0
2018  65  3  6 0600  -21.2  988.3   11.9  183.4   77.1  444.0
2018  65  3  6 0900  -22.5  986.9   10.9  186.0   78.5  444.0
2018  65  3  6 1200  -22.7  985.6   10.1  184.3   76.8  444.0
2018  65  3  6 1500  -24.7  984.4   11.0  180.9   79.1  444.0
2018  65  3  6 1800  -24.1  983.5   11.6  176.5   78.2  444.0
2018  65  3  6 2100  -24.7  982.8    7.8  184.2   73.8  444.0
2018  66  3  7 0000  -25.0  982.0    6.0  182.1   67.9  444.0
2018  66  3  7 0300  -24.7  980.7    5.7  175.5   67.4  444.0
2018  66  3  7 0600  -24.9  979.1    7.7  170.1   67.6  444.0
2018  66  3  7 0900  -25.4  977.8    8.5  189.0   69.8  444.0
2018  66  3  7 1200  -29.6  977.0    4.6  165.8   74.4  444.0
2018  66  3  7 1500  -27.8  975.7    6.2  183.3   68.4  444.0
2018  66  3  7 1800  -31.0  975.4    1.3  312.7   72.9  444.0
2018  66  3  7 2100  -29.0  974.4    2.2    4.9   72.9  444.0
2018  67  3  8 0000  -28.3  973.5    3.7   10.4   70.8  444.0
2018  67  3  8 0300  -27.2  973.0    3.3  351.3   71.2  444.0
2018  67  3  8 0600  -26.8  972.5    3.7  323.7   71.7  444.0
2018  67  3  8 0900  -27.0  972.5    4.2  346.0   70.9  444.0
2018  67  3  8 1200  -28.4  972.9    2.9  349.9   73.7  444.0
2018  67  3  8 1500  -28.0  972.9    0.8    0.6   78.1  444.0
2018  67  3  8 1800  -27.3  972.9    1.7  350.8   77.4  444.0
2018  67  3  8 2100  -27.2  973.2    0.3  131.6   75.9  444.0
2018  68  3  9 0000  -25.5  973.9    3.2  163.6   72.0  444.0
2018  68  3  9 0300  -22.1  973.7    7.4  152.1   72.4  444.0
2018  68  3  9 0600  -20.2  974.2   10.8  158.8   82.1  444.0
2018  68  3  9 0900  -17.9  975.5   13.3  163.2   84.4  444.0
2018  68  3  9 1200  -17.8  976.8   17.1  184.4   85.4  444.0
2018  68  3  9 1500  -18.8  978.3   17.5  184.4   83.9  444.0
2018  68  3  9 1800  -16.4  980.7   15.1  185.2   85.3  444.0
2018  68  3  9 2100  -16.0  981.3   14.2  190.9   84.1  444.0
2018  69  3 10 0000  -17.6  982.1   11.3  177.5   78.6  444.0
2018  69  3 10 0300  -19.8  982.1    6.6  193.7   75.8  444.0
2018  69  3 10 0600  -20.2  982.8    5.3  186.2   73.5  444.0
2018  69  3 10 0900  -22.4  982.5    3.9  167.2   73.1  444.0
2018  69  3 10 1200  -24.8  983.4    5.0  186.4   75.6  444.0
2018  69  3 10 1500  -22.6  984.4    9.3  189.6   72.0  444.0
2018  69  3 10 1800  -22.0  985.3   10.7  188.0   74.1  444.0
2018  69  3 10 2100  -18.2  985.7   12.8  202.1   68.6  444.0
2018  70  3 11 0000  -20.9  987.1    9.2  198.6   71.7  444.0
2018  70  3 11 0300  -18.3  987.9    6.6  205.8   60.8  444.0
2018  70  3 11 0600  -22.1  987.1    9.4  189.1   74.6  444.0
2018  70  3 11 0900  -21.2  986.7    2.9  266.4   75.0  444.0
2018  70  3 11 1200  -15.3  986.3    5.9  231.2   60.2  444.0
2018  70  3 11 1500  -13.6  985.2    8.8  212.3   78.8  444.0
2018  70  3 11 1800  -13.1  984.8   13.5  214.5   88.7  444.0
2018  70  3 11 2100  -15.7  985.5    6.4  168.4   85.1  444.0
2018  71  3 12 0000  -16.9  986.2   13.6  191.5   83.7  444.0
2018  71  3 12 0300  -11.3  984.2   14.8  204.5   88.5  444.0
2018  71  3 12 0600  -14.9  984.8   14.9  188.9   86.8  444.0
2018  71  3 12 0900  -11.1  984.8   14.1  196.7   89.2  444.0
2018  71  3 12 1200  -11.4  985.0   14.8  186.9   90.8  444.0
2018  71  3 12 1500  -12.0  985.3   13.5  191.8   87.4  444.0
2018  71  3 12 1800  -12.0  985.6   14.2  190.8   85.1  444.0
2018  71  3 12 2100  -11.2  985.1   13.8  191.9   82.8  444.0
2018  72  3 13 0000  -12.6  985.3   14.5  192.2   85.4  444.0
2018  72  3 13 0300  -15.2  986.2    9.2  172.3   82.4  444.0
2018  72  3 13 0600  -20.5  988.8    8.8  170.1   80.1  444.0
2018  72  3 13 0900  -23.7  990.2    4.3  172.0   78.1  444.0
2018  72  3 13 1200  -28.3  990.2    3.4  156.8   76.0  444.0
2018  72  3 13 1500  -26.0  989.2    2.6  105.5   79.8  444.0
2018  72  3 13 1800  -17.8  988.0    6.7  180.9   81.8  444.0
2018  72  3 13 2100  -16.1  986.8   12.8  194.9   78.4  444.0
2018  73  3 14 0000  -16.1  985.9   14.8  186.7   76.4  444.0
2018  73  3 14 0300  -16.3  985.1   15.7  189.2   78.8  444.0
2018  73  3 14 0600  -16.5  985.0   14.5  185.7   80.4  444.0
2018  73  3 14 0900  -16.5  985.3   15.4  190.9   80.3  444.0
2018  73  3 14 1200  -17.3  985.1   13.5  194.8   78.2  444.0
2018  73  3 14 1500  -20.2  985.0   11.8  189.3   75.5  444.0
2018  73  3 14 1800  -20.8  984.5   12.8  193.3   74.2  444.0
2018  73  3 14 2100  -20.0  984.0   14.5  199.7   73.0  444.0
2018  74  3 15 0000  -19.3  982.3   14.0  208.6   69.5  444.0
2018  74  3 15 0300  -19.5  980.4   11.9  187.0   73.0  444.0
2018  74  3 15 0600  -21.7  979.2   12.3  188.7   73.9  444.0
2018  74  3 15 0900  -21.4  976.8   13.6  196.0   62.9  444.0
2018  74  3 15 1200  -20.9  974.6   12.8  196.4   66.4  444.0
2018  74  3 15 1500  -23.5  972.8    8.7  192.3   73.4  444.0
2018  74  3 15 1800  -25.4  971.6    7.2  169.0   78.6  444.0
2018  74  3 15 2100  -25.6  970.9    6.6  157.3   76.1  444.0
2018  75  3 16 0000  -25.2  970.7    4.2  150.2   74.7  444.0
2018  75  3 16 0300  -23.7  971.3    2.9  226.8   75.1  444.0
2018  75  3 16 0600  -24.7  972.0    0.8  341.4   76.7  444.0
2018  75  3 16 0900  -24.5  972.6    0.8  340.5   81.1  444.0
2018  75  3 16 1200  -26.3  972.8    1.3  290.0   80.0  444.0
2018  75  3 16 1500  -29.0  973.0    2.9  152.5   77.1  444.0
2018  75  3 16 1800  -28.5  972.2    2.9  186.0   77.1  444.0
2018  75  3 16 2100  -24.5  970.4    3.9  203.6   74.5  444.0
2018  76  3 17 0000  -23.9  967.8    1.8  233.9   72.4  444.0
2018  76  3 17 0300  -14.6  964.6   12.5  204.8   45.3  444.0
2018  76  3 17 0600  -14.1  962.3    7.5  226.2   60.0  444.0
2018  76  3 17 0900  -18.6  962.2   15.1  187.9   83.8  444.0
2018  76  3 17 1200  -18.5  962.5   12.9  204.8   84.6  444.0
2018  76  3 17 1500  -14.2  961.0   10.2  230.9   82.5  444.0
2018  76  3 17 1800  -12.2  960.5    6.3  272.1   85.8  444.0
2018  76  3 17 2100  -12.4  960.8    9.4  291.2   88.0  444.0
2018  77  3 18 0000  -10.9  962.6    8.2  285.6   87.5  444.0
2018  77  3 18 0300  -10.4  964.9    7.2  278.7   80.9  444.0
2018  77  3 18 0600  -11.3  968.9    9.0  224.7   83.6  444.0
2018  77  3 18 0900  -14.3  973.2    2.4  232.7   85.7  444.0
2018  77  3 18 1200  -18.4  977.6    2.6  318.0   89.0  444.0
2018  77  3 18 1500  -17.6  982.1    2.1   76.7   90.2  444.0
2018  77  3 18 1800  -16.7  985.8    4.2   22.9   84.8  444.0
2018  77  3 18 2100  -21.4  990.6    3.3   70.7   79.0  444.0
2018  78  3 19 0000  -21.0  994.2    3.3  103.2   80.3  444.0
2018  78  3 19 0300  -23.0  996.5    1.1   80.8   80.4  444.0
2018  78  3 19 0600  -22.0  997.6    2.5  237.2   81.0  444.0
2018  78  3 19 0900  -20.3  999.2    2.4  202.7   80.1  444.0
2018  78  3 19 1200  -19.7  998.7    4.5  165.5   81.7  444.0
2018  78  3 19 1500  -19.3  998.3    6.4  181.4   83.1  444.0
2018  78  3 19 1800  -19.7  997.3    3.2  195.6   83.1  444.0
2018  78  3 19 2100  -19.3  996.2    2.6  186.4   82.2  444.0
2018  79  3 20 0000  -21.6  994.9    3.1  215.6   80.5  444.0
2018  79  3 20 0300  -21.8  993.6    3.8  177.1   80.0  444.0
2018  79  3 20 0600  -22.3  992.3    2.0  196.0   84.1  444.0
2018  79  3 20 0900  -20.0  990.3    5.1  160.2   83.7  444.0
2018  79  3 20 1200  -18.1  988.2    7.3  173.6   77.0  444.0
2018  79  3 20 1500  -18.9  986.0    7.8  172.8   78.1  444.0
2018  79  3 20 1800  -18.0  985.0   10.6  185.1   73.3  444.0
2018  79  3 20 2100  -19.7  984.4    8.7  177.6   72.1  444.0
2018  80  3 21 0000  -18.9  983.7    7.4  190.9   67.3  444.0
2018  80  3 21 0300  -20.4  982.7    7.5  176.7   69.0  444.0
2018  80  3 21 0600  -22.3  982.0    3.8  202.4   67.5  444.0
2018  80  3 21 0900  -21.9  980.9    2.8  193.3   64.4  444.0
2018  80  3 21 1200  -21.7  980.1    3.7  169.8   66.3  444.0
2018  80  3 21 1500  -21.6  980.3    1.5  197.2   71.0  444.0
2018  80  3 21 1800  -21.3  980.3    4.2  217.0   74.4  444.0
2018  80  3 21 2100  -22.5  979.6   11.7  191.0   72.3  444.0
2018  81  3 22 0000  -21.7  979.5   14.0  185.4   74.3  444.0
2018  81  3 22 0300  -22.0  980.7   13.3  183.8   78.2  444.0
2018  81  3 22 0600  -22.3  981.1    9.6  185.9   73.0  444.0
2018  81  3 22 0900  -22.5  981.3    7.7  184.0   68.0  444.0
2018  81  3 22 1200  -23.0  981.0    3.6  271.7   72.3  444.0
2018  81  3 22 1500  -21.1  979.6    5.9  274.6   68.7  444.0
2018  81  3 22 1800  -19.8  976.7    8.2  273.0   69.0  444.0
2018  81  3 22 2100  -17.1  973.9    8.0  278.9   67.8  444.0
2018  82  3 23 0000  -15.4  973.0    6.6  236.5   63.0  444.0
2018  82  3 23 0300  -16.8  972.7    8.6  207.3   72.2  444.0
2018  82  3 23 0600  -19.9  973.9    7.3  202.2   78.2  444.0
2018  82  3 23 0900  -23.2  976.5    4.4  153.2   77.7  444.0
2018  82  3 23 1200  -20.2  977.9   13.1  191.9   79.1  444.0
2018  82  3 23 1500  -17.1  980.2   14.5  193.8   78.0  444.0
2018  82  3 23 1800  -11.4  979.1    9.1  221.4   63.4  444.0
2018  82  3 23 2100   -9.9  979.1   12.3  190.9   78.0  444.0
2018  83  3 24 0000   -9.5  978.9   16.0  200.8   82.6  444.0
2018  83  3 24 0300  -11.7  981.0    9.0  199.8   79.5  444.0
2018  83  3 24 0600  -11.9  981.2   11.1  195.4   75.3  444.0
2018  83  3 24 0900  -12.1  983.9   11.0  193.9   70.8  444.0
2018  83  3 24 1200  -13.4  982.9   13.6  203.0   76.9  444.0
2018  83  3 24 1500  -10.8  980.5   13.3  196.3   85.5  444.0
2018  83  3 24 1800  -12.7  979.4   14.3  190.1   86.6  444.0
2018  83  3 24 2100  -15.4  981.2   14.1  180.0   82.4  444.0
2018  84  3 25 0000  -15.5  982.8   11.4  183.9   82.5  444.0
2018  84  3 25 0300  -13.9  983.4   14.7  192.0   80.3  444.0
2018  84  3 25 0600  -15.4  984.4   13.0  199.9   80.2  444.0
2018  84  3 25 0900  -14.6  984.0   14.8  198.3   63.1  444.0
2018  84  3 25 1200  -17.8  984.3   10.2  189.8   78.4  444.0
2018  84  3 25 1500  -19.3  983.6    5.5  203.8   81.3  444.0
2018  84  3 25 1800  -19.2  982.6    9.2  193.3   81.3  444.0
2018  84  3 25 2100  -19.7  982.1    8.2  195.9   79.6  444.0
2018  85  3 26 0000  -20.7  983.2    7.3  185.3   77.5  444.0
2018  85  3 26 0300  -16.7  983.7   11.5  196.3   80.4  444.0
2018  85  3 26 0600  -16.1  984.6   10.4  198.2   63.7  444.0
2018  85  3 26 0900  -14.9  986.4   13.3  183.1   59.2  444.0
2018  85  3 26 1200  -16.8  988.1   13.6  183.8   57.0  444.0
2018  85  3 26 1500  -18.9  989.8   15.2  188.2   58.8  444.0
2018  85  3 26 1800  -17.6  991.1   14.3  196.7   64.0  444.0
2018  85  3 26 2100  -18.1  993.1   10.9  182.4   54.8  444.0
2018  86  3 27 0000  -21.4  993.9   13.5  192.0   63.9  444.0
2018  86  3 27 0300  -17.7  994.4   13.2  198.0   51.8  444.0
2018  86  3 27 0600  -23.3  995.4    5.6  205.6   68.9  444.0
2018  86  3 27 0900  -21.6  995.4    2.5  143.3   62.8  444.0
2018  86  3 27 1200  444.0  444.0  444.0  444.0  444.0  444.0
2018  86  3 27 1500  444.0  444.0  444.0  444.0  444.0  444.0
2018  86  3 27 1800  444.0  444.0  444.0  444.0  444.0  444.0
2018  86  3 27 2100  444.0  444.0  444.0  444.0  444.0  444.0
2018  87  3 28 0000  444.0  444.0  444.0  444.0  444.0  444.0
2018  87  3 28 0300  444.0  444.0  444.0  444.0  444.0  444.0
2018  87  3 28 0600  -23.7  999.6    4.3  206.5   66.2  444.0
2018  87  3 28 0900  -27.3  999.3    3.6  185.3   76.3  444.0
2018  87  3 28 1200  -30.4  999.3    1.8  267.1   76.0  444.0
2018  87  3 28 1500  -28.5  999.5    2.0  268.6   83.3  444.0
2018  87  3 28 1800  -26.3  999.7    1.2  192.0   84.6  444.0
2018  87  3 28 2100  -26.9 1000.0    1.9  234.3   78.9  444.0
2018  88  3 29 0000  -28.1 1000.3    1.1  228.3   76.1  444.0
2018  88  3 29 0300  -24.6 1000.8    2.2  249.4   77.5  444.0
2018  88  3 29 0600  -29.5 1000.5    0.5  318.9   76.0  444.0
2018  88  3 29 0900  -26.2 1000.4    1.5  346.1   77.6  444.0
2018  88  3 29 1200  -25.6 1000.2    5.3  188.3   77.6  444.0
2018  88  3 29 1500  -24.5  999.4    6.7  194.1   76.4  444.0
2018  88  3 29 1800  -17.1  998.3    9.2  201.8   55.8  444.0
2018  88  3 29 2100  -15.8  998.1    7.0  197.6   53.9  444.0
2018  89  3 30 0000  -18.0  998.0    7.7  180.9   62.0  444.0
2018  89  3 30 0300  -19.3  997.4    8.1  178.3   72.3  444.0
2018  89  3 30 0600  -21.3  997.2    6.1  174.6   73.2  444.0
2018  89  3 30 0900  -23.7  997.0    5.9  164.5   73.4  444.0
2018  89  3 30 1200  -23.1  996.7    6.4  173.5   71.3  444.0
2018  89  3 30 1500  -23.3  996.7    6.3  183.7   72.4  444.0
2018  89  3 30 1800  -22.5  997.0    6.1  193.3   68.0  444.0
2018  89  3 30 2100  -21.4  997.8    9.1  176.8   72.2  444.0
2018  90  3 31 0000  -17.1  998.0   12.7  195.5   54.7  444.0
2018  90  3 31 0300  -16.5  998.1   13.7  190.7   53.9  444.0
2018  90  3 31 0600  -17.0  998.5   10.4  185.7   62.0  444.0
2018  90  3 31 0900  -16.2  998.8   11.8  184.3   58.2  444.0
2018  90  3 31 1200  -15.4  998.4   10.6  195.3   59.5  444.0
2018  90  3 31 1500  -19.0  998.2   12.8  189.6   74.3  444.0
2018  90  3 31 1800  -16.3  997.9   12.9  196.3   63.2  444.0
2018  90  3 31 2100  -17.8  998.0   11.2  189.8   65.3  444.0
