Year: 2018  Month: 11  ID: LDA  ARGOS:  9603  Name: LINDA               
Lat: 78.43S  Lon: 168.42E  Elev:   42m
2018 305 11  1 0000  -13.6  974.1    9.7  194.6   62.2  444.0
2018 305 11  1 0300  -13.3  974.5    9.6  195.5   63.0  444.0
2018 305 11  1 0600  -12.7  975.3    8.4  193.5   53.8  444.0
2018 305 11  1 0900  -13.7  976.4    7.1  183.5   61.8  444.0
2018 305 11  1 1200  -14.5  977.0    5.4  198.3   67.0  444.0
2018 305 11  1 1500  -13.7  977.0    6.8  192.0   60.1  444.0
2018 305 11  1 1800  -17.3  977.3    6.3  171.0   66.4  444.0
2018 305 11  1 2100  -18.4  977.8    7.4  188.0   64.9  444.0
2018 306 11  2 0000  -16.3  977.4   11.3  188.7   67.4  444.0
2018 306 11  2 0300  -16.3  977.0   12.6  183.5   75.9  444.0
2018 306 11  2 0600  -15.5  977.4    8.5  204.3   72.2  444.0
2018 306 11  2 0900  -16.6  976.9   11.4  181.3   73.8  444.0
2018 306 11  2 1200  -18.2  977.2    8.1  185.7   79.7  444.0
2018 306 11  2 1500  -16.9  976.7   12.6  188.1   67.4  444.0
2018 306 11  2 1800  -17.5  977.9   10.4  184.4   82.4  444.0
2018 306 11  2 2100  -17.0  978.2   12.0  184.6   81.0  444.0
2018 307 11  3 0000  -16.2  978.9   12.8  190.1   79.5  444.0
2018 307 11  3 0300  -16.1  979.3   11.0  187.7   76.1  444.0
2018 307 11  3 0600  -16.1  979.8    9.0  189.4   76.1  444.0
2018 307 11  3 0900  -16.2  979.7    8.0  188.8   69.4  444.0
2018 307 11  3 1200  -16.7  979.8    8.2  186.5   66.2  444.0
2018 307 11  3 1500  -17.4  980.0    4.5  162.7   70.1  444.0
2018 307 11  3 1800  -18.0  980.3    4.5  165.4   70.8  444.0
2018 307 11  3 2100  -18.2  981.3    3.7  186.9   66.5  444.0
2018 308 11  4 0000  -16.9  982.0    2.9  162.6   59.6  444.0
2018 308 11  4 0300  -15.9  981.9    2.0  127.7   53.0  444.0
2018 308 11  4 0600  -16.2  981.9    1.3  329.8   70.1  444.0
2018 308 11  4 0900  -17.4  981.4    2.7  315.4   70.2  444.0
2018 308 11  4 1200  -20.0  980.4    2.7  321.3   71.2  444.0
2018 308 11  4 1500  -21.8  979.0    2.9  296.1   69.5  444.0
2018 308 11  4 1800  -21.0  977.5    2.3  299.5   67.2  444.0
2018 308 11  4 2100  -19.4  976.2    1.5  286.5   70.2  444.0
2018 309 11  5 0000  -13.2  975.1    6.5  274.7   72.2  444.0
2018 309 11  5 0300  -11.1  973.8   10.4  227.9   91.1  444.0
2018 309 11  5 0600  -13.4  974.4   10.5  199.3   94.0  444.0
2018 309 11  5 0900  -13.4  975.6    6.5  176.7   95.1  444.0
2018 309 11  5 1200  -15.9  977.5    3.5  165.5   87.7  444.0
2018 309 11  5 1500  -16.6  979.1    5.1  182.8   85.3  444.0
2018 309 11  5 1800  -16.1  979.0    2.2  196.3   84.7  444.0
2018 309 11  5 2100  -12.0  978.5    9.1  193.1   93.2  444.0
2018 310 11  6 0000  -10.7  978.9    7.0  214.6   70.8  444.0
2018 310 11  6 0300   -9.9  978.7    2.8  251.2   79.2  444.0
2018 310 11  6 0600  -11.6  978.4    1.7  281.7   79.4  444.0
2018 310 11  6 0900  -13.9  978.0    1.4  324.3   82.1  444.0
2018 310 11  6 1200  -18.4  978.0    2.0   39.6   93.4  444.0
2018 310 11  6 1500  -19.4  977.9    2.2   39.2   92.1  444.0
2018 310 11  6 1800  -17.7  979.0    0.8  111.0   87.6  444.0
2018 310 11  6 2100  -17.7  980.4    5.4  183.1   80.7  444.0
2018 311 11  7 0000  -15.6  980.8    4.5  160.8   69.0  444.0
2018 311 11  7 0300  -15.5  981.3    3.9  174.6   70.4  444.0
2018 311 11  7 0600  -14.7  980.7    1.2  206.0   75.6  444.0
2018 311 11  7 0900  -15.9  980.3    2.8  268.6   76.5  444.0
2018 311 11  7 1200  -18.8  979.2    3.3  289.0   79.4  444.0
2018 311 11  7 1500  -14.5  977.9    8.8  200.0   76.1  444.0
2018 311 11  7 1800  -13.1  977.2   13.3  196.7   92.5  444.0
2018 311 11  7 2100  -11.3  976.0   15.1  202.6   93.7  444.0
2018 312 11  8 0000  -11.5  975.6   13.1  200.4   89.3  444.0
2018 312 11  8 0300   -9.9  973.7   13.8  201.2   85.0  444.0
2018 312 11  8 0600  -10.6  972.6   12.2  197.1   76.1  444.0
2018 312 11  8 0900  -11.5  971.0   11.4  202.2   75.3  444.0
2018 312 11  8 1200  -11.8  969.2   13.2  197.6   72.1  444.0
2018 312 11  8 1500  -12.0  967.7   10.5  190.0   61.2  444.0
2018 312 11  8 1800  -12.8  966.6    9.3  190.5   68.2  444.0
2018 312 11  8 2100  -13.8  965.7   10.6  194.9   79.9  444.0
2018 313 11  9 0000  -11.5  964.6    9.9  203.4   70.0  444.0
2018 313 11  9 0300   -8.5  963.8    8.5  206.3   54.5  444.0
2018 313 11  9 0600   -7.9  962.9   10.3  205.6   63.8  444.0
2018 313 11  9 0900   -7.6  962.8    7.7  214.9   59.3  444.0
2018 313 11  9 1200   -7.3  961.7   11.3  230.6   65.6  444.0
2018 313 11  9 1500   -6.9  960.5   14.6  220.1  100.1  444.0
2018 313 11  9 1800   -7.1  961.5   17.4  202.2  100.1  444.0
2018 313 11  9 2100   -6.6  963.7   13.2  200.0  100.1  444.0
2018 314 11 10 0000   -6.8  965.4   13.1  203.1  100.2  444.0
2018 314 11 10 0300   -6.5  966.1   13.2  203.2  100.1  444.0
2018 314 11 10 0600   -6.9  967.7   13.1  199.9  100.1  444.0
2018 314 11 10 0900   -6.6  968.3   13.7  191.0  100.1  444.0
2018 314 11 10 1200   -6.6  968.9   11.6  193.5  100.1  444.0
2018 314 11 10 1500   -6.0  969.3    7.6  214.3  100.0  444.0
2018 314 11 10 1800   -5.2  968.2    9.0  218.2   99.3  444.0
2018 314 11 10 2100   -5.4  967.7   12.9  192.7  100.1  444.0
2018 315 11 11 0000   -7.4  967.8   10.2  185.8   91.9  444.0
2018 315 11 11 0300   -8.8  968.2    7.0  181.0   96.8  444.0
2018 315 11 11 0600   -8.9  968.1   12.1  184.4  100.0  444.0
2018 315 11 11 0900   -9.3  968.6   10.3  175.5  100.1  444.0
2018 315 11 11 1200   -8.8  968.2    7.6  172.5  100.1  444.0
2018 315 11 11 1500   -8.8  967.9   10.0  192.8  100.1  444.0
2018 315 11 11 1800   -8.5  967.3    9.0  184.6  100.0  444.0
2018 315 11 11 2100   -8.1  966.6   10.7  191.8   94.9  444.0
2018 316 11 12 0000   -7.9  966.2    9.8  192.5   93.7  444.0
2018 316 11 12 0300   -7.9  965.5    8.6  184.2   89.3  444.0
2018 316 11 12 0600   -8.7  964.9    9.1  189.0   87.0  444.0
2018 316 11 12 0900   -9.5  964.6    6.6  183.0   87.3  444.0
2018 316 11 12 1200  -12.9  964.7    4.8  163.0   93.4  444.0
2018 316 11 12 1500  -15.3  965.0    3.3  141.3   89.2  444.0
2018 316 11 12 1800  -16.1  965.4    2.3  148.1   81.3  444.0
2018 316 11 12 2100  -15.2  966.4    1.7  149.2   84.4  444.0
2018 317 11 13 0000  -13.4  967.0    2.8  175.8   74.1  444.0
2018 317 11 13 0300  -11.7  967.4    3.0  185.2   72.4  444.0
2018 317 11 13 0600  -11.9  968.1    3.7  186.8   75.8  444.0
2018 317 11 13 0900  -13.4  968.8    2.6  165.4   76.4  444.0
2018 317 11 13 1200  -13.9  969.5    1.4  188.6   77.6  444.0
2018 317 11 13 1500  -14.7  970.4    3.4  185.7   74.0  444.0
2018 317 11 13 1800  -15.9  971.3    3.6  166.7   76.3  444.0
2018 317 11 13 2100  -12.8  972.2    4.1  210.1   72.2  444.0
2018 318 11 14 0000  -11.5  972.6    8.5  183.0   65.2  444.0
2018 318 11 14 0300  -11.2  973.1    7.1  185.2   64.5  444.0
2018 318 11 14 0600  -12.4  973.6    5.9  194.7   70.6  444.0
2018 318 11 14 0900  -12.6  973.8    3.0  201.7   74.4  444.0
2018 318 11 14 1200  -12.5  973.8    0.9  227.9   77.2  444.0
2018 318 11 14 1500  -14.4  973.6    2.3  168.5   80.0  444.0
2018 318 11 14 1800  -15.3  973.7    0.9  193.6   79.5  444.0
2018 318 11 14 2100  444.0  444.0  444.0  444.0  444.0  444.0
2018 319 11 15 0000  444.0  974.2    0.4   96.2   73.2  444.0
2018 319 11 15 0300  -11.8  974.1    3.0  158.9   81.2  444.0
2018 319 11 15 0600  -12.2  973.9    2.3  170.9   86.3  444.0
2018 319 11 15 0900  -13.0  973.9    1.9  146.0   92.2  444.0
2018 319 11 15 1200  -16.7  973.7    2.8  153.4   91.1  444.0
2018 319 11 15 1500  444.0  973.8    0.8  130.8   88.0  444.0
2018 319 11 15 1800  444.0  974.2    1.1  260.1   77.4  444.0
2018 319 11 15 2100  -15.9  974.1    2.8  322.4   87.1  444.0
2018 320 11 16 0000  -10.9  974.5    1.6  219.1   64.3  444.0
2018 320 11 16 0300  -10.8  974.7    6.7  182.7   65.0  444.0
2018 320 11 16 0600  -11.6  974.7    4.6  187.0   72.2  444.0
2018 320 11 16 0900  -11.3  975.2    2.5  204.6   65.4  444.0
2018 320 11 16 1200  -12.6  975.6    1.9  164.4   74.8  444.0
2018 320 11 16 1500  -13.4  975.6    0.5  359.9   72.0  444.0
2018 320 11 16 1800  -14.3  976.4    2.5   34.0   76.4  444.0
2018 320 11 16 2100  -13.2  977.1    2.1   15.4   71.7  444.0
2018 321 11 17 0000  -11.8  978.2    2.4   31.0   75.9  444.0
2018 321 11 17 0300  -11.5  978.8    3.5   29.2   78.1  444.0
2018 321 11 17 0600  -11.4  979.7    1.0   39.3   73.2  444.0
2018 321 11 17 0900  -14.4  980.7    2.5   11.6   76.5  444.0
2018 321 11 17 1200  -16.1  981.8    2.3  349.7   78.9  444.0
2018 321 11 17 1500  -19.4  982.3    2.6   26.5   78.3  444.0
2018 321 11 17 1800  -17.2  983.2    3.2    5.9   87.9  444.0
2018 321 11 17 2100  444.0  984.0    0.7  349.5   79.8  444.0
2018 322 11 18 0000  -11.7  985.0    4.5  129.1   71.0  444.0
2018 322 11 18 0300   -9.9  985.3    2.5   88.5   63.6  444.0
2018 322 11 18 0600  -10.3  985.8    0.4   31.1   68.3  444.0
2018 322 11 18 0900  -13.8  985.5    0.6  114.3   82.4  444.0
2018 322 11 18 1200  -16.4  985.3    3.0   77.4   88.9  444.0
2018 322 11 18 1500  -16.3  984.2    1.7   41.3   89.8  444.0
2018 322 11 18 1800  -16.8  984.0    3.6  172.4   84.4  444.0
2018 322 11 18 2100  -14.6  982.2    2.0   90.6   79.6  444.0
2018 323 11 19 0000  -11.1  980.7    1.5  332.6   66.0  444.0
2018 323 11 19 0300  -11.9  978.3    2.9  343.3   68.6  444.0
2018 323 11 19 0600  -12.7  975.7    2.9  343.8   72.2  444.0
2018 323 11 19 0900  -15.2  973.3    3.5    8.1   77.1  444.0
2018 323 11 19 1200  -17.4  971.5    0.4  317.7   84.4  444.0
2018 323 11 19 1500  -19.7  969.4    3.6  141.4   82.3  444.0
2018 323 11 19 1800  -16.4  968.4    2.5  190.3   66.6  444.0
2018 323 11 19 2100  -13.0  966.7   10.6  216.3   67.1  444.0
2018 324 11 20 0000  -13.4  966.4   10.3  204.3   71.8  444.0
2018 324 11 20 0300  -12.7  966.2    9.8  188.3   71.3  444.0
2018 324 11 20 0600  -13.3  966.4    9.8  192.7   81.6  444.0
2018 324 11 20 0900  -15.1  966.4   11.3  187.8   82.7  444.0
2018 324 11 20 1200  -17.2  967.9    9.1  181.4   82.2  444.0
2018 324 11 20 1500  -16.5  968.2    8.1  188.5   81.0  444.0
2018 324 11 20 1800  -14.1  969.6    8.3  191.3   79.8  444.0
2018 324 11 20 2100  -12.8  970.8    9.8  184.0   65.8  444.0
2018 325 11 21 0000  -11.0  971.4    6.1  228.7   61.2  444.0
2018 325 11 21 0300  -10.5  970.9    6.0  236.8   62.1  444.0
2018 325 11 21 0600   -9.2  969.9    6.1  238.9   58.3  444.0
2018 325 11 21 0900   -9.3  968.3    6.4  236.4   57.4  444.0
2018 325 11 21 1200  -12.2  968.9    7.1  210.2   73.7  444.0
2018 325 11 21 1500   -8.8  967.1   10.2  213.2   79.5  444.0
2018 325 11 21 1800   -7.0  967.1   13.6  214.1   99.3  444.0
2018 325 11 21 2100   -9.7  970.4    9.8  195.9   86.3  444.0
2018 326 11 22 0000   -9.0  971.7    9.8  200.3   83.3  444.0
2018 326 11 22 0300   -7.0  971.7   13.7  199.2   90.1  444.0
2018 326 11 22 0600   -9.8  974.3   11.8  178.0   84.1  444.0
2018 326 11 22 0900  -11.1  976.9    6.6  179.8   89.9  444.0
2018 326 11 22 1200  -14.7  980.4    6.8  176.4   86.1  444.0
2018 326 11 22 1500  -17.2  983.3    8.8  191.9   82.0  444.0
2018 326 11 22 1800  -16.0  984.3    8.5  188.6   84.5  444.0
2018 326 11 22 2100  -10.9  983.4    8.4  202.5   74.1  444.0
2018 327 11 23 0000   -8.7  982.0    9.7  190.2   78.5  444.0
2018 327 11 23 0300   -5.9  981.0    8.2  203.0   66.3  444.0
2018 327 11 23 0600   -6.5  980.1    4.0  191.9   77.5  444.0
2018 327 11 23 0900   -8.0  979.4    4.4  194.5   77.6  444.0
2018 327 11 23 1200  -11.6  979.5    3.3  243.3   79.6  444.0
2018 327 11 23 1500   -8.6  979.7    9.6  196.9   67.1  444.0
2018 327 11 23 1800   -7.3  980.0   10.4  195.9   68.7  444.0
2018 327 11 23 2100   -9.2  980.8   12.8  194.4   81.4  444.0
2018 328 11 24 0000   -7.6  981.6   12.0  202.3   79.5  444.0
2018 328 11 24 0300   -5.5  981.6    8.2  212.9   69.0  444.0
2018 328 11 24 0600   -4.7  981.0    5.7  206.1   66.1  444.0
2018 328 11 24 0900   -7.5  979.9    2.1  303.0   75.6  444.0
2018 328 11 24 1200   -9.1  979.1    2.3  271.5   67.8  444.0
2018 328 11 24 1500   -9.7  978.2    3.2  168.6   68.5  444.0
2018 328 11 24 1800  -11.1  977.8    2.9  148.0   71.0  444.0
2018 328 11 24 2100   -9.3  977.0    1.3  124.8   71.6  444.0
2018 329 11 25 0000   -7.5  976.0    1.7  218.4   76.0  444.0
2018 329 11 25 0300   -6.0  975.1    0.8  105.7   75.4  444.0
2018 329 11 25 0600   -6.2  974.2    1.3  325.5   80.4  444.0
2018 329 11 25 0900   -8.8  973.9    2.9  255.7   78.9  444.0
2018 329 11 25 1200   -9.2  975.0   12.3  182.1   80.7  444.0
2018 329 11 25 1500  -10.1  976.0   11.6  201.4   80.0  444.0
2018 329 11 25 1800  -12.4  977.8   11.8  206.8   80.9  444.0
2018 329 11 25 2100  -10.2  978.6   13.4  199.9   82.3  444.0
2018 330 11 26 0000   -6.9  978.3   13.3  198.1   75.7  444.0
2018 330 11 26 0300   -6.5  978.7   12.4  195.7   80.9  444.0
2018 330 11 26 0600   -6.8  979.4   10.9  191.5   81.8  444.0
2018 330 11 26 0900   -8.9  979.7    7.5  183.9   81.8  444.0
2018 330 11 26 1200  -10.9  979.9    6.9  189.5   78.5  444.0
2018 330 11 26 1500  -11.0  979.7    5.6  179.1   74.3  444.0
2018 330 11 26 1800  -10.3  979.5    6.4  179.6   69.0  444.0
2018 330 11 26 2100   -8.9  980.4    3.8  206.0   69.4  444.0
2018 331 11 27 0000   -8.2  980.8    2.5  170.5   71.0  444.0
2018 331 11 27 0300   -7.3  981.1    2.6  235.4   74.7  444.0
2018 331 11 27 0600   -7.2  982.3    5.1  181.0   69.9  444.0
2018 331 11 27 0900   -7.4  983.7    5.9  183.5   66.2  444.0
2018 331 11 27 1200  -11.0  986.0    6.4  185.0   84.4  444.0
2018 331 11 27 1500  -10.5  986.3    5.3  208.2   70.0  444.0
2018 331 11 27 1800   -9.7  987.2    2.8  236.4   67.8  444.0
2018 331 11 27 2100   -8.0  987.7    6.2  176.8   67.7  444.0
2018 332 11 28 0000   -7.8  987.7    8.3  182.3   68.8  444.0
2018 332 11 28 0300   -7.2  987.9    5.6  163.9   68.5  444.0
2018 332 11 28 0600   -7.5  987.9    1.7  146.7   76.2  444.0
2018 332 11 28 0900  444.0  987.9    1.1  263.5   78.3  444.0
2018 332 11 28 1200  -10.9  987.4    1.8  136.0   82.9  444.0
2018 332 11 28 1500  -14.0  986.8    2.2   66.7   81.9  444.0
2018 332 11 28 1800  -14.6  986.7    3.2   23.6   82.5  444.0
2018 332 11 28 2100  -11.2  987.0    2.7   25.8   73.8  444.0
2018 333 11 29 0000   -7.7  987.1    2.7   53.1   83.8  444.0
2018 333 11 29 0300   -7.3  987.0    3.5  137.1   84.3  444.0
2018 333 11 29 0600   -7.9  987.1    3.9  143.5   74.1  444.0
2018 333 11 29 0900  -10.1  987.0    4.1  148.4   83.6  444.0
2018 333 11 29 1200  -12.1  987.0    2.6  163.4   79.4  444.0
2018 333 11 29 1500  -13.5  986.2    2.6  135.1   81.8  444.0
2018 333 11 29 1800  -12.8  985.9    2.3  198.8   80.2  444.0
2018 333 11 29 2100   -9.6  985.4    1.8  157.6   75.8  444.0
2018 334 11 30 0000   -7.7  984.5    0.9  151.0   67.1  444.0
2018 334 11 30 0300   -7.5  982.9    2.0   25.6   65.0  444.0
2018 334 11 30 0600   -7.5  981.7    2.7  353.4   76.2  444.0
2018 334 11 30 0900   -9.6  980.2    3.3   12.6   83.3  444.0
2018 334 11 30 1200  -10.3  979.3    3.7    3.2   90.5  444.0
2018 334 11 30 1500  -11.2  978.7    3.6    7.4   90.3  444.0
2018 334 11 30 1800  -10.3  978.8    3.3    3.8   86.7  444.0
2018 334 11 30 2100   -8.7  979.2    2.7  177.2   77.8  444.0
