Year: 2018  Month: 09  ID: LDA  ARGOS: 99603  Name: Linda               
Lat: 78.43S  Lon: 168.42E  Elev:   41m
2018 244  9  1 0000  -36.1  973.0    3.2   39.2   69.9  444.0
2018 244  9  1 0300  -36.5  972.0    3.7   36.1   70.3  444.0
2018 244  9  1 0600  -38.3  971.0    3.5  140.3   68.9  444.0
2018 244  9  1 0900  -35.7  971.3    7.5  160.4   71.1  444.0
2018 244  9  1 1200  -34.5  972.6    7.9  181.0   71.7  444.0
2018 244  9  1 1500  -36.0  974.9    6.1  172.6   70.7  444.0
2018 244  9  1 1800  -39.0  975.8    5.0  162.7   68.8  444.0
2018 244  9  1 2100  -38.1  976.9    6.3  151.2   69.6  444.0
2018 245  9  2 0000  -33.1  976.4    8.3  219.5   73.2  444.0
2018 245  9  2 0300  -34.3  977.1   16.6  187.8   71.8  444.0
2018 245  9  2 0600  -36.0  976.5   18.2  181.2   70.8  444.0
2018 245  9  2 0900  -38.5  976.8   19.5  198.3   69.1  444.0
2018 245  9  2 1200  -37.7  973.7   21.4  196.2   69.8  444.0
2018 245  9  2 1500  -39.7  972.3   24.8  195.2   68.1  444.0
2018 245  9  2 1800  -36.2  968.4   23.4  203.7   70.3  444.0
2018 245  9  2 2100  -32.2  962.1   24.6  200.8   73.4  444.0
2018 246  9  3 0000  -31.6  957.7   24.0  202.2   73.5  444.0
2018 246  9  3 0300  -28.5  952.5   28.0  207.5   76.7  444.0
2018 246  9  3 0600  -26.2  949.0   28.1  204.7   78.5  444.0
2018 246  9  3 0900  -24.3  945.7   26.2  208.4   80.5  444.0
2018 246  9  3 1200  -23.3  942.9   22.2  193.9   81.5  444.0
2018 246  9  3 1500  -23.2  942.0   20.2  202.6   81.5  444.0
2018 246  9  3 1800  -21.7  940.2   19.3  201.1   83.0  444.0
2018 246  9  3 2100  -21.0  939.8   21.9  197.2   83.5  444.0
2018 247  9  4 0000  -19.7  940.1   18.9  195.7   83.9  444.0
2018 247  9  4 0300  -20.7  941.2   19.6  195.1   83.7  444.0
2018 247  9  4 0600  -19.9  942.3   20.6  200.9   85.6  444.0
2018 247  9  4 0900  -20.2  944.9   18.5  198.2   84.6  444.0
2018 247  9  4 1200  -20.9  947.2   20.8  196.9   83.9  444.0
2018 247  9  4 1500  -22.0  949.8   18.9  192.8   83.0  444.0
2018 247  9  4 1800  -22.5  954.6   13.3  199.9   82.5  444.0
2018 247  9  4 2100  -24.6  956.9   14.7  189.4   79.8  444.0
2018 248  9  5 0000  -26.5  958.6   12.5  191.1   78.5  444.0
2018 248  9  5 0300  -24.7  959.9   14.2  191.5   80.2  444.0
2018 248  9  5 0600  -26.9  961.8   13.0  199.5   78.7  444.0
2018 248  9  5 0900  -27.1  963.1   14.2  190.5   77.9  444.0
2018 248  9  5 1200  -29.8  964.0   11.7  178.7   76.0  444.0
2018 248  9  5 1500  -29.5  965.5   11.9  180.5   76.4  444.0
2018 248  9  5 1800  -31.7  967.1    9.2  193.5   74.6  444.0
2018 248  9  5 2100  -32.3  968.9   10.1  187.0   73.5  444.0
2018 249  9  6 0000  -32.7  969.7    9.7  190.7   72.9  444.0
2018 249  9  6 0300  -33.4  971.0    9.5  182.5   72.2  444.0
2018 249  9  6 0600  -36.1  971.8    5.8  177.6   70.1  444.0
2018 249  9  6 0900  -38.3  971.8    3.3  190.9   70.0  444.0
2018 249  9  6 1200  -39.5  972.1    3.0  170.5   69.2  444.0
2018 249  9  6 1500  -37.7  972.6    2.2  323.8   69.3  444.0
2018 249  9  6 1800  -40.0  972.3    3.2  198.5   68.2  444.0
2018 249  9  6 2100  -39.3  972.8    2.3  227.8   67.7  444.0
2018 250  9  7 0000  -38.2  972.9    1.3  236.0   68.4  444.0
2018 250  9  7 0300  -38.5  972.7    0.8  225.6   68.3  444.0
2018 250  9  7 0600  -39.9  972.2    0.2  354.4   69.3  444.0
2018 250  9  7 0900  -42.7  971.4    1.6  313.3   66.1  444.0
2018 250  9  7 1200  -39.6  970.1    0.6  222.0   68.0  444.0
2018 250  9  7 1500  -42.5  969.7    0.6   42.1   65.3  444.0
2018 250  9  7 1800  -38.9  968.4    1.8  245.5   68.9  444.0
2018 250  9  7 2100  -36.0  968.1    2.3  234.1   70.2  444.0
2018 251  9  8 0000  -34.8  968.8    1.5  254.1   69.7  444.0
2018 251  9  8 0300  -38.7  969.9    1.1  300.2   66.1  444.0
2018 251  9  8 0600  -34.5  970.9    1.4  243.5   71.5  444.0
2018 251  9  8 0900  -41.8  973.4    1.5   75.4   66.7  444.0
2018 251  9  8 1200  -37.7  975.0    1.1   92.9   68.7  444.0
2018 251  9  8 1500  -38.3  977.3    3.9  179.0   68.5  444.0
2018 251  9  8 1800  -43.2  978.7    3.1  265.3   65.8  444.0
2018 251  9  8 2100  -36.3  980.3    4.7  216.3   69.8  444.0
2018 252  9  9 0000  -38.7  982.2    2.5  198.7   67.6  444.0
2018 252  9  9 0300  -35.9  984.4    2.6  230.4   69.1  444.0
2018 252  9  9 0600  -37.2  986.0    3.3  253.7   68.9  444.0
2018 252  9  9 0900  -34.4  987.3    4.2  182.1   70.9  444.0
2018 252  9  9 1200  -38.7  987.9    0.5  282.0   68.5  444.0
2018 252  9  9 1500  -36.5  988.0    1.9   24.8   69.4  444.0
2018 252  9  9 1800  -40.8  988.5    3.7   55.9   67.3  444.0
2018 252  9  9 2100  -40.9  989.4    0.7  164.4   66.0  444.0
2018 253  9 10 0000  -39.8  990.7    1.9  110.5   65.0  444.0
2018 253  9 10 0300  -39.1  991.3    3.0  269.6   67.4  444.0
2018 253  9 10 0600  -36.1  990.9    2.6  258.6   70.0  444.0
2018 253  9 10 0900  -35.5  991.9    1.7  238.4   70.7  444.0
2018 253  9 10 1200  -33.1  993.5    2.3  206.4   72.6  444.0
2018 253  9 10 1500  -37.3  994.1    1.3  256.8   68.8  444.0
2018 253  9 10 1800  -36.0  994.7    1.4  292.8   70.1  444.0
2018 253  9 10 2100  -41.1  995.0    1.6   46.1   66.6  444.0
2018 254  9 11 0000  -39.6  995.0    2.1   15.2   66.4  444.0
2018 254  9 11 0300  -39.0  994.7    0.3   38.8   66.6  444.0
2018 254  9 11 0600  -34.6  994.7    3.5  307.7   69.3  444.0
2018 254  9 11 0900  -36.5  993.9  444.0  444.0   69.9  444.0
2018 254  9 11 1200  -30.4  993.4  444.0  444.0   74.8  444.0
2018 254  9 11 1500  -40.9  992.5  444.0  444.0   67.4  444.0
2018 254  9 11 1800  -41.1  992.7  444.0  444.0   67.2  444.0
2018 254  9 11 2100  -36.6  993.0  444.0  444.0   70.0  444.0
2018 255  9 12 0000  -32.2  993.1  444.0  444.0   70.7  444.0
2018 255  9 12 0300  -30.3  992.8  444.0  444.0   73.6  444.0
2018 255  9 12 0600  -35.6  992.6  444.0  444.0   69.8  444.0
2018 255  9 12 0900  -40.0  992.3  444.0  444.0   67.8  444.0
2018 255  9 12 1200  -41.4  992.1  444.0  444.0   66.7  444.0
2018 255  9 12 1500  -38.9  990.3  444.0  444.0   66.9  444.0
2018 255  9 12 1800  -41.5  988.4  444.0  444.0   67.4  444.0
2018 255  9 12 2100  -39.0  986.8  444.0  444.0   68.7  444.0
2018 256  9 13 0000  -36.8  985.6  444.0  444.0   69.7  444.0
2018 256  9 13 0300  -36.5  985.1  444.0  444.0   69.8  444.0
2018 256  9 13 0600  -32.0  984.3  444.0  444.0   73.6  444.0
2018 256  9 13 0900  -29.1  985.0   11.1  177.4   75.6  444.0
2018 256  9 13 1200  -32.2  985.3    8.4  193.8   74.2  444.0
2018 256  9 13 1500  -30.0  984.5   14.6  186.7   75.3  444.0
2018 256  9 13 1800  -31.9  985.5   15.6  184.1   73.9  444.0
2018 256  9 13 2100  -32.9  986.2   12.9  179.7   73.0  444.0
2018 257  9 14 0000  -33.3  987.3   12.7  177.3   72.4  444.0
2018 257  9 14 0300  -34.8  987.3    8.8  166.9   71.2  444.0
2018 257  9 14 0600  -31.7  987.0    5.5  213.8   74.1  444.0
2018 257  9 14 0900  -29.0  986.0    9.5  193.8   75.8  444.0
2018 257  9 14 1200  -35.0  985.3   10.5  181.1   70.7  444.0
2018 257  9 14 1500  -35.5  985.2   10.5  182.0   70.8  444.0
2018 257  9 14 1800  -32.5  984.6    9.7  192.9   72.6  444.0
2018 257  9 14 2100  -34.3  984.6    8.8  181.4   70.2  444.0
2018 258  9 15 0000  -35.9  985.2    4.9  169.3   68.6  444.0
2018 258  9 15 0300  -36.7  984.5    6.7  173.4   67.8  444.0
2018 258  9 15 0600  -33.9  983.9    8.5  191.0   68.7  444.0
2018 258  9 15 0900  -32.7  983.4   11.9  184.5   70.3  444.0
2018 258  9 15 1200  -36.1  983.7    9.1  174.0   68.5  444.0
2018 258  9 15 1500  -36.8  982.9    9.8  175.4   69.3  444.0
2018 258  9 15 1800  -36.4  982.2    9.8  170.3   69.0  444.0
2018 258  9 15 2100  -37.1  982.7   10.0  169.5   69.0  444.0
2018 259  9 16 0000  -33.1  982.0   12.1  175.6   70.2  444.0
2018 259  9 16 0300  -32.1  980.8   13.9  203.9   71.5  444.0
2018 259  9 16 0600  -29.7  979.5   17.2  200.1   73.1  444.0
2018 259  9 16 0900  -27.8  978.2   18.2  189.9   76.2  444.0
2018 259  9 16 1200  -28.9  977.5   21.1  193.0   75.6  444.0
2018 259  9 16 1500  444.0  444.0  444.0  444.0  444.0  444.0
2018 259  9 16 1800  444.0  444.0  444.0  444.0  444.0  444.0
2018 259  9 16 2100  444.0  444.0  444.0  444.0  444.0  444.0
2018 260  9 17 0000  -24.0  975.6   20.6  203.0   79.4  444.0
2018 260  9 17 0300  -24.0  976.7   16.9  202.6   80.3  444.0
2018 260  9 17 0600  -24.0  977.0   20.9  196.9   80.7  444.0
2018 260  9 17 0900  -23.5  978.1   20.7  202.9   81.3  444.0
2018 260  9 17 1200  -22.5  978.0   22.0  204.1   82.2  444.0
2018 260  9 17 1500  -19.4  977.4   19.4  197.0   85.8  444.0
2018 260  9 17 1800  -17.4  976.2   18.2  204.7   87.0  444.0
2018 260  9 17 2100  -18.9  976.1   16.9  198.7   84.1  444.0
2018 261  9 18 0000  -22.0  975.5   13.7  191.2   80.8  444.0
2018 261  9 18 0300  -23.3  976.7   11.4  185.8   78.7  444.0
2018 261  9 18 0600  -25.6  975.2   10.5  196.1   79.4  444.0
2018 261  9 18 0900  -23.5  973.3   13.1  189.2   79.8  444.0
2018 261  9 18 1200  -24.1  972.2   11.9  194.2   80.6  444.0
2018 261  9 18 1500  -23.8  970.3   13.7  194.1   78.8  444.0
2018 261  9 18 1800  -25.0  968.7   11.8  182.2   75.8  444.0
2018 261  9 18 2100  -27.5  967.3    9.2  193.6   76.7  444.0
2018 262  9 19 0000  -27.1  966.9   10.4  192.8   73.9  444.0
2018 262  9 19 0300  -25.4  965.3   13.7  194.0   75.3  444.0
2018 262  9 19 0600  -27.6  964.9   12.6  178.0   76.4  444.0
2018 262  9 19 0900  -29.5  964.4   12.0  185.4   76.4  444.0
2018 262  9 19 1200  -25.3  963.4   15.3  203.2   73.0  444.0
2018 262  9 19 1500  -26.6  964.3    7.6  190.3   68.7  444.0
2018 262  9 19 1800  -26.8  964.9    7.0  198.9   67.8  444.0
2018 262  9 19 2100  -26.4  965.8   10.2  194.8   74.3  444.0
2018 263  9 20 0000  -25.7  968.6   10.5  189.0   74.1  444.0
2018 263  9 20 0300  -24.0  970.7   10.0  208.1   68.7  444.0
2018 263  9 20 0600  -21.0  972.8   11.4  204.9   58.2  444.0
2018 263  9 20 0900  -21.0  974.6   10.2  213.2   76.2  444.0
2018 263  9 20 1200  -20.5  976.1   12.7  221.1   77.4  444.0
2018 263  9 20 1500  -18.7  976.9   14.8  195.8   75.8  444.0
2018 263  9 20 1800  -19.1  978.3    8.8  205.6   71.7  444.0
2018 263  9 20 2100  -24.7  978.5    4.9  192.3   68.0  444.0
2018 264  9 21 0000  -25.8  977.3    3.9  136.2   67.8  444.0
2018 264  9 21 0300  -24.6  976.1    5.0  347.3   66.3  444.0
2018 264  9 21 0600  -26.1  975.3    3.6   15.8   73.0  444.0
2018 264  9 21 0900  -27.6  976.9    2.8  108.7   72.2  444.0
2018 264  9 21 1200  -29.8  979.3    6.2  162.6   64.4  444.0
2018 264  9 21 1500  -29.1  980.7    6.6  157.2   59.2  444.0
2018 264  9 21 1800  -30.6  983.0    3.3  198.9   66.6  444.0
2018 264  9 21 2100  -31.2  984.6    1.3  165.5   67.9  444.0
2018 265  9 22 0000  -30.4  985.8    1.6  214.2   67.7  444.0
2018 265  9 22 0300  -28.9  986.7    2.1  178.4   63.1  444.0
2018 265  9 22 0600  -28.3  987.5    2.4  187.6   66.7  444.0
2018 265  9 22 0900  -27.9  988.1    3.0  174.5   62.8  444.0
2018 265  9 22 1200  -28.7  988.4    0.5  184.6   66.7  444.0
2018 265  9 22 1500  -29.6  988.1    5.3  173.8   63.5  444.0
2018 265  9 22 1800  -28.0  987.5    7.8  182.7   63.0  444.0
2018 265  9 22 2100  -27.8  987.3   10.4  175.4   65.6  444.0
2018 266  9 23 0000  -30.7  987.7    6.9  162.5   62.9  444.0
2018 266  9 23 0300  -27.4  986.7   12.0  185.2   59.4  444.0
2018 266  9 23 0600  -30.2  987.1   10.4  176.7   64.8  444.0
2018 266  9 23 0900  -27.5  986.4   12.6  187.1   54.9  444.0
2018 266  9 23 1200  -30.0  986.8   12.4  182.8   59.7  444.0
2018 266  9 23 1500  -31.4  986.1   11.0  177.7   61.6  444.0
2018 266  9 23 1800  -33.5  985.8    6.9  175.0   64.5  444.0
2018 266  9 23 2100  -35.1  985.8    4.7  189.1   63.0  444.0
2018 267  9 24 0000  -33.4  985.6    5.0  188.6   61.9  444.0
2018 267  9 24 0300  -34.8  984.9    4.4  172.1   65.1  444.0
2018 267  9 24 0600  -34.2  984.4    2.5  215.2   64.5  444.0
2018 267  9 24 0900  -36.0  984.2    2.0  284.3   70.7  444.0
2018 267  9 24 1200  -37.1  983.6    2.9  241.9   71.8  444.0
2018 267  9 24 1500  -36.3  983.1    2.5  162.2   71.3  444.0
2018 267  9 24 1800  -39.6  982.6    2.1  287.0   70.3  444.0
2018 267  9 24 2100  -36.1  981.8    1.5  310.2   69.2  444.0
2018 268  9 25 0000  -39.0  980.8    2.9  335.1   66.1  444.0
2018 268  9 25 0300  -37.7  979.3    1.1    8.7   65.7  444.0
2018 268  9 25 0600  -39.7  978.1    3.6   42.9   66.4  444.0
2018 268  9 25 0900  -36.6  978.3    2.3  199.3   71.2  444.0
2018 268  9 25 1200  -43.8  978.4    4.4  124.8   66.3  444.0
2018 268  9 25 1500  -42.4  978.8    2.9  111.1   66.3  444.0
2018 268  9 25 1800  -36.5  978.5    3.4  180.3   70.0  444.0
2018 268  9 25 2100  -37.1  978.5    2.7  196.8   66.5  444.0
2018 269  9 26 0000  -34.7  978.8    2.3   57.6   67.3  444.0
2018 269  9 26 0300  -35.3  978.9    2.6   12.2   68.3  444.0
2018 269  9 26 0600  -36.1  978.9    2.7   17.6   69.5  444.0
2018 269  9 26 0900  -35.4  978.8    2.7   22.3   69.2  444.0
2018 269  9 26 1200  -37.4  978.4    3.3  102.1   69.0  444.0
2018 269  9 26 1500  -41.1  977.7    3.7  111.4   67.3  444.0
2018 269  9 26 1800  -40.8  977.6    3.1  115.1   66.7  444.0
2018 269  9 26 2100  -41.3  977.5    3.3   87.0   64.5  444.0
2018 270  9 27 0000  -37.9  977.5    2.7  121.5   67.2  444.0
2018 270  9 27 0300  -33.5  975.5    1.0  312.0   67.2  444.0
2018 270  9 27 0600  -30.2  972.5   14.1  196.0   74.5  444.0
2018 270  9 27 0900  -27.9  967.7   15.1  188.3   77.1  444.0
2018 270  9 27 1200  -23.6  961.2   17.9  201.9   82.2  444.0
2018 270  9 27 1500  -17.4  955.8   16.4  216.0   89.2  444.0
2018 270  9 27 1800  -14.2  949.9   19.1  221.4   93.3  444.0
2018 270  9 27 2100  -13.6  945.8   18.1  227.5   94.0  444.0
2018 271  9 28 0000  -12.4  942.1   13.6  239.1   94.6  444.0
2018 271  9 28 0300  -12.1  939.6   12.6  243.3   95.9  444.0
2018 271  9 28 0600  -16.7  940.3   12.7  188.9   90.8  444.0
2018 271  9 28 0900  -20.8  944.4    6.1  191.7   87.2  444.0
2018 271  9 28 1200  -21.6  947.4    3.2   82.3   85.7  444.0
2018 271  9 28 1500  -22.7  950.6    5.4  144.2   83.9  444.0
2018 271  9 28 1800  -23.8  954.2    5.3  143.2   82.6  444.0
2018 271  9 28 2100  -24.7  959.2    8.2  164.7   80.3  444.0
2018 272  9 29 0000  -27.2  960.3    8.4  199.3   74.9  444.0
2018 272  9 29 0300  -25.9  960.4    8.9  186.0   77.1  444.0
2018 272  9 29 0600  -26.8  959.4    2.2  151.5   78.0  444.0
2018 272  9 29 0900  -27.2  958.6    2.8  304.6   79.5  444.0
2018 272  9 29 1200  -27.6  957.1    3.2  291.5   78.9  444.0
2018 272  9 29 1500  -29.1  955.6    4.8  248.6   77.6  444.0
2018 272  9 29 1800  -28.5  955.9    1.6  243.6   77.3  444.0
2018 272  9 29 2100  -26.2  957.9    4.9  255.5   76.3  444.0
2018 273  9 30 0000  -25.9  960.2    1.0  221.9   75.6  444.0
2018 273  9 30 0300  -28.6  960.8    1.0  305.2   72.1  444.0
2018 273  9 30 0600  -29.3  961.0    0.8  307.4   72.7  444.0
2018 273  9 30 0900  -30.7  962.0    0.4  172.8   75.5  444.0
2018 273  9 30 1200  -28.7  962.7    0.8  171.6   72.9  444.0
2018 273  9 30 1500  -27.0  963.8    0.6  171.4   80.1  444.0
2018 273  9 30 1800  -25.0  966.3    2.8  170.0   82.4  444.0
2018 273  9 30 2100  -24.4  968.0   18.3  196.3   80.5  444.0
