Year: 2018  Month: 09  ID: LET  ARGOS:  8928  Name: Lettau              
Lat: 82.49S  Lon: 174.58W  Elev:   39m
2018 244  9  1 0000  -44.1  970.9    1.9  320.0   63.7  444.0
2018 244  9  1 0300  -43.1  970.7    2.1  338.0   65.1  444.0
2018 244  9  1 0600  -42.9  971.8    3.7  328.0   65.0  444.0
2018 244  9  1 0900  -45.0  973.3    4.1  335.0   64.0  444.0
2018 244  9  1 1200  -43.9  975.7    4.3  336.0   64.9  444.0
2018 244  9  1 1500  -45.0  977.9    1.4  257.0   64.0  444.0
2018 244  9  1 1800  -50.0  980.2    2.2   22.0   62.1  444.0
2018 244  9  1 2100  -50.9  982.4    1.8   78.0   62.0  444.0
2018 245  9  2 0000  -50.5  984.0    3.2  131.0   61.8  444.0
2018 245  9  2 0300  -45.9  985.2    4.6  124.0   64.0  444.0
2018 245  9  2 0600  -46.1  985.7    7.1  124.0   63.9  444.0
2018 245  9  2 0900  -45.6  985.0    8.5  133.0   64.0  444.0
2018 245  9  2 1200  -43.8  981.6   10.6  144.0   65.0  444.0
2018 245  9  2 1500  -43.1  976.4   13.0  150.0   65.0  444.0
2018 245  9  2 1800  -38.9  969.9   15.6  149.0   67.0  444.0
2018 245  9  2 2100  -36.7  964.3   17.1  148.0   68.6  444.0
2018 246  9  3 0000  -34.8  959.0   19.2  147.0   70.0  444.0
2018 246  9  3 0300  -32.5  951.9   18.6  150.0   72.0  444.0
2018 246  9  3 0600  -31.0  945.8   19.9  147.0   73.0  444.0
2018 246  9  3 0900  -28.5  942.1   23.3  146.0   74.5  444.0
2018 246  9  3 1200  -26.2  940.0   21.9  137.0   76.4  444.0
2018 246  9  3 1500  -24.7  939.1   19.8  135.0   78.0  444.0
2018 246  9  3 1800  -23.6  937.2   16.1  132.0   79.0  444.0
2018 246  9  3 2100  -22.9  937.7   15.0  128.0   80.0  444.0
2018 247  9  4 0000  -23.0  939.3   10.9  136.0   80.0  444.0
2018 247  9  4 0300  -23.0  941.1    8.5  133.0   80.0  444.0
2018 247  9  4 0600  -26.5  945.1   10.8  105.0   77.0  444.0
2018 247  9  4 0900  -28.9  947.5    7.6  124.0   76.0  444.0
2018 247  9  4 1200  -31.0  949.3   10.4  134.0   74.0  444.0
2018 247  9  4 1500  -32.7  951.4    9.5  136.0   73.1  444.0
2018 247  9  4 1800  -33.0  953.7    9.2  144.0   73.0  444.0
2018 247  9  4 2100  -32.6  956.3    7.9  142.0   73.1  444.0
2018 248  9  5 0000  -35.9  957.9    5.2  163.0   70.9  444.0
2018 248  9  5 0300  -38.6  959.1    3.3  134.0   69.4  444.0
2018 248  9  5 0600  -40.7  959.5    3.7  172.0   68.0  444.0
2018 248  9  5 0900  -42.5  960.0    3.8  190.0   67.0  444.0
2018 248  9  5 1200  -41.8  960.4    4.8  172.0   68.0  444.0
2018 248  9  5 1500  -42.7  961.0    3.8  187.0   67.0  444.0
2018 248  9  5 1800  -42.4  961.6    4.5  187.0   67.2  444.0
2018 248  9  5 2100  -41.3  962.4    4.6  193.0   68.0  444.0
2018 249  9  6 0000  -39.3  962.2    5.8  192.0   68.0  444.0
2018 249  9  6 0300  -36.1  962.3    7.1  196.0   70.0  444.0
2018 249  9  6 0600  -34.0  962.1    8.0  192.0   71.8  444.0
2018 249  9  6 0900  -31.8  961.7    9.5  184.0   73.0  444.0
2018 249  9  6 1200  -31.2  961.3    8.9  178.0   73.0  444.0
2018 249  9  6 1500  -29.1  961.7    8.9  174.0   75.0  444.0
2018 249  9  6 1800  -29.7  961.4    8.7  200.0   71.3  444.0
2018 249  9  6 2100  -30.0  960.9    8.3  188.0   74.0  444.0
2018 250  9  7 0000  -31.2  961.1    6.9  180.0   73.0  444.0
2018 250  9  7 0300  -32.8  961.5    8.2  186.0   73.0  444.0
2018 250  9  7 0600  -30.7  960.7    8.2  188.0   73.2  444.0
2018 250  9  7 0900  -29.5  959.4    7.8  208.0   71.0  444.0
2018 250  9  7 1200  -28.2  958.1    7.8  192.0   70.0  444.0
2018 250  9  7 1500  -26.3  957.5    8.3  174.0   74.0  444.0
2018 250  9  7 1800  -31.0  958.0    6.4  189.0   72.0  444.0
2018 250  9  7 2100  -33.0  958.9    5.0  186.0   70.6  444.0
2018 251  9  8 0000  -32.6  959.5    5.1  187.0   70.6  444.0
2018 251  9  8 0300  -28.7  961.0    5.8  181.0   71.3  444.0
2018 251  9  8 0600  -32.0  962.6    5.9  184.0   72.0  444.0
2018 251  9  8 0900  -30.2  964.1    7.5  170.0   74.0  444.0
2018 251  9  8 1200  -33.6  966.0    6.7  190.0   73.0  444.0
2018 251  9  8 1500  -31.2  968.4    6.2  183.0   73.0  444.0
2018 251  9  8 1800  -30.0  970.3    8.5  171.0   74.0  444.0
2018 251  9  8 2100  -31.2  972.3    8.9  168.0   73.0  444.0
2018 252  9  9 0000  -35.7  975.3    4.8  158.0   70.0  444.0
2018 252  9  9 0300  -39.2  977.2    3.3  202.0   68.5  444.0
2018 252  9  9 0600  -39.0  978.0    5.2  191.0   69.0  444.0
2018 252  9  9 0900  -38.8  979.1    4.5  188.0   69.0  444.0
2018 252  9  9 1200  -37.0  979.5    6.1  196.0   70.0  444.0
2018 252  9  9 1500  -37.3  980.5    5.9  204.0   69.6  444.0
2018 252  9  9 1800  -34.7  981.0    5.1  164.0   68.0  444.0
2018 252  9  9 2100  -35.4  981.8    2.8  207.0   68.0  444.0
2018 253  9 10 0000  -36.6  982.3    4.5  215.0   66.4  444.0
2018 253  9 10 0300  -38.5  983.3    4.3  202.0   67.0  444.0
2018 253  9 10 0600  -38.8  984.2    4.5  191.0   67.0  444.0
2018 253  9 10 0900  -40.4  986.2    4.7  218.0   67.0  444.0
2018 253  9 10 1200  -39.3  986.9    4.0  219.0   67.0  444.0
2018 253  9 10 1500  -38.4  987.8    2.2  170.0   68.0  444.0
2018 253  9 10 1800  -38.5  988.3    1.7  294.0   67.2  444.0
2018 253  9 10 2100  -43.0  988.6    0.4   12.0   66.0  444.0
2018 254  9 11 0000  -43.9  989.5    1.4  129.0   64.7  444.0
2018 254  9 11 0300  -45.9  989.9    2.7  223.0   64.0  444.0
2018 254  9 11 0600  -48.8  990.6    2.2  241.0   63.7  444.0
2018 254  9 11 0900  -46.9  990.8    2.4  238.0   64.0  444.0
2018 254  9 11 1200  -44.5  990.8    0.5  360.0   63.7  444.0
2018 254  9 11 1500  -48.2  991.3    1.1  248.0   64.0  444.0
2018 254  9 11 1800  -49.0  991.2    0.1  162.0   63.5  444.0
2018 254  9 11 2100  -50.1  991.3    2.7  150.0   62.0  444.0
2018 255  9 12 0000  -49.5  992.2    1.9  143.0   62.0  444.0
2018 255  9 12 0300  -50.0  992.3    1.8  143.0   62.0  444.0
2018 255  9 12 0600  -50.3  993.0    2.0  224.0   62.3  444.0
2018 255  9 12 0900  -50.4  992.5    1.1  153.0   62.5  444.0
2018 255  9 12 1200  -50.4  992.0    1.4  128.0   62.0  444.0
2018 255  9 12 1500  -51.4  991.3    1.2  203.0   61.6  444.0
2018 255  9 12 1800  -51.2  990.5    2.2  151.0   62.0  444.0
2018 255  9 12 2100  -50.7  990.0    0.0    0.0   61.2  444.0
2018 256  9 13 0000  -50.4  990.4    1.4  226.0   61.0  444.0
2018 256  9 13 0300  -51.3  990.5  444.0  444.0   61.0  444.0
2018 256  9 13 0600  -51.5  990.1  444.0  444.0   62.0  444.0
2018 256  9 13 0900  -49.1  990.1  444.0  444.0   63.0  444.0
2018 256  9 13 1200  -48.5  989.9    0.9  163.0   63.0  444.0
2018 256  9 13 1500  -45.8  989.5    2.2  161.0   65.0  444.0
2018 256  9 13 1800  -43.9  988.7    1.6  180.0   65.5  444.0
2018 256  9 13 2100  -42.8  988.5    1.0  215.0   66.0  444.0
2018 257  9 14 0000  -39.7  987.8    3.5  139.0   66.3  444.0
2018 257  9 14 0300  -42.3  987.0    3.3  176.0   65.9  444.0
2018 257  9 14 0600  -45.3  986.6    4.1  186.0   65.0  444.0
2018 257  9 14 0900  -44.9  985.8    3.7  168.0   65.0  444.0
2018 257  9 14 1200  -47.1  985.0    3.1  175.0   64.0  444.0
2018 257  9 14 1500  -48.3  983.8    3.2  181.0   63.0  444.0
2018 257  9 14 1800  -46.7  982.5    4.5  190.0   64.0  444.0
2018 257  9 14 2100  -47.3  981.5    4.9  168.0   63.0  444.0
2018 258  9 15 0000  -47.3  981.1    3.3  176.0   62.0  444.0
2018 258  9 15 0300  -47.1  979.9    4.1  183.0   63.0  444.0
2018 258  9 15 0600  -48.1  979.3    3.2  205.0   62.8  444.0
2018 258  9 15 0900  -47.1  978.9    3.5  216.0   63.0  444.0
2018 258  9 15 1200  -46.6  978.9    3.2  214.0   64.0  444.0
2018 258  9 15 1500  -45.5  978.8    2.9  202.0   64.0  444.0
2018 258  9 15 1800  -46.5  979.0    2.9  218.0   63.4  444.0
2018 258  9 15 2100  -46.7  979.1    3.4  144.0   64.0  444.0
2018 259  9 16 0000  -45.0  979.7    4.1  140.0   64.0  444.0
2018 259  9 16 0300  -41.6  980.7    6.7  142.0   66.0  444.0
2018 259  9 16 0600  -37.0  981.0    6.1  148.0   69.0  444.0
2018 259  9 16 0900  -33.8  981.5    7.2  135.0   71.0  444.0
2018 259  9 16 1200  -33.2  982.0    7.7  137.0   71.0  444.0
2018 259  9 16 1500  -30.3  982.4    8.1  131.0   74.0  444.0
2018 259  9 16 1800  -28.3  983.2    8.1  131.0   75.0  444.0
2018 259  9 16 2100  -28.4  984.0    8.8  138.0   74.9  444.0
2018 260  9 17 0000  -28.6  984.0    7.5  152.0   75.0  444.0
2018 260  9 17 0300  -27.9  982.7    7.7  144.0   75.5  444.0
2018 260  9 17 0600  -25.6  980.8    9.2  155.0   78.0  444.0
2018 260  9 17 0900  -26.3  979.1    9.1  146.0   77.0  444.0
2018 260  9 17 1200  -28.5  977.9    6.7  156.0   75.0  444.0
2018 260  9 17 1500  -28.7  976.9    6.0  159.0   74.9  444.0
2018 260  9 17 1800  -30.5  976.5    4.6  167.0   74.0  444.0
2018 260  9 17 2100  -32.1  975.7    3.8  187.0   73.2  444.0
2018 261  9 18 0000  -31.4  974.5    2.6  177.0   73.0  444.0
2018 261  9 18 0300  -30.3  972.4    6.6  194.0   74.0  444.0
2018 261  9 18 0600  -30.7  971.1    5.5  194.0   74.2  444.0
2018 261  9 18 0900  -30.5  968.9    7.5  188.0   74.4  444.0
2018 261  9 18 1200  -31.5  967.5    6.0  196.0   74.0  444.0
2018 261  9 18 1500  -29.9  965.4    7.1  189.0   75.0  444.0
2018 261  9 18 1800  -27.6  963.3    6.9  176.0   76.0  444.0
2018 261  9 18 2100  -25.9  961.0    9.7  173.0   77.0  444.0
2018 262  9 19 0000  -23.8  959.2    9.8  168.0   78.0  444.0
2018 262  9 19 0300  -23.2  957.4    9.7  168.0   79.0  444.0
2018 262  9 19 0600  -21.1  956.2   10.6  164.0   82.0  444.0
2018 262  9 19 0900  -19.5  955.2   10.6  160.0   84.0  444.0
2018 262  9 19 1200  -20.7  954.9    9.5  168.0   82.5  444.0
2018 262  9 19 1500  -18.8  954.0   10.7  167.0   85.0  444.0
2018 262  9 19 1800  -19.1  954.5   13.0  162.0   85.0  444.0
2018 262  9 19 2100  -22.2  956.9    9.6  132.0   80.0  444.0
2018 263  9 20 0000  -25.7  960.1    9.6  150.0   76.0  444.0
2018 263  9 20 0300  -25.0  963.2    7.0  147.0   79.0  444.0
2018 263  9 20 0600  -24.6  966.1   10.4  145.0   79.0  444.0
2018 263  9 20 0900  -25.7  968.0    7.2  171.0   78.7  444.0
2018 263  9 20 1200  -23.7  967.4   11.5  160.0   80.0  444.0
2018 263  9 20 1500  -24.5  967.8   12.5  161.0   79.0  444.0
2018 263  9 20 1800  -21.4  967.1   15.1  172.0   79.0  444.0
2018 263  9 20 2100  -20.0  966.6   12.0  213.0   71.0  444.0
2018 264  9 21 0000  -20.8  966.5   11.1  226.0   70.0  444.0
2018 264  9 21 0300  -16.1  966.3   11.6  187.0   86.5  444.0
2018 264  9 21 0600  -16.0  966.5   17.8  170.0   86.8  444.0
2018 264  9 21 0900  -18.8  968.9   15.4  170.0   84.0  444.0
2018 264  9 21 1200  -19.9  972.7   12.4  177.0   75.0  444.0
2018 264  9 21 1500  -23.2  975.4    8.0  170.0   74.0  444.0
2018 264  9 21 1800  -26.1  978.2    4.6  194.0   75.0  444.0
2018 264  9 21 2100  -23.2  980.9    5.5  171.0   73.7  444.0
2018 265  9 22 0000  -24.7  983.1    4.0  176.0   69.0  444.0
2018 265  9 22 0300  -30.4  984.9    3.0  243.0   69.9  444.0
2018 265  9 22 0600  -33.3  986.0    3.7  244.0   73.0  444.0
2018 265  9 22 0900  -35.0  986.8    1.7  216.0   71.2  444.0
2018 265  9 22 1200  -37.1  988.0    2.9  238.0   71.0  444.0
2018 265  9 22 1500  -36.7  988.1    2.1  214.0   70.0  444.0
2018 265  9 22 1800  -36.2  988.1    1.6  199.0   69.0  444.0
2018 265  9 22 2100  -38.2  988.2    2.2  243.0   67.7  444.0
2018 266  9 23 0000  -37.9  987.9    2.1  207.0   67.2  444.0
2018 266  9 23 0300  -36.7  987.4    2.2  138.0   68.0  444.0
2018 266  9 23 0600  -40.2  986.7    1.9  130.0   67.4  444.0
2018 266  9 23 0900  -43.8  986.0    2.0  162.0   66.4  444.0
2018 266  9 23 1200  -45.8  985.4    1.6  199.0   65.4  444.0
2018 266  9 23 1500  -46.4  984.2    3.0  193.0   65.0  444.0
2018 266  9 23 1800  -47.1  983.5    2.3  196.0   65.0  444.0
2018 266  9 23 2100  -45.0  982.9    2.0  213.0   64.0  444.0
2018 267  9 24 0000  -44.2  982.4    2.8  212.0   63.8  444.0
2018 267  9 24 0300  -43.6  981.6    2.9  227.0   64.0  444.0
2018 267  9 24 0600  -43.1  980.6    3.7  209.0   66.0  444.0
2018 267  9 24 0900  -44.2  980.1    3.7  227.0   66.0  444.0
2018 267  9 24 1200  -43.7  978.7    4.1  226.0   66.2  444.0
2018 267  9 24 1500  -43.6  977.2    3.3  236.0   66.3  444.0
2018 267  9 24 1800  -41.0  975.8    4.0  223.0   67.0  444.0
2018 267  9 24 2100  -40.0  974.6    3.4  221.0   65.0  444.0
2018 268  9 25 0000  -39.9  973.6    1.8  232.0   65.0  444.0
2018 268  9 25 0300  -39.9  972.1    3.6  241.0   65.6  444.0
2018 268  9 25 0600  -40.0  971.2    3.5  226.0   66.9  444.0
2018 268  9 25 0900  -39.7  970.8    4.2  248.0   68.0  444.0
2018 268  9 25 1200  -41.0  969.7    4.0  232.0   67.0  444.0
2018 268  9 25 1500  -42.7  969.5    2.8  198.0   66.3  444.0
2018 268  9 25 1800  -44.2  969.4    2.9  130.0   65.0  444.0
2018 268  9 25 2100  -44.7  970.0    2.9  133.0   64.0  444.0
2018 269  9 26 0000  -43.9  970.9    2.9  107.0   63.0  444.0
2018 269  9 26 0300  -44.6  972.2    3.2  114.0   63.0  444.0
2018 269  9 26 0600  -46.7  973.9    2.5  109.0   64.0  444.0
2018 269  9 26 0900  -48.1  975.8    2.3  102.0   63.7  444.0
2018 269  9 26 1200  -49.1  977.5    2.5  138.0   63.0  444.0
2018 269  9 26 1500  -50.0  979.1    2.0  131.0   62.7  444.0
2018 269  9 26 1800  -49.6  980.2    3.0  140.0   62.0  444.0
2018 269  9 26 2100  -47.0  980.2    5.4  142.0   63.0  444.0
2018 270  9 27 0000  -44.0  978.7    6.8  151.0   64.0  444.0
2018 270  9 27 0300  -38.6  974.5    5.5  179.0   66.5  444.0
2018 270  9 27 0600  -31.1  969.3    8.9  154.0   72.3  444.0
2018 270  9 27 0900  -25.5  963.1   15.8  141.0   77.0  444.0
2018 270  9 27 1200  -21.3  956.0   17.5  138.0   81.3  444.0
2018 270  9 27 1500  -18.5  950.4   17.8  137.0   85.0  444.0
2018 270  9 27 1800  -12.9  947.4   13.8  132.0   90.9  444.0
2018 270  9 27 2100   -6.9  948.2   12.2   80.0   97.0  444.0
2018 271  9 28 0000   -6.5  949.0   12.1   78.0   95.9  444.0
2018 271  9 28 0300  -14.0  951.7    5.4   42.0   88.0  444.0
2018 271  9 28 0600  -16.4  954.1    6.5   38.0   83.9  444.0
2018 271  9 28 0900  -21.9  958.1    5.1   63.0   80.0  444.0
2018 271  9 28 1200  -21.9  960.0    4.7   94.0   82.0  444.0
2018 271  9 28 1500  -21.4  961.5    4.1   76.0   82.0  444.0
2018 271  9 28 1800  -21.8  961.6    1.9  132.0   82.0  444.0
2018 271  9 28 2100  -20.7  960.8    2.4  192.0   81.8  444.0
2018 272  9 29 0000  -19.2  958.4    4.6  238.0   82.5  444.0
2018 272  9 29 0300  -17.7  955.8    4.5  192.0   86.0  444.0
2018 272  9 29 0600  -13.8  953.6    7.1  146.0   90.0  444.0
2018 272  9 29 0900  -12.0  953.6    6.8   98.0   92.0  444.0
2018 272  9 29 1200  -20.7  955.6    8.1   40.0   82.8  444.0
2018 272  9 29 1500  -22.7  959.6    6.1   91.0   82.0  444.0
2018 272  9 29 1800  -20.3  958.5    7.2  153.0   84.0  444.0
2018 272  9 29 2100  -17.0  954.1    9.5  144.0   86.0  444.0
2018 273  9 30 0000  -16.0  952.7    6.9  109.0   86.0  444.0
2018 273  9 30 0300  -16.7  953.3    6.2   84.0   84.2  444.0
2018 273  9 30 0600  -24.6  955.7    4.6  113.0   79.0  444.0
2018 273  9 30 0900  -23.7  959.6    5.8  127.0   80.0  444.0
2018 273  9 30 1200  -28.9  963.6    4.3  152.0   76.0  444.0
2018 273  9 30 1500  -24.8  968.8    9.5    6.0   80.0  444.0
2018 273  9 30 1800  -27.9  976.0    5.7   31.0   77.0  444.0
2018 273  9 30 2100  -27.6  980.9    6.6   68.0   76.0  444.0
