Year: 2018  Month: 12  ID: LET  ARGOS:  8928  Name: LETTAU              
Lat: 82.49S  Lon: 174.58W  Elev:   39m
2018 335 12  1 0000  -10.7  976.5    3.6  198.0   83.2  444.0
2018 335 12  1 0300   -8.3  974.5    4.9  207.0   80.0  444.0
2018 335 12  1 0600   -5.4  973.2    7.6  188.0   73.0  444.0
2018 335 12  1 0900   -5.9  972.8    7.9  174.0   75.3  444.0
2018 335 12  1 1200   -7.3  971.7    7.5  175.0   75.0  444.0
2018 335 12  1 1500   -7.8  971.1    8.5  147.0   78.0  444.0
2018 335 12  1 1800   -8.2  971.4    6.8  161.0   78.1  444.0
2018 335 12  1 2100   -6.9  971.1    6.7  173.0   75.0  444.0
2018 336 12  2 0000   -5.4  971.0    4.6  172.0   74.7  444.0
2018 336 12  2 0300   -4.9  971.0    6.8  183.0   75.0  444.0
2018 336 12  2 0600   -5.4  971.7    6.9  188.0   72.2  444.0
2018 336 12  2 0900   -6.6  972.7    5.4  195.0   71.0  444.0
2018 336 12  2 1200   -7.6  974.0    6.7  208.0   68.4  444.0
2018 336 12  2 1500   -8.5  976.0    5.3  202.0   69.0  444.0
2018 336 12  2 1800   -6.9  977.7    6.6  203.0   67.0  444.0
2018 336 12  2 2100   -6.1  980.1    7.4  194.0   75.0  444.0
2018 337 12  3 0000   -5.0  982.4    6.4  205.0   74.0  444.0
2018 337 12  3 0300   -4.0  984.6    6.8  204.0   71.5  444.0
2018 337 12  3 0600   -5.0  986.8    6.3  218.0   73.0  444.0
2018 337 12  3 0900   -6.9  988.8    4.0  200.0   76.0  444.0
2018 337 12  3 1200   -9.0  990.5    4.3  247.0   75.0  444.0
2018 337 12  3 1500   -9.8  992.1    4.0  246.0   74.0  444.0
2018 337 12  3 1800  -10.2  993.3    2.7  244.0   75.0  444.0
2018 337 12  3 2100   -8.4  994.2    2.8  255.0   73.0  444.0
2018 338 12  4 0000   -6.2  994.4    2.0  197.0   73.0  444.0
2018 338 12  4 0300   -5.8  993.3    3.3  179.0   78.0  444.0
2018 338 12  4 0600   -7.1  991.8    1.9  186.0   86.0  444.0
2018 338 12  4 0900   -9.7  989.7    2.9  146.0   86.7  444.0
2018 338 12  4 1200  -11.2  987.7    3.4  127.0   85.0  444.0
2018 338 12  4 1500  -12.8  985.4    3.2  127.0   82.0  444.0
2018 338 12  4 1800  -12.1  983.1    4.7  155.0   83.0  444.0
2018 338 12  4 2100  -11.6  980.3    7.7  153.0   80.2  444.0
2018 339 12  5 0000   -9.2  977.5    8.2  142.0   79.0  444.0
2018 339 12  5 0300   -7.7  974.8    7.4  152.0   77.4  444.0
2018 339 12  5 0600   -8.1  972.6    7.2  159.0   80.0  444.0
2018 339 12  5 0900   -9.1  970.7    5.5  177.0   79.0  444.0
2018 339 12  5 1200   -9.3  968.9    6.6  171.0   75.2  444.0
2018 339 12  5 1500  -10.2  967.7    5.1  176.0   79.0  444.0
2018 339 12  5 1800   -9.7  967.2    5.8  166.0   80.0  444.0
2018 339 12  5 2100   -8.5  966.9    6.2  169.0   81.0  444.0
2018 340 12  6 0000   -7.6  966.9    6.1  160.0   81.0  444.0
2018 340 12  6 0300   -6.2  966.7    5.7  170.0   80.7  444.0
2018 340 12  6 0600   -6.8  966.8    3.8  182.0   84.0  444.0
2018 340 12  6 0900   -8.5  967.2    3.6  198.0   85.0  444.0
2018 340 12  6 1200   -9.6  968.1    3.7  194.0   83.0  444.0
2018 340 12  6 1500   -9.5  969.0    3.9  184.0   81.0  444.0
2018 340 12  6 1800   -8.1  969.9    3.8  179.0   78.0  444.0
2018 340 12  6 2100   -6.7  971.2    4.4  161.0   80.0  444.0
2018 341 12  7 0000   -5.8  972.4    3.7  149.0   79.0  444.0
2018 341 12  7 0300   -5.3  973.3    5.1  142.0   82.0  444.0
2018 341 12  7 0600   -5.7  974.1    3.6  133.0   86.9  444.0
2018 341 12  7 0900   -6.5  975.4    2.5  153.0   91.0  444.0
2018 341 12  7 1200   -8.9  976.2    2.3  140.0   85.0  444.0
2018 341 12  7 1500   -9.9  977.0    2.1  128.0   82.0  444.0
2018 341 12  7 1800  -10.3  977.8    1.9   80.0   81.8  444.0
2018 341 12  7 2100  -10.5  978.5    2.7   23.0   82.7  444.0
2018 342 12  8 0000  -10.3  979.3    2.0  323.0   89.0  444.0
2018 342 12  8 0300   -9.6  979.1    2.3  329.0   89.0  444.0
2018 342 12  8 0600   -8.6  978.9    2.2  284.0   92.6  444.0
2018 342 12  8 0900   -8.7  978.8    1.7  249.0   94.0  444.0
2018 342 12  8 1200   -8.8  978.8    1.5  187.0   95.0  444.0
2018 342 12  8 1500   -8.8  978.6    1.9  171.0   94.0  444.0
2018 342 12  8 1800   -8.7  978.6    2.9  178.0   93.0  444.0
2018 342 12  8 2100   -8.5  978.6    3.5  180.0   92.3  444.0
2018 343 12  9 0000   -7.7  978.2    1.2  195.0   92.0  444.0
2018 343 12  9 0300  444.0  977.5    0.8  240.0   94.0  444.0
2018 343 12  9 0600   -7.1  976.9    1.5   17.0   93.0  444.0
2018 343 12  9 0900   -7.6  976.9    2.1   74.0   94.5  444.0
2018 343 12  9 1200   -7.7  977.1    1.6  180.0   93.1  444.0
2018 343 12  9 1500   -7.8  977.0    4.1  188.0   92.0  444.0
2018 343 12  9 1800   -7.9  976.6    2.4  219.0   87.0  444.0
2018 343 12  9 2100   -8.3  975.8    4.2  204.0   81.0  444.0
2018 344 12 10 0000   -8.1  976.7    5.2  143.0   83.3  444.0
2018 344 12 10 0300   -7.4  977.0    1.6  199.0   82.0  444.0
2018 344 12 10 0600   -7.1  977.2    1.3  237.0   74.0  444.0
2018 344 12 10 0900   -6.2  976.9    7.2  191.0   75.0  444.0
2018 344 12 10 1200   -8.1  977.5    7.1  161.0   82.3  444.0
2018 344 12 10 1500   -8.3  977.6   11.2  167.0   88.0  444.0
2018 344 12 10 1800   -8.1  978.8    9.5  150.0   89.0  444.0
2018 344 12 10 2100   -7.4  980.5    7.1  129.0   86.0  444.0
2018 345 12 11 0000   -6.7  981.7    6.4  142.0   84.0  444.0
2018 345 12 11 0300   -6.6  982.1    7.2  138.0   85.2  444.0
2018 345 12 11 0600   -6.4  982.4    6.1  137.0   86.0  444.0
2018 345 12 11 0900   -8.6  982.6    2.6  153.0   86.0  444.0
2018 345 12 11 1200  -10.7  982.7    2.0  154.0   87.0  444.0
2018 345 12 11 1500   -8.9  982.3    1.6  186.0   82.4  444.0
2018 345 12 11 1800  444.0  982.1    0.7  208.0   76.0  444.0
2018 345 12 11 2100   -8.8  982.1    1.8  194.0   82.0  444.0
2018 346 12 12 0000  444.0  982.1    0.8  200.0   77.8  444.0
2018 346 12 12 0300  444.0  982.0    1.4  205.0   78.0  444.0
2018 346 12 12 0600   -7.3  982.3    1.1  223.0   72.0  444.0
2018 346 12 12 0900   -8.7  983.1    1.9  197.0   86.3  444.0
2018 346 12 12 1200  -10.3  983.9    2.4  207.0   82.0  444.0
2018 346 12 12 1500   -8.0  983.3    5.1  190.0   84.0  444.0
2018 346 12 12 1800  -10.0  983.2    6.7  139.0   85.0  444.0
2018 346 12 12 2100   -8.7  983.1    7.4  134.0   87.8  444.0
2018 347 12 13 0000   -8.3  983.7    5.5  117.0   82.0  444.0
2018 347 12 13 0300   -7.9  982.9    3.8  118.0   82.2  444.0
2018 347 12 13 0600   -7.8  982.0    1.4  104.0   85.0  444.0
2018 347 12 13 0900  444.0  980.4    1.3  298.0   89.0  444.0
2018 347 12 13 1200  -10.0  979.2    2.2  296.0   96.0  444.0
2018 347 12 13 1500  -11.4  977.9    3.5  319.0   88.4  444.0
2018 347 12 13 1800  -10.5  976.5    4.5  272.0   84.0  444.0
2018 347 12 13 2100   -8.0  975.7    5.0  144.0   86.0  444.0
2018 348 12 14 0000   -6.7  976.1    6.7  149.0   78.0  444.0
2018 348 12 14 0300   -5.5  975.2    6.5  165.0   72.0  444.0
2018 348 12 14 0600   -5.6  974.1    7.5  166.0   80.6  444.0
2018 348 12 14 0900   -6.2  972.8    7.9  156.0   83.0  444.0
2018 348 12 14 1200   -9.4  974.1    6.5  127.0   82.0  444.0
2018 348 12 14 1500  -10.7  974.7    5.9  123.0   82.0  444.0
2018 348 12 14 1800  -10.4  975.3    3.4  138.0   81.0  444.0
2018 348 12 14 2100   -8.8  975.2    3.3  181.0   80.0  444.0
2018 349 12 15 0000   -7.2  974.9    4.0  165.0   80.0  444.0
2018 349 12 15 0300   -6.6  974.8    4.4  147.0   83.0  444.0
2018 349 12 15 0600   -6.9  975.2    3.8  189.0   85.0  444.0
2018 349 12 15 0900   -8.1  975.2    3.4  177.0   85.0  444.0
2018 349 12 15 1200   -9.1  975.3    3.4  183.0   83.0  444.0
2018 349 12 15 1500   -7.8  975.7    4.2  163.0   83.0  444.0
2018 349 12 15 1800   -8.1  976.7    8.1  142.0   80.0  444.0
2018 349 12 15 2100   -7.3  977.9    9.1  133.0   75.0  444.0
2018 350 12 16 0000   -6.1  978.4    4.7  124.0   79.0  444.0
2018 350 12 16 0300   -4.8  977.6    3.0  188.0   82.0  444.0
2018 350 12 16 0600   -4.4  976.9    2.9  169.0   85.0  444.0
2018 350 12 16 0900   -6.3  976.7    2.1  183.0   86.0  444.0
2018 350 12 16 1200   -7.5  976.4    3.0  222.0   82.0  444.0
2018 350 12 16 1500   -4.5  974.1    7.1  190.0   74.3  444.0
2018 350 12 16 1800   -3.9  973.3   11.0  156.0   81.0  444.0
2018 350 12 16 2100   -3.5  974.5   10.4  148.0   85.0  444.0
2018 351 12 17 0000   -2.7  975.2   10.1  157.0   82.0  444.0
2018 351 12 17 0300   -2.7  975.6    8.0  160.0   81.7  444.0
2018 351 12 17 0600   -3.5  975.4   10.0  164.0   82.0  444.0
2018 351 12 17 0900   -4.0  976.0   11.9  171.0   82.2  444.0
2018 351 12 17 1200   -4.7  976.5    9.3  167.0   79.0  444.0
2018 351 12 17 1500   -4.9  976.3   11.2  170.0   82.0  444.0
2018 351 12 17 1800   -5.0  976.0   12.0  158.0   84.0  444.0
2018 351 12 17 2100   -4.4  977.1   10.4  159.0   84.0  444.0
2018 352 12 18 0000   -3.7  978.0   10.5  159.0   83.0  444.0
2018 352 12 18 0300   -3.5  977.9    9.7  156.0   86.0  444.0
2018 352 12 18 0600   -4.0  979.8    7.6  122.0   83.0  444.0
2018 352 12 18 0900   -5.7  982.8    5.9  135.0   84.0  444.0
2018 352 12 18 1200   -6.5  984.4    4.2  159.0   86.8  444.0
2018 352 12 18 1500   -6.6  985.4    4.3  182.0   86.0  444.0
2018 352 12 18 1800   -5.7  986.3    3.5  162.0   82.0  444.0
2018 352 12 18 2100   -4.2  987.1    4.6  174.0   80.0  444.0
2018 353 12 19 0000   -3.2  987.8    5.5  156.0   78.0  444.0
2018 353 12 19 0300   -2.9  988.4    5.3  171.0   80.0  444.0
2018 353 12 19 0600   -3.5  988.8    5.7  169.0   81.0  444.0
2018 353 12 19 0900   -5.0  988.7    4.3  180.0   84.0  444.0
2018 353 12 19 1200   -6.2  989.0    3.9  172.0   79.0  444.0
2018 353 12 19 1500   -7.3  988.7    3.8  183.0   81.0  444.0
2018 353 12 19 1800   -6.8  988.9    3.1  190.0   82.0  444.0
2018 353 12 19 2100   -4.2  988.3    2.6  182.0   79.0  444.0
2018 354 12 20 0000   -4.0  986.5    2.0  221.0   82.3  444.0
2018 354 12 20 0300   -3.5  983.1    3.6  258.0   82.0  444.0
2018 354 12 20 0600   -0.9  979.8    7.8  192.0   72.0  444.0
2018 354 12 20 0900    0.3  979.9   11.5  154.0   87.0  444.0
2018 354 12 20 1200   -1.0  981.2   12.1  148.0   86.4  444.0
2018 354 12 20 1500   -1.5  982.4   12.2  149.0   81.8  444.0
2018 354 12 20 1800   -2.5  983.0   12.4  138.0   86.0  444.0
2018 354 12 20 2100   -4.4  986.3   10.6  120.0   82.0  444.0
2018 355 12 21 0000   -4.0  988.2    8.1  127.0   78.0  444.0
2018 355 12 21 0300   -2.2  988.3    7.1  144.0   80.9  444.0
2018 355 12 21 0600   -1.9  988.5    7.8  153.0   83.0  444.0
2018 355 12 21 0900   -2.2  988.6    6.4  149.0   84.0  444.0
2018 355 12 21 1200   -3.8  988.8    6.4  129.0   84.0  444.0
2018 355 12 21 1500   -5.4  988.8    3.3  173.0   84.0  444.0
2018 355 12 21 1800   -5.6  988.8    3.1  191.0   83.9  444.0
2018 355 12 21 2100   -4.7  988.4    2.6   93.0   81.0  444.0
2018 356 12 22 0000   -3.8  988.6    0.5  137.0   72.0  444.0
2018 356 12 22 0300   -4.1  988.1    2.7    6.0   80.0  444.0
2018 356 12 22 0600   -2.8  987.7    1.5  292.0   75.0  444.0
2018 356 12 22 0900   -4.1  987.4    1.5  301.0   88.0  444.0
2018 356 12 22 1200   -6.3  987.4    2.6  312.0   90.0  444.0
2018 356 12 22 1500   -7.7  987.0    1.8  293.0   87.0  444.0
2018 356 12 22 1800   -4.2  986.0    4.5  183.0   91.0  444.0
2018 356 12 22 2100   -4.1  985.0    9.2  144.0   89.0  444.0
2018 357 12 23 0000   -3.5  984.8    8.8  127.0   90.0  444.0
2018 357 12 23 0300   -4.1  984.4    4.5  100.0   86.0  444.0
2018 357 12 23 0600   -4.1  984.6    3.5  129.0   90.0  444.0
2018 357 12 23 0900   -6.2  984.9    2.8  147.0   92.0  444.0
2018 357 12 23 1200   -6.7  985.0    2.9  146.0   94.0  444.0
2018 357 12 23 1500   -6.3  984.4    2.1  169.0   93.0  444.0
2018 357 12 23 1800   -5.9  983.4    1.9  219.0   86.9  444.0
2018 357 12 23 2100   -4.8  982.8    4.5  146.0   86.2  444.0
2018 358 12 24 0000   -4.2  982.6    5.4  141.0   85.0  444.0
2018 358 12 24 0300   -2.7  981.4    3.5  162.0   84.0  444.0
2018 358 12 24 0600   -2.6  979.8    3.9  161.0   85.0  444.0
2018 358 12 24 0900   -3.7  978.8    3.9  181.0   87.8  444.0
2018 358 12 24 1200   -5.7  977.5    3.7  167.0   87.8  444.0
2018 358 12 24 1500   -6.2  976.9    4.8  143.0   85.0  444.0
2018 358 12 24 1800   -6.1  977.7    6.8  106.0   84.0  444.0
2018 358 12 24 2100   -5.0  978.4    9.0  126.0   83.0  444.0
2018 359 12 25 0000   -4.8  977.7    6.2  176.0   82.0  444.0
2018 359 12 25 0300   -3.1  976.0    9.2  138.0   82.0  444.0
2018 359 12 25 0600   -2.7  975.5    6.6  146.0   84.0  444.0
2018 359 12 25 0900   -3.3  974.8    7.6  152.0   86.4  444.0
2018 359 12 25 1200   -4.1  974.7    8.3  145.0   85.0  444.0
2018 359 12 25 1500   -5.6  975.5    5.3  136.0   86.5  444.0
2018 359 12 25 1800   -5.3  975.7    5.4  155.0   85.0  444.0
2018 359 12 25 2100   -3.5  974.8    7.6  160.0   83.0  444.0
2018 360 12 26 0000   -2.1  973.9    7.5  141.0   81.5  444.0
2018 360 12 26 0300   -1.6  973.2    8.1  147.0   84.7  444.0
2018 360 12 26 0600   -1.9  973.4    7.1  137.0   89.0  444.0
2018 360 12 26 0900   -4.1  975.8    7.4   76.0   91.0  444.0
2018 360 12 26 1200   -6.9  980.0    8.0   77.0   87.6  444.0
2018 360 12 26 1500   -7.3  981.9    5.0   92.0   93.0  444.0
2018 360 12 26 1800   -6.6  983.2    3.1  164.0   92.0  444.0
2018 360 12 26 2100   -7.2  983.9    5.6  176.0   94.0  444.0
2018 361 12 27 0000   -4.8  984.6    3.2  169.0   88.0  444.0
2018 361 12 27 0300   -4.3  985.2    3.0   36.0   80.0  444.0
2018 361 12 27 0600   -3.6  986.3    1.5   34.0   84.0  444.0
2018 361 12 27 0900  444.0  987.1    1.3   78.0   91.7  444.0
2018 361 12 27 1200   -5.6  987.8    1.8  154.0   94.0  444.0
2018 361 12 27 1500   -6.1  988.0    2.7  145.0   95.0  444.0
2018 361 12 27 1800   -5.1  988.4    3.6  113.0   86.0  444.0
2018 361 12 27 2100   -4.4  988.3    2.4  119.0   87.0  444.0
2018 362 12 28 0000   -2.8  987.9    1.7  146.0   81.4  444.0
2018 362 12 28 0300   -3.1  987.0    2.7  145.0   88.0  444.0
2018 362 12 28 0600   -3.1  986.3    1.7  179.0   93.0  444.0
2018 362 12 28 0900   -4.5  985.3    3.0  185.0   95.0  444.0
2018 362 12 28 1200   -6.2  984.6    3.0  173.0   93.8  444.0
2018 362 12 28 1500   -5.9  983.7    3.2  162.0   94.0  444.0
2018 362 12 28 1800   -5.6  983.5    1.8  138.0   92.0  444.0
2018 362 12 28 2100   -7.0  982.8    4.5  170.0   93.0  444.0
2018 363 12 29 0000   -5.5  982.5    2.1  202.0   86.2  444.0
2018 363 12 29 0300   -4.8  981.8    3.7  170.0   88.9  444.0
2018 363 12 29 0600   -5.0  981.4    2.1  204.0   90.0  444.0
2018 363 12 29 0900   -4.0  981.0    1.9  223.0   93.0  444.0
2018 363 12 29 1200   -3.0  980.7    0.5  123.0   91.0  444.0
2018 363 12 29 1500   -2.6  980.4    0.9  172.0   77.9  444.0
2018 363 12 29 1800   -3.5  980.7    2.8  197.0   85.0  444.0
2018 363 12 29 2100   -4.5  980.5    2.3  252.0   83.0  444.0
2018 364 12 30 0000   -3.7  980.2    3.3  228.0   80.0  444.0
2018 364 12 30 0300   -3.9  979.8    2.0  219.0   85.8  444.0
2018 364 12 30 0600   -3.3  979.2    1.7  243.0   91.0  444.0
2018 364 12 30 0900   -3.6  978.9    1.5  172.0   95.0  444.0
2018 364 12 30 1200   -5.0  979.1    2.0  152.0   96.0  444.0
2018 364 12 30 1500   -8.1  979.3    1.6  101.0   98.0  444.0
2018 364 12 30 1800   -6.7  979.4    1.2  135.0   96.8  444.0
2018 364 12 30 2100  444.0  979.3    0.9  302.0   93.0  444.0
2018 365 12 31 0000   -4.2  979.5    3.8  103.0   93.0  444.0
2018 365 12 31 0300   -5.6  980.3    4.2  115.0   95.0  444.0
2018 365 12 31 0600   -6.5  981.0    3.9  119.0   96.9  444.0
2018 365 12 31 0900   -6.7  981.5    2.4   93.0   98.0  444.0
2018 365 12 31 1200   -7.3  982.0    2.4  105.0   97.0  444.0
2018 365 12 31 1500   -7.3  982.1    2.2  142.0   97.0  444.0
2018 365 12 31 1800   -7.9  982.2    2.3  167.0   94.1  444.0
2018 365 12 31 2100   -6.7  982.0    2.0  175.0   95.0  444.0
