Year: 2018  Month: 06  ID: LET  ARGOS:  8928  Name: Lettau              
Lat: 82.49S  Lon: 174.58W  Elev:   39m
2018 152  6  1 0000  -39.9  994.2    3.5  170.0   69.0  444.0
2018 152  6  1 0300  -40.8  994.3    3.6  186.0   68.0  444.0
2018 152  6  1 0600  -40.0  995.1    4.0  179.0   68.0  444.0
2018 152  6  1 0900  -37.2  994.6    4.8  190.0   70.0  444.0
2018 152  6  1 1200  -34.1  993.9    5.4  247.0   72.0  444.0
2018 152  6  1 1500  -34.5  994.0    4.9  186.0   71.5  444.0
2018 152  6  1 1800  -33.9  993.0    4.8  188.0   72.0  444.0
2018 152  6  1 2100  -33.0  992.3    4.9  189.0   72.0  444.0
2018 153  6  2 0000  -31.2  991.1    6.1  193.0   74.0  444.0
2018 153  6  2 0300  -32.8  990.1    4.0  189.0   72.0  444.0
2018 153  6  2 0600  -32.3  988.0    3.8  197.0   71.9  444.0
2018 153  6  2 0900  -35.5  985.9    4.4  205.0   71.0  444.0
2018 153  6  2 1200  -26.5  983.1    6.9  188.0   77.0  444.0
2018 153  6  2 1500  -23.4  981.0   10.8  162.0   79.0  444.0
2018 153  6  2 1800  -23.7  977.8   10.5  180.0   79.8  444.0
2018 153  6  2 2100  -26.2  974.4    3.4  163.0   77.0  444.0
2018 154  6  3 0000  -28.8  969.5    5.0  211.0   75.0  444.0
2018 154  6  3 0300  -32.5  963.6    4.3  230.0   73.0  444.0
2018 154  6  3 0600  -27.6  959.7    4.5  188.0   77.0  444.0
2018 154  6  3 0900  -21.9  957.8    8.8  160.0   80.0  444.0
2018 154  6  3 1200  -30.9  960.2    8.3  140.0   74.0  444.0
2018 154  6  3 1500  -41.0  964.2    9.3  130.0   69.0  444.0
2018 154  6  3 1800  -44.4  969.2    6.8  147.0   67.0  444.0
2018 154  6  3 2100  -43.6  972.4    5.0  150.0   67.0  444.0
2018 155  6  4 0000  -43.8  976.3    5.4  181.0   66.9  444.0
2018 155  6  4 0300  -44.2  979.0    5.6  155.0   67.0  444.0
2018 155  6  4 0600  -44.9  981.1    5.1  152.0   66.3  444.0
2018 155  6  4 0900  -45.3  983.9    6.8  138.0   66.0  444.0
2018 155  6  4 1200  -45.7  986.5    5.3  155.0   66.0  444.0
2018 155  6  4 1500  -45.0  987.7    5.4  161.0   66.0  444.0
2018 155  6  4 1800  -45.3  988.6    4.7  150.0   66.0  444.0
2018 155  6  4 2100  -45.9  988.5    3.8  156.0   65.5  444.0
2018 156  6  5 0000  -46.8  988.0    3.9  158.0   65.0  444.0
2018 156  6  5 0300  -46.9  986.7    2.8  185.0   64.4  444.0
2018 156  6  5 0600  -47.8  985.4    2.8  190.0   64.0  444.0
2018 156  6  5 0900  -49.2  983.9    2.6  187.0   63.0  444.0
2018 156  6  5 1200  -48.3  982.5    2.9  142.0   64.0  444.0
2018 156  6  5 1500  -47.7  981.5    3.1  200.0   64.2  444.0
2018 156  6  5 1800  -48.0  980.8    1.4  193.0   64.0  444.0
2018 156  6  5 2100  -48.1  980.3    1.1  202.0   63.0  444.0
2018 157  6  6 0000  -49.2  980.5    2.4  169.0   63.0  444.0
2018 157  6  6 0300  -47.7  979.6    2.1  174.0   64.0  444.0
2018 157  6  6 0600  -49.7  979.0    2.4  195.0   63.0  444.0
2018 157  6  6 0900  -48.5  977.9    3.7  197.0   64.0  444.0
2018 157  6  6 1200  -48.4  976.9    3.1  189.0   63.0  444.0
2018 157  6  6 1500  -48.9  977.0    3.3  171.0   63.0  444.0
2018 157  6  6 1800  -49.3  976.6    4.1  153.0   63.0  444.0
2018 157  6  6 2100  -49.4  976.0    3.3  184.0   63.0  444.0
2018 158  6  7 0000  -49.5  975.2    4.0  191.0   63.0  444.0
2018 158  6  7 0300  -46.2  973.4    3.4  203.0   65.0  444.0
2018 158  6  7 0600  -44.0  970.9    2.6  218.0   65.2  444.0
2018 158  6  7 0900  -44.3  969.5    3.2  210.0   65.0  444.0
2018 158  6  7 1200  -43.7  968.5    4.0  196.0   66.0  444.0
2018 158  6  7 1500  -47.7  969.8    3.3  136.0   64.0  444.0
2018 158  6  7 1800  -49.3  970.0    2.9  166.0   63.0  444.0
2018 158  6  7 2100  -49.3  970.3    2.7  178.0   63.0  444.0
2018 159  6  8 0000  -50.0  970.3    2.7  196.0   63.0  444.0
2018 159  6  8 0300  -46.5  968.3    3.9  189.0   64.0  444.0
2018 159  6  8 0600  -47.0  968.1    3.9  189.0   64.0  444.0
2018 159  6  8 0900  -44.5  967.1    3.5  191.0   65.0  444.0
2018 159  6  8 1200  -41.5  965.5    4.5  199.0   67.0  444.0
2018 159  6  8 1500  -38.5  962.9    6.0  200.0   68.0  444.0
2018 159  6  8 1800  -37.0  960.4    5.4  196.0   69.0  444.0
2018 159  6  8 2100  -29.7  958.4    8.5  178.0   74.0  444.0
2018 160  6  9 0000  -24.3  956.6   10.2  170.0   78.3  444.0
2018 160  6  9 0300  -26.1  954.8    7.7  188.0   77.0  444.0
2018 160  6  9 0600  -19.8  952.0   12.1  161.0   83.0  444.0
2018 160  6  9 0900  -19.8  951.8   13.9  148.0   83.0  444.0
2018 160  6  9 1200  -30.2  954.8   11.5  117.0   75.0  444.0
2018 160  6  9 1500  -34.1  956.8    2.5  123.0   72.9  444.0
2018 160  6  9 1800  -21.2  957.4   12.5  142.0   82.0  444.0
2018 160  6  9 2100  -20.1  958.8   12.5  153.0   83.0  444.0
2018 161  6 10 0000  -19.7  959.9   11.8  151.0   83.0  444.0
2018 161  6 10 0300  -19.7  960.3   14.4  139.0   83.8  444.0
2018 161  6 10 0600  -20.3  962.8   12.9  144.0   81.0  444.0
2018 161  6 10 0900  -27.8  965.0    4.9  134.0   76.0  444.0
2018 161  6 10 1200  -27.9  966.4    3.9  136.0   76.0  444.0
2018 161  6 10 1500  -24.6  966.8    7.3  154.0   75.8  444.0
2018 161  6 10 1800  -26.9  967.0    7.9  154.0   74.7  444.0
2018 161  6 10 2100  -28.9  968.7    6.4  145.0   74.0  444.0
2018 162  6 11 0000  -27.1  969.3    5.2  179.0   70.0  444.0
2018 162  6 11 0300  -26.9  968.8    7.6  166.0   69.7  444.0
2018 162  6 11 0600  -27.4  968.7    5.9  170.0   69.5  444.0
2018 162  6 11 0900  -28.7  968.5    6.0  170.0   70.0  444.0
2018 162  6 11 1200  -29.5  968.5    5.5  184.0   71.0  444.0
2018 162  6 11 1500  -29.9  968.3    6.9  171.0   71.0  444.0
2018 162  6 11 1800  -31.4  969.2    5.6  186.0   69.8  444.0
2018 162  6 11 2100  -32.5  969.5    6.2  190.0   69.0  444.0
2018 163  6 12 0000  -32.5  970.2    5.9  196.0   68.6  444.0
2018 163  6 12 0300  -34.8  971.4    5.1  199.0   69.0  444.0
2018 163  6 12 0600  -34.6  972.3    3.9  195.0   68.9  444.0
2018 163  6 12 0900  -30.9  973.3    6.8  170.0   68.0  444.0
2018 163  6 12 1200  -33.5  975.1    4.1  197.0   67.0  444.0
2018 163  6 12 1500  -35.7  976.5    3.5  186.0   70.0  444.0
2018 163  6 12 1800  -39.7  977.6    3.9  209.0   69.0  444.0
2018 163  6 12 2100  -38.8  979.0    4.4  204.0   69.0  444.0
2018 164  6 13 0000  -37.6  980.5    4.1  185.0   69.0  444.0
2018 164  6 13 0300  -36.6  981.1    6.4  180.0   68.5  444.0
2018 164  6 13 0600  -38.5  983.3    5.3  164.0   68.0  444.0
2018 164  6 13 0900  -36.3  985.1    8.1  153.0   70.0  444.0
2018 164  6 13 1200  -36.8  988.3    4.8  139.0   70.0  444.0
2018 164  6 13 1500  -38.0  989.8    5.8  170.0   69.0  444.0
2018 164  6 13 1800  -40.0  990.5    4.6  183.0   68.0  444.0
2018 164  6 13 2100  -41.0  990.0    5.2  195.0   68.0  444.0
2018 165  6 14 0000  -37.5  989.8    7.7  182.0   68.0  444.0
2018 165  6 14 0300  -37.6  988.6    6.4  202.0   63.0  444.0
2018 165  6 14 0600  -37.2  987.6    5.6  206.0   63.0  444.0
2018 165  6 14 0900  -39.0  986.4    6.1  213.0   63.0  444.0
2018 165  6 14 1200  -37.3  985.5    4.8  209.0   64.0  444.0
2018 165  6 14 1500  -40.3  985.0    4.7  186.0   68.2  444.0
2018 165  6 14 1800  -41.3  985.2    4.6  147.0   67.0  444.0
2018 165  6 14 2100  -42.2  985.4    3.6  172.0   67.0  444.0
2018 166  6 15 0000  -41.9  985.6    4.5  190.0   67.0  444.0
2018 166  6 15 0300  -40.4  985.3    4.7  188.0   68.0  444.0
2018 166  6 15 0600  -38.9  985.9    5.1  149.0   69.0  444.0
2018 166  6 15 0900  -36.2  986.3    5.7  168.0   70.1  444.0
2018 166  6 15 1200  -33.5  986.7    4.5  166.0   71.0  444.0
2018 166  6 15 1500  -29.6  986.5    6.9  162.0   74.0  444.0
2018 166  6 15 1800  -32.2  986.9    6.4  181.0   72.7  444.0
2018 166  6 15 2100  -27.7  986.6    7.7  170.0   73.0  444.0
2018 167  6 16 0000  -24.7  986.4   10.6  155.0   76.9  444.0
2018 167  6 16 0300  -28.4  987.0    9.8  130.0   75.0  444.0
2018 167  6 16 0600  -30.9  989.3    3.4  147.0   73.0  444.0
2018 167  6 16 0900  -27.9  989.6    5.8  140.0   74.0  444.0
2018 167  6 16 1200  -26.7  989.6    9.4  146.0   76.0  444.0
2018 167  6 16 1500  -27.4  989.5   10.3  141.0   74.0  444.0
2018 167  6 16 1800  -30.2  989.9    7.4  143.0   69.0  444.0
2018 167  6 16 2100  -34.8  990.5    4.1  167.0   69.0  444.0
2018 168  6 17 0000  -33.8  991.2    6.1  154.0   68.0  444.0
2018 168  6 17 0300  -31.6  991.2    7.9  147.0   67.0  444.0
2018 168  6 17 0600  -32.4  991.3    7.3  154.0   68.4  444.0
2018 168  6 17 0900  -34.0  991.8    6.3  153.0   69.0  444.0
2018 168  6 17 1200  -34.1  992.2    6.8  155.0   70.0  444.0
2018 168  6 17 1500  -34.4  992.2    4.9  176.0   71.0  444.0
2018 168  6 17 1800  -32.6  990.8    5.4  170.0   73.0  444.0
2018 168  6 17 2100  -28.0  988.8    5.2  169.0   75.9  444.0
2018 169  6 18 0000  -18.7  987.1   12.8  154.0   79.0  444.0
2018 169  6 18 0300  -19.6  985.8   12.8  142.0   71.2  444.0
2018 169  6 18 0600  -19.6  984.1   15.1  192.0   69.0  444.0
2018 169  6 18 0900  -18.8  983.5   15.7  157.0   77.1  444.0
2018 169  6 18 1200  -17.9  983.8   13.0  151.0   80.0  444.0
2018 169  6 18 1500  -17.2  983.2   14.5  151.0   82.0  444.0
2018 169  6 18 1800  -16.9  983.0   15.5  148.0   78.0  444.0
2018 169  6 18 2100  -17.0  983.6   14.1  149.0   77.0  444.0
2018 170  6 19 0000  -17.3  983.7   12.5  154.0   82.0  444.0
2018 170  6 19 0300  -17.7  983.2   13.4  150.0   82.0  444.0
2018 170  6 19 0600  -17.6  982.6   14.6  143.0   74.0  444.0
2018 170  6 19 0900  -18.2  983.3   11.8  150.0   72.0  444.0
2018 170  6 19 1200  -17.9  983.9   11.6  157.0   78.0  444.0
2018 170  6 19 1500  -19.0  984.8    7.7  161.0   78.0  444.0
2018 170  6 19 1800  -20.3  984.9    7.1  159.0   80.0  444.0
2018 170  6 19 2100  -24.5  986.4    5.6  153.0   79.0  444.0
2018 171  6 20 0000  -35.9  989.6    7.0  145.0   71.0  444.0
2018 171  6 20 0300  -37.8  992.5    3.3  157.0   70.0  444.0
2018 171  6 20 0600  -36.6  993.4    3.7  174.0   72.0  444.0
2018 171  6 20 0900  -40.2  994.7    6.1  123.0   69.0  444.0
2018 171  6 20 1200  -31.4  996.0    4.3  127.0   74.0  444.0
2018 171  6 20 1500  -25.0  995.2    4.3  165.0   79.0  444.0
2018 171  6 20 1800  -29.7  992.9    4.6  190.0   75.0  444.0
2018 171  6 20 2100  -28.2  991.3    5.1  186.0   76.0  444.0
2018 172  6 21 0000  -23.9  989.5    8.7  155.0   80.0  444.0
2018 172  6 21 0300  -24.9  988.3    5.9  169.0   79.0  444.0
2018 172  6 21 0600  -23.6  986.2    8.7  173.0   78.8  444.0
2018 172  6 21 0900  -23.8  984.2    9.1  164.0   76.0  444.0
2018 172  6 21 1200  -25.1  982.8    9.6  145.0   76.2  444.0
2018 172  6 21 1500  -28.3  982.8    7.1  136.0   74.0  444.0
2018 172  6 21 1800  -32.5  983.8    7.1  127.0   73.3  444.0
2018 172  6 21 2100  -36.2  986.4    5.6  117.0   71.1  444.0
2018 173  6 22 0000  -36.3  988.3    3.4  108.0   71.0  444.0
2018 173  6 22 0300  -37.8  989.9    2.0  118.0   70.0  444.0
2018 173  6 22 0600  -39.2  992.0    2.1  123.0   69.0  444.0
2018 173  6 22 0900  -39.3  993.5    0.5  355.0   71.5  444.0
2018 173  6 22 1200  -39.9  994.3    1.7  317.0   67.0  444.0
2018 173  6 22 1500  -38.2  996.0    1.5   97.0   70.2  444.0
2018 173  6 22 1800  -41.1  996.6    2.2  182.0   68.0  444.0
2018 173  6 22 2100  -41.0  997.5    2.7  177.0   68.0  444.0
2018 174  6 23 0000  -41.0  997.5    1.1  187.0   68.0  444.0
2018 174  6 23 0300  -39.8  997.3    2.8  218.0   69.0  444.0
2018 174  6 23 0600  -38.0  997.2    1.9  248.0   70.0  444.0
2018 174  6 23 0900  -36.6  997.2    3.2  209.0   70.0  444.0
2018 174  6 23 1200  -35.1  997.0    1.4  230.0   71.0  444.0
2018 174  6 23 1500  -35.3  996.9    2.4  207.0   71.0  444.0
2018 174  6 23 1800  -34.1  996.5    2.9  208.0   71.8  444.0
2018 174  6 23 2100  -32.5  996.1    2.7  197.0   72.0  444.0
2018 175  6 24 0000  -32.1  996.0    2.8  209.0   72.9  444.0
2018 175  6 24 0300  -31.4  995.5    2.7  199.0   73.2  444.0
2018 175  6 24 0600  -33.3  994.8    2.7  204.0   72.3  444.0
2018 175  6 24 0900  -33.3  994.3    2.3  206.0   72.0  444.0
2018 175  6 24 1200  -33.9  993.5    2.2  202.0   71.0  444.0
2018 175  6 24 1500  -30.1  992.3    1.3  202.0   73.0  444.0
2018 175  6 24 1800  -32.6  990.9    1.8  247.0   72.0  444.0
2018 175  6 24 2100  -31.9  990.2    1.3  250.0   73.0  444.0
2018 176  6 25 0000  -31.7  989.4    2.2  338.0   73.0  444.0
2018 176  6 25 0300  -35.8  988.6    1.8    5.0   71.0  444.0
2018 176  6 25 0600  -36.5  987.9    1.8  324.0   70.0  444.0
2018 176  6 25 0900  -35.8  988.6    2.0  326.0   71.0  444.0
2018 176  6 25 1200  -35.7  989.8    1.9   43.0   71.0  444.0
2018 176  6 25 1500  -33.8  990.8    2.9    1.0   72.0  444.0
2018 176  6 25 1800  -31.2  993.0    1.6    7.0   74.0  444.0
2018 176  6 25 2100  -30.2  995.5    1.7   18.0   74.0  444.0
2018 177  6 26 0000  -29.4  998.3    1.9  359.0   74.4  444.0
2018 177  6 26 0300  -29.0 1000.1    0.3   47.0   75.0  444.0
2018 177  6 26 0600  -30.4 1001.9    1.4  138.0   74.4  444.0
2018 177  6 26 0900  -30.0 1004.0    2.3   99.0   75.0  444.0
2018 177  6 26 1200  -29.1 1005.3    4.5  129.0   75.0  444.0
2018 177  6 26 1500  -30.4 1005.7    5.5  134.0   74.0  444.0
2018 177  6 26 1800  -30.1 1005.2    6.0  120.0   75.0  444.0
2018 177  6 26 2100  -29.3 1004.8    6.1  142.0   75.0  444.0
2018 178  6 27 0000  -28.4 1004.1    6.5  123.0   74.0  444.0
2018 178  6 27 0300  -29.8 1002.9    6.4  146.0   72.6  444.0
2018 178  6 27 0600  -29.8 1001.7    5.4  140.0   72.0  444.0
2018 178  6 27 0900  -30.6 1000.8    4.1  147.0   71.0  444.0
2018 178  6 27 1200  -32.6 1000.0    4.7  156.0   71.0  444.0
2018 178  6 27 1500  -33.5  998.6    5.2  160.0   70.0  444.0
2018 178  6 27 1800  -32.4  997.7    4.8  147.0   70.0  444.0
2018 178  6 27 2100  -31.7  997.0    3.8  164.0   70.1  444.0
2018 179  6 28 0000  -31.1  995.9    4.4  149.0   70.7  444.0
2018 179  6 28 0300  -32.5  995.2    6.0  147.0   70.0  444.0
2018 179  6 28 0600  -33.1  994.6    4.6  144.0   70.4  444.0
2018 179  6 28 0900  -32.6  994.2    4.8  140.0   70.0  444.0
2018 179  6 28 1200  -33.3  993.5    4.0  142.0   70.8  444.0
2018 179  6 28 1500  -33.2  993.1    5.5  148.0   70.0  444.0
2018 179  6 28 1800  -34.2  992.4    5.1  144.0   70.0  444.0
2018 179  6 28 2100  -35.2  991.9    5.5  140.0   70.0  444.0
2018 180  6 29 0000  -36.3  991.7    6.0  132.0   69.4  444.0
2018 180  6 29 0300  -34.0  991.7    6.3  126.0   71.0  444.0
2018 180  6 29 0600  -33.2  991.7    5.8  129.0   71.0  444.0
2018 180  6 29 0900  -33.4  991.9    6.9  137.0   70.0  444.0
2018 180  6 29 1200  -33.4  991.9    6.1  142.0   69.3  444.0
2018 180  6 29 1500  -33.5  991.6    5.6  137.0   69.0  444.0
2018 180  6 29 1800  -33.0  991.4    6.8  139.0   71.0  444.0
2018 180  6 29 2100  -32.8  991.4    6.5  150.0   71.0  444.0
2018 181  6 30 0000  -34.2  991.5    7.4  134.0   69.0  444.0
2018 181  6 30 0300  -36.0  991.8    6.0  141.0   70.3  444.0
2018 181  6 30 0600  -34.8  992.1    6.8  141.0   71.0  444.0
2018 181  6 30 0900  -34.2  992.6    6.7  144.0   71.0  444.0
2018 181  6 30 1200  -34.1  992.7    3.9  138.0   72.0  444.0
2018 181  6 30 1500  -35.0  991.8    5.7  142.0   70.7  444.0
2018 181  6 30 1800  -36.3  991.1    4.0  131.0   70.0  444.0
2018 181  6 30 2100  -35.5  990.0    4.9  149.0   70.0  444.0
