Year: 2018  Month: 01  ID: LET  ARGOS:  8928  Name: Lettau              
Lat: 82.49S  Lon: 174.58W  Elev:   39m
2018   1  1  1 0000   -5.4  980.1    6.6  172.0   77.3  444.0
2018   1  1  1 0300   -5.8  980.2    6.0  145.0   80.0  444.0
2018   1  1  1 0600   -7.8  980.3    2.9  163.0   84.0  444.0
2018   1  1  1 0900   -8.8  980.6    2.5  182.0   85.0  444.0
2018   1  1  1 1200  -10.0  980.1    3.4  196.0   84.0  444.0
2018   1  1  1 1500   -9.3  979.9    4.6  182.0   82.0  444.0
2018   1  1  1 1800   -8.8  980.2    4.4  192.0   82.0  444.0
2018   1  1  1 2100   -6.8  980.9    4.0  193.0   80.2  444.0
2018   2  1  2 0000   -4.3  981.0    4.4  181.0   76.0  444.0
2018   2  1  2 0300   -4.2  980.8    5.0  162.0   81.0  444.0
2018   2  1  2 0600   -4.8  981.3    4.0  168.0   85.0  444.0
2018   2  1  2 0900   -7.5  982.4    5.8  145.0   87.8  444.0
2018   2  1  2 1200  -10.3  983.7    3.8  169.0   85.0  444.0
2018   2  1  2 1500  -11.1  985.0    7.0  117.0   94.0  444.0
2018   2  1  2 1800  -11.3  987.2    5.0  101.0   88.4  444.0
2018   2  1  2 2100  -10.5  989.0    3.9  117.0   84.0  444.0
2018   3  1  3 0000   -9.4  989.8    2.6  179.0   86.2  444.0
2018   3  1  3 0300   -7.7  990.2    3.8  182.0   83.0  444.0
2018   3  1  3 0600   -8.1  990.2    2.7  188.0   85.0  444.0
2018   3  1  3 0900   -9.6  990.1    2.8  212.0   86.0  444.0
2018   3  1  3 1200  -11.8  990.1    2.5  215.0   81.7  444.0
2018   3  1  3 1500  -12.6  989.2    1.4  242.0   78.0  444.0
2018   3  1  3 1800  -11.7  988.2    1.6  265.0   87.0  444.0
2018   3  1  3 2100   -8.5  987.5    2.4  238.0   86.0  444.0
2018   4  1  4 0000   -6.3  986.3    2.6  222.0   81.0  444.0
2018   4  1  4 0300   -5.1  984.7    2.0  217.0   83.5  444.0
2018   4  1  4 0600   -6.0  983.5    2.1  214.0   84.0  444.0
2018   4  1  4 0900   -7.9  982.7    2.6  213.0   86.0  444.0
2018   4  1  4 1200   -9.4  982.4    2.4  238.0   80.0  444.0
2018   4  1  4 1500   -9.4  982.3    1.8  241.0   81.0  444.0
2018   4  1  4 1800   -9.8  982.3    1.7  255.0   82.0  444.0
2018   4  1  4 2100   -7.1  983.1    2.0  238.0   78.0  444.0
2018   5  1  5 0000   -4.9  984.5    2.4  213.0   81.0  444.0
2018   5  1  5 0300   -3.9  984.9    3.1  205.0   82.0  444.0
2018   5  1  5 0600   -4.4  985.7    2.9  188.0   82.4  444.0
2018   5  1  5 0900   -6.7  986.5    2.4  195.0   87.0  444.0
2018   5  1  5 1200   -8.8  986.9    2.6  193.0   85.0  444.0
2018   5  1  5 1500   -7.3  986.8    2.8  193.0   84.0  444.0
2018   5  1  5 1800   -8.8  986.4    2.6  190.0   83.2  444.0
2018   5  1  5 2100   -6.4  986.2    2.6  178.0   83.0  444.0
2018   6  1  6 0000   -6.0  986.0    3.8  132.0   84.0  444.0
2018   6  1  6 0300   -8.0  985.4    3.9  130.0   96.0  444.0
2018   6  1  6 0600   -7.6  984.9    4.2  119.0   93.2  444.0
2018   6  1  6 0900   -7.5  984.5    4.3  136.0   93.0  444.0
2018   6  1  6 1200   -7.5  983.7    5.4  137.0   90.6  444.0
2018   6  1  6 1500   -7.5  982.6    5.5  171.0   93.0  444.0
2018   6  1  6 1800   -7.7  982.0    4.1  160.0   88.0  444.0
2018   6  1  6 2100   -7.1  981.5    4.5  169.0   82.0  444.0
2018   7  1  7 0000   -5.8  981.5    3.8  184.0   84.0  444.0
2018   7  1  7 0300   -4.4  981.3    3.9  190.0   85.0  444.0
2018   7  1  7 0600   -5.0  981.6    2.9  220.0   84.0  444.0
2018   7  1  7 0900   -6.0  982.0    3.9  235.0   86.2  444.0
2018   7  1  7 1200   -7.1  982.7    3.9  216.0   84.0  444.0
2018   7  1  7 1500   -8.4  983.5    4.1  258.0   83.0  444.0
2018   7  1  7 1800   -6.4  984.8    4.2  237.0   77.0  444.0
2018   7  1  7 2100   -4.7  986.6    3.7  226.0   81.0  444.0
2018   8  1  8 0000   -4.1  988.7    2.4  208.0   82.0  444.0
2018   8  1  8 0300   -4.0  990.6    2.0  198.0   84.0  444.0
2018   8  1  8 0600   -4.2  992.6    1.2  201.0   83.0  444.0
2018   8  1  8 0900   -8.0  994.4    2.0   91.0   88.0  444.0
2018   8  1  8 1200   -7.3  996.2    1.6  147.0   98.0  444.0
2018   8  1  8 1500   -7.1  997.2    2.3  170.0   97.0  444.0
2018   8  1  8 1800   -6.8  998.2    2.1  158.0   93.8  444.0
2018   8  1  8 2100   -7.3  998.9    2.5  171.0   93.0  444.0
2018   9  1  9 0000   -5.9  999.2    1.4  174.0   92.0  444.0
2018   9  1  9 0300   -6.4  998.7    3.5  145.0   93.0  444.0
2018   9  1  9 0600   -6.8  998.7    3.0  150.0   94.0  444.0
2018   9  1  9 0900   -7.1  997.9    4.3  157.0   94.0  444.0
2018   9  1  9 1200   -7.4  997.1    3.7  152.0   95.0  444.0
2018   9  1  9 1500   -7.9  995.9    4.7  162.0   93.0  444.0
2018   9  1  9 1800   -8.1  995.0    3.7  158.0   93.0  444.0
2018   9  1  9 2100   -8.7  993.8    5.7  137.0   90.6  444.0
2018  10  1 10 0000   -8.3  992.7    4.2  146.0   87.0  444.0
2018  10  1 10 0300   -7.6  990.8    4.4  138.0   90.0  444.0
2018  10  1 10 0600   -8.2  989.6    4.2  157.0   92.0  444.0
2018  10  1 10 0900   -8.9  988.4    4.2  138.0   91.5  444.0
2018  10  1 10 1200   -8.5  986.7    3.4  135.0   91.3  444.0
2018  10  1 10 1500   -8.1  985.1    2.5  223.0   91.0  444.0
2018  10  1 10 1800   -7.8  983.7    3.8  161.0   91.2  444.0
2018  10  1 10 2100   -7.7  982.6    3.6  160.0   89.0  444.0
2018  11  1 11 0000   -7.4  981.8    2.9  138.0   87.6  444.0
2018  11  1 11 0300   -8.8  980.8    3.7  136.0   92.0  444.0
2018  11  1 11 0600   -8.8  980.2    3.1  150.0   91.0  444.0
2018  11  1 11 0900   -8.2  980.1    1.8  131.0   92.0  444.0
2018  11  1 11 1200   -7.9  979.9    1.3  149.0   90.4  444.0
2018  11  1 11 1500   -8.8  979.9    1.5  178.0   87.8  444.0
2018  11  1 11 1800   -8.3  980.0    1.1  230.0   96.0  444.0
2018  11  1 11 2100   -6.1  980.2    1.8  186.0   84.0  444.0
2018  12  1 12 0000   -6.5  980.5    2.3  160.0   88.0  444.0
2018  12  1 12 0300   -6.5  980.8    4.3  147.0   87.8  444.0
2018  12  1 12 0600   -7.0  981.3    4.3  136.0   89.0  444.0
2018  12  1 12 0900   -9.0  982.3    4.8  136.0   97.0  444.0
2018  12  1 12 1200   -8.8  982.8    1.8  110.0   97.7  444.0
2018  12  1 12 1500   -8.3  983.0    0.7  354.0   96.0  444.0
2018  12  1 12 1800   -7.4  983.2    2.3  302.0   94.0  444.0
2018  12  1 12 2100   -7.4  983.6    1.7  192.0   89.0  444.0
2018  13  1 13 0000   -6.2  984.3    1.1  160.0   85.8  444.0
2018  13  1 13 0300   -6.5  985.1    2.0   58.0   88.0  444.0
2018  13  1 13 0600   -7.2  986.3    5.4  135.0   88.0  444.0
2018  13  1 13 0900   -8.4  987.3    3.0  126.0   93.0  444.0
2018  13  1 13 1200   -8.4  988.5    3.7  120.0   94.0  444.0
2018  13  1 13 1500   -8.0  989.1    0.9   96.0   92.6  444.0
2018  13  1 13 1800   -7.6  989.2    1.0  262.0   90.0  444.0
2018  13  1 13 2100   -6.9  989.5    2.2  262.0   89.0  444.0
2018  14  1 14 0000   -5.7  989.0    0.4  303.0   79.0  444.0
2018  14  1 14 0300   -6.2  987.9    2.7  279.0   86.4  444.0
2018  14  1 14 0600   -6.4  986.6    2.1  318.0   87.0  444.0
2018  14  1 14 0900   -6.9  985.7    2.5  330.0   87.0  444.0
2018  14  1 14 1200   -7.6  984.4    2.0  323.0   92.0  444.0
2018  14  1 14 1500   -7.6  983.0    2.6  327.0   89.0  444.0
2018  14  1 14 1800   -7.9  981.8    3.7  324.0   89.4  444.0
2018  14  1 14 2100   -7.1  980.9    3.4  304.0   90.0  444.0
2018  15  1 15 0000   -6.8  980.0    2.4  187.0   88.0  444.0
2018  15  1 15 0300   -7.4  978.9    4.5  178.0   87.0  444.0
2018  15  1 15 0600   -7.3  977.7    2.8  154.0   88.8  444.0
2018  15  1 15 0900   -7.1  976.8    1.4  218.0   88.0  444.0
2018  15  1 15 1200   -7.2  976.0    2.9  215.0   95.0  444.0
2018  15  1 15 1500   -7.8  974.6    4.6  222.0   97.0  444.0
2018  15  1 15 1800   -8.3  973.6    3.5  225.0   94.0  444.0
2018  15  1 15 2100   -8.5  973.2    4.2  264.0   89.5  444.0
2018  16  1 16 0000   -8.8  972.7    4.0  268.0   83.9  444.0
2018  16  1 16 0300   -8.4  972.3    1.6  254.0   80.0  444.0
2018  16  1 16 0600   -8.3  972.0    1.7  178.0   88.0  444.0
2018  16  1 16 0900   -8.4  972.2    2.3  168.0   87.2  444.0
2018  16  1 16 1200   -8.9  972.8    3.0  178.0   88.0  444.0
2018  16  1 16 1500   -9.2  973.0    4.6  188.0   94.0  444.0
2018  16  1 16 1800   -9.3  973.4    6.2  179.0   93.0  444.0
2018  16  1 16 2100  -10.3  973.8    4.4  172.0   89.0  444.0
2018  17  1 17 0000   -8.8  973.8    5.2  204.0   83.0  444.0
2018  17  1 17 0300   -7.9  972.4    2.9  219.0   84.0  444.0
2018  17  1 17 0600   -7.7  972.1    3.3  105.0   86.9  444.0
2018  17  1 17 0900   -8.1  972.5    2.8  155.0   86.0  444.0
2018  17  1 17 1200  -11.3  972.2    3.4  184.0   88.0  444.0
2018  17  1 17 1500  -11.9  971.5    2.0  189.0   83.0  444.0
2018  17  1 17 1800  -10.6  971.1    2.2  182.0   93.0  444.0
2018  17  1 17 2100  444.0  970.8    0.0    0.0   83.0  444.0
2018  18  1 18 0000   -9.3  970.6    0.7    5.0   83.0  444.0
2018  18  1 18 0300   -8.7  970.4    0.7  115.0   80.0  444.0
2018  18  1 18 0600   -9.1  970.7    2.7  126.0   89.0  444.0
2018  18  1 18 0900  -10.1  970.6    4.3  182.0   94.9  444.0
2018  18  1 18 1200   -9.0  970.2    3.1  198.0   91.0  444.0
2018  18  1 18 1500  -10.8  969.7    3.4  169.0   87.0  444.0
2018  18  1 18 1800  -10.4  969.6    5.6  147.0   86.0  444.0
2018  18  1 18 2100   -8.1  970.5    7.9  117.0   85.0  444.0
2018  19  1 19 0000   -8.9  971.5    5.2  148.0   92.0  444.0
2018  19  1 19 0300   -7.5  971.1    4.0  164.0   83.0  444.0
2018  19  1 19 0600   -8.1  970.8    4.4  159.0   84.0  444.0
2018  19  1 19 0900   -9.3  970.4    5.1  165.0   84.2  444.0
2018  19  1 19 1200   -9.8  969.3    5.1  174.0   80.0  444.0
2018  19  1 19 1500   -9.7  968.6    6.1  164.0   81.0  444.0
2018  19  1 19 1800   -9.7  968.2    6.2  169.0   81.0  444.0
2018  19  1 19 2100   -7.9  967.5    7.8  156.0   80.0  444.0
2018  20  1 20 0000   -6.3  966.6    6.9  179.0   84.4  444.0
2018  20  1 20 0300   -3.8  965.8    7.8  156.0   86.0  444.0
2018  20  1 20 0600   -4.1  964.8    9.7  149.0   90.0  444.0
2018  20  1 20 0900   -2.7  963.8    9.8  153.0   94.0  444.0
2018  20  1 20 1200   -3.3  963.7    6.5  130.0   97.7  444.0
2018  20  1 20 1500   -6.1  966.3    8.0  128.0   99.4  444.0
2018  20  1 20 1800   -8.6  969.1    6.4   90.0   90.0  444.0
2018  20  1 20 2100  -12.5  971.7    5.3  108.0   80.0  444.0
2018  21  1 21 0000  -11.0  972.7    3.3  152.0   79.0  444.0
2018  21  1 21 0300   -9.5  971.7    2.6  202.0   85.1  444.0
2018  21  1 21 0600   -5.6  970.3    2.4  232.0   90.0  444.0
2018  21  1 21 0900   -3.3  970.5    4.2  137.0   99.0  444.0
2018  21  1 21 1200   -8.1  971.5    3.0  110.0   93.0  444.0
2018  21  1 21 1500   -6.7  972.5    1.6  114.0   93.5  444.0
2018  21  1 21 1800   -8.3  973.8    3.0   16.0   89.0  444.0
2018  21  1 21 2100   -9.8  976.1    3.2   29.0   84.0  444.0
2018  22  1 22 0000   -9.1  977.8    2.1   53.0   78.0  444.0
2018  22  1 22 0300   -9.1  979.0    3.3  131.0   82.0  444.0
2018  22  1 22 0600   -8.5  980.0    2.8  141.0   85.0  444.0
2018  22  1 22 0900  -11.4  980.6    2.9  177.0   89.0  444.0
2018  22  1 22 1200  -11.3  980.9    2.2  178.0   89.0  444.0
2018  22  1 22 1500  -10.5  981.0    1.1  214.0   91.0  444.0
2018  22  1 22 1800  -10.6  981.2    1.4  234.0   82.4  444.0
2018  22  1 22 2100   -8.7  981.6    1.2  181.0   87.0  444.0
2018  23  1 23 0000   -8.1  982.1    1.0  142.0   92.0  444.0
2018  23  1 23 0300   -6.3  981.9    1.2  175.0   92.0  444.0
2018  23  1 23 0600   -6.1  982.0    2.7  186.0  100.0  444.0
2018  23  1 23 0900   -8.8  981.8    2.0  244.0   92.0  444.0
2018  23  1 23 1200  -11.4  981.9    0.6  243.0   90.0  444.0
2018  23  1 23 1500  -10.9  981.5    0.8  200.0   83.9  444.0
2018  23  1 23 1800   -9.4  981.2    1.1  201.0   79.0  444.0
2018  23  1 23 2100   -9.1  981.1    1.4  158.0   92.0  444.0
2018  24  1 24 0000   -9.0  981.0    2.8  153.0   92.0  444.0
2018  24  1 24 0300   -6.5  980.2    1.5  168.0   89.9  444.0
2018  24  1 24 0600   -7.9  979.9    2.2  145.0   90.0  444.0
2018  24  1 24 0900   -9.4  980.0    2.6  166.0   90.3  444.0
2018  24  1 24 1200  -10.7  980.2    2.8  157.0   89.0  444.0
2018  24  1 24 1500  -10.4  980.1    1.8  176.0   91.0  444.0
2018  24  1 24 1800   -9.6  980.7    2.0  175.0   85.0  444.0
2018  24  1 24 2100   -8.3  981.5    2.1  148.0   85.0  444.0
2018  25  1 25 0000   -7.5  982.4    3.2  124.0   84.0  444.0
2018  25  1 25 0300   -7.4  982.8    2.3  140.0   87.0  444.0
2018  25  1 25 0600   -7.2  983.5    1.4  133.0   86.8  444.0
2018  25  1 25 0900  -10.9  984.4    2.7  170.0   90.0  444.0
2018  25  1 25 1200  -12.7  985.4    2.4  182.0   86.0  444.0
2018  25  1 25 1500  -11.5  985.9    2.2  182.0   88.0  444.0
2018  25  1 25 1800  -12.4  986.7    2.0  218.0   81.0  444.0
2018  25  1 25 2100  -10.6  987.1    3.1  191.0   81.1  444.0
2018  26  1 26 0000   -9.0  987.3    3.2  192.0   82.0  444.0
2018  26  1 26 0300   -8.1  987.0    3.8  166.0   78.8  444.0
2018  26  1 26 0600   -9.5  986.9    2.6  198.0   83.0  444.0
2018  26  1 26 0900  -11.3  986.5    3.3  190.0   82.4  444.0
2018  26  1 26 1200  -13.7  986.5    2.6  211.0   78.0  444.0
2018  26  1 26 1500  -13.7  985.7    2.1  249.0   73.0  444.0
2018  26  1 26 1800  -12.0  985.9    1.3  309.0   72.0  444.0
2018  26  1 26 2100  -10.3  985.9    1.9  252.0   71.0  444.0
2018  27  1 27 0000   -7.3  986.2    2.1  250.0   71.4  444.0
2018  27  1 27 0300   -8.0  986.1    2.5  273.0   83.0  444.0
2018  27  1 27 0600   -8.1  985.9    2.5  298.0   78.0  444.0
2018  27  1 27 0900  -11.6  986.2    3.0  238.0   81.0  444.0
2018  27  1 27 1200  -14.0  987.3    2.1  198.0   80.1  444.0
2018  27  1 27 1500   -9.9  988.1    2.7  181.0   73.0  444.0
2018  27  1 27 1800   -9.4  988.9    2.5  226.0   78.0  444.0
2018  27  1 27 2100  -10.1  989.6    2.6  234.0   74.8  444.0
2018  28  1 28 0000   -8.1  990.4    1.9  218.0   75.0  444.0
2018  28  1 28 0300   -8.1  990.7    2.4  235.0   75.0  444.0
2018  28  1 28 0600   -9.3  991.1    2.8  226.0   79.0  444.0
2018  28  1 28 0900  -11.2  991.4    2.9  240.0   78.0  444.0
2018  28  1 28 1200  -15.0  991.8    1.7  221.0   80.0  444.0
2018  28  1 28 1500  -14.2  991.5    2.6  223.0   77.0  444.0
2018  28  1 28 1800  -12.8  991.2    3.5  216.0   76.0  444.0
2018  28  1 28 2100   -9.9  991.0    3.5  196.0   74.0  444.0
2018  29  1 29 0000   -9.1  990.7    2.3  190.0   77.7  444.0
2018  29  1 29 0300   -9.6  989.3    2.6  230.0   76.4  444.0
2018  29  1 29 0600  -10.2  988.2    2.7  195.0   79.0  444.0
2018  29  1 29 0900  -10.8  987.4    1.4  164.0   80.0  444.0
2018  29  1 29 1200  -15.9  986.9    2.1   20.0   83.0  444.0
2018  29  1 29 1500  -16.9  985.8    2.6  357.0   80.0  444.0
2018  29  1 29 1800  -16.1  984.8    2.7  331.0   79.0  444.0
2018  29  1 29 2100  -13.2  984.3    3.9  316.0   81.0  444.0
2018  30  1 30 0000  -11.1  983.6    4.0  305.0   82.0  444.0
2018  30  1 30 0300   -9.8  982.6    1.2  288.0   80.7  444.0
2018  30  1 30 0600  -10.5  982.4    0.1   98.0   77.0  444.0
2018  30  1 30 0900  -14.4  982.2    1.9  244.0   89.0  444.0
2018  30  1 30 1200  -16.7  982.6    1.4  201.0   83.0  444.0
2018  30  1 30 1500  -17.2  982.8    2.1  194.0   78.0  444.0
2018  30  1 30 1800  -16.6  983.3    2.0  241.0   76.0  444.0
2018  30  1 30 2100  -13.8  983.9    4.1  234.0   78.2  444.0
2018  31  1 31 0000  -12.1  984.0    4.0  226.0   76.0  444.0
2018  31  1 31 0300   -9.5  983.7    7.1  187.0   75.0  444.0
2018  31  1 31 0600  -12.0  984.5    3.8  212.0   81.0  444.0
2018  31  1 31 0900  -13.6  984.6    4.4  204.0   79.9  444.0
2018  31  1 31 1200  -14.3  985.3    3.8  197.0   85.0  444.0
2018  31  1 31 1500  -13.2  985.1    4.3  214.0   85.3  444.0
2018  31  1 31 1800  -10.7  985.2    6.4  166.0   82.0  444.0
2018  31  1 31 2100  -11.3  986.0    8.1  163.0   84.0  444.0
