Year: 2018  Month: 08  ID: LET  ARGOS:  8928  Name: Lettau              
Lat: 82.49S  Lon: 174.58W  Elev:   39m
2018 213  8  1 0000  -48.8 1000.7    1.8  232.0   63.1  444.0
2018 213  8  1 0300  -46.8 1000.1    2.4  200.0   63.0  444.0
2018 213  8  1 0600  -46.5  998.9    0.7  269.0   63.0  444.0
2018 213  8  1 0900  -49.4  998.6    0.7  305.0   61.9  444.0
2018 213  8  1 1200  -51.7  998.3    1.5  305.0   62.0  444.0
2018 213  8  1 1500  -52.7  999.1    2.5  160.0   61.2  444.0
2018 213  8  1 1800  -53.3  999.9    3.9  126.0   61.0  444.0
2018 213  8  1 2100  -54.0 1000.9    2.2  152.0   61.0  444.0
2018 214  8  2 0000  -54.1 1000.5    2.6  172.0   60.0  444.0
2018 214  8  2 0300  -54.7 1000.1    1.3  185.0   60.1  444.0
2018 214  8  2 0600  -54.6  999.7    1.6  221.0   60.0  444.0
2018 214  8  2 0900  -54.4  999.2    0.0  144.0   60.0  444.0
2018 214  8  2 1200  -56.5  998.6    1.4  282.0   59.0  444.0
2018 214  8  2 1500  -55.8  997.9    1.0  309.0   59.0  444.0
2018 214  8  2 1800  -55.8  998.0    2.7  345.0   59.4  444.0
2018 214  8  2 2100  -54.9  999.2    3.1  351.0   60.0  444.0
2018 215  8  3 0000  -55.5 1001.1    1.0  360.0   60.0  444.0
2018 215  8  3 0300  -56.0 1003.0    1.9   18.0   59.0  444.0
2018 215  8  3 0600  -56.6 1004.3    0.1   23.0   59.0  444.0
2018 215  8  3 0900  -57.0 1006.0    0.6   43.0   59.0  444.0
2018 215  8  3 1200  -56.8 1007.0  444.0  444.0   58.3  444.0
2018 215  8  3 1500  -57.7 1007.1    0.0    0.0   58.0  444.0
2018 215  8  3 1800  -57.4 1007.0  444.0  444.0   58.0  444.0
2018 215  8  3 2100  -57.5 1005.7    2.2  307.0   58.2  444.0
2018 216  8  4 0000  -56.7 1004.6    2.0  328.0   58.8  444.0
2018 216  8  4 0300  -56.5 1003.3    2.1  332.0   59.0  444.0
2018 216  8  4 0600  -54.7 1002.2    2.9  309.0   59.7  444.0
2018 216  8  4 0900  -54.5 1002.2    2.7  359.0   60.0  444.0
2018 216  8  4 1200  -54.9 1000.8    0.9  292.0   60.0  444.0
2018 216  8  4 1500  -55.2  999.0    2.8  286.0   59.4  444.0
2018 216  8  4 1800  -55.4  996.3    2.0  261.0   59.0  444.0
2018 216  8  4 2100  -55.8  993.8    1.7  231.0   59.2  444.0
2018 217  8  5 0000  -55.0  992.8    1.0  219.0   59.0  444.0
2018 217  8  5 0300  -54.2  990.6    3.8  209.0   59.8  444.0
2018 217  8  5 0600  -53.1  987.7    2.3  216.0   60.0  444.0
2018 217  8  5 0900  -52.1  986.0    2.6  214.0   60.6  444.0
2018 217  8  5 1200  -50.4  984.6    3.4  220.0   62.0  444.0
2018 217  8  5 1500  -47.4  982.9    5.7  207.0   63.0  444.0
2018 217  8  5 1800  -45.7  981.4    5.2  187.0   63.7  444.0
2018 217  8  5 2100  -45.4  981.7    3.6  193.0   64.0  444.0
2018 218  8  6 0000  -43.8  981.1    4.5  182.0   65.0  444.0
2018 218  8  6 0300  -43.2  980.4    4.2  210.0   65.0  444.0
2018 218  8  6 0600  -43.2  978.7    4.6  221.0   65.0  444.0
2018 218  8  6 0900  -38.8  979.0    8.2  172.0   67.0  444.0
2018 218  8  6 1200  -44.2  980.7    6.5  148.0   65.0  444.0
2018 218  8  6 1500  -49.3  983.2    7.5  136.0   63.0  444.0
2018 218  8  6 1800  -49.8  984.1    3.5  185.0   62.0  444.0
2018 218  8  6 2100  -46.7  983.1    5.3  196.0   64.0  444.0
2018 219  8  7 0000  -45.0  982.3    5.3  183.0   64.5  444.0
2018 219  8  7 0300  -41.3  980.5    6.6  187.0   66.0  444.0
2018 219  8  7 0600  -37.1  978.4    7.3  192.0   69.0  444.0
2018 219  8  7 0900  -33.1  974.9    8.9  192.0   71.0  444.0
2018 219  8  7 1200  -28.4  972.5    6.5  167.0   75.0  444.0
2018 219  8  7 1500  -26.0  972.0    4.7  164.0   77.0  444.0
2018 219  8  7 1800  -24.3  972.6    4.5  151.0   78.4  444.0
2018 219  8  7 2100  -28.8  975.4    5.3   94.0   75.0  444.0
2018 220  8  8 0000  -42.6  982.8    8.8  103.0   68.0  444.0
2018 220  8  8 0300  -43.4  988.8    6.2  129.0   67.0  444.0
2018 220  8  8 0600  -40.6  990.4    5.0  139.0   68.1  444.0
2018 220  8  8 0900  -40.9  992.6    5.0  131.0   68.0  444.0
2018 220  8  8 1200  -41.7  994.8    4.8  105.0   68.0  444.0
2018 220  8  8 1500  -43.0  996.1    5.8  154.0   67.0  444.0
2018 220  8  8 1800  -44.8  996.4    1.0  117.0   66.0  444.0
2018 220  8  8 2100  -45.6  996.6    3.3  197.0   65.3  444.0
2018 221  8  9 0000  -42.5  996.4    0.7    6.0   67.0  444.0
2018 221  8  9 0300  -42.6  996.3    2.1    6.0   67.0  444.0
2018 221  8  9 0600  -44.7  996.6    1.4  247.0   65.0  444.0
2018 221  8  9 0900  -45.0  997.5    1.4   14.0   64.8  444.0
2018 221  8  9 1200  -47.2  997.4    2.3  351.0   64.0  444.0
2018 221  8  9 1500  -46.4  997.3    2.2  309.0   63.8  444.0
2018 221  8  9 1800  -47.1  997.2    1.6  178.0   64.0  444.0
2018 221  8  9 2100  -41.7  995.1    1.8  192.0   67.0  444.0
2018 222  8 10 0000  -36.9  993.2    2.9  196.0   70.0  444.0
2018 222  8 10 0300  -37.6  991.1    3.5  195.0   69.1  444.0
2018 222  8 10 0600  -34.1  988.2    4.9  196.0   71.0  444.0
2018 222  8 10 0900  -28.2  986.1    4.9  177.0   75.0  444.0
2018 222  8 10 1200  -25.6  984.1    7.7  146.0   77.4  444.0
2018 222  8 10 1500  -27.1  983.7    6.3  148.0   76.0  444.0
2018 222  8 10 1800  -27.7  983.9    6.9  147.0   76.2  444.0
2018 222  8 10 2100  -25.7  983.9    7.7  139.0   78.0  444.0
2018 223  8 11 0000  -26.4  984.8    7.6  134.0   77.3  444.0
2018 223  8 11 0300  -27.9  986.5    5.5  138.0   76.0  444.0
2018 223  8 11 0600  -29.0  987.3    4.7  146.0   76.0  444.0
2018 223  8 11 0900  -29.7  988.2    4.0  163.0   75.0  444.0
2018 223  8 11 1200  -33.0  987.8    4.7  170.0   73.0  444.0
2018 223  8 11 1500  -35.5  986.6    4.0  186.0   71.0  444.0
2018 223  8 11 1800  -37.2  985.2    4.0  196.0   70.0  444.0
2018 223  8 11 2100  -36.7  983.8    3.7  180.0   70.0  444.0
2018 224  8 12 0000  -37.0  983.2    2.8  187.0   70.0  444.0
2018 224  8 12 0300  -36.6  982.3    4.5  161.0   70.0  444.0
2018 224  8 12 0600  -35.0  981.9    6.2  144.0   71.0  444.0
2018 224  8 12 0900  -36.8  981.5    4.3  174.0   70.0  444.0
2018 224  8 12 1200  -35.2  980.7    4.3  174.0   71.0  444.0
2018 224  8 12 1500  -33.6  979.5    8.0  166.0   72.0  444.0
2018 224  8 12 1800  -32.1  978.9    7.8  169.0   73.0  444.0
2018 224  8 12 2100  -30.2  977.9    8.6  167.0   74.0  444.0
2018 225  8 13 0000  -31.0  977.3    6.5  196.0   73.8  444.0
2018 225  8 13 0300  -30.9  976.3    6.5  189.0   74.0  444.0
2018 225  8 13 0600  -25.4  974.8    8.1  160.0   78.0  444.0
2018 225  8 13 0900  -22.0  974.7    8.9  155.0   81.0  444.0
2018 225  8 13 1200  -24.1  975.1    7.0  166.0   79.0  444.0
2018 225  8 13 1500  -22.9  975.0    9.2  159.0   80.0  444.0
2018 225  8 13 1800  -21.5  974.3   10.2  165.0   82.0  444.0
2018 225  8 13 2100  -20.8  974.3   10.2  134.0   83.0  444.0
2018 226  8 14 0000  -32.2  977.6   13.9  116.0   73.0  444.0
2018 226  8 14 0300  -37.3  982.1    3.8  156.0   70.7  444.0
2018 226  8 14 0600  -37.9  983.2    0.6  181.0   70.0  444.0
2018 226  8 14 0900  -34.6  984.1    1.6  213.0   72.7  444.0
2018 226  8 14 1200  -30.8  986.6    4.0  153.0   74.0  444.0
2018 226  8 14 1500  -35.7  989.7    5.0  119.0   71.0  444.0
2018 226  8 14 1800  -42.4  993.1    1.0  106.0   68.0  444.0
2018 226  8 14 2100  -41.7  996.2    3.2  141.0   68.0  444.0
2018 227  8 15 0000  -41.9  997.7    1.9  160.0   67.7  444.0
2018 227  8 15 0300  -43.6  998.1    2.4  336.0   67.0  444.0
2018 227  8 15 0600  -42.6  998.1    3.0  282.0   67.0  444.0
2018 227  8 15 0900  -41.8  998.2    2.4  294.0   68.0  444.0
2018 227  8 15 1200  -41.7  998.4    2.5  321.0   67.7  444.0
2018 227  8 15 1500  -38.6  999.1    0.6  256.0   69.0  444.0
2018 227  8 15 1800  -36.4  998.9    2.5  252.0   69.1  444.0
2018 227  8 15 2100  -38.7  998.4    2.2  237.0   69.0  444.0
2018 228  8 16 0000  -37.7  998.2    2.6  219.0   69.2  444.0
2018 228  8 16 0300  -39.0  997.6    2.6  240.0   69.0  444.0
2018 228  8 16 0600  -38.6  996.3    2.4  287.0   69.0  444.0
2018 228  8 16 0900  -37.9  994.9    3.4  293.0   70.0  444.0
2018 228  8 16 1200  -38.5  995.0    2.4   80.0   69.2  444.0
2018 228  8 16 1500  -36.3  994.2    3.1   39.0   68.0  444.0
2018 228  8 16 1800  -35.8  992.8    2.9  328.0   71.0  444.0
2018 228  8 16 2100  -38.2  992.3    1.4  330.0   69.0  444.0
2018 229  8 17 0000  -39.7  991.6    1.1  109.0   68.0  444.0
2018 229  8 17 0300  -40.6  991.7    1.6   68.0   68.0  444.0
2018 229  8 17 0600  -41.5  991.3    3.2  106.0   68.0  444.0
2018 229  8 17 0900  -42.6  990.8    3.5  111.0   67.0  444.0
2018 229  8 17 1200  -43.5  991.3    3.6  114.0   66.0  444.0
2018 229  8 17 1500  -44.7  992.0    2.6  112.0   65.8  444.0
2018 229  8 17 1800  -45.8  992.5    3.0  108.0   65.0  444.0
2018 229  8 17 2100  -45.6  993.5    3.6  129.0   65.0  444.0
2018 230  8 18 0000  -47.0  993.9    2.1  108.0   65.0  444.0
2018 230  8 18 0300  -48.1  993.7    1.2   96.0   63.9  444.0
2018 230  8 18 0600  -49.1  994.5    0.4  171.0   64.0  444.0
2018 230  8 18 0900  -50.0  994.4    1.9  135.0   63.0  444.0
2018 230  8 18 1200  -50.8  994.0    2.3  139.0   62.0  444.0
2018 230  8 18 1500  -50.7  994.0    2.1  188.0   63.0  444.0
2018 230  8 18 1800  -49.8  992.9    1.9  215.0   63.0  444.0
2018 230  8 18 2100  -49.4  991.9    2.0  273.0   62.9  444.0
2018 231  8 19 0000  -49.4  990.8    2.2  240.0   63.0  444.0
2018 231  8 19 0300  -46.6  988.8    2.6  241.0   63.9  444.0
2018 231  8 19 0600  -47.6  987.4    2.1  254.0   64.0  444.0
2018 231  8 19 0900  -47.3  985.8    0.6  244.0   64.1  444.0
2018 231  8 19 1200  -48.9  985.0    0.7  302.0   63.0  444.0
2018 231  8 19 1500  -50.0  983.6    1.0  271.0   63.0  444.0
2018 231  8 19 1800  -48.8  981.7    0.8  219.0   63.0  444.0
2018 231  8 19 2100  -49.3  980.7    0.1  299.0   62.0  444.0
2018 232  8 20 0000  -47.9  979.1    1.5  227.0   63.3  444.0
2018 232  8 20 0300  -47.5  978.4    1.1  259.0   63.0  444.0
2018 232  8 20 0600  -47.3  977.5    1.0  144.0   63.7  444.0
2018 232  8 20 0900  -46.6  978.4    1.4  189.0   64.0  444.0
2018 232  8 20 1200  -45.5  979.0    0.7  160.0   64.2  444.0
2018 232  8 20 1500  -45.5  980.2    1.5   66.0   65.0  444.0
2018 232  8 20 1800  -47.1  981.1    1.5  101.0   63.8  444.0
2018 232  8 20 2100  -46.2  982.7    1.6   67.0   64.0  444.0
2018 233  8 21 0000  -43.8  985.0    2.4   90.0   66.0  444.0
2018 233  8 21 0300  -46.4  986.2    3.2  119.0   64.3  444.0
2018 233  8 21 0600  -47.5  987.4    3.7  112.0   64.0  444.0
2018 233  8 21 0900  -44.9  988.6    2.6  139.0   65.0  444.0
2018 233  8 21 1200  -42.1  989.2    3.1  146.0   66.0  444.0
2018 233  8 21 1500  -41.1  989.7    2.8  141.0   66.9  444.0
2018 233  8 21 1800  -40.9  990.1    4.0  135.0   67.0  444.0
2018 233  8 21 2100  -39.6  991.2    3.0  138.0   67.8  444.0
2018 234  8 22 0000  -36.8  991.6    3.5  126.0   69.0  444.0
2018 234  8 22 0300  -34.7  992.2    4.0  106.0   71.0  444.0
2018 234  8 22 0600  -34.2  992.5    3.7  130.0   71.0  444.0
2018 234  8 22 0900  -37.8  993.6    3.0  108.0   69.0  444.0
2018 234  8 22 1200  -41.2  994.4    2.6  110.0   67.0  444.0
2018 234  8 22 1500  -43.3  994.8    2.1  135.0   66.0  444.0
2018 234  8 22 1800  -44.4  994.9    2.2  149.0   66.0  444.0
2018 234  8 22 2100  -44.6  995.1    1.1  164.0   65.0  444.0
2018 235  8 23 0000  -43.9  994.8    0.6  178.0   65.0  444.0
2018 235  8 23 0300  -45.7  993.8    1.4  188.0   64.6  444.0
2018 235  8 23 0600  -46.1  993.0    2.1  228.0   64.0  444.0
2018 235  8 23 0900  -47.5  992.5    1.7  206.0   64.0  444.0
2018 235  8 23 1200  -48.8  991.8    1.5  182.0   62.8  444.0
2018 235  8 23 1500  -47.8  991.9    1.6  142.0   63.0  444.0
2018 235  8 23 1800  -50.8  991.4    1.9  141.0   62.0  444.0
2018 235  8 23 2100  -50.9  992.0    0.7  207.0   62.0  444.0
2018 236  8 24 0000  -51.0  991.8    0.9  164.0   62.0  444.0
2018 236  8 24 0300  -51.4  991.4    0.9  204.0   62.0  444.0
2018 236  8 24 0600  -51.9  990.7    1.1  236.0   61.0  444.0
2018 236  8 24 0900  -52.2  990.4    1.6  263.0   61.0  444.0
2018 236  8 24 1200  -52.5  990.1    0.5  268.0   61.0  444.0
2018 236  8 24 1500  -52.2  990.1    0.5  244.0   61.0  444.0
2018 236  8 24 1800  -52.5  990.0    0.0    0.0   61.0  444.0
2018 236  8 24 2100  -52.4  990.8    0.4  278.0   61.0  444.0
2018 237  8 25 0000  -50.7  991.4    0.5  202.0   61.3  444.0
2018 237  8 25 0300  -52.9  991.8    0.0    0.0   60.0  444.0
2018 237  8 25 0600  -54.4  992.6    1.0  197.0   60.0  444.0
2018 237  8 25 0900  -54.8  993.7    0.3   22.0   60.0  444.0
2018 237  8 25 1200  -54.4  995.0    0.0    0.0   60.0  444.0
2018 237  8 25 1500  -53.6  995.6    0.5  194.0   60.0  444.0
2018 237  8 25 1800  -55.1  996.3    1.0  321.0   60.0  444.0
2018 237  8 25 2100  -52.6  997.0    0.2  171.0   60.0  444.0
2018 238  8 26 0000  -53.0  997.6    1.5  175.0   60.0  444.0
2018 238  8 26 0300  -53.9  997.8    1.9  147.0   60.2  444.0
2018 238  8 26 0600  -53.6  997.6    1.7  146.0   60.0  444.0
2018 238  8 26 0900  -53.2  997.3    2.3  140.0   60.0  444.0
2018 238  8 26 1200  -53.5  996.3    2.4  164.0   60.0  444.0
2018 238  8 26 1500  -52.5  994.2    2.1  186.0   61.0  444.0
2018 238  8 26 1800  -50.0  991.7    2.4  204.0   62.0  444.0
2018 238  8 26 2100  -48.6  990.1    2.6  190.0   62.0  444.0
2018 239  8 27 0000  -47.0  987.4    3.2  191.0   63.0  444.0
2018 239  8 27 0300  -45.5  985.3    3.5  193.0   64.1  444.0
2018 239  8 27 0600  -43.4  983.5    3.7  191.0   65.0  444.0
2018 239  8 27 0900  -42.1  981.3    4.3  178.0   66.0  444.0
2018 239  8 27 1200  -41.7  979.5    3.9  196.0   66.0  444.0
2018 239  8 27 1500  -42.3  978.2    3.4  201.0   66.0  444.0
2018 239  8 27 1800  -42.1  976.2    3.1  213.0   66.0  444.0
2018 239  8 27 2100  -42.0  974.8    2.6  215.0   66.0  444.0
2018 240  8 28 0000  -41.7  973.1    3.0  202.0   66.1  444.0
2018 240  8 28 0300  -41.6  972.0    2.4  220.0   66.0  444.0
2018 240  8 28 0600  -43.0  971.0    2.7  226.0   65.5  444.0
2018 240  8 28 0900  -40.8  970.2    2.6  211.0   66.0  444.0
2018 240  8 28 1200  -39.3  969.4    2.5  200.0   67.0  444.0
2018 240  8 28 1500  -41.3  968.6    2.9  208.0   66.0  444.0
2018 240  8 28 1800  -41.3  967.8    2.8  185.0   66.0  444.0
2018 240  8 28 2100  -41.9  967.5    2.6  196.0   66.0  444.0
2018 241  8 29 0000  -43.0  967.1    2.5  185.0   65.0  444.0
2018 241  8 29 0300  -44.2  967.3    2.3  151.0   65.0  444.0
2018 241  8 29 0600  -43.7  967.2    3.0  138.0   65.0  444.0
2018 241  8 29 0900  -47.5  968.2    2.8  135.0   64.0  444.0
2018 241  8 29 1200  -49.4  969.6    2.2  140.0   63.0  444.0
2018 241  8 29 1500  -50.6  971.5    2.2  150.0   62.0  444.0
2018 241  8 29 1800  -50.6  972.7    1.0  161.0   62.0  444.0
2018 241  8 29 2100  -50.8  974.0    0.9  167.0   62.0  444.0
2018 242  8 30 0000  -50.1  974.7    1.5  196.0   61.2  444.0
2018 242  8 30 0300  -52.4  975.7    2.1  171.0   61.0  444.0
2018 242  8 30 0600  -53.3  976.6    2.1  139.0   61.0  444.0
2018 242  8 30 0900  -53.0  977.2    2.7  151.0   61.0  444.0
2018 242  8 30 1200  -53.1  977.2    1.9  176.0   61.0  444.0
2018 242  8 30 1500  -52.7  976.6    1.2  223.0   61.0  444.0
2018 242  8 30 1800  -51.2  975.9    1.6  208.0   61.0  444.0
2018 242  8 30 2100  -53.7  975.7    0.9  223.0   59.9  444.0
2018 243  8 31 0000  -52.6  974.7    1.3  273.0   60.0  444.0
2018 243  8 31 0300  -51.9  973.5    1.4  312.0   61.0  444.0
2018 243  8 31 0600  -52.3  972.3    1.3  297.0   61.0  444.0
2018 243  8 31 0900  -46.8  972.0    1.8  223.0   62.6  444.0
2018 243  8 31 1200  -44.3  971.5    2.0  204.0   64.0  444.0
2018 243  8 31 1500  -42.6  971.5    1.7  219.0   65.0  444.0
2018 243  8 31 1800  -42.3  971.1    0.9  277.0   64.0  444.0
2018 243  8 31 2100  -46.8  970.7    1.6  313.0   63.0  444.0
