Year: 2018  Month: 04  ID: LET  ARGOS:  8928  Name: Lettau              
Lat: 82.49S  Lon: 174.58W  Elev:   39m
2018  91  4  1 0000  -23.6  994.7    5.2  185.0   78.0  444.0
2018  91  4  1 0300  -27.2  995.0    3.3  187.0   77.0  444.0
2018  91  4  1 0600  -30.2  995.2    3.7  191.0   75.0  444.0
2018  91  4  1 0900  -31.6  995.9    2.9  182.0   74.0  444.0
2018  91  4  1 1200  -32.6  996.6    3.3  197.0   73.0  444.0
2018  91  4  1 1500  -32.3  997.2    3.4  214.0   73.2  444.0
2018  91  4  1 1800  -31.0  997.1    4.0  209.0   74.0  444.0
2018  91  4  1 2100  -29.1  997.5    4.8  198.0   74.5  444.0
2018  92  4  2 0000  -29.8  998.3    3.7  205.0   73.0  444.0
2018  92  4  2 0300  -28.7  997.5    4.7  168.0   72.0  444.0
2018  92  4  2 0600  -26.1  997.5    6.0  193.0   72.0  444.0
2018  92  4  2 0900  -27.3  998.0    3.7  165.0   73.0  444.0
2018  92  4  2 1200  -30.9  998.7    2.3  164.0   73.0  444.0
2018  92  4  2 1500  -32.0  998.8    2.0  160.0   71.0  444.0
2018  92  4  2 1800  -32.7  998.4    2.6  228.0   71.6  444.0
2018  92  4  2 2100  -30.8  997.9    2.3  194.0   73.0  444.0
2018  93  4  3 0000  -31.6  997.8    1.9  230.0   71.3  444.0
2018  93  4  3 0300  -29.2  996.9    1.7  310.0   74.5  444.0
2018  93  4  3 0600  -25.4  995.5    1.6  309.0   77.0  444.0
2018  93  4  3 0900  -22.7  994.2    0.1  288.0   78.0  444.0
2018  93  4  3 1200  -21.6  992.9    2.7  206.0   81.0  444.0
2018  93  4  3 1500  -29.4  991.7    3.7  104.0   76.0  444.0
2018  93  4  3 1800  -35.7  991.4    1.8  122.0   71.0  444.0
2018  93  4  3 2100  -38.1  990.8    2.1  143.0   70.0  444.0
2018  94  4  4 0000  -39.1  990.5    2.1  151.0   69.0  444.0
2018  94  4  4 0300  -36.9  989.3    2.9  138.0   70.0  444.0
2018  94  4  4 0600  -38.7  988.8    4.7  141.0   69.4  444.0
2018  94  4  4 0900  -39.6  989.8    3.8  121.0   69.0  444.0
2018  94  4  4 1200  -40.5  990.0    3.5  133.0   68.0  444.0
2018  94  4  4 1500  -40.6  990.2    4.7  144.0   68.0  444.0
2018  94  4  4 1800  -41.5  990.2    3.0  137.0   67.6  444.0
2018  94  4  4 2100  -37.9  990.6    1.6  144.0   69.0  444.0
2018  95  4  5 0000  -36.6  990.8    2.2  179.0   70.0  444.0
2018  95  4  5 0300  -39.9  991.0    2.6  162.0   68.0  444.0
2018  95  4  5 0600  -38.5  990.5    2.8  167.0   69.5  444.0
2018  95  4  5 0900  -38.5  989.7    3.4  199.0   70.0  444.0
2018  95  4  5 1200  -32.0  988.7    4.6  150.0   73.0  444.0
2018  95  4  5 1500  -27.3  988.1    4.6  137.0   75.0  444.0
2018  95  4  5 1800  -25.2  987.6    4.7  128.0   75.0  444.0
2018  95  4  5 2100  -23.9  987.3    3.8  128.0   77.6  444.0
2018  96  4  6 0000  -22.9  986.9    3.3  133.0   79.0  444.0
2018  96  4  6 0300  -22.1  986.0    2.7  155.0   79.0  444.0
2018  96  4  6 0600  -21.2  985.6    4.5  135.0   77.0  444.0
2018  96  4  6 0900  -19.9  984.4    4.5  142.0   79.6  444.0
2018  96  4  6 1200  -19.4  983.9    3.8  145.0   81.0  444.0
2018  96  4  6 1500  -19.3  982.9    5.0  158.0   80.0  444.0
2018  96  4  6 1800  -18.5  982.5    5.2  142.0   78.0  444.0
2018  96  4  6 2100  -23.2  982.1    3.3  152.0   80.4  444.0
2018  97  4  7 0000  -26.3  982.9    4.0  135.0   79.5  444.0
2018  97  4  7 0300  -26.3  983.5    5.3  113.0   78.0  444.0
2018  97  4  7 0600  -27.1  985.1    6.0  119.0   78.0  444.0
2018  97  4  7 0900  -23.4  986.8    5.1  105.0   78.0  444.0
2018  97  4  7 1200  -23.2  987.4    4.8  146.0   78.0  444.0
2018  97  4  7 1500  -22.4  987.8    4.6  140.0   77.0  444.0
2018  97  4  7 1800  -27.0  988.1    4.3  182.0   76.4  444.0
2018  97  4  7 2100  -27.4  987.8    5.3  191.0   76.0  444.0
2018  98  4  8 0000  -25.8  987.4    5.1  189.0   76.0  444.0
2018  98  4  8 0300  -26.1  987.2    4.1  157.0   75.0  444.0
2018  98  4  8 0600  -27.5  987.4    3.2  177.0   76.0  444.0
2018  98  4  8 0900  -28.9  987.5    4.1  198.0   73.0  444.0
2018  98  4  8 1200  -28.9  987.4    6.4  185.0   73.0  444.0
2018  98  4  8 1500  -28.6  987.2    5.8  191.0   74.0  444.0
2018  98  4  8 1800  -27.7  987.3    5.1  184.0   73.0  444.0
2018  98  4  8 2100  -27.3  987.2    5.8  148.0   74.0  444.0
2018  99  4  9 0000  -32.2  988.3    3.3  165.0   73.0  444.0
2018  99  4  9 0300  -33.5  989.0    5.7  135.0   72.0  444.0
2018  99  4  9 0600  -37.2  990.1    4.4  146.0   70.0  444.0
2018  99  4  9 0900  -35.4  990.5    6.0  137.0   71.0  444.0
2018  99  4  9 1200  -39.2  991.4    4.7  138.0   69.2  444.0
2018  99  4  9 1500  -41.3  991.9    3.3  119.0   68.0  444.0
2018  99  4  9 1800  -42.6  992.2    3.7  144.0   67.0  444.0
2018  99  4  9 2100  -41.9  992.2    4.1  142.0   68.0  444.0
2018 100  4 10 0000  -38.5  992.4    4.8  115.0   69.0  444.0
2018 100  4 10 0300  -34.5  991.4    4.4  143.0   72.0  444.0
2018 100  4 10 0600  -32.8  990.3    2.5   94.0   72.0  444.0
2018 100  4 10 0900  -32.5  989.2    2.9  108.0   72.9  444.0
2018 100  4 10 1200  -27.8  987.9    3.3  132.0   76.0  444.0
2018 100  4 10 1500  -26.8  986.7    4.5  149.0   77.0  444.0
2018 100  4 10 1800  -26.3  985.5    3.6  163.0   78.0  444.0
2018 100  4 10 2100  -25.8  985.4    1.8  148.0   78.0  444.0
2018 101  4 11 0000  -29.2  985.4    1.2  328.0   75.0  444.0
2018 101  4 11 0300  -32.6  985.9    2.6  313.0   73.1  444.0
2018 101  4 11 0600  -33.9  985.9    2.2  282.0   73.0  444.0
2018 101  4 11 0900  -32.8  986.0    2.2  218.0   73.0  444.0
2018 101  4 11 1200  -31.5  986.1    2.3  185.0   73.0  444.0
2018 101  4 11 1500  -34.2  986.3    2.9  215.0   71.6  444.0
2018 101  4 11 1800  -35.1  986.5    2.6  221.0   70.8  444.0
2018 101  4 11 2100  -33.1  986.0    2.6  206.0   71.0  444.0
2018 102  4 12 0000  -35.8  986.1    2.5  239.0   70.0  444.0
2018 102  4 12 0300  -35.5  985.9    2.8  202.0   70.0  444.0
2018 102  4 12 0600  -37.3  985.9    2.2  220.0   69.3  444.0
2018 102  4 12 0900  -30.6  985.3    1.5  214.0   71.0  444.0
2018 102  4 12 1200  -33.1  985.3    1.6   90.0   71.5  444.0
2018 102  4 12 1500  -34.2  984.5    1.3  128.0   70.0  444.0
2018 102  4 12 1800  -36.7  983.8    2.1  139.0   68.0  444.0
2018 102  4 12 2100  -36.3  983.5    0.9  122.0   69.7  444.0
2018 103  4 13 0000  -38.5  983.3    1.6  174.0   68.8  444.0
2018 103  4 13 0300  -37.8  982.5    4.1  138.0   70.0  444.0
2018 103  4 13 0600  -41.0  981.4    3.0  144.0   68.0  444.0
2018 103  4 13 0900  -42.0  980.3    2.8  207.0   67.2  444.0
2018 103  4 13 1200  -42.2  978.9    3.3  196.0   67.0  444.0
2018 103  4 13 1500  -40.7  976.9    2.7  213.0   67.5  444.0
2018 103  4 13 1800  -38.8  974.9    3.0  215.0   69.0  444.0
2018 103  4 13 2100  -29.6  973.0    7.4  193.0   74.0  444.0
2018 104  4 14 0000  -29.6  972.5    5.8  209.0   74.0  444.0
2018 104  4 14 0300  -31.4  970.9    5.0  207.0   73.5  444.0
2018 104  4 14 0600  -28.9  969.3    5.9  212.0   75.0  444.0
2018 104  4 14 0900  -31.2  968.8    3.7  167.0   73.0  444.0
2018 104  4 14 1200  -39.3  970.1    5.4  147.0   69.0  444.0
2018 104  4 14 1500  -33.0  969.5    4.1  205.0   73.0  444.0
2018 104  4 14 1800  -26.6  966.8    5.4  188.0   77.0  444.0
2018 104  4 14 2100  -25.9  966.6    3.8  162.0   76.8  444.0
2018 105  4 15 0000  -29.9  967.7    2.0  119.0   74.0  444.0
2018 105  4 15 0300  -33.9  969.4    2.9   77.0   71.0  444.0
2018 105  4 15 0600  -39.4  971.0    0.7  158.0   69.0  444.0
2018 105  4 15 0900  -38.2  972.0    1.4  290.0   68.0  444.0
2018 105  4 15 1200  -37.5  972.4    2.7  330.0   70.0  444.0
2018 105  4 15 1500  -32.0  972.5    3.4  317.0   73.0  444.0
2018 105  4 15 1800  -31.3  973.9    4.3  336.0   74.0  444.0
2018 105  4 15 2100  -29.9  975.7    3.2  325.0   74.9  444.0
2018 106  4 16 0000  -29.7  978.0    3.4  327.0   75.0  444.0
2018 106  4 16 0300  -28.1  981.0    0.5  102.0   76.0  444.0
2018 106  4 16 0600  -27.1  983.3    3.6  160.0   77.0  444.0
2018 106  4 16 0900  -30.9  984.5    3.9  199.0   74.0  444.0
2018 106  4 16 1200  -27.0  985.9    4.5  193.0   76.4  444.0
2018 106  4 16 1500  -27.0  987.0    4.1  190.0   76.0  444.0
2018 106  4 16 1800  -25.9  987.9    4.7  194.0   77.0  444.0
2018 106  4 16 2100  -26.5  988.8    4.4  212.0   77.0  444.0
2018 107  4 17 0000  -25.6  989.3    4.7  211.0   77.6  444.0
2018 107  4 17 0300  -27.8  989.8    4.4  234.0   76.0  444.0
2018 107  4 17 0600  -31.7  989.0    3.3  221.0   73.5  444.0
2018 107  4 17 0900  -30.7  987.5    1.0  256.0   74.0  444.0
2018 107  4 17 1200  -34.9  986.6    1.6  190.0   69.4  444.0
2018 107  4 17 1500  -37.5  984.7    2.2  170.0   69.5  444.0
2018 107  4 17 1800  -38.4  984.7    2.4  190.0   69.0  444.0
2018 107  4 17 2100  -39.0  984.6    2.3  184.0   68.8  444.0
2018 108  4 18 0000  -39.4  985.6    2.5  160.0   68.0  444.0
2018 108  4 18 0300  -40.6  986.3    2.3  113.0   67.3  444.0
2018 108  4 18 0600  -42.1  987.8    0.8  170.0   67.0  444.0
2018 108  4 18 0900  -43.2  989.8    2.3  137.0   66.0  444.0
2018 108  4 18 1200  -43.6  991.8    3.0  158.0   66.0  444.0
2018 108  4 18 1500  -46.1  993.3    1.8  132.0   65.0  444.0
2018 108  4 18 1800  -45.4  994.9    2.2  141.0   66.0  444.0
2018 108  4 18 2100  -46.0  996.6    1.9  164.0   65.0  444.0
2018 109  4 19 0000  -44.8  998.2    0.7  232.0   66.0  444.0
2018 109  4 19 0300  -45.7  998.4    1.9  180.0   65.0  444.0
2018 109  4 19 0600  -45.3  999.3    0.6  309.0   65.0  444.0
2018 109  4 19 0900  -37.2  998.9    1.8  219.0   70.0  444.0
2018 109  4 19 1200  -33.2  998.8    0.9  219.0   72.0  444.0
2018 109  4 19 1500  -36.2  998.1    1.8  201.0   70.0  444.0
2018 109  4 19 1800  -36.6  996.9    2.2  204.0   69.0  444.0
2018 109  4 19 2100  -43.0  996.1    2.0  201.0   67.0  444.0
2018 110  4 20 0000  -43.9  995.2    2.2  210.0   66.0  444.0
2018 110  4 20 0300  -44.2  994.2    1.8  201.0   66.0  444.0
2018 110  4 20 0600  -44.6  993.2    1.9  191.0   65.4  444.0
2018 110  4 20 0900  -44.7  992.3    1.5  203.0   65.0  444.0
2018 110  4 20 1200  -43.3  991.1    2.8  208.0   66.0  444.0
2018 110  4 20 1500  -43.5  990.0    2.3  198.0   66.0  444.0
2018 110  4 20 1800  -43.7  988.8    1.9  240.0   66.0  444.0
2018 110  4 20 2100  -42.7  988.0    2.6  219.0   66.0  444.0
2018 111  4 21 0000  -41.5  986.7    3.2  233.0   67.0  444.0
2018 111  4 21 0300  -40.5  985.4    2.3  229.0   67.0  444.0
2018 111  4 21 0600  -39.9  984.3    2.4  223.0   68.0  444.0
2018 111  4 21 0900  -38.6  983.9    2.2  238.0   68.0  444.0
2018 111  4 21 1200  -36.7  983.4    2.3  234.0   70.0  444.0
2018 111  4 21 1500  -33.8  983.4    1.1  202.0   71.0  444.0
2018 111  4 21 1800  -34.5  983.4    1.8  265.0   70.0  444.0
2018 111  4 21 2100  -34.6  984.7    0.6  281.0   71.0  444.0
2018 112  4 22 0000  -39.5  986.3    0.9  286.0   68.1  444.0
2018 112  4 22 0300  -43.2  988.0    1.7  326.0   66.0  444.0
2018 112  4 22 0600  -45.1  990.0    0.5  349.0   65.3  444.0
2018 112  4 22 0900  -44.3  992.0    0.9    2.0   66.0  444.0
2018 112  4 22 1200  -38.8  993.5    0.5  257.0   69.0  444.0
2018 112  4 22 1500  -36.9  994.1    0.7  207.0   69.8  444.0
2018 112  4 22 1800  -34.9  994.4    0.9  200.0   71.0  444.0
2018 112  4 22 2100  -36.7  994.5    1.5  237.0   69.0  444.0
2018 113  4 23 0000  -35.1  993.4    1.9  226.0   71.0  444.0
2018 113  4 23 0300  -31.6  991.1    1.9  194.0   73.1  444.0
2018 113  4 23 0600  -30.8  989.3    4.3  162.0   74.0  444.0
2018 113  4 23 0900  -27.7  987.5    4.6  188.0   76.0  444.0
2018 113  4 23 1200  -24.5  985.2    6.5  178.0   79.0  444.0
2018 113  4 23 1500  -23.3  982.5    7.0  176.0   79.7  444.0
2018 113  4 23 1800  -20.5  979.4    7.5  173.0   83.0  444.0
2018 113  4 23 2100  -18.0  976.5    6.5  158.0   85.0  444.0
2018 114  4 24 0000  -17.8  973.2    5.6  156.0   86.0  444.0
2018 114  4 24 0300  -18.9  970.6    4.2  152.0   83.7  444.0
2018 114  4 24 0600  -12.4  969.6    5.5  115.0   92.0  444.0
2018 114  4 24 0900  -10.9  968.7    7.0  110.0   94.0  444.0
2018 114  4 24 1200  -10.6  966.8    8.0  128.0   95.0  444.0
2018 114  4 24 1500  -10.4  963.5    8.2  155.0   95.0  444.0
2018 114  4 24 1800  -10.1  957.9    9.5  162.0   95.2  444.0
2018 114  4 24 2100   -8.4  952.8   11.2  158.0   97.0  444.0
2018 115  4 25 0000   -8.8  948.6   11.4  139.0   97.0  444.0
2018 115  4 25 0300  -14.8  951.5   10.9  104.0   90.0  444.0
2018 115  4 25 0600  -14.3  955.8    8.7  133.0   90.4  444.0
2018 115  4 25 0900  -12.4  956.3    9.6  144.0   92.0  444.0
2018 115  4 25 1200  -15.1  958.0    9.7  138.0   89.0  444.0
2018 115  4 25 1500  -17.6  959.8    8.3  123.0   86.0  444.0
2018 115  4 25 1800  -18.2  962.4    6.0  110.0   86.0  444.0
2018 115  4 25 2100  -15.9  967.8    6.5   43.0   86.0  444.0
2018 116  4 26 0000  -17.0  974.4    5.4   48.0   85.3  444.0
2018 116  4 26 0300  -20.8  978.7    3.4   84.0   84.0  444.0
2018 116  4 26 0600  -23.8  981.3    2.8  106.0   82.0  444.0
2018 116  4 26 0900  -22.4  982.9    2.2  122.0   82.0  444.0
2018 116  4 26 1200  -22.1  983.2    3.7  130.0   82.4  444.0
2018 116  4 26 1500  -23.6  982.4    3.6  150.0   81.0  444.0
2018 116  4 26 1800  -25.3  981.1    3.0  176.0   79.0  444.0
2018 116  4 26 2100  -28.4  979.6    3.2  206.0   77.0  444.0
2018 117  4 27 0000  -28.8  978.1    4.2  218.0   77.0  444.0
2018 117  4 27 0300  -28.9  976.7    1.3  213.0   76.4  444.0
2018 117  4 27 0600  -24.9  975.3    4.2  200.0   79.0  444.0
2018 117  4 27 0900  -23.7  974.0    6.6  196.0   80.0  444.0
2018 117  4 27 1200  -21.2  972.5    6.5  182.0   83.0  444.0
2018 117  4 27 1500  -17.8  969.6    8.5  175.0   86.2  444.0
2018 117  4 27 1800  -18.5  967.7   11.5  136.0   85.0  444.0
2018 117  4 27 2100  -23.3  968.4    9.7  118.0   80.2  444.0
2018 118  4 28 0000  -25.9  969.3    8.7  115.0   77.0  444.0
2018 118  4 28 0300  -25.6  969.8    6.1  111.0   78.0  444.0
2018 118  4 28 0600  -26.1  969.4    5.4  110.0   78.0  444.0
2018 118  4 28 0900  -25.5  969.3    3.7  146.0   78.2  444.0
2018 118  4 28 1200  -24.9  968.1    0.4  213.0   79.0  444.0
2018 118  4 28 1500  -23.6  966.1    2.2  199.0   80.0  444.0
2018 118  4 28 1800  -21.7  964.4    2.0  156.0   82.0  444.0
2018 118  4 28 2100  -26.1  965.2    2.6  104.0   79.0  444.0
2018 119  4 29 0000  -28.2  966.6    3.1  143.0   76.8  444.0
2018 119  4 29 0300  -25.8  965.2    2.7  233.0   79.0  444.0
2018 119  4 29 0600  -22.4  964.2    3.7  164.0   81.0  444.0
2018 119  4 29 0900  -25.7  964.6    2.0  170.0   77.0  444.0
2018 119  4 29 1200  -29.0  966.3    6.8  119.0   76.0  444.0
2018 119  4 29 1500  -32.4  968.3    5.3  129.0   74.0  444.0
2018 119  4 29 1800  -30.6  971.6    5.0  130.0   75.0  444.0
2018 119  4 29 2100  -29.6  973.6    2.9  160.0   75.0  444.0
2018 120  4 30 0000  -33.3  974.8    2.3  216.0   73.0  444.0
2018 120  4 30 0300  -33.9  974.1    3.2  259.0   73.0  444.0
2018 120  4 30 0600  -28.8  973.4    2.6  230.0   76.0  444.0
2018 120  4 30 0900  -25.3  973.2    5.3  199.0   79.0  444.0
2018 120  4 30 1200  -32.5  973.9    3.4  135.0   73.0  444.0
2018 120  4 30 1500  -31.2  974.0    2.3  131.0   74.0  444.0
2018 120  4 30 1800  -33.0  974.6    2.4  184.0   72.0  444.0
2018 120  4 30 2100  -33.8  974.9    2.2  177.0   70.0  444.0
