Year: 2018  Month: 07  ID: LET  ARGOS:  8928  Name: Lettau              
Lat: 82.49S  Lon: 174.58W  Elev:   39m
2018 182  7  1 0000  -38.0  989.0    2.7  176.0   70.0  444.0
2018 182  7  1 0300  -40.0  987.7    2.0  190.0   69.0  444.0
2018 182  7  1 0600  -41.1  986.5    2.0  198.0   68.0  444.0
2018 182  7  1 0900  -41.5  985.9    2.0  218.0   67.6  444.0
2018 182  7  1 1200  -41.6  985.1    1.2  258.0   67.0  444.0
2018 182  7  1 1500  -40.4  984.8    2.5  211.0   68.0  444.0
2018 182  7  1 1800  -38.1  985.1    2.3  190.0   70.0  444.0
2018 182  7  1 2100  -36.8  985.2    3.0  196.0   69.8  444.0
2018 183  7  2 0000  -36.0  986.2    3.4  196.0   70.0  444.0
2018 183  7  2 0300  -33.2  986.3    4.4  192.0   72.1  444.0
2018 183  7  2 0600  -29.4  986.1    5.9  185.0   72.0  444.0
2018 183  7  2 0900  -28.3  985.4    5.7  187.0   72.2  444.0
2018 183  7  2 1200  -26.6  984.0    5.1  191.0   75.5  444.0
2018 183  7  2 1500  -24.1  981.8    7.8  201.0   75.0  444.0
2018 183  7  2 1800  -20.9  979.8    7.7  197.0   76.0  444.0
2018 183  7  2 2100  -18.9  979.1    9.1  226.0   84.0  444.0
2018 184  7  3 0000  -18.8  979.7    8.8  251.0   83.3  444.0
2018 184  7  3 0300  -23.3  982.0    7.1  284.0   77.0  444.0
2018 184  7  3 0600  -23.6  986.5    8.4  293.0   74.2  444.0
2018 184  7  3 0900  -29.7  990.9    7.7  297.0   73.0  444.0
2018 184  7  3 1200  -30.9  995.3    5.9  268.0   71.3  444.0
2018 184  7  3 1500  -32.9  997.0    1.1  203.0   70.0  444.0
2018 184  7  3 1800  -39.5  998.2    3.3  308.0   70.0  444.0
2018 184  7  3 2100  -42.8  999.4    2.6  317.0   68.0  444.0
2018 185  7  4 0000  -42.4 1000.2    2.8  309.0   68.0  444.0
2018 185  7  4 0300  -39.8 1000.6    2.3  297.0   70.0  444.0
2018 185  7  4 0600  -39.5 1001.0    3.3  320.0   69.0  444.0
2018 185  7  4 0900  -37.2 1002.1    2.9    8.0   70.0  444.0
2018 185  7  4 1200  -35.7 1002.5    2.3   30.0   71.0  444.0
2018 185  7  4 1500  -35.2 1003.3    1.0  156.0   72.0  444.0
2018 185  7  4 1800  -35.1 1003.3    2.7  135.0   72.0  444.0
2018 185  7  4 2100  -35.6 1003.0    3.1  140.0   71.2  444.0
2018 186  7  5 0000  -36.4 1001.7    3.6  165.0   71.0  444.0
2018 186  7  5 0300  -37.0 1000.2    3.0  160.0   70.4  444.0
2018 186  7  5 0600  -36.7  999.3    2.9  146.0   70.0  444.0
2018 186  7  5 0900  -36.7  997.2    3.3  150.0   71.0  444.0
2018 186  7  5 1200  -36.9  995.5    1.9  178.0   70.0  444.0
2018 186  7  5 1500  -35.3  993.6    3.1  175.0   71.0  444.0
2018 186  7  5 1800  -33.2  991.2    3.3  189.0   72.0  444.0
2018 186  7  5 2100  -31.4  988.8    3.4  186.0   74.0  444.0
2018 187  7  6 0000  -30.5  986.8    3.4  194.0   74.0  444.0
2018 187  7  6 0300  -30.0  984.3    2.9  226.0   75.0  444.0
2018 187  7  6 0600  -32.3  982.1    3.4  268.0   73.0  444.0
2018 187  7  6 0900  -38.6  981.1    3.4  267.0   69.0  444.0
2018 187  7  6 1200  -40.8  980.6    4.8  273.0   68.0  444.0
2018 187  7  6 1500  -41.7  980.6    4.9  284.0   67.8  444.0
2018 187  7  6 1800  -37.2  980.2    2.2  324.0   70.0  444.0
2018 187  7  6 2100  -35.5  980.5    1.7  353.0   71.1  444.0
2018 188  7  7 0000  -39.2  980.7    2.6    9.0   69.0  444.0
2018 188  7  7 0300  -38.1  980.5    4.3   58.0   69.6  444.0
2018 188  7  7 0600  -39.1  981.6    2.8   97.0   69.0  444.0
2018 188  7  7 0900  -41.5  982.9    3.4  134.0   68.0  444.0
2018 188  7  7 1200  -45.5  983.5    3.1  176.0   65.0  444.0
2018 188  7  7 1500  -44.9  984.6    4.0  172.0   65.0  444.0
2018 188  7  7 1800  -47.1  985.1    5.1  179.0   64.6  444.0
2018 188  7  7 2100  -48.4  986.5    4.2  184.0   64.0  444.0
2018 189  7  8 0000  -47.7  987.1    5.4  196.0   64.3  444.0
2018 189  7  8 0300  -47.5  987.4    4.6  205.0   64.0  444.0
2018 189  7  8 0600  -48.0  987.6    4.6  202.0   64.1  444.0
2018 189  7  8 0900  -47.0  987.6    3.9  199.0   64.0  444.0
2018 189  7  8 1200  -47.8  987.4    2.9  224.0   64.0  444.0
2018 189  7  8 1500  -46.8  987.3    2.9  242.0   63.0  444.0
2018 189  7  8 1800  -48.8  986.6    2.5  259.0   63.0  444.0
2018 189  7  8 2100  -49.9  986.1    2.7  266.0   62.4  444.0
2018 190  7  9 0000  -51.1  985.9    2.6  261.0   61.6  444.0
2018 190  7  9 0300  -52.9  984.9    2.3  312.0   60.7  444.0
2018 190  7  9 0600  -52.6  983.5    2.4  320.0   61.0  444.0
2018 190  7  9 0900  -53.0  983.3    0.9  290.0   61.0  444.0
2018 190  7  9 1200  -53.1  982.5    1.2    9.0   60.0  444.0
2018 190  7  9 1500  -53.5  981.8    0.8  344.0   60.0  444.0
2018 190  7  9 1800  -55.3  981.3    1.7  238.0   59.0  444.0
2018 190  7  9 2100  -55.3  981.3    3.1  314.0   60.0  444.0
2018 191  7 10 0000  -54.5  981.8    2.5  214.0   60.0  444.0
2018 191  7 10 0300  -53.7  982.2    0.9   74.0   59.4  444.0
2018 191  7 10 0600  -55.0  982.6    2.5  205.0   60.0  444.0
2018 191  7 10 0900  -54.4  983.2    1.4  240.0   59.0  444.0
2018 191  7 10 1200  -55.2  983.1    2.5  178.0   59.0  444.0
2018 191  7 10 1500  -55.7  981.7    2.8  224.0   59.0  444.0
2018 191  7 10 1800  -49.0  980.3    4.6  199.0   62.0  444.0
2018 191  7 10 2100  -47.7  979.5    5.1  192.0   63.3  444.0
2018 192  7 11 0000  -48.8  977.6    5.0  198.0   63.0  444.0
2018 192  7 11 0300  -46.3  975.3    4.1  176.0   64.0  444.0
2018 192  7 11 0600  -43.1  972.6    5.5  188.0   65.5  444.0
2018 192  7 11 0900  -41.6  969.2    8.4  203.0   67.0  444.0
2018 192  7 11 1200  -41.2  967.1    7.8  196.0   67.0  444.0
2018 192  7 11 1500  -43.6  963.7    5.2  204.0   66.0  444.0
2018 192  7 11 1800  -41.8  960.0    5.4  210.0   66.0  444.0
2018 192  7 11 2100  -41.7  957.9    5.7  226.0   66.0  444.0
2018 193  7 12 0000  -39.2  955.0    6.1  224.0   67.0  444.0
2018 193  7 12 0300  -42.2  953.1    5.4  214.0   66.0  444.0
2018 193  7 12 0600  -39.1  951.2    5.9  220.0   67.0  444.0
2018 193  7 12 0900  -27.3  948.0   10.1  206.0   75.0  444.0
2018 193  7 12 1200  -35.1  948.0    5.8  158.0   70.0  444.0
2018 193  7 12 1500  -34.5  948.7    3.6  196.0   70.0  444.0
2018 193  7 12 1800  -29.8  950.6    3.0  178.0   74.2  444.0
2018 193  7 12 2100  -26.9  953.0    2.4   41.0   75.0  444.0
2018 194  7 13 0000  -35.7  956.4    5.7   44.0   70.6  444.0
2018 194  7 13 0300  -36.4  959.3    6.6   49.0   71.0  444.0
2018 194  7 13 0600  -30.1  965.0    4.3   65.0   74.2  444.0
2018 194  7 13 0900  -28.9  969.4    3.4   46.0   75.0  444.0
2018 194  7 13 1200  -30.6  973.1    5.7  129.0   74.0  444.0
2018 194  7 13 1500  -28.9  971.6    2.6  216.0   75.0  444.0
2018 194  7 13 1800  -27.9  967.7    8.4  221.0   76.0  444.0
2018 194  7 13 2100  -23.9  963.9    6.1  230.0   79.4  444.0
2018 195  7 14 0000  -20.6  960.8    9.1  234.0   82.0  444.0
2018 195  7 14 0300  -19.8  960.1   11.3  229.0   83.0  444.0
2018 195  7 14 0600  -15.3  959.8    9.7  217.0   88.0  444.0
2018 195  7 14 0900  -16.6  960.2   15.3  176.0   86.7  444.0
2018 195  7 14 1200  -19.9  961.6   12.4  163.0   84.0  444.0
2018 195  7 14 1500  -23.0  964.8   15.5  137.0   81.0  444.0
2018 195  7 14 1800  -22.8  967.9   10.4  135.0   81.0  444.0
2018 195  7 14 2100  -23.9  971.8    8.8   90.0   79.0  444.0
2018 196  7 15 0000  -31.6  977.5    8.3   89.0   74.0  444.0
2018 196  7 15 0300  -32.9  981.3    8.0   91.0   73.3  444.0
2018 196  7 15 0600  -29.8  982.9    5.3  130.0   76.0  444.0
2018 196  7 15 0900  -26.7  981.7    3.9  187.0   78.0  444.0
2018 196  7 15 1200  -31.0  980.6    4.3  192.0   74.6  444.0
2018 196  7 15 1500  -31.9  978.7    5.0  193.0   74.0  444.0
2018 196  7 15 1800  -31.4  977.9    6.4  200.0   74.3  444.0
2018 196  7 15 2100  -33.3  977.3    3.9  210.0   73.0  444.0
2018 197  7 16 0000  -34.0  976.8    2.0  210.0   72.0  444.0
2018 197  7 16 0300  -37.7  975.5    3.1  230.0   70.0  444.0
2018 197  7 16 0600  -37.4  975.0    3.4  256.0   70.3  444.0
2018 197  7 16 0900  -39.9  974.7    2.1  209.0   69.0  444.0
2018 197  7 16 1200  -36.8  973.8    3.3  235.0   70.0  444.0
2018 197  7 16 1500  -37.4  973.4    1.5  237.0   70.0  444.0
2018 197  7 16 1800  -37.5  973.5    3.1  220.0   70.0  444.0
2018 197  7 16 2100  -35.9  973.4    2.5  189.0   71.0  444.0
2018 198  7 17 0000  -38.7  973.6    2.5  215.0   69.0  444.0
2018 198  7 17 0300  -38.3  972.7    2.7  243.0   69.0  444.0
2018 198  7 17 0600  -39.5  972.6    2.0  298.0   68.0  444.0
2018 198  7 17 0900  -43.3  971.7    1.7   71.0   66.0  444.0
2018 198  7 17 1200  -41.1  971.2    3.6   74.0   67.7  444.0
2018 198  7 17 1500  -42.4  971.6    2.1  354.0   67.0  444.0
2018 198  7 17 1800  -42.9  973.6    1.2  162.0   65.0  444.0
2018 198  7 17 2100  -33.8  974.1    1.9  198.0   71.0  444.0
2018 199  7 18 0000  -32.1  974.4    1.9  214.0   72.5  444.0
2018 199  7 18 0300  -27.2  973.7    4.3  206.0   76.6  444.0
2018 199  7 18 0600  -24.7  971.6    7.4  153.0   78.0  444.0
2018 199  7 18 0900  -28.7  971.8    6.6  164.0   76.0  444.0
2018 199  7 18 1200  -36.5  971.6    7.5  127.0   71.0  444.0
2018 199  7 18 1500  -39.2  971.1    3.3  185.0   69.2  444.0
2018 199  7 18 1800  -36.5  968.0    0.2  217.0   71.0  444.0
2018 199  7 18 2100  -34.6  964.7    3.2  229.0   70.4  444.0
2018 200  7 19 0000  -38.2  961.2    2.2  268.0   69.0  444.0
2018 200  7 19 0300  -38.5  957.9    2.4  253.0   69.2  444.0
2018 200  7 19 0600  -34.8  955.5    5.0  241.0   72.0  444.0
2018 200  7 19 0900  -24.5  953.8    7.6  229.0   79.0  444.0
2018 200  7 19 1200  -20.0  952.6    9.6  213.0   82.0  444.0
2018 200  7 19 1500  -19.9  952.4    6.0  186.0   82.9  444.0
2018 200  7 19 1800  -35.4  955.8   10.1  138.0   71.9  444.0
2018 200  7 19 2100  -32.2  960.2   12.7  130.0   74.0  444.0
2018 201  7 20 0000  -30.3  965.5   13.1  127.0   75.0  444.0
2018 201  7 20 0300  -27.9  969.7   12.1  119.0   76.0  444.0
2018 201  7 20 0600  -27.7  971.9    6.6  130.0   76.6  444.0
2018 201  7 20 0900  -29.8  972.7    5.0  156.0   75.0  444.0
2018 201  7 20 1200  -33.3  972.2    5.2  180.0   73.0  444.0
2018 201  7 20 1500  -35.9  972.0    4.8  207.0   71.0  444.0
2018 201  7 20 1800  -28.4  968.8    6.6  204.0   76.1  444.0
2018 201  7 20 2100  -25.2  967.3    8.2  156.0   78.0  444.0
2018 202  7 21 0000  -32.7  968.3   10.5  135.0   73.0  444.0
2018 202  7 21 0300  -36.2  970.7    8.6  130.0   71.0  444.0
2018 202  7 21 0600  -40.1  971.7    3.7  146.0   69.0  444.0
2018 202  7 21 0900  -41.7  972.1    3.7  146.0   68.0  444.0
2018 202  7 21 1200  -36.6  970.5    4.2  181.0   70.0  444.0
2018 202  7 21 1500  -30.6  967.6    3.7  211.0   74.0  444.0
2018 202  7 21 1800  -29.8  966.4    5.1  188.0   75.0  444.0
2018 202  7 21 2100  -25.4  964.9    5.7  169.0   77.7  444.0
2018 203  7 22 0000  -24.5  964.3    6.5  161.0   78.7  444.0
2018 203  7 22 0300  -27.3  963.8    5.0  179.0   77.0  444.0
2018 203  7 22 0600  -25.1  963.3    1.9  165.0   78.5  444.0
2018 203  7 22 0900  -21.5  961.4    7.3  188.0   82.0  444.0
2018 203  7 22 1200  -19.4  959.8   12.0  180.0   84.0  444.0
2018 203  7 22 1500  -22.7  959.5   12.3  141.0   81.0  444.0
2018 203  7 22 1800  -32.1  963.0   12.2  134.0   74.0  444.0
2018 203  7 22 2100  -36.4  968.4    7.1  119.0   71.0  444.0
2018 204  7 23 0000  -36.5  972.4    4.1  171.0   71.0  444.0
2018 204  7 23 0300  -34.2  974.5    2.0  216.0   71.6  444.0
2018 204  7 23 0600  -30.2  977.2    4.2  156.0   73.0  444.0
2018 204  7 23 0900  -34.3  978.8    4.6  183.0   72.0  444.0
2018 204  7 23 1200  -34.1  979.3    4.2  198.0   73.0  444.0
2018 204  7 23 1500  -32.4  979.5    5.7  201.0   73.3  444.0
2018 204  7 23 1800  -30.9  979.3    4.8  180.0   74.0  444.0
2018 204  7 23 2100  -32.3  979.3    4.8  185.0   71.1  444.0
2018 205  7 24 0000  -34.4  978.5    5.0  214.0   70.0  444.0
2018 205  7 24 0300  -36.4  977.2    4.5  200.0   69.0  444.0
2018 205  7 24 0600  -36.7  975.7    5.2  208.0   69.0  444.0
2018 205  7 24 0900  -37.4  976.0    4.4  204.0   67.9  444.0
2018 205  7 24 1200  -30.0  976.1    6.7  168.0   74.0  444.0
2018 205  7 24 1500  -27.5  976.3    9.9  165.0   75.0  444.0
2018 205  7 24 1800  -34.8  978.5    6.9  130.0   71.0  444.0
2018 205  7 24 2100  -41.8  982.3    4.6  131.0   68.0  444.0
2018 206  7 25 0000  -42.0  982.9    4.0  186.0   67.8  444.0
2018 206  7 25 0300  -39.6  982.1    3.9  192.0   69.0  444.0
2018 206  7 25 0600  -39.4  981.2    4.1  209.0   68.7  444.0
2018 206  7 25 0900  -39.0  979.3    1.2  279.0   68.0  444.0
2018 206  7 25 1200  -42.5  978.1    1.6  279.0   66.7  444.0
2018 206  7 25 1500  -39.0  977.4    3.0  263.0   68.0  444.0
2018 206  7 25 1800  -41.0  978.5    2.4  178.0   67.6  444.0
2018 206  7 25 2100  -33.2  978.7    6.1  203.0   68.0  444.0
2018 207  7 26 0000  -31.7  977.1    6.7  195.0   72.0  444.0
2018 207  7 26 0300  -25.8  976.4   11.0  168.0   77.6  444.0
2018 207  7 26 0600  -31.7  978.1   11.4  135.0   73.0  444.0
2018 207  7 26 0900  -33.9  982.2    8.0  140.0   71.5  444.0
2018 207  7 26 1200  -33.1  984.8    5.5  164.0   69.0  444.0
2018 207  7 26 1500  -33.2  986.1    5.6  186.0   73.4  444.0
2018 207  7 26 1800  -29.8  985.6    6.4  184.0   75.0  444.0
2018 207  7 26 2100  -29.3  986.2    8.2  188.0   75.1  444.0
2018 208  7 27 0000  -30.3  985.4    7.6  195.0   74.0  444.0
2018 208  7 27 0300  -31.0  984.9    5.2  179.0   74.0  444.0
2018 208  7 27 0600  -31.2  984.1    6.0  191.0   73.0  444.0
2018 208  7 27 0900  -33.1  982.6    4.8  208.0   73.0  444.0
2018 208  7 27 1200  -35.2  980.3    5.7  207.0   71.0  444.0
2018 208  7 27 1500  -35.7  979.4    4.4  209.0   71.0  444.0
2018 208  7 27 1800  -37.7  979.0    3.9  186.0   70.0  444.0
2018 208  7 27 2100  -37.3  979.1    4.6  186.0   70.0  444.0
2018 209  7 28 0000  -37.0  979.2    4.6  204.0   70.0  444.0
2018 209  7 28 0300  -37.1  979.2    4.1  196.0   69.6  444.0
2018 209  7 28 0600  -38.8  980.3    2.9  200.0   69.0  444.0
2018 209  7 28 0900  -38.3  981.9    4.5  205.0   69.2  444.0
2018 209  7 28 1200  -38.5  983.7    3.6  191.0   69.0  444.0
2018 209  7 28 1500  -37.5  986.5    5.1  195.0   70.0  444.0
2018 209  7 28 1800  -32.8  988.4    6.1  178.0   72.3  444.0
2018 209  7 28 2100  -35.3  989.8    5.0  191.0   71.0  444.0
2018 210  7 29 0000  -34.7  991.0    4.8  212.0   71.0  444.0
2018 210  7 29 0300  -33.0  990.8    6.9  184.0   72.0  444.0
2018 210  7 29 0600  -33.9  991.2    7.6  165.0   71.8  444.0
2018 210  7 29 0900  -40.2  992.2    4.9  161.0   69.0  444.0
2018 210  7 29 1200  -44.3  993.6    4.2  167.0   66.0  444.0
2018 210  7 29 1500  -43.7  993.2    3.8  170.0   67.0  444.0
2018 210  7 29 1800  -45.2  993.6    3.2  207.0   65.7  444.0
2018 210  7 29 2100  -45.2  994.4    3.5  179.0   66.0  444.0
2018 211  7 30 0000  -45.9  994.9    2.8  185.0   65.2  444.0
2018 211  7 30 0300  -47.3  995.6    3.0  193.0   64.0  444.0
2018 211  7 30 0600  -48.3  996.0    2.0  175.0   64.0  444.0
2018 211  7 30 0900  -49.0  997.3    2.5  191.0   64.0  444.0
2018 211  7 30 1200  -49.3  998.2    1.5  194.0   63.0  444.0
2018 211  7 30 1500  -49.1  998.4    2.5  161.0   63.0  444.0
2018 211  7 30 1800  -50.6  999.2    2.3  202.0   63.0  444.0
2018 211  7 30 2100  -50.4  999.7    2.8  210.0   62.8  444.0
2018 212  7 31 0000  -49.5 1000.3    2.3  231.0   63.0  444.0
2018 212  7 31 0300  -48.9 1000.6    2.9  226.0   63.3  444.0
2018 212  7 31 0600  -49.0 1001.2    2.0  206.0   63.0  444.0
2018 212  7 31 0900  -49.2 1001.6    3.6  220.0   63.0  444.0
2018 212  7 31 1200  -47.5 1001.7    3.6  201.0   64.0  444.0
2018 212  7 31 1500  -49.0 1001.4    3.4  209.0   63.0  444.0
2018 212  7 31 1800  -48.4 1001.3    3.4  212.0   63.0  444.0
2018 212  7 31 2100  -47.1 1001.2    2.6  202.0   64.0  444.0
