Year: 2018  Month: 04  ID: LR2  ARGOS: 21360  Name: Laurie II           
Lat: 77.50S  Lon: 170.79E  Elev:   34m
2018  91  4  1 0000  -21.5  999.4    3.3  211.0   63.7  444.0
2018  91  4  1 0300  -23.2  999.1    3.1  181.0   70.7  444.0
2018  91  4  1 0600  -22.8  998.9    4.5  221.0   79.5  444.0
2018  91  4  1 0900  -25.5  998.3    3.1  233.0   83.0  444.0
2018  91  4  1 1200  -25.9  998.7    2.9  193.0   80.8  444.0
2018  91  4  1 1500  -23.8  998.8    4.5  228.0   76.9  444.0
2018  91  4  1 1800  -27.0  998.9    5.5  186.0   83.0  444.0
2018  91  4  1 2100  -28.4  999.9    4.5  218.0   83.0  444.0
2018  92  4  2 0000  -28.5 1000.5    4.9  172.0   78.6  444.0
2018  92  4  2 0300  -23.6 1000.5    3.5  162.0   89.2  444.0
2018  92  4  2 0600  -24.2 1001.3    2.5  194.0   87.9  444.0
2018  92  4  2 0900  -29.1 1002.4    2.1  243.0   81.7  444.0
2018  92  4  2 1200  -29.4 1002.7    2.5  250.0   81.7  444.0
2018  92  4  2 1500  -29.2 1003.1    2.9  254.0   82.2  444.0
2018  92  4  2 1800  -29.1 1003.1    2.7  239.0   80.8  444.0
2018  92  4  2 2100  -24.5 1003.3    3.7  228.0   87.4  444.0
2018  93  4  3 0000  -25.1 1002.8    3.3  216.0   83.9  444.0
2018  93  4  3 0300  -28.1 1001.6    3.1  204.0   78.6  444.0
2018  93  4  3 0600  -29.5 1000.8    2.9  221.0   80.8  444.0
2018  93  4  3 0900  -30.8  999.7    2.9  201.0   78.2  444.0
2018  93  4  3 1200  -31.2  998.3    2.7  180.0   78.6  444.0
2018  93  4  3 1500  -29.9  996.7    3.3  169.0   80.8  444.0
2018  93  4  3 1800  -26.1  995.7    3.9  170.0   80.4  444.0
2018  93  4  3 2100  -23.8  995.3    3.7  183.0   81.3  444.0
2018  94  4  4 0000  -23.9  994.6    4.5  157.0   81.3  444.0
2018  94  4  4 0300  -24.0  994.2    4.3  148.0   81.3  444.0
2018  94  4  4 0600  -23.8  994.2    2.5  186.0   85.7  444.0
2018  94  4  4 0900  -23.5  994.3    1.6  193.0   84.8  444.0
2018  94  4  4 1200  -26.8  994.0    2.7  204.0   84.4  444.0
2018  94  4  4 1500  -31.6  993.8    2.3  246.0   78.6  444.0
2018  94  4  4 1800  -30.2  993.8    2.5  202.0   80.4  444.0
2018  94  4  4 2100  -33.9  993.7    2.1  249.0   76.4  444.0
2018  95  4  5 0000  -33.4  993.6    2.3  259.0   78.6  444.0
2018  95  4  5 0300  -27.6  992.7    2.5  252.0   83.9  444.0
2018  95  4  5 0600  -31.6  992.7    2.7  167.0   78.6  444.0
2018  95  4  5 0900  -24.9  992.5   11.3  184.0   87.0  444.0
2018  95  4  5 1200  -25.1  992.2    7.2  169.0   85.7  444.0
2018  95  4  5 1500  -25.8  992.3   11.1  208.0   85.7  444.0
2018  95  4  5 1800  -28.2  991.5    8.8  170.0   83.0  444.0
2018  95  4  5 2100  -26.8  991.4    6.6  172.0   79.5  444.0
2018  96  4  6 0000  -25.8  991.1    3.1  235.0   76.4  444.0
2018  96  4  6 0300  -25.0  989.8    2.7  274.0   80.0  444.0
2018  96  4  6 0600  -23.4  989.1    2.9  229.0   78.6  444.0
2018  96  4  6 0900  -22.8  988.4    1.8  194.0   79.1  444.0
2018  96  4  6 1200  -24.0  987.3    2.3  312.0   76.9  444.0
2018  96  4  6 1500  -22.1  987.6    3.3  194.0   83.5  444.0
2018  96  4  6 1800  -21.4  986.7    5.8  193.0   91.0  444.0
2018  96  4  6 2100  -21.6  987.3    4.1  253.0   80.8  444.0
2018  97  4  7 0000  -21.2  987.2    3.5  252.0   72.5  444.0
2018  97  4  7 0300  -17.5  986.9    1.8  270.0   70.7  444.0
2018  97  4  7 0600  -19.2  986.8    2.3  295.0   94.0  444.0
2018  97  4  7 0900  -20.5  987.3    1.9  290.0   91.8  444.0
2018  97  4  7 1200  -18.8  988.2    2.1  239.0   80.4  444.0
2018  97  4  7 1500  -18.9  989.2    2.1  264.0   94.0  444.0
2018  97  4  7 1800  -24.5  990.2    3.5  221.0   87.4  444.0
2018  97  4  7 2100  -25.0  991.3    3.1  229.0   87.0  444.0
2018  98  4  8 0000  -22.9  992.2    1.6  252.0   89.6  444.0
2018  98  4  8 0300  -21.2  992.5    1.4  276.0   92.7  444.0
2018  98  4  8 0600  -18.0  993.1    0.8  249.0   94.5  444.0
2018  98  4  8 0900  -19.8  993.3    1.9  273.0   92.7  444.0
2018  98  4  8 1200  -21.2  993.6    1.8  166.0   91.8  444.0
2018  98  4  8 1500  -17.8  993.5    2.9  323.0   95.4  444.0
2018  98  4  8 1800  -17.1  994.1    4.1  298.0   95.8  444.0
2018  98  4  8 2100  -16.6  994.8    0.4  288.0   96.2  444.0
2018  99  4  9 0000  -17.5  994.9    0.4  290.0   93.2  444.0
2018  99  4  9 0300  -16.1  995.3    1.2  260.0   90.1  444.0
2018  99  4  9 0600  -22.0  995.5    3.1  274.0   90.1  444.0
2018  99  4  9 0900  -17.9  996.4    0.8  318.0   88.8  444.0
2018  99  4  9 1200  -17.6  996.6    0.6  326.0   94.9  444.0
2018  99  4  9 1500  -22.1  996.5    0.0    3.0   90.5  444.0
2018  99  4  9 1800  -29.2  997.3    0.0  141.0   82.6  444.0
2018  99  4  9 2100  -30.6  998.5    0.0  186.0   80.4  444.0
2018 100  4 10 0000  -30.6  998.8    0.4  197.0   81.3  444.0
2018 100  4 10 0300  -28.8  998.7    0.6  211.0   83.0  444.0
2018 100  4 10 0600  -31.5  997.9  444.0  444.0   79.1  444.0
2018 100  4 10 0900  -26.1  996.0  444.0  444.0   84.8  444.0
2018 100  4 10 1200  -33.2  993.9  444.0  444.0   77.8  444.0
2018 100  4 10 1500  -33.0  992.4  444.0  444.0   77.3  444.0
2018 100  4 10 1800  -30.2  991.7  444.0  444.0   80.8  444.0
2018 100  4 10 2100  -31.4  991.9  444.0  444.0   79.1  444.0
2018 101  4 11 0000  -22.6  991.7    6.4  274.0   90.1  444.0
2018 101  4 11 0300  -22.8  991.8    1.6  287.0   90.5  444.0
2018 101  4 11 0600  -22.0  991.9    3.5  304.0   90.5  444.0
2018 101  4 11 0900  -20.8  992.5    1.0  245.0   91.8  444.0
2018 101  4 11 1200  -20.9  993.1    2.5  143.0   91.8  444.0
2018 101  4 11 1500  -22.5  993.1    3.5  138.0   89.2  444.0
2018 101  4 11 1800  -23.6  993.3    0.2   35.0   87.9  444.0
2018 101  4 11 2100  -23.8  991.9    2.7   94.0   87.4  444.0
2018 102  4 12 0000  -26.4  990.1    5.8  103.0   85.7  444.0
2018 102  4 12 0300  -24.5  988.2    9.6  119.0   87.0  444.0
2018 102  4 12 0600  -25.8  987.4    9.6  118.0   85.2  444.0
2018 102  4 12 0900  -26.6  987.8    6.2  153.0   83.5  444.0
2018 102  4 12 1200  -27.4  987.3    6.6  188.0   83.9  444.0
2018 102  4 12 1500  -27.9  986.9    4.9  176.0   83.5  444.0
2018 102  4 12 1800  -28.4  986.2    5.5  209.0   83.0  444.0
2018 102  4 12 2100  -29.4  985.9    4.3  194.0   81.7  444.0
2018 103  4 13 0000  -33.9  986.1    2.9  225.0   77.3  444.0
2018 103  4 13 0300  -33.8  984.9    2.7  257.0   76.4  444.0
2018 103  4 13 0600  -31.0  983.6    3.9  253.0   80.4  444.0
2018 103  4 13 0900  -26.6  982.8    5.8  238.0   85.2  444.0
2018 103  4 13 1200  -29.5  982.2    4.1  250.0   79.1  444.0
2018 103  4 13 1500  -31.9  981.2    5.1  232.0   75.6  444.0
2018 103  4 13 1800  -34.1  980.6    5.3  256.0   71.2  444.0
2018 103  4 13 2100  -33.9  981.3    5.5  215.0   74.2  444.0
2018 104  4 14 0000  -36.9  981.3    3.1  166.0   71.2  444.0
2018 104  4 14 0300  -34.8  981.7    2.9  226.0   72.5  444.0
2018 104  4 14 0600  -35.2  982.1    4.1  146.0   74.7  444.0
2018 104  4 14 0900  -34.5  981.5    3.3  138.0   73.8  444.0
2018 104  4 14 1200  -35.1  984.4    1.8  254.0   74.7  444.0
2018 104  4 14 1500  -33.9  984.5    2.1  269.0   75.1  444.0
2018 104  4 14 1800  -29.2  983.7    5.1  304.0   81.7  444.0
2018 104  4 14 2100  -27.0  982.9    6.2  315.0   85.2  444.0
2018 105  4 15 0000  -27.6  982.3    4.3  306.0   84.4  444.0
2018 105  4 15 0300  -27.6  981.7    3.1  332.0   82.2  444.0
2018 105  4 15 0600  -26.2  980.2    3.1  343.0   87.0  444.0
2018 105  4 15 0900  -26.8  980.5    3.3  329.0   80.4  444.0
2018 105  4 15 1200  -32.6  982.6    1.8  118.0   77.3  444.0
2018 105  4 15 1500  -39.4  983.3    1.9  157.0   70.3  444.0
2018 105  4 15 1800  -29.4  984.4    2.1  342.0   82.2  444.0
2018 105  4 15 2100  -26.9  985.7    1.8  278.0   83.9  444.0
2018 106  4 16 0000  -26.9  988.1    1.2  243.0   84.8  444.0
2018 106  4 16 0300  -24.9  989.7    1.2  214.0   87.0  444.0
2018 106  4 16 0600  -28.8  992.0    1.8  157.0   82.2  444.0
2018 106  4 16 0900  -28.2  995.5    2.5  180.0   83.0  444.0
2018 106  4 16 1200  -27.2  997.0    3.3  240.0   85.7  444.0
2018 106  4 16 1500  -25.1  998.3    3.5  332.0   84.8  444.0
2018 106  4 16 1800  -25.9  999.6    0.8  306.0   87.9  444.0
2018 106  4 16 2100  -22.4 1000.0    3.3   34.0   90.1  444.0
2018 107  4 17 0000  -27.4  999.1    1.9   42.0   84.4  444.0
2018 107  4 17 0300  -35.1  998.4    1.6  107.0   75.6  444.0
2018 107  4 17 0600  -32.9  998.0    1.0  131.0   77.8  444.0
2018 107  4 17 0900  -25.9  996.6    0.8   13.0   86.1  444.0
2018 107  4 17 1200  -20.9  996.1    2.1  309.0   91.0  444.0
2018 107  4 17 1500  -29.5  995.6    2.7  226.0   81.7  444.0
2018 107  4 17 1800  -32.6  995.8    2.7  110.0   78.2  444.0
2018 107  4 17 2100  -31.6  995.8    1.4  117.0   79.1  444.0
2018 108  4 18 0000  -31.9  993.9    1.4  121.0   79.5  444.0
2018 108  4 18 0300  -31.4  991.1    1.4  124.0   80.0  444.0
2018 108  4 18 0600  -18.6  989.3    1.0   17.0   93.6  444.0
2018 108  4 18 0900  -22.5  988.0    0.4   45.0   90.5  444.0
2018 108  4 18 1200  -27.9  989.0    1.6  238.0   83.9  444.0
2018 108  4 18 1500  -25.5  991.7    6.2  219.0   86.6  444.0
2018 108  4 18 1800  -28.4  993.9    7.0  205.0   83.9  444.0
2018 108  4 18 2100  -29.5  996.3    7.0  179.0   81.7  444.0
2018 109  4 19 0000  -29.1  998.2   11.9  204.0   82.2  444.0
2018 109  4 19 0300  -30.5  999.4   11.7  184.0   80.8  444.0
2018 109  4 19 0600  -31.1 1001.0   10.9  205.0   80.0  444.0
2018 109  4 19 0900  -30.4 1001.6    9.8  211.0   80.4  444.0
2018 109  4 19 1200  -31.4 1001.3    8.0  202.0   79.5  444.0
2018 109  4 19 1500  -31.6 1000.3    7.6  195.0   79.5  444.0
2018 109  4 19 1800  -29.9  999.3    7.8  193.0   81.3  444.0
2018 109  4 19 2100  -30.2  998.1    8.8  181.0   80.8  444.0
2018 110  4 20 0000  -30.4  997.0    8.8  177.0   80.8  444.0
2018 110  4 20 0300  -32.2  996.4    7.8  176.0   78.2  444.0
2018 110  4 20 0600  -33.9  996.3    6.2  186.0   76.4  444.0
2018 110  4 20 0900  -35.1  995.7    5.1  195.0   74.7  444.0
2018 110  4 20 1200  -35.0  994.9    5.5  233.0   74.7  444.0
2018 110  4 20 1500  -36.5  994.1    2.7  245.0   73.4  444.0
2018 110  4 20 1800  -31.8  993.8    3.7  187.0   77.3  444.0
2018 110  4 20 2100  -36.5  993.4    3.7  191.0   72.9  444.0
2018 111  4 21 0000  -34.1  992.8    4.3  229.0   75.6  444.0
2018 111  4 21 0300  -38.6  992.8    0.8  233.0   70.7  444.0
2018 111  4 21 0600  -35.8  992.4    3.7  233.0   73.8  444.0
2018 111  4 21 0900  -37.4  992.5    3.3  212.0   72.0  444.0
2018 111  4 21 1200  -39.5  992.1    2.7  177.0   69.8  444.0
2018 111  4 21 1500  -38.1  991.5    2.3  180.0   70.7  444.0
2018 111  4 21 1800  -40.9  991.1    0.8  124.0   67.2  444.0
2018 111  4 21 2100  -41.1  990.6    1.9  156.0   67.2  444.0
2018 112  4 22 0000  -40.6  990.0    2.3  191.0   68.1  444.0
2018 112  4 22 0300  -37.4  989.9    3.9  170.0   71.6  444.0
2018 112  4 22 0600  -35.6  990.4    5.3  207.0   73.8  444.0
2018 112  4 22 0900  -32.6  991.4    8.2  183.0   77.3  444.0
2018 112  4 22 1200  -33.2  992.6    7.4  202.0   77.3  444.0
2018 112  4 22 1500  -31.1  993.1    9.8  212.0   79.5  444.0
2018 112  4 22 1800  -31.5  993.7    8.2  198.0   79.5  444.0
2018 112  4 22 2100  -30.2  994.1    7.6  211.0   80.8  444.0
2018 113  4 23 0000  -32.6  994.4    9.4  200.0   78.2  444.0
2018 113  4 23 0300  -33.9  993.5   12.5  183.0   76.4  444.0
2018 113  4 23 0600  -34.0  992.8   10.3  200.0   76.0  444.0
2018 113  4 23 0900  -31.6  991.8   13.6  226.0   78.6  444.0
2018 113  4 23 1200  -30.2  990.5   12.5  214.0   80.4  444.0
2018 113  4 23 1500  -31.1  988.6   13.1  209.0   79.5  444.0
2018 113  4 23 1800  -29.6  986.6   11.9  235.0   80.8  444.0
2018 113  4 23 2100  -29.6  985.3   11.9  191.0   81.3  444.0
2018 114  4 24 0000  -30.6  982.9   10.1  198.0   80.4  444.0
2018 114  4 24 0300  -33.0  981.2    5.5  269.0   77.8  444.0
2018 114  4 24 0600  -34.8  978.6    4.1  266.0   75.1  444.0
2018 114  4 24 0900  -31.1  975.7    4.5  240.0   80.0  444.0
2018 114  4 24 1200  -28.0  972.4    3.7  250.0   83.0  444.0
2018 114  4 24 1500  -25.2  969.3    3.1  299.0   86.1  444.0
2018 114  4 24 1800  -20.9  966.4    4.3  308.0   91.4  444.0
2018 114  4 24 2100  -19.2  963.4    7.6  301.0   93.2  444.0
2018 115  4 25 0000  -18.2  961.6    8.2  304.0   94.5  444.0
2018 115  4 25 0300  -17.8  959.6    8.2  305.0   95.4  444.0
2018 115  4 25 0600  -16.9  958.0    8.4  309.0   96.7  444.0
2018 115  4 25 0900  -16.1  957.6    9.8  311.0   97.6  444.0
2018 115  4 25 1200  -15.2  956.8   10.3  316.0   98.4  444.0
2018 115  4 25 1500  -12.1  957.3   13.5  247.0  444.0  444.0
2018 115  4 25 1800  -11.9  958.6   17.2  247.0  444.0  444.0
2018 115  4 25 2100  -12.0  960.7   12.5  239.0  444.0  444.0
2018 116  4 26 0000  -10.9  962.3   13.1  231.0  444.0  444.0
2018 116  4 26 0300  -11.9  963.8   13.8  233.0  444.0  444.0
2018 116  4 26 0600  -16.8  966.3   22.8  215.0   97.1  444.0
2018 116  4 26 0900  -16.9  972.9   19.5  235.0   96.7  444.0
2018 116  4 26 1200  -20.0  978.9   16.0  225.0   93.2  444.0
2018 116  4 26 1500  -19.5  982.4   13.8  208.0   93.6  444.0
2018 116  4 26 1800  -20.9  984.0    9.6  201.0   92.3  444.0
2018 116  4 26 2100  -21.5  984.2    6.6  195.0   91.8  444.0
2018 117  4 27 0000  -20.9  983.9    5.1  209.0   92.3  444.0
2018 117  4 27 0300  -20.2  983.7    5.1  195.0   87.4  444.0
2018 117  4 27 0600  -22.5  982.7    4.5  159.0   85.7  444.0
2018 117  4 27 0900  -26.2  982.7    2.3  148.0   82.6  444.0
2018 117  4 27 1200  -28.2  981.8    4.1  212.0   80.0  444.0
2018 117  4 27 1500  -30.2  980.9    1.6  245.0   81.7  444.0
2018 117  4 27 1800  -28.1  978.9    2.3  242.0   82.6  444.0
2018 117  4 27 2100  -25.8  978.5    5.8  209.0   86.6  444.0
2018 118  4 28 0000  -26.2  977.2    1.4  239.0   82.2  444.0
2018 118  4 28 0300  -24.0  975.6    3.1  262.0   88.3  444.0
2018 118  4 28 0600  -27.4  973.8    2.9  253.0   84.8  444.0
2018 118  4 28 0900  -22.1  973.0    2.1  301.0   91.0  444.0
2018 118  4 28 1200  -19.8  972.0    4.7  201.0   92.7  444.0
2018 118  4 28 1500  -19.0  971.1   10.7  216.0   94.0  444.0
2018 118  4 28 1800  -20.1  970.2   10.7  195.0   93.2  444.0
2018 118  4 28 2100  -20.9  969.0   11.9  179.0   91.4  444.0
2018 119  4 29 0000  -21.9  969.1    9.0  226.0   90.5  444.0
2018 119  4 29 0300  -22.1  968.3    9.9  180.0   88.8  444.0
2018 119  4 29 0600  -21.9  968.6    7.0  235.0   86.1  444.0
2018 119  4 29 0900  -21.2  969.2    7.6  231.0   86.6  444.0
2018 119  4 29 1200  -23.4  970.5    4.3  243.0   82.6  444.0
2018 119  4 29 1500  -20.9  971.8    5.5  246.0   90.1  444.0
2018 119  4 29 1800  -18.4  973.0   11.3  240.0   94.0  444.0
2018 119  4 29 2100  -19.1  974.8   12.5  225.0   92.3  444.0
2018 120  4 30 0000  -19.2  977.5   11.3  221.0   90.1  444.0
2018 120  4 30 0300  -25.5  979.1    7.6  172.0   85.7  444.0
2018 120  4 30 0600  -25.8  980.9    6.4  188.0   82.2  444.0
2018 120  4 30 0900  -26.6  982.7    5.5  194.0   82.6  444.0
2018 120  4 30 1200  -27.2  983.5    4.1  184.0   78.6  444.0
2018 120  4 30 1500  -26.5  983.5    2.5  169.0   80.0  444.0
2018 120  4 30 1800  -26.9  983.5    2.5  193.0   81.7  444.0
2018 120  4 30 2100  -26.6  983.3    1.0  214.0   80.8  444.0
