Year: 2018  Month: 04  ID: MGT  ARGOS:  8910  Name: Margaret            
Lat: 80.00S  Lon: 165.01W  Elev:   67m
2018  91  4  1 0000  -34.9  987.5    3.1  177.0   69.0  444.0
2018  91  4  1 0300  -36.6  987.6    2.7  149.0   65.0  444.0
2018  91  4  1 0600  -39.4  988.1    2.9  153.0   64.0  444.0
2018  91  4  1 0900  -39.2  988.7    2.8  131.0   64.0  444.0
2018  91  4  1 1200  -39.1  989.3    2.2  150.0   63.0  444.0
2018  91  4  1 1500  -40.1  989.9    2.7  179.0   63.0  444.0
2018  91  4  1 1800  -39.9  990.3    2.3  170.0   62.0  444.0
2018  91  4  1 2100  -37.9  990.6    2.3  192.0   64.0  444.0
2018  92  4  2 0000  -36.9  991.4    2.2  174.0   67.0  444.0
2018  92  4  2 0300  -38.1  991.3    1.7  200.0   64.0  444.0
2018  92  4  2 0600  -40.0  991.5    0.5  260.0   62.0  444.0
2018  92  4  2 0900  -41.7  992.1    2.4  212.0   60.0  444.0
2018  92  4  2 1200  -42.8  991.9    1.3  209.0   59.0  444.0
2018  92  4  2 1500  -43.0  991.8    0.6  205.0   59.0  444.0
2018  92  4  2 1800  -43.2  991.4    2.3  117.0   59.0  444.0
2018  92  4  2 2100  -42.8  991.6    2.0  177.0   60.0  444.0
2018  93  4  3 0000  -41.6  991.8    1.7  208.0   60.0  444.0
2018  93  4  3 0300  -41.5  991.6    2.2  152.0   61.0  444.0
2018  93  4  3 0600  -41.3  990.8    2.1  177.0   61.0  444.0
2018  93  4  3 0900  -38.8  990.6    2.3  204.0   64.0  444.0
2018  93  4  3 1200  -37.2  990.0    3.0  165.0   66.0  444.0
2018  93  4  3 1500  -37.4  988.9    1.4  132.0   65.0  444.0
2018  93  4  3 1800  -40.1  988.1    0.7  115.0   62.0  444.0
2018  93  4  3 2100  -37.1  987.4    2.0   11.0   65.0  444.0
2018  94  4  4 0000  -37.5  987.0    1.8   18.0   65.0  444.0
2018  94  4  4 0300  -37.5  985.8    2.5    5.0   66.0  444.0
2018  94  4  4 0600  -37.7  984.9    1.7    4.0   66.0  444.0
2018  94  4  4 0900  -38.1  984.7    1.4   41.0   64.0  444.0
2018  94  4  4 1200  -38.0  984.2    2.5   64.0   64.0  444.0
2018  94  4  4 1500  -39.5  983.8    1.7  134.0   62.0  444.0
2018  94  4  4 1800  -39.1  983.2    3.2  107.0   64.0  444.0
2018  94  4  4 2100  -39.1  983.4    3.5  132.0   63.0  444.0
2018  95  4  5 0000  -36.6  982.9    3.7  129.0   65.0  444.0
2018  95  4  5 0300  -33.9  982.0    5.7  118.0   69.0  444.0
2018  95  4  5 0600  -31.2  981.1    7.5  130.0   73.0  444.0
2018  95  4  5 0900  -28.6  980.7    8.3  146.0   74.0  444.0
2018  95  4  5 1200  -26.1  980.5    7.5  134.0   77.0  444.0
2018  95  4  5 1500  -24.6  980.2    6.5  131.0   79.0  444.0
2018  95  4  5 1800  -23.8  979.5    7.1  124.0   80.0  444.0
2018  95  4  5 2100  -22.1  979.0    7.1  130.0   80.0  444.0
2018  96  4  6 0000  -21.2  978.4    7.6  126.0   77.0  444.0
2018  96  4  6 0300  -22.5  977.8    5.3  132.0   78.0  444.0
2018  96  4  6 0600  -20.7  977.4    5.5  112.0   82.0  444.0
2018  96  4  6 0900  -21.1  977.3    3.9  126.0   82.0  444.0
2018  96  4  6 1200  -19.2  977.0    2.3  135.0   82.0  444.0
2018  96  4  6 1500  -18.0  977.1    3.0  142.0   84.0  444.0
2018  96  4  6 1800  -18.4  977.1    2.7  126.0   84.0  444.0
2018  96  4  6 2100  -19.8  977.2    3.6  127.0   83.0  444.0
2018  97  4  7 0000  -19.0  977.6    4.9   99.0   82.0  444.0
2018  97  4  7 0300  -18.1  977.8    4.9   80.0   86.0  444.0
2018  97  4  7 0600  -18.4  978.2    5.4   95.0   86.0  444.0
2018  97  4  7 0900  -21.5  979.2    5.3   95.0   83.0  444.0
2018  97  4  7 1200  -23.1  979.4    4.6  100.0   82.0  444.0
2018  97  4  7 1500  -22.5  980.3    3.6  113.0   82.0  444.0
2018  97  4  7 1800  -20.8  981.0    1.6  122.0   84.0  444.0
2018  97  4  7 2100  -20.9  981.2    3.1  155.0   83.0  444.0
2018  98  4  8 0000  -22.5  981.7    2.2  152.0   81.0  444.0
2018  98  4  8 0300  -25.7  981.6    1.2  163.0   79.0  444.0
2018  98  4  8 0600  -23.1  981.7    1.5  184.0   82.0  444.0
2018  98  4  8 0900  -22.0  982.6    2.7  233.0   82.0  444.0
2018  98  4  8 1200  -24.9  983.0    2.3  238.0   79.0  444.0
2018  98  4  8 1500  -25.7  983.5    3.0  290.0   79.0  444.0
2018  98  4  8 1800  -25.6  984.2    3.1  294.0   79.0  444.0
2018  98  4  8 2100  -22.7  984.9    2.4  270.0   81.0  444.0
2018  99  4  9 0000  -20.8  985.6    2.9  318.0   84.0  444.0
2018  99  4  9 0300  -20.8  986.3    1.6  330.0   84.0  444.0
2018  99  4  9 0600  -20.0  986.8    1.0  355.0   84.0  444.0
2018  99  4  9 0900  -21.1  987.3    0.8  353.0   83.0  444.0
2018  99  4  9 1200  -23.1  987.8    1.6  317.0   81.0  444.0
2018  99  4  9 1500  -34.6  988.7    1.3  323.0   69.0  444.0
2018  99  4  9 1800  -29.3  988.6    1.3    6.0   75.0  444.0
2018  99  4  9 2100  -21.7  987.9    1.4    3.0   82.0  444.0
2018 100  4 10 0000  -20.5  987.4    0.3  326.0   84.0  444.0
2018 100  4 10 0300  -31.2  987.2    1.0  285.0   73.0  444.0
2018 100  4 10 0600  -34.6  986.8    1.1  308.0   69.0  444.0
2018 100  4 10 0900  -35.3  985.2    1.3  357.0   69.0  444.0
2018 100  4 10 1200  -30.5  982.9    1.3   10.0   74.0  444.0
2018 100  4 10 1500  -34.4  981.9    0.9  291.0   69.0  444.0
2018 100  4 10 1800  -33.6  981.4    0.5   33.0   70.0  444.0
2018 100  4 10 2100  -31.5  980.6    0.5   85.0   72.0  444.0
2018 101  4 11 0000  -30.4  980.6    0.6   87.0   73.0  444.0
2018 101  4 11 0300  -31.2  981.0    0.7  135.0   72.0  444.0
2018 101  4 11 0600  -32.9  981.7    0.5  158.0   70.0  444.0
2018 101  4 11 0900  -36.0  982.4    0.3  197.0   67.0  444.0
2018 101  4 11 1200  -39.4  982.7    0.6  230.0   63.0  444.0
2018 101  4 11 1500  -39.3  982.7    0.9  252.0   64.0  444.0
2018 101  4 11 1800  -37.8  982.5    0.9  273.0   65.0  444.0
2018 101  4 11 2100  -35.4  983.0    1.2  264.0   68.0  444.0
2018 102  4 12 0000  -34.4  983.8    0.8  279.0   69.0  444.0
2018 102  4 12 0300  -35.6  983.5    0.9  297.0   68.0  444.0
2018 102  4 12 0600  -32.3  983.5    0.5  304.0   72.0  444.0
2018 102  4 12 0900  -30.8  983.3    0.6  319.0   72.0  444.0
2018 102  4 12 1200  -30.0  982.5    0.4  293.0   74.0  444.0
2018 102  4 12 1500  -30.0  981.3    0.5  352.0   74.0  444.0
2018 102  4 12 1800  -30.3  980.0  444.0  444.0   73.0  444.0
2018 102  4 12 2100  -28.8  978.3  444.0  444.0   75.0  444.0
2018 103  4 13 0000  -28.9  977.0  444.0  444.0   75.0  444.0
2018 103  4 13 0300  -30.0  974.7  444.0  444.0   74.0  444.0
2018 103  4 13 0600  -36.2  972.7  444.0  444.0   67.0  444.0
2018 103  4 13 0900  -37.4  971.1  444.0  444.0   65.0  444.0
2018 103  4 13 1200  -31.5  970.0    0.6  138.0   72.0  444.0
2018 103  4 13 1500  -33.7  968.7    0.7  156.0   70.0  444.0
2018 103  4 13 1800  -36.2  967.9    0.6  180.0   67.0  444.0
2018 103  4 13 2100  -39.0  967.1    0.5  168.0   64.0  444.0
2018 104  4 14 0000  -42.8  966.4    0.4  201.0   60.0  444.0
2018 104  4 14 0300  -48.6  965.5    0.2  206.0   54.0  444.0
2018 104  4 14 0600  -48.5  965.4  444.0  444.0   54.0  444.0
2018 104  4 14 0900  -50.5  965.2  444.0  444.0   53.0  444.0
2018 104  4 14 1200  -47.7  965.8  444.0  444.0   54.0  444.0
2018 104  4 14 1500  -48.3  965.0  444.0  444.0   54.0  444.0
2018 104  4 14 1800  -46.4  964.8  444.0  444.0   56.0  444.0
2018 104  4 14 2100  -47.0  965.0  444.0  444.0   55.0  444.0
2018 105  4 15 0000  -48.5  965.2  444.0  444.0   53.0  444.0
2018 105  4 15 0300  -47.9  966.0  444.0  444.0   54.0  444.0
2018 105  4 15 0600  -49.3  967.1  444.0  444.0   53.0  444.0
2018 105  4 15 0900  -49.9  968.1  444.0  444.0   52.0  444.0
2018 105  4 15 1200  -48.7  969.1  444.0  444.0   53.0  444.0
2018 105  4 15 1500  -45.7  969.7  444.0  444.0   57.0  444.0
2018 105  4 15 1800  -45.4  971.4  444.0  444.0   56.0  444.0
2018 105  4 15 2100  -45.4  972.6  444.0  444.0   56.0  444.0
2018 106  4 16 0000  -44.2  974.4  444.0  444.0   59.0  444.0
2018 106  4 16 0300  -40.4  976.7  444.0  444.0   62.0  444.0
2018 106  4 16 0600  -39.8  978.2  444.0  444.0   62.0  444.0
2018 106  4 16 0900  -40.2  980.4  444.0  444.0   62.0  444.0
2018 106  4 16 1200  -39.1  981.7  444.0  444.0   63.0  444.0
2018 106  4 16 1500  -39.8  982.3  444.0  444.0   63.0  444.0
2018 106  4 16 1800  -40.1  982.6  444.0  444.0   62.0  444.0
2018 106  4 16 2100  -36.8  982.8  444.0  444.0   65.0  444.0
2018 107  4 17 0000  -38.8  983.2  444.0  444.0   64.0  444.0
2018 107  4 17 0300  -38.0  984.0  444.0  444.0   65.0  444.0
2018 107  4 17 0600  -31.8  984.2  444.0  444.0   72.0  444.0
2018 107  4 17 0900  -31.8  984.9  444.0  444.0   71.0  444.0
2018 107  4 17 1200  -34.9  985.3  444.0  444.0   68.0  444.0
2018 107  4 17 1500  -38.4  982.8  444.0  444.0   64.0  444.0
2018 107  4 17 1800  -38.8  979.1  444.0  444.0   64.0  444.0
2018 107  4 17 2100  -41.8  978.4  444.0  444.0   61.0  444.0
2018 108  4 18 0000  -45.6  980.0  444.0  444.0   58.0  444.0
2018 108  4 18 0300  -45.3  981.4  444.0  444.0   57.0  444.0
2018 108  4 18 0600  -46.1  984.0  444.0  444.0   56.0  444.0
2018 108  4 18 0900  -47.1  986.0  444.0  444.0   55.0  444.0
2018 108  4 18 1200  -48.3  987.4  444.0  444.0   54.0  444.0
2018 108  4 18 1500  -48.5  988.5  444.0  444.0   53.0  444.0
2018 108  4 18 1800  -49.2  989.5  444.0  444.0   52.0  444.0
2018 108  4 18 2100  -48.0  990.3  444.0  444.0   54.0  444.0
2018 109  4 19 0000  -46.5  991.8  444.0  444.0   55.0  444.0
2018 109  4 19 0300  -47.1  992.4  444.0  444.0   54.0  444.0
2018 109  4 19 0600  -47.5  992.2  444.0  444.0   54.0  444.0
2018 109  4 19 0900  -45.6  992.1  444.0  444.0   56.0  444.0
2018 109  4 19 1200  -46.7  991.4  444.0  444.0   54.0  444.0
2018 109  4 19 1500  -45.5  990.9  444.0  444.0   56.0  444.0
2018 109  4 19 1800  -44.3  990.1  444.0  444.0   57.0  444.0
2018 109  4 19 2100  -44.4  989.0  444.0  444.0   57.0  444.0
2018 110  4 20 0000  -38.9  987.7  444.0  444.0   62.0  444.0
2018 110  4 20 0300  -38.4  986.0  444.0  444.0   64.0  444.0
2018 110  4 20 0600  -34.9  984.9  444.0  444.0   68.0  444.0
2018 110  4 20 0900  -36.3  984.1  444.0  444.0   66.0  444.0
2018 110  4 20 1200  -35.4  983.0  444.0  444.0   68.0  444.0
2018 110  4 20 1500  -36.4  982.0  444.0  444.0   67.0  444.0
2018 110  4 20 1800  -34.1  980.7  444.0  444.0   69.0  444.0
2018 110  4 20 2100  -34.1  980.3    4.2  170.0   69.0  444.0
2018 111  4 21 0000  -35.9  979.6    6.0  184.0   67.0  444.0
2018 111  4 21 0300  -38.2  979.3    4.0  198.0   65.0  444.0
2018 111  4 21 0600  -43.9  979.4    3.0  219.0   59.0  444.0
2018 111  4 21 0900  -47.1  980.0    2.7  242.0   56.0  444.0
2018 111  4 21 1200  -47.9  980.5    2.3  251.0   54.0  444.0
2018 111  4 21 1500  -48.5  981.6    2.5  268.0   53.0  444.0
2018 111  4 21 1800  -48.5  982.1    1.7  266.0   54.0  444.0
2018 111  4 21 2100  -48.3  983.0    1.8  244.0   53.0  444.0
2018 112  4 22 0000  -47.8  983.7    2.6  226.0   54.0  444.0
2018 112  4 22 0300  -47.9  984.6    1.2  125.0   54.0  444.0
2018 112  4 22 0600  -46.4  985.0    3.8  157.0   55.0  444.0
2018 112  4 22 0900  -39.0  985.7    4.5  143.0   63.0  444.0
2018 112  4 22 1200  -35.3  985.4    6.0  140.0   67.0  444.0
2018 112  4 22 1500  -32.9  984.7    7.8  126.0   70.0  444.0
2018 112  4 22 1800  -29.4  983.2    7.9  126.0   74.0  444.0
2018 112  4 22 2100  -27.5  981.9    9.7  136.0   76.0  444.0
2018 113  4 23 0000  -24.7  980.1   10.3  133.0   79.0  444.0
2018 113  4 23 0300  -23.8  977.5   10.3  128.0   80.0  444.0
2018 113  4 23 0600  -21.7  976.0    7.2  125.0   82.0  444.0
2018 113  4 23 0900  -16.6  974.6    5.5  117.0   87.0  444.0
2018 113  4 23 1200   -9.8  973.3    3.9   84.0   93.0  444.0
2018 113  4 23 1500   -8.6  970.7    6.5   90.0   94.0  444.0
2018 113  4 23 1800   -8.5  968.2    7.8   90.0   94.0  444.0
2018 113  4 23 2100   -6.0  966.4   10.2   21.0   96.0  444.0
2018 114  4 24 0000   -6.8  966.0   10.4   21.0   95.0  444.0
2018 114  4 24 0300   -8.1  965.3    5.4   44.0   94.0  444.0
2018 114  4 24 0600   -8.9  962.9    4.9  101.0   94.0  444.0
2018 114  4 24 0900   -8.1  960.0    5.9  132.0   95.0  444.0
2018 114  4 24 1200   -9.8  956.0    7.7  118.0   94.0  444.0
2018 114  4 24 1500  -10.4  952.2    1.6  141.0   93.0  444.0
2018 114  4 24 1800  -10.8  949.1    0.7  109.0   92.0  444.0
2018 114  4 24 2100  -13.2  947.0    2.0   80.0   89.0  444.0
2018 115  4 25 0000  -10.5  945.6    2.6   98.0   93.0  444.0
2018 115  4 25 0300  -12.0  945.3    3.4   64.0   92.0  444.0
2018 115  4 25 0600   -9.8  947.2    5.0    6.0   93.0  444.0
2018 115  4 25 0900  -13.6  950.9   11.4    1.0   90.0  444.0
2018 115  4 25 1200  -13.8  954.3   12.5  358.0   90.0  444.0
2018 115  4 25 1500  -16.8  958.8   14.0  351.0   87.0  444.0
2018 115  4 25 1800  -18.8  963.2   13.5  341.0   85.0  444.0
2018 115  4 25 2100  -20.9  968.6   11.6    3.0   82.0  444.0
2018 116  4 26 0000  -21.2  972.4    6.1   22.0   81.0  444.0
2018 116  4 26 0300  -22.1  974.6    3.8   58.0   80.0  444.0
2018 116  4 26 0600  -21.7  976.1    3.4   76.0   81.0  444.0
2018 116  4 26 0900  -22.6  976.9    3.0   96.0   81.0  444.0
2018 116  4 26 1200  -24.1  976.5    2.5  128.0   79.0  444.0
2018 116  4 26 1500  -25.1  975.5    3.8  149.0   79.0  444.0
2018 116  4 26 1800  -32.8  974.3    3.2  210.0   73.0  444.0
2018 116  4 26 2100  -30.2  972.7    2.5  233.0   74.0  444.0
2018 117  4 27 0000  -29.2  970.9    2.3  246.0   76.0  444.0
2018 117  4 27 0300  -26.5  969.2    4.8  210.0   78.0  444.0
2018 117  4 27 0600  -25.5  967.6    6.1  239.0   79.0  444.0
2018 117  4 27 0900  -23.5  966.3    5.5  260.0   81.0  444.0
2018 117  4 27 1200  -24.6  964.2    8.4  291.0   80.0  444.0
2018 117  4 27 1500  -25.4  962.8    9.6  310.0   80.0  444.0
2018 117  4 27 1800  -25.0  962.3    9.9  324.0   80.0  444.0
2018 117  4 27 2100  -26.7  962.5   10.0  332.0   78.0  444.0
2018 118  4 28 0000  -24.6  963.0    7.3  356.0   80.0  444.0
2018 118  4 28 0300  -22.3  963.6    4.3   29.0   82.0  444.0
2018 118  4 28 0600  -24.1  962.8    3.8   88.0   80.0  444.0
2018 118  4 28 0900  -24.5  962.2    0.5    9.0   80.0  444.0
2018 118  4 28 1200  -26.8  961.5    4.2   87.0   77.0  444.0
2018 118  4 28 1500  -26.4  960.8    2.5   87.0   78.0  444.0
2018 118  4 28 1800  -28.3  960.6    3.3  104.0   75.0  444.0
2018 118  4 28 2100  -29.2  960.4    4.1  105.0   75.0  444.0
2018 119  4 29 0000  -29.3  960.3    4.6  109.0   75.0  444.0
2018 119  4 29 0300  -28.9  959.4    5.2  108.0   75.0  444.0
2018 119  4 29 0600  -28.8  959.2    5.3  107.0   76.0  444.0
2018 119  4 29 0900  -30.0  959.3    4.3   96.0   74.0  444.0
2018 119  4 29 1200  -29.2  960.1    4.8   85.0   73.0  444.0
2018 119  4 29 1500  -32.4  961.5    2.4   79.0   71.0  444.0
2018 119  4 29 1800  -36.4  963.4    3.1  112.0   67.0  444.0
2018 119  4 29 2100  -35.0  965.3    3.5  100.0   70.0  444.0
2018 120  4 30 0000  -38.4  967.4    2.1  113.0   64.0  444.0
2018 120  4 30 0300  -33.6  969.2    2.4   97.0   71.0  444.0
2018 120  4 30 0600  -29.3  970.6    1.3  127.0   74.0  444.0
2018 120  4 30 0900  -28.4  971.6    0.8  236.0   75.0  444.0
2018 120  4 30 1200  -28.0  972.3    1.4  268.0   76.0  444.0
2018 120  4 30 1500  -27.5  972.4    2.2  309.0   77.0  444.0
2018 120  4 30 1800  -27.0  972.6    2.5  322.0   77.0  444.0
2018 120  4 30 2100  -27.1  972.3    3.5  348.0   77.0  444.0
