Year: 2018  Month: 05  ID: MGT  ARGOS:  8910  Name: Margaret            
Lat: 80.00S  Lon: 165.01W  Elev:   67m
2018 121  5  1 0000  -27.4  972.3    3.7  358.0   77.0  444.0
2018 121  5  1 0300  -26.5  971.6    3.2   29.0   78.0  444.0
2018 121  5  1 0600  -25.8  971.2    3.0   34.0   79.0  444.0
2018 121  5  1 0900  -25.6  971.1    3.2   30.0   78.0  444.0
2018 121  5  1 1200  -27.8  970.7    3.4   81.0   76.0  444.0
2018 121  5  1 1500  -29.0  969.5    3.2  113.0   75.0  444.0
2018 121  5  1 1800  -29.3  968.8    3.4  121.0   75.0  444.0
2018 121  5  1 2100  -28.1  967.7    3.2  139.0   76.0  444.0
2018 122  5  2 0000  -27.0  966.9    3.6  135.0   77.0  444.0
2018 122  5  2 0300  -27.3  966.5    2.6  127.0   77.0  444.0
2018 122  5  2 0600  -27.5  966.0    3.0  122.0   77.0  444.0
2018 122  5  2 0900  -28.8  965.3    1.8  123.0   76.0  444.0
2018 122  5  2 1200  -28.6  964.8    1.9  187.0   75.0  444.0
2018 122  5  2 1500  -33.2  963.9    2.3  250.0   71.0  444.0
2018 122  5  2 1800  -34.3  963.0    2.3  270.0   69.0  444.0
2018 122  5  2 2100  -35.1  962.7    2.8  298.0   69.0  444.0
2018 123  5  3 0000  -37.2  962.7    3.2  306.0   67.0  444.0
2018 123  5  3 0300  -36.3  963.0    4.3  289.0   67.0  444.0
2018 123  5  3 0600  -37.3  963.8    3.1  319.0   66.0  444.0
2018 123  5  3 0900  -35.0  964.6    2.9  342.0   68.0  444.0
2018 123  5  3 1200  -31.3  965.4    4.7  353.0   72.0  444.0
2018 123  5  3 1500  -28.7  966.5    6.3  355.0   75.0  444.0
2018 123  5  3 1800  -27.7  967.5    5.3   10.0   77.0  444.0
2018 123  5  3 2100  -28.0  968.4    5.1   35.0   76.0  444.0
2018 124  5  4 0000  -28.8  969.4    6.1   45.0   76.0  444.0
2018 124  5  4 0300  -29.2  970.1    4.8   74.0   75.0  444.0
2018 124  5  4 0600  -30.5  970.7    5.3   96.0   73.0  444.0
2018 124  5  4 0900  -30.1  971.6    4.5   90.0   74.0  444.0
2018 124  5  4 1200  -30.9  972.5    4.1   94.0   75.0  444.0
2018 124  5  4 1500  -31.0  973.7    3.1  100.0   73.0  444.0
2018 124  5  4 1800  -32.7  975.2    2.5  146.0   71.0  444.0
2018 124  5  4 2100  -37.1  976.4    3.8  146.0   66.0  444.0
2018 125  5  5 0000  -40.8  978.2    2.1  205.0   62.0  444.0
2018 125  5  5 0300  -37.5  978.8    3.1  154.0   66.0  444.0
2018 125  5  5 0600  -36.4  979.9    3.4  168.0   67.0  444.0
2018 125  5  5 0900  -36.7  980.4    0.6  205.0   66.0  444.0
2018 125  5  5 1200  -37.1  980.8    1.5  208.0   66.0  444.0
2018 125  5  5 1500  -40.3  980.6    0.4   43.0   61.0  444.0
2018 125  5  5 1800  -40.1  979.9    1.6  360.0   63.0  444.0
2018 125  5  5 2100  -38.5  979.1    0.0  352.0   64.0  444.0
2018 126  5  6 0000  -38.1  978.8    1.7  338.0   64.0  444.0
2018 126  5  6 0300  -39.2  977.2    1.0  233.0   64.0  444.0
2018 126  5  6 0600  -39.5  976.2    1.3  248.0   64.0  444.0
2018 126  5  6 0900  -38.1  975.0    0.0  352.0   65.0  444.0
2018 126  5  6 1200  -38.5  974.5    1.6  217.0   65.0  444.0
2018 126  5  6 1500  -37.6  973.6    2.0  106.0   66.0  444.0
2018 126  5  6 1800  -42.6  973.3    2.1   91.0   61.0  444.0
2018 126  5  6 2100  -42.1  973.7    1.3  120.0   60.0  444.0
2018 127  5  7 0000  -45.1  973.5    3.6  110.0   57.0  444.0
2018 127  5  7 0300  -46.0  973.8    2.0  103.0   56.0  444.0
2018 127  5  7 0600  -43.7  974.0    1.5  120.0   59.0  444.0
2018 127  5  7 0900  -46.9  974.5    2.1  184.0   56.0  444.0
2018 127  5  7 1200  -47.2  975.2    2.8  147.0   54.0  444.0
2018 127  5  7 1500  -49.4  975.7    2.5  163.0   53.0  444.0
2018 127  5  7 1800  -50.7  976.5    1.6  187.0   51.0  444.0
2018 127  5  7 2100  -50.9  977.5    2.5  237.0   51.0  444.0
2018 128  5  8 0000  -51.2  977.7    1.9  204.0   50.0  444.0
2018 128  5  8 0300  -53.1  978.0    1.7  210.0   48.0  444.0
2018 128  5  8 0600  -54.4  978.0    1.5  238.0   47.0  444.0
2018 128  5  8 0900  -54.8  978.2    1.1  257.0   46.0  444.0
2018 128  5  8 1200  -55.6  978.2    1.2  229.0   45.0  444.0
2018 128  5  8 1500  -55.9  977.9    1.2  243.0   45.0  444.0
2018 128  5  8 1800  -55.9  977.5    0.0  352.0   45.0  444.0
2018 128  5  8 2100  -55.5  977.6    1.3   62.0   45.0  444.0
2018 129  5  9 0000  -54.7  976.9    0.2    1.0   47.0  444.0
2018 129  5  9 0300  -55.5  976.0    2.3  179.0   45.0  444.0
2018 129  5  9 0600  -54.6  974.9    2.3  140.0   46.0  444.0
2018 129  5  9 0900  -53.4  973.2    3.1  123.0   48.0  444.0
2018 129  5  9 1200  -53.5  971.4    4.3  135.0   48.0  444.0
2018 129  5  9 1500  -50.4  970.0    4.5  134.0   50.0  444.0
2018 129  5  9 1800  -50.9  968.6    4.7  150.0   49.0  444.0
2018 129  5  9 2100  -51.9  966.7    3.8  177.0   49.0  444.0
2018 130  5 10 0000  -53.5  964.9    3.2  188.0   47.0  444.0
2018 130  5 10 0300  -53.7  963.1    3.0  191.0   47.0  444.0
2018 130  5 10 0600  -54.1  961.7    2.0  198.0   46.0  444.0
2018 130  5 10 0900  -55.2  960.7    1.7  212.0   46.0  444.0
2018 130  5 10 1200  -55.3  959.9    1.6  232.0   45.0  444.0
2018 130  5 10 1500  -54.4  959.3    1.3  217.0   47.0  444.0
2018 130  5 10 1800  -55.4  958.3    1.2  292.0   45.0  444.0
2018 130  5 10 2100  -55.4  957.4    1.1  306.0   45.0  444.0
2018 131  5 11 0000  -55.3  956.9    0.5   91.0   44.0  444.0
2018 131  5 11 0300  -54.6  956.6    2.0  120.0   46.0  444.0
2018 131  5 11 0600  -52.9  955.7    1.9  190.0   48.0  444.0
2018 131  5 11 0900  -50.3  953.8    2.8  200.0   50.0  444.0
2018 131  5 11 1200  -49.5  953.2    0.5  253.0   50.0  444.0
2018 131  5 11 1500  -49.4  952.0    2.0  234.0   51.0  444.0
2018 131  5 11 1800  -48.2  951.5    1.3  230.0   52.0  444.0
2018 131  5 11 2100  -47.2  951.6    1.1  255.0   53.0  444.0
2018 132  5 12 0000  -47.1  952.0    0.9  238.0   53.0  444.0
2018 132  5 12 0300  -46.2  953.4    1.5   38.0   55.0  444.0
2018 132  5 12 0600  -43.5  953.8    0.3  240.0   58.0  444.0
2018 132  5 12 0900  -37.1  955.0    3.0  206.0   64.0  444.0
2018 132  5 12 1200  -35.1  956.0    2.3  214.0   67.0  444.0
2018 132  5 12 1500  -37.8  956.9    2.2  233.0   64.0  444.0
2018 132  5 12 1800  -35.4  958.6    0.9  308.0   67.0  444.0
2018 132  5 12 2100  -34.2  960.1    0.3  303.0   67.0  444.0
2018 133  5 13 0000  -37.6  962.1    2.2   86.0   64.0  444.0
2018 133  5 13 0300  -29.5  962.4    1.5  205.0   74.0  444.0
2018 133  5 13 0600  -29.0  964.2    3.2  115.0   75.0  444.0
2018 133  5 13 0900  -31.3  964.5    2.0  130.0   72.0  444.0
2018 133  5 13 1200  -33.1  964.8    1.2  128.0   71.0  444.0
2018 133  5 13 1500  -32.6  964.8    0.7  170.0   72.0  444.0
2018 133  5 13 1800  -32.0  965.0    0.7  194.0   71.0  444.0
2018 133  5 13 2100  -31.5  964.1    0.9  195.0   72.0  444.0
2018 134  5 14 0000  -30.3  963.6    0.7  206.0   73.0  444.0
2018 134  5 14 0300  -30.0  962.6    0.1  261.0   74.0  444.0
2018 134  5 14 0600  -31.2  961.4  444.0  444.0   72.0  444.0
2018 134  5 14 0900  -35.8  961.2  444.0  444.0   68.0  444.0
2018 134  5 14 1200  -38.0  961.7  444.0  444.0   66.0  444.0
2018 134  5 14 1500  -32.9  962.3  444.0  444.0   71.0  444.0
2018 134  5 14 1800  -30.0  963.3  444.0  444.0   74.0  444.0
2018 134  5 14 2100  -30.4  965.3  444.0  444.0   73.0  444.0
2018 135  5 15 0000  -30.0  967.2  444.0  444.0   74.0  444.0
2018 135  5 15 0300  -26.6  969.1  444.0  444.0   77.0  444.0
2018 135  5 15 0600  -24.1  970.8  444.0  444.0   80.0  444.0
2018 135  5 15 0900  -18.9  972.1    0.0   42.0   85.0  444.0
2018 135  5 15 1200  -18.6  974.9    0.0   55.0   86.0  444.0
2018 135  5 15 1500  -18.9  976.7  444.0  444.0   86.0  444.0
2018 135  5 15 1800  -20.0  978.8  444.0  444.0   84.0  444.0
2018 135  5 15 2100  -24.0  980.0    0.0   90.0   80.0  444.0
2018 136  5 16 0000  -24.4  980.5  444.0  444.0   80.0  444.0
2018 136  5 16 0300  -23.1  979.5  444.0  444.0   81.0  444.0
2018 136  5 16 0600  -25.5  978.3  444.0  444.0   78.0  444.0
2018 136  5 16 0900  -25.8  977.8  444.0  444.0   78.0  444.0
2018 136  5 16 1200  -27.9  977.3  444.0  444.0   76.0  444.0
2018 136  5 16 1500  -30.7  977.4  444.0  444.0   73.0  444.0
2018 136  5 16 1800  -30.9  978.2    0.0  352.0   73.0  444.0
2018 136  5 16 2100  -32.8  980.1    0.0  337.0   71.0  444.0
2018 137  5 17 0000  -28.2  982.2  444.0  444.0   77.0  444.0
2018 137  5 17 0300  -27.4  984.0  444.0  444.0   77.0  444.0
2018 137  5 17 0600  -28.4  986.8  444.0  444.0   76.0  444.0
2018 137  5 17 0900  -27.0  989.4  444.0  444.0   77.0  444.0
2018 137  5 17 1200  -26.2  991.6  444.0  444.0   78.0  444.0
2018 137  5 17 1500  -29.2  993.2  444.0  444.0   75.0  444.0
2018 137  5 17 1800  -32.1  994.7  444.0  444.0   72.0  444.0
2018 137  5 17 2100  -31.3  995.3  444.0  444.0   72.0  444.0
2018 138  5 18 0000  -29.8  995.7  444.0  444.0   73.0  444.0
2018 138  5 18 0300  -31.8  995.1  444.0  444.0   72.0  444.0
2018 138  5 18 0600  -32.8  994.6  444.0  444.0   71.0  444.0
2018 138  5 18 0900  -37.5  993.7  444.0  444.0   66.0  444.0
2018 138  5 18 1200  -39.0  992.9  444.0  444.0   65.0  444.0
2018 138  5 18 1500  -41.8  991.7  444.0  444.0   61.0  444.0
2018 138  5 18 1800  -40.0  991.2  444.0  444.0   63.0  444.0
2018 138  5 18 2100  -42.0  990.6  444.0  444.0   61.0  444.0
2018 139  5 19 0000  -41.9  990.1  444.0  444.0   61.0  444.0
2018 139  5 19 0300  -40.9  989.0  444.0  444.0   61.0  444.0
2018 139  5 19 0600  -38.2  988.6  444.0  444.0   65.0  444.0
2018 139  5 19 0900  -37.6  987.5  444.0  444.0   66.0  444.0
2018 139  5 19 1200  -39.1  986.6  444.0  444.0   64.0  444.0
2018 139  5 19 1500  -39.9  985.2  444.0  444.0   63.0  444.0
2018 139  5 19 1800  -40.2  983.9  444.0  444.0   62.0  444.0
2018 139  5 19 2100  -42.2  982.9  444.0  444.0   61.0  444.0
2018 140  5 20 0000  -39.1  981.9  444.0  444.0   66.0  444.0
2018 140  5 20 0300  -36.5  980.6  444.0  444.0   67.0  444.0
2018 140  5 20 0600  -34.9  980.2  444.0  444.0   68.0  444.0
2018 140  5 20 0900  -33.6  979.7  444.0  444.0   70.0  444.0
2018 140  5 20 1200  -33.5  979.9  444.0  444.0   70.0  444.0
2018 140  5 20 1500  -36.5  979.9  444.0  444.0   67.0  444.0
2018 140  5 20 1800  -40.1  980.3  444.0  444.0   62.0  444.0
2018 140  5 20 2100  -43.3  981.3  444.0  444.0   59.0  444.0
2018 141  5 21 0000  -44.4  982.1  444.0  444.0   58.0  444.0
2018 141  5 21 0300  -40.8  983.0  444.0  444.0   61.0  444.0
2018 141  5 21 0600  -43.3  984.5  444.0  444.0   59.0  444.0
2018 141  5 21 0900  -45.7  986.4  444.0  444.0   57.0  444.0
2018 141  5 21 1200  -46.3  989.3  444.0  444.0   56.0  444.0
2018 141  5 21 1500  -50.0  991.7  444.0  444.0   52.0  444.0
2018 141  5 21 1800  -51.1  993.9  444.0  444.0   51.0  444.0
2018 141  5 21 2100  -51.0  995.4  444.0  444.0   50.0  444.0
2018 142  5 22 0000  -50.8  996.5  444.0  444.0   51.0  444.0
2018 142  5 22 0300  -50.2  996.2  444.0  444.0   51.0  444.0
2018 142  5 22 0600  -47.2  994.6  444.0  444.0   54.0  444.0
2018 142  5 22 0900  -42.4  992.8    0.0  122.0   59.0  444.0
2018 142  5 22 1200  -37.6  990.5    0.0  129.0   65.0  444.0
2018 142  5 22 1500  -34.6  987.0    0.0  132.0   69.0  444.0
2018 142  5 22 1800  -32.0  984.0    1.1  136.0   72.0  444.0
2018 142  5 22 2100  -28.6  982.4    0.0  147.0   75.0  444.0
2018 143  5 23 0000  -28.8  979.5    0.0  150.0   76.0  444.0
2018 143  5 23 0300  -29.1  977.4    0.0  160.0   74.0  444.0
2018 143  5 23 0600  -34.3  975.4    0.0  173.0   70.0  444.0
2018 143  5 23 0900  -35.8  973.7  444.0  444.0   68.0  444.0
2018 143  5 23 1200  -36.3  972.6  444.0  444.0   67.0  444.0
2018 143  5 23 1500  -33.3  971.8  444.0  444.0   70.0  444.0
2018 143  5 23 1800  -35.2  971.4  444.0  444.0   68.0  444.0
2018 143  5 23 2100  -37.5  972.1  444.0  444.0   66.0  444.0
2018 144  5 24 0000  -39.4  972.4  444.0  444.0   63.0  444.0
2018 144  5 24 0300  -41.0  972.2  444.0  444.0   62.0  444.0
2018 144  5 24 0600  -42.5  971.5  444.0  444.0   60.0  444.0
2018 144  5 24 0900  -42.4  970.5  444.0  444.0   60.0  444.0
2018 144  5 24 1200  -40.9  967.7  444.0  444.0   62.0  444.0
2018 144  5 24 1500  -34.4  966.2  444.0  444.0   69.0  444.0
2018 144  5 24 1800  -33.2  963.0  444.0  444.0   70.0  444.0
2018 144  5 24 2100  -28.2  962.0  444.0  444.0   75.0  444.0
2018 145  5 25 0000  -26.6  962.1  444.0  444.0   77.0  444.0
2018 145  5 25 0300  -24.6  963.0  444.0  444.0   79.0  444.0
2018 145  5 25 0600  -25.2  963.4  444.0  444.0   79.0  444.0
2018 145  5 25 0900  -26.1  965.1  444.0  444.0   78.0  444.0
2018 145  5 25 1200  -29.5  966.6  444.0  444.0   74.0  444.0
2018 145  5 25 1500  -31.8  967.7    0.0  304.0   72.0  444.0
2018 145  5 25 1800  -30.8  968.8  444.0  444.0   74.0  444.0
2018 145  5 25 2100  -30.3  970.2    0.0  323.0   73.0  444.0
2018 146  5 26 0000  -30.2  971.9  444.0  444.0   74.0  444.0
2018 146  5 26 0300  -31.7  973.6  444.0  444.0   72.0  444.0
2018 146  5 26 0600  -31.0  975.9  444.0  444.0   73.0  444.0
2018 146  5 26 0900  -30.1  978.3  444.0  444.0   74.0  444.0
2018 146  5 26 1200  -30.5  981.1  444.0  444.0   74.0  444.0
2018 146  5 26 1500  -32.5  982.9  444.0  444.0   72.0  444.0
2018 146  5 26 1800  -29.8  985.2  444.0  444.0   75.0  444.0
2018 146  5 26 2100  -30.5  987.2  444.0  444.0   73.0  444.0
2018 147  5 27 0000  -33.9  989.0  444.0  444.0   70.0  444.0
2018 147  5 27 0300  -30.6  990.1  444.0  444.0   74.0  444.0
2018 147  5 27 0600  -35.4  990.8  444.0  444.0   68.0  444.0
2018 147  5 27 0900  -36.0  991.6  444.0  444.0   68.0  444.0
2018 147  5 27 1200  -36.6  991.8  444.0  444.0   66.0  444.0
2018 147  5 27 1500  -39.3  991.1  444.0  444.0   64.0  444.0
2018 147  5 27 1800  -42.0  990.5  444.0  444.0   60.0  444.0
2018 147  5 27 2100  -42.6  990.3  444.0  444.0   60.0  444.0
2018 148  5 28 0000  -42.9  989.4  444.0  444.0   60.0  444.0
2018 148  5 28 0300  -45.8  988.3  444.0  444.0   57.0  444.0
2018 148  5 28 0600  -47.2  987.4  444.0  444.0   55.0  444.0
2018 148  5 28 0900  -47.6  986.9  444.0  444.0   54.0  444.0
2018 148  5 28 1200  -49.0  985.3  444.0  444.0   53.0  444.0
2018 148  5 28 1500  -49.0  983.8  444.0  444.0   52.0  444.0
2018 148  5 28 1800  -50.2  981.6  444.0  444.0   51.0  444.0
2018 148  5 28 2100  -50.5  980.8  444.0  444.0   51.0  444.0
2018 149  5 29 0000  -44.6  979.9  444.0  444.0   57.0  444.0
2018 149  5 29 0300  -38.1  979.5  444.0  444.0   64.0  444.0
2018 149  5 29 0600  -39.8  978.6  444.0  444.0   62.0  444.0
2018 149  5 29 0900  -43.6  978.3  444.0  444.0   57.0  444.0
2018 149  5 29 1200  -45.0  978.1  444.0  444.0   57.0  444.0
2018 149  5 29 1500  -46.4  977.6  444.0  444.0   55.0  444.0
2018 149  5 29 1800  -48.2  976.7  444.0  444.0   53.0  444.0
2018 149  5 29 2100  -47.8  975.7  444.0  444.0   54.0  444.0
2018 150  5 30 0000  -48.5  974.5  444.0  444.0   53.0  444.0
2018 150  5 30 0300  -49.4  973.6  444.0  444.0   52.0  444.0
2018 150  5 30 0600  -50.3  973.6  444.0  444.0   51.0  444.0
2018 150  5 30 0900  -51.3  974.3  444.0  444.0   50.0  444.0
2018 150  5 30 1200  -51.0  975.3  444.0  444.0   50.0  444.0
2018 150  5 30 1500  -51.1  976.6  444.0  444.0   50.0  444.0
2018 150  5 30 1800  -51.9  977.3  444.0  444.0   49.0  444.0
2018 150  5 30 2100  -53.0  978.8  444.0  444.0   48.0  444.0
2018 151  5 31 0000  -53.9  979.6  444.0  444.0   49.0  444.0
2018 151  5 31 0300  -54.2  980.6  444.0  444.0   46.0  444.0
2018 151  5 31 0600  -52.9  981.7  444.0  444.0   48.0  444.0
2018 151  5 31 0900  -53.6  982.9  444.0  444.0   47.0  444.0
2018 151  5 31 1200  -53.5  984.1  444.0  444.0   47.0  444.0
2018 151  5 31 1500  -52.8  985.5  444.0  444.0   50.0  444.0
2018 151  5 31 1800  -51.6  986.0  444.0  444.0   49.0  444.0
2018 151  5 31 2100  -49.0  986.8  444.0  444.0   51.0  444.0
