Year: 2018  Month: 06  ID: MGT  ARGOS:  8910  Name: Margaret            
Lat: 80.00S  Lon: 165.01W  Elev:   67m
2018 152  6  1 0000  -49.4  987.1  444.0  444.0   51.0  444.0
2018 152  6  1 0300  -50.4  987.8  444.0  444.0   50.0  444.0
2018 152  6  1 0600  -50.6  987.8  444.0  444.0   50.0  444.0
2018 152  6  1 0900  -51.4  987.2  444.0  444.0   49.0  444.0
2018 152  6  1 1200  -52.0  986.2  444.0  444.0   49.0  444.0
2018 152  6  1 1500  -52.1  985.0  444.0  444.0   48.0  444.0
2018 152  6  1 1800  -52.1  983.8  444.0  444.0   48.0  444.0
2018 152  6  1 2100  -51.7  982.3  444.0  444.0   49.0  444.0
2018 153  6  2 0000  -51.2  980.3  444.0  444.0   49.0  444.0
2018 153  6  2 0300  -47.8  978.0  444.0  444.0   52.0  444.0
2018 153  6  2 0600  -43.6  975.0  444.0  444.0   57.0  444.0
2018 153  6  2 0900  -44.6  972.7  444.0  444.0   56.0  444.0
2018 153  6  2 1200  -43.2  969.3  444.0  444.0   58.0  444.0
2018 153  6  2 1500  -44.8  966.7  444.0  444.0   56.0  444.0
2018 153  6  2 1800  -47.7  964.3  444.0  444.0   53.0  444.0
2018 153  6  2 2100  -47.7  961.6  444.0  444.0   54.0  444.0
2018 154  6  3 0000  -48.5  959.6  444.0  444.0   52.0  444.0
2018 154  6  3 0300  -50.9  956.8  444.0  444.0   50.0  444.0
2018 154  6  3 0600  -53.6  954.3  444.0  444.0   48.0  444.0
2018 154  6  3 0900  -50.9  952.6  444.0  444.0   51.0  444.0
2018 154  6  3 1200  -48.5  952.3  444.0  444.0   53.0  444.0
2018 154  6  3 1500  -43.4  954.3  444.0  444.0   58.0  444.0
2018 154  6  3 1800  -48.6  957.5  444.0  444.0   53.0  444.0
2018 154  6  3 2100  -46.7  960.7  444.0  444.0   54.0  444.0
2018 155  6  4 0000  -42.5  964.3  444.0  444.0   58.0  444.0
2018 155  6  4 0300  -45.5  966.5  444.0  444.0   56.0  444.0
2018 155  6  4 0600  -38.9  968.4  444.0  444.0   64.0  444.0
2018 155  6  4 0900  -31.2  970.1  444.0  444.0   72.0  444.0
2018 155  6  4 1200  -26.0  971.4  444.0  444.0   77.0  444.0
2018 155  6  4 1500  -28.3  974.3  444.0  444.0   75.0  444.0
2018 155  6  4 1800  -28.1  975.3  444.0  444.0   75.0  444.0
2018 155  6  4 2100  -30.6  977.0  444.0  444.0   73.0  444.0
2018 156  6  5 0000  -33.5  977.2  444.0  444.0   69.0  444.0
2018 156  6  5 0300  -38.9  976.8  444.0  444.0   64.0  444.0
2018 156  6  5 0600  -42.8  976.0  444.0  444.0   60.0  444.0
2018 156  6  5 0900  -43.9  975.3  444.0  444.0   59.0  444.0
2018 156  6  5 1200  -42.9  974.3  444.0  444.0   60.0  444.0
2018 156  6  5 1500  -41.8  973.4  444.0  444.0   60.0  444.0
2018 156  6  5 1800  -46.2  972.0  444.0  444.0   56.0  444.0
2018 156  6  5 2100  -46.7  971.6  444.0  444.0   56.0  444.0
2018 157  6  6 0000  -50.1  971.2  444.0  444.0   52.0  444.0
2018 157  6  6 0300  -51.3  970.3  444.0  444.0   50.0  444.0
2018 157  6  6 0600  -50.4  969.5  444.0  444.0   52.0  444.0
2018 157  6  6 0900  -49.6  968.5  444.0  444.0   53.0  444.0
2018 157  6  6 1200  -45.4  967.8  444.0  444.0   57.0  444.0
2018 157  6  6 1500  -42.5  966.6  444.0  444.0   60.0  444.0
2018 157  6  6 1800  -43.0  965.7  444.0  444.0   59.0  444.0
2018 157  6  6 2100  -44.2  965.0  444.0  444.0   57.0  444.0
2018 158  6  7 0000  -47.3  964.3  444.0  444.0   53.0  444.0
2018 158  6  7 0300  -49.8  963.9  444.0  444.0   52.0  444.0
2018 158  6  7 0600  -51.5  963.5  444.0  444.0   50.0  444.0
2018 158  6  7 0900  -53.5  963.3  444.0  444.0   48.0  444.0
2018 158  6  7 1200  -53.4  962.9  444.0  444.0   48.0  444.0
2018 158  6  7 1500  -53.7  962.6  444.0  444.0   48.0  444.0
2018 158  6  7 1800  -53.4  962.3  444.0  444.0   48.0  444.0
2018 158  6  7 2100  -52.3  962.4  444.0  444.0   49.0  444.0
2018 159  6  8 0000  -51.9  961.7  444.0  444.0   49.0  444.0
2018 159  6  8 0300  -50.8  961.0  444.0  444.0   50.0  444.0
2018 159  6  8 0600  -52.2  959.7  444.0  444.0   49.0  444.0
2018 159  6  8 0900  -53.2  956.9  444.0  444.0   48.0  444.0
2018 159  6  8 1200  -53.2  955.0  444.0  444.0   48.0  444.0
2018 159  6  8 1500  -53.4  953.0  444.0  444.0   48.0  444.0
2018 159  6  8 1800  -52.9  950.1  444.0  444.0   48.0  444.0
2018 159  6  8 2100  -50.7  946.8  444.0  444.0   50.0  444.0
2018 160  6  9 0000  -48.4  944.7  444.0  444.0   53.0  444.0
2018 160  6  9 0300  -47.5  943.4  444.0  444.0   53.0  444.0
2018 160  6  9 0600  -48.1  942.5  444.0  444.0   52.0  444.0
2018 160  6  9 0900  -50.5  942.5  444.0  444.0   50.0  444.0
2018 160  6  9 1200  -51.3  944.6  444.0  444.0   50.0  444.0
2018 160  6  9 1500  -50.7  946.4  444.0  444.0   50.0  444.0
2018 160  6  9 1800  -45.4  948.3  444.0  444.0   56.0  444.0
2018 160  6  9 2100  -46.1  950.6  444.0  444.0   55.0  444.0
2018 161  6 10 0000  -49.7  954.1  444.0  444.0   51.0  444.0
2018 161  6 10 0300  -44.6  956.4  444.0  444.0   58.0  444.0
2018 161  6 10 0600  -39.6  958.4  444.0  444.0   62.0  444.0
2018 161  6 10 0900  -36.4  960.3  444.0  444.0   67.0  444.0
2018 161  6 10 1200  -34.5  961.5  444.0  444.0   68.0  444.0
2018 161  6 10 1500  -33.7  962.2  444.0  444.0   70.0  444.0
2018 161  6 10 1800  -33.8  962.7  444.0  444.0   69.0  444.0
2018 161  6 10 2100  -35.5  963.3  444.0  444.0   67.0  444.0
2018 162  6 11 0000  -36.8  963.3  444.0  444.0   67.0  444.0
2018 162  6 11 0300  -34.5  963.4  444.0  444.0   69.0  444.0
2018 162  6 11 0600  -34.0  962.8  444.0  444.0   69.0  444.0
2018 162  6 11 0900  -33.6  962.2  444.0  444.0   70.0  444.0
2018 162  6 11 1200  -33.7  961.9  444.0  444.0   70.0  444.0
2018 162  6 11 1500  -34.9  961.3  444.0  444.0   69.0  444.0
2018 162  6 11 1800  -40.6  961.3  444.0  444.0   61.0  444.0
2018 162  6 11 2100  -43.6  961.5  444.0  444.0   59.0  444.0
2018 163  6 12 0000  -46.7  962.4  444.0  444.0   56.0  444.0
2018 163  6 12 0300  -48.7  963.3  444.0  444.0   53.0  444.0
2018 163  6 12 0600  -49.9  964.7  444.0  444.0   52.0  444.0
2018 163  6 12 0900  -50.4  966.2  444.0  444.0   51.0  444.0
2018 163  6 12 1200  -51.9  967.6  444.0  444.0   50.0  444.0
2018 163  6 12 1500  -52.0  968.8  444.0  444.0   50.0  444.0
2018 163  6 12 1800  -52.6  969.8  444.0  444.0   49.0  444.0
2018 163  6 12 2100  -53.2  971.5  444.0  444.0   48.0  444.0
2018 164  6 13 0000  -54.2  973.1  444.0  444.0   47.0  444.0
2018 164  6 13 0300  -55.2  974.6  444.0  444.0   47.0  444.0
2018 164  6 13 0600  -55.5  976.5  444.0  444.0   46.0  444.0
2018 164  6 13 0900  -55.6  977.0  444.0  444.0   45.0  444.0
2018 164  6 13 1200  -52.8  978.6  444.0  444.0   50.0  444.0
2018 164  6 13 1500  -45.5  979.1  444.0  444.0   57.0  444.0
2018 164  6 13 1800  -36.9  979.3  444.0  444.0   65.0  444.0
2018 164  6 13 2100  -44.3  979.9  444.0  444.0   57.0  444.0
2018 165  6 14 0000  -44.8  979.7  444.0  444.0   57.0  444.0
2018 165  6 14 0300  -47.5  979.2  444.0  444.0   54.0  444.0
2018 165  6 14 0600  -50.0  978.9  444.0  444.0   51.0  444.0
2018 165  6 14 0900  -52.0  979.1  444.0  444.0   50.0  444.0
2018 165  6 14 1200  -52.6  978.5  444.0  444.0   48.0  444.0
2018 165  6 14 1500  -51.7  978.4  444.0  444.0   50.0  444.0
2018 165  6 14 1800  -50.8  978.1  444.0  444.0   51.0  444.0
2018 165  6 14 2100  -51.5  979.0  444.0  444.0   50.0  444.0
2018 166  6 15 0000  -51.8  978.6  444.0  444.0   49.0  444.0
2018 166  6 15 0300  -51.8  978.8  444.0  444.0   49.0  444.0
2018 166  6 15 0600  -51.9  978.8  444.0  444.0   49.0  444.0
2018 166  6 15 0900  -51.7  978.2  444.0  444.0   49.0  444.0
2018 166  6 15 1200  -51.5  977.2  444.0  444.0   50.0  444.0
2018 166  6 15 1500  -51.1  976.1  444.0  444.0   50.0  444.0
2018 166  6 15 1800  -47.3  975.3  444.0  444.0   54.0  444.0
2018 166  6 15 2100  -47.0  975.2  444.0  444.0   54.0  444.0
2018 167  6 16 0000  -47.5  976.4  444.0  444.0   54.0  444.0
2018 167  6 16 0300  -50.6  977.1  444.0  444.0   50.0  444.0
2018 167  6 16 0600  -51.1  978.6  444.0  444.0   50.0  444.0
2018 167  6 16 0900  -45.2  980.4  444.0  444.0   56.0  444.0
2018 167  6 16 1200  -48.1  981.5  444.0  444.0   52.0  444.0
2018 167  6 16 1500  -48.6  982.4  444.0  444.0   52.0  444.0
2018 167  6 16 1800  -40.4  983.2  444.0  444.0   61.0  444.0
2018 167  6 16 2100  -38.6  983.8  444.0  444.0   63.0  444.0
2018 168  6 17 0000  -39.0  983.9  444.0  444.0   62.0  444.0
2018 168  6 17 0300  -40.0  982.9  444.0  444.0   62.0  444.0
2018 168  6 17 0600  -43.2  982.2  444.0  444.0   62.0  444.0
2018 168  6 17 0900  -45.2  981.2  444.0  444.0   56.0  444.0
2018 168  6 17 1200  -45.5  980.0  444.0  444.0   56.0  444.0
2018 168  6 17 1500  -46.4  979.6  444.0  444.0   55.0  444.0
2018 168  6 17 1800  -42.3  978.3  444.0  444.0   60.0  444.0
2018 168  6 17 2100  -43.1  977.5  444.0  444.0   58.0  444.0
2018 169  6 18 0000  -45.6  974.6  444.0  444.0   56.0  444.0
2018 169  6 18 0300  -46.7  972.6  444.0  444.0   55.0  444.0
2018 169  6 18 0600  -46.5  972.0  444.0  444.0   55.0  444.0
2018 169  6 18 0900  -44.3  971.4  444.0  444.0   57.0  444.0
2018 169  6 18 1200  -44.8  972.1  444.0  444.0   57.0  444.0
2018 169  6 18 1500  -44.3  972.9  444.0  444.0   57.0  444.0
2018 169  6 18 1800  -43.3  973.3  444.0  444.0   58.0  444.0
2018 169  6 18 2100  -43.4  974.4  444.0  444.0   58.0  444.0
2018 170  6 19 0000  -44.3  974.3  444.0  444.0   57.0  444.0
2018 170  6 19 0300  -44.3  974.5  444.0  444.0   57.0  444.0
2018 170  6 19 0600  -46.0  974.3  444.0  444.0   55.0  444.0
2018 170  6 19 0900  -45.3  974.8  444.0  444.0   56.0  444.0
2018 170  6 19 1200  -45.1  976.2  444.0  444.0   56.0  444.0
2018 170  6 19 1500  -42.2  978.6  444.0  444.0   59.0  444.0
2018 170  6 19 1800  -40.4  981.2  444.0  444.0   62.0  444.0
2018 170  6 19 2100  -31.6  983.8  444.0  444.0   72.0  444.0
2018 171  6 20 0000  -28.0  986.0  444.0  444.0   76.0  444.0
2018 171  6 20 0300  -31.5  986.9  444.0  444.0   71.0  444.0
2018 171  6 20 0600  -33.8  987.0  444.0  444.0   69.0  444.0
2018 171  6 20 0900  -34.7  987.0  444.0  444.0   69.0  444.0
2018 171  6 20 1200  -35.9  986.0  444.0  444.0   67.0  444.0
2018 171  6 20 1500  -29.9  984.1  444.0  444.0   73.0  444.0
2018 171  6 20 1800  -25.3  982.0  444.0  444.0   77.0  444.0
2018 171  6 20 2100  -29.8  979.6  444.0  444.0   74.0  444.0
2018 172  6 21 0000  -34.4  977.7  444.0  444.0   69.0  444.0
2018 172  6 21 0300  -39.5  977.0  444.0  444.0   64.0  444.0
2018 172  6 21 0600  -40.5  977.3  444.0  444.0   63.0  444.0
2018 172  6 21 0900  -41.5  977.0  444.0  444.0   61.0  444.0
2018 172  6 21 1200  -41.2  977.7  444.0  444.0   61.0  444.0
2018 172  6 21 1500  -42.6  979.0  444.0  444.0   60.0  444.0
2018 172  6 21 1800  -42.2  980.4  444.0  444.0   61.0  444.0
2018 172  6 21 2100  -41.9  982.1  444.0  444.0   60.0  444.0
2018 173  6 22 0000  -39.0  983.9  444.0  444.0   64.0  444.0
2018 173  6 22 0300  -29.8  985.2  444.0  444.0   73.0  444.0
2018 173  6 22 0600  -22.6  986.9  444.0  444.0   81.0  444.0
2018 173  6 22 0900  -22.0  988.6  444.0  444.0   82.0  444.0
2018 173  6 22 1200  -24.5  989.3  444.0  444.0   80.0  444.0
2018 173  6 22 1500  -24.8  990.4  444.0  444.0   80.0  444.0
2018 173  6 22 1800  -24.4  991.0  444.0  444.0   80.0  444.0
2018 173  6 22 2100  -23.8  991.4  444.0  444.0   80.0  444.0
2018 174  6 23 0000  -23.9  991.8  444.0  444.0   80.0  444.0
2018 174  6 23 0300  -25.7  991.5  444.0  444.0   78.0  444.0
2018 174  6 23 0600  -29.7  990.8  444.0  444.0   74.0  444.0
2018 174  6 23 0900  -33.6  990.8  444.0  444.0   70.0  444.0
2018 174  6 23 1200  -34.3  990.5  444.0  444.0   69.0  444.0
2018 174  6 23 1500  -33.8  989.7  444.0  444.0   69.0  444.0
2018 174  6 23 1800  -36.2  989.4  444.0  444.0   67.0  444.0
2018 174  6 23 2100  -38.0  988.4  444.0  444.0   65.0  444.0
2018 175  6 24 0000  -38.1  987.4  444.0  444.0   65.0  444.0
2018 175  6 24 0300  -39.3  986.6  444.0  444.0   64.0  444.0
2018 175  6 24 0600  -39.7  986.1  444.0  444.0   63.0  444.0
2018 175  6 24 0900  -40.0  985.5  444.0  444.0   63.0  444.0
2018 175  6 24 1200  -39.8  984.7  444.0  444.0   63.0  444.0
2018 175  6 24 1500  -38.9  983.9  444.0  444.0   64.0  444.0
2018 175  6 24 1800  -39.0  983.3  444.0  444.0   63.0  444.0
2018 175  6 24 2100  -39.1  983.4  444.0  444.0   63.0  444.0
2018 176  6 25 0000  -38.0  983.1  444.0  444.0   65.0  444.0
2018 176  6 25 0300  -37.5  983.6  444.0  444.0   66.0  444.0
2018 176  6 25 0600  -37.3  984.6  444.0  444.0   66.0  444.0
2018 176  6 25 0900  -35.4  985.5  444.0  444.0   68.0  444.0
2018 176  6 25 1200  -32.2  987.1  444.0  444.0   71.0  444.0
2018 176  6 25 1500  -30.3  988.5  444.0  444.0   73.0  444.0
2018 176  6 25 1800  -33.7  990.2  444.0  444.0   70.0  444.0
2018 176  6 25 2100  -33.0  990.8  444.0  444.0   70.0  444.0
2018 177  6 26 0000  -29.4  992.3  444.0  444.0   74.0  444.0
2018 177  6 26 0300  -29.4  993.0  444.0  444.0   74.0  444.0
2018 177  6 26 0600  -31.2  994.0  444.0  444.0   73.0  444.0
2018 177  6 26 0900  -32.8  995.0  444.0  444.0   71.0  444.0
2018 177  6 26 1200  -33.3  995.2  444.0  444.0   70.0  444.0
2018 177  6 26 1500  -34.0  995.6  444.0  444.0   70.0  444.0
2018 177  6 26 1800  -33.4  994.7  444.0  444.0   70.0  444.0
2018 177  6 26 2100  -34.3  994.5  444.0  444.0   69.0  444.0
2018 178  6 27 0000  -34.7  993.7  444.0  444.0   68.0  444.0
2018 178  6 27 0300  -37.7  993.1  444.0  444.0   65.0  444.0
2018 178  6 27 0600  -40.2  992.5  444.0  444.0   62.0  444.0
2018 178  6 27 0900  -42.2  991.9  444.0  444.0   61.0  444.0
2018 178  6 27 1200  -41.1  992.4  444.0  444.0   62.0  444.0
2018 178  6 27 1500  -38.3  991.4  444.0  444.0   65.0  444.0
2018 178  6 27 1800  -36.3  991.1  444.0  444.0   66.0  444.0
2018 178  6 27 2100  -35.5  990.4  444.0  444.0   68.0  444.0
2018 179  6 28 0000  -31.7  989.5  444.0  444.0   71.0  444.0
2018 179  6 28 0300  -28.7  988.3  444.0  444.0   76.0  444.0
2018 179  6 28 0600  -25.0  987.3  444.0  444.0   79.0  444.0
2018 179  6 28 0900  -24.9  986.7  444.0  444.0   79.0  444.0
2018 179  6 28 1200  -23.0  985.8  444.0  444.0   81.0  444.0
2018 179  6 28 1500  -23.9  985.0  444.0  444.0   80.0  444.0
2018 179  6 28 1800  -24.5  984.4  444.0  444.0   79.0  444.0
2018 179  6 28 2100  -26.6  984.2  444.0  444.0   77.0  444.0
2018 180  6 29 0000  -25.6  983.8  444.0  444.0   78.0  444.0
2018 180  6 29 0300  -25.4  983.6  444.0  444.0   79.0  444.0
2018 180  6 29 0600  -21.5  983.6  444.0  444.0   83.0  444.0
2018 180  6 29 0900  -18.0  983.9  444.0  444.0   85.0  444.0
2018 180  6 29 1200  -21.3  984.1  444.0  444.0   83.0  444.0
2018 180  6 29 1500  -19.0  984.2  444.0  444.0   85.0  444.0
2018 180  6 29 1800  -20.5  984.4  444.0  444.0   83.0  444.0
2018 180  6 29 2100  -22.4  984.6  444.0  444.0   81.0  444.0
2018 181  6 30 0000  -23.3  984.8  444.0  444.0   81.0  444.0
2018 181  6 30 0300  -21.0  985.2  444.0  444.0   84.0  444.0
2018 181  6 30 0600  -20.0  985.8  444.0  444.0   84.0  444.0
2018 181  6 30 0900  -22.8  986.0  444.0  444.0   82.0  444.0
2018 181  6 30 1200  -21.1  986.1  444.0  444.0   82.0  444.0
2018 181  6 30 1500  -21.1  985.4  444.0  444.0   83.0  444.0
2018 181  6 30 1800  -24.3  984.6  444.0  444.0   80.0  444.0
2018 181  6 30 2100  -31.4  983.7  444.0  444.0   73.0  444.0
