Year: 2018  Month: 12  ID: MGT  ARGOS:  8910  Name: Margaret            
Lat: 80.00S  Lon: 165.01W  Elev:   67m
2018 335 12  1 0000  -13.0  970.6    7.5  221.0   62.0  444.0
2018 335 12  1 0300  -12.4  969.0    5.9  199.0   64.0  444.0
2018 335 12  1 0600  -14.7  967.9    2.3  171.0   49.0  444.0
2018 335 12  1 0900  -14.8  966.5    2.6  200.0   78.0  444.0
2018 335 12  1 1200  -14.9  965.4    1.8  123.0   76.0  444.0
2018 335 12  1 1500  -15.6  965.0    3.5  109.0   59.0  444.0
2018 335 12  1 1800  -16.1  965.1    3.1   89.0   50.0  444.0
2018 335 12  1 2100  -15.1  965.1    3.0  116.0   51.0  444.0
2018 336 12  2 0000  -14.5  965.0    3.8  176.0   49.0  444.0
2018 336 12  2 0300  -14.2  964.4    4.8  208.0   61.0  444.0
2018 336 12  2 0600  -15.4  964.9    3.4  235.0   57.0  444.0
2018 336 12  2 0900  -17.9  965.1    2.5  243.0   58.0  444.0
2018 336 12  2 1200  -18.1  966.5    2.3  214.0   71.0  444.0
2018 336 12  2 1500  -17.1  968.6    2.6  229.0   60.0  444.0
2018 336 12  2 1800  -12.8  970.7    4.2  218.0   62.0  444.0
2018 336 12  2 2100  -10.1  973.2    4.6  217.0   59.0  444.0
2018 337 12  3 0000   -8.0  975.6    5.2  219.0   61.0  444.0
2018 337 12  3 0300   -7.7  978.1    5.1  218.0   65.0  444.0
2018 337 12  3 0600   -8.7  980.7    4.1  231.0   66.0  444.0
2018 337 12  3 0900  -10.1  982.8    4.8  232.0   76.0  444.0
2018 337 12  3 1200  -11.2  985.4    5.0  232.0   77.0  444.0
2018 337 12  3 1500  -11.7  987.3    3.9  235.0   67.0  444.0
2018 337 12  3 1800  -10.4  988.8    4.2  211.0   59.0  444.0
2018 337 12  3 2100   -9.4  989.4    3.1  200.0   53.0  444.0
2018 338 12  4 0000  -10.1  989.1    3.9  123.0   60.0  444.0
2018 338 12  4 0300  -11.3  986.9    6.3  105.0   72.0  444.0
2018 338 12  4 0600  -12.3  984.7    6.9  100.0   73.0  444.0
2018 338 12  4 0900  -10.9  981.0   10.2   88.0   81.0  444.0
2018 338 12  4 1200  -13.2  977.8    8.8  102.0   78.0  444.0
2018 338 12  4 1500  -13.4  975.0    8.0  101.0   75.0  444.0
2018 338 12  4 1800  -12.0  971.8    6.4  111.0   71.0  444.0
2018 338 12  4 2100   -8.7  968.5    6.7  114.0   67.0  444.0
2018 339 12  5 0000   -7.3  964.8    9.1  103.0   70.0  444.0
2018 339 12  5 0300   -5.3  961.7    9.0  104.0   75.0  444.0
2018 339 12  5 0600   -4.7  959.4    8.2  113.0   83.0  444.0
2018 339 12  5 0900   -4.8  957.8    8.0  113.0   84.0  444.0
2018 339 12  5 1200   -5.4  957.3    6.4  122.0   86.0  444.0
2018 339 12  5 1500   -7.1  956.8    5.7  141.0   77.0  444.0
2018 339 12  5 1800   -7.3  957.1    6.9   99.0   72.0  444.0
2018 339 12  5 2100   -6.8  957.7    5.6  137.0   67.0  444.0
2018 340 12  6 0000   -6.7  958.1    5.5  145.0   68.0  444.0
2018 340 12  6 0300   -6.0  958.7    5.4  155.0   67.0  444.0
2018 340 12  6 0600   -7.0  959.9    3.2  155.0   68.0  444.0
2018 340 12  6 0900   -9.9  961.1    2.6  180.0   66.0  444.0
2018 340 12  6 1200  -11.8  962.7    1.2   82.0   63.0  444.0
2018 340 12  6 1500  -11.8  964.3    2.4  221.0   90.0  444.0
2018 340 12  6 1800  -12.1  965.8    0.3  223.0   57.0  444.0
2018 340 12  6 2100  444.0  967.5    0.8  251.0   26.0  444.0
2018 341 12  7 0000  444.0  969.1    1.0  284.0   44.0  444.0
2018 341 12  7 0300   -7.1  970.0    1.0   56.0   58.0  444.0
2018 341 12  7 0600   -8.0  971.0    1.8  315.0   83.0  444.0
2018 341 12  7 0900   -8.0  972.2    1.8  347.0   87.0  444.0
2018 341 12  7 1200   -7.3  973.0    2.1  309.0   91.0  444.0
2018 341 12  7 1500   -6.7  973.7    2.2  328.0   85.0  444.0
2018 341 12  7 1800   -6.8  974.4    3.2  346.0   74.0  444.0
2018 341 12  7 2100   -6.3  975.0    2.2  353.0   66.0  444.0
2018 342 12  8 0000   -6.2  975.4    1.1  264.0   34.0  444.0
2018 342 12  8 0300   -5.6  975.3    1.4  140.0   46.0  444.0
2018 342 12  8 0600   -6.2  975.3    1.8  135.0   68.0  444.0
2018 342 12  8 0900   -6.8  975.1    3.1  134.0   83.0  444.0
2018 342 12  8 1200   -7.4  974.7    2.9  126.0   82.0  444.0
2018 342 12  8 1500   -7.6  974.2    3.6  116.0   76.0  444.0
2018 342 12  8 1800   -7.2  973.9    3.8  114.0   68.0  444.0
2018 342 12  8 2100   -6.9  973.7    4.4  123.0   64.0  444.0
2018 343 12  9 0000   -6.6  972.9    4.1  113.0   61.0  444.0
2018 343 12  9 0300   -6.2  972.3    4.6  111.0   65.0  444.0
2018 343 12  9 0600   -5.9  972.2    0.6   99.0   60.0  444.0
2018 343 12  9 0900   -8.2  971.9    2.0  169.0   81.0  444.0
2018 343 12  9 1200   -8.8  971.8    3.4  107.0   79.0  444.0
2018 343 12  9 1500   -9.0  971.6    2.3  102.0   68.0  444.0
2018 343 12  9 1800   -8.5  971.7    2.6  119.0   62.0  444.0
2018 343 12  9 2100   -7.4  972.0    2.4  115.0   52.0  444.0
2018 344 12 10 0000   -6.9  972.5    1.5   94.0   34.0  444.0
2018 344 12 10 0300   -6.6  972.5    0.9  113.0   39.0  444.0
2018 344 12 10 0600   -8.0  972.9    2.1  125.0   68.0  444.0
2018 344 12 10 0900   -8.9  973.3    1.9  178.0   74.0  444.0
2018 344 12 10 1200   -9.1  973.6    1.5  166.0   72.0  444.0
2018 344 12 10 1500   -9.0  973.9    1.7  281.0   80.0  444.0
2018 344 12 10 1800   -8.9  974.2    0.8   20.0   69.0  444.0
2018 344 12 10 2100   -6.7  974.9    0.8   44.0   59.0  444.0
2018 345 12 11 0000   -6.5  975.4    2.0   76.0   48.0  444.0
2018 345 12 11 0300   -5.4  975.3    2.2  114.0   41.0  444.0
2018 345 12 11 0600   -6.5  975.2    1.9  139.0   72.0  444.0
2018 345 12 11 0900   -7.5  975.1    1.8  133.0   76.0  444.0
2018 345 12 11 1200   -7.6  975.4    1.7  117.0   74.0  444.0
2018 345 12 11 1500   -7.4  975.5    0.3  312.0   75.0  444.0
2018 345 12 11 1800   -7.1  975.8    1.7  269.0   59.0  444.0
2018 345 12 11 2100   -6.5  976.1    1.5  238.0   37.0  444.0
2018 346 12 12 0000   -6.0  976.3    2.1  253.0   43.0  444.0
2018 346 12 12 0300   -5.4  976.1    1.8  188.0   56.0  444.0
2018 346 12 12 0600   -7.2  976.3    1.5  141.0   67.0  444.0
2018 346 12 12 0900   -7.6  977.0    1.9  125.0   75.0  444.0
2018 346 12 12 1200   -8.1  977.5    1.8  138.0   80.0  444.0
2018 346 12 12 1500   -8.8  977.7    1.0  103.0   56.0  444.0
2018 346 12 12 1800   -7.3  977.9    2.5  134.0   67.0  444.0
2018 346 12 12 2100   -5.8  977.8    3.0  159.0   60.0  444.0
2018 347 12 13 0000   -5.1  977.5    3.5  122.0   57.0  444.0
2018 347 12 13 0300   -5.6  976.6    4.3   98.0   58.0  444.0
2018 347 12 13 0600   -6.5  976.0    5.1   91.0   71.0  444.0
2018 347 12 13 0900   -7.3  974.9    3.9  125.0   80.0  444.0
2018 347 12 13 1200   -7.8  974.2    1.4  166.0   70.0  444.0
2018 347 12 13 1500   -8.2  973.0    4.3  143.0   75.0  444.0
2018 347 12 13 1800   -8.9  972.0    4.6  179.0   62.0  444.0
2018 347 12 13 2100   -8.6  970.8    4.6  182.0   56.0  444.0
2018 348 12 14 0000   -8.1  969.8    3.6  212.0   60.0  444.0
2018 348 12 14 0300   -8.7  968.5    3.1  247.0   57.0  444.0
2018 348 12 14 0600   -9.4  967.4    3.1  291.0   77.0  444.0
2018 348 12 14 0900   -9.0  966.9    3.9  340.0   76.0  444.0
2018 348 12 14 1200   -8.9  967.1    3.3   15.0   80.0  444.0
2018 348 12 14 1500   -8.8  967.3    1.9   88.0   63.0  444.0
2018 348 12 14 1800  -10.1  967.6    7.2  102.0   54.0  444.0
2018 348 12 14 2100   -9.7  968.1    3.5  104.0   39.0  444.0
2018 349 12 15 0000   -8.2  968.3    5.3  122.0   59.0  444.0
2018 349 12 15 0300   -8.3  968.3    3.2  120.0   56.0  444.0
2018 349 12 15 0600  -10.0  968.5    3.2  155.0   82.0  444.0
2018 349 12 15 0900  -11.8  968.8    3.7  127.0   72.0  444.0
2018 349 12 15 1200  -13.5  969.4    2.0  116.0   64.0  444.0
2018 349 12 15 1500  -13.8  969.8    2.5  133.0   63.0  444.0
2018 349 12 15 1800  -11.7  970.5    2.0   95.0   32.0  444.0
2018 349 12 15 2100   -9.4  971.3    2.7  121.0   47.0  444.0
2018 350 12 16 0000   -7.5  971.6    3.4  149.0   55.0  444.0
2018 350 12 16 0300   -7.0  971.4    3.5  166.0   46.0  444.0
2018 350 12 16 0600   -8.4  971.1    3.1  201.0   65.0  444.0
2018 350 12 16 0900  -11.3  970.7    2.7  208.0   70.0  444.0
2018 350 12 16 1200  -14.1  970.1    2.7  206.0   73.0  444.0
2018 350 12 16 1500  -13.4  968.8    2.6  239.0   64.0  444.0
2018 350 12 16 1800   -9.6  967.4    2.5  244.0   50.0  444.0
2018 350 12 16 2100   -6.7  966.8    2.1  265.0   47.0  444.0
2018 351 12 17 0000   -6.8  966.1    1.8  235.0   30.0  444.0
2018 351 12 17 0300   -6.5  965.3    2.7  173.0   41.0  444.0
2018 351 12 17 0600   -7.4  965.0    2.5  181.0   51.0  444.0
2018 351 12 17 0900   -9.9  964.7    2.7  221.0   67.0  444.0
2018 351 12 17 1200  -10.3  964.2    3.5  201.0   77.0  444.0
2018 351 12 17 1500  -10.7  963.7    3.1  214.0   67.0  444.0
2018 351 12 17 1800  444.0  963.9    0.1  113.0   22.0  444.0
2018 351 12 17 2100   -9.2  966.0    4.3    9.0   75.0  444.0
2018 352 12 18 0000   -7.2  968.5    4.5   34.0   79.0  444.0
2018 352 12 18 0300   -5.5  970.2    3.6   61.0   75.0  444.0
2018 352 12 18 0600   -4.0  972.8    4.0   73.0   75.0  444.0
2018 352 12 18 0900   -4.0  975.6    2.8   54.0   84.0  444.0
2018 352 12 18 1200   -6.3  978.0    2.5   50.0   80.0  444.0
2018 352 12 18 1500   -8.1  979.8    1.8   75.0   46.0  444.0
2018 352 12 18 1800   -7.8  981.4    1.3  356.0   43.0  444.0
2018 352 12 18 2100   -5.8  982.7    2.1  259.0   56.0  444.0
2018 353 12 19 0000   -4.4  982.9    3.7  276.0   61.0  444.0
2018 353 12 19 0300   -7.1  983.1    3.7  226.0   65.0  444.0
2018 353 12 19 0600   -8.0  982.9    3.2  230.0   70.0  444.0
2018 353 12 19 0900   -8.0  982.6    1.5  216.0   81.0  444.0
2018 353 12 19 1200   -7.8  982.4    1.6  262.0   74.0  444.0
2018 353 12 19 1500   -7.8  982.0    0.9  117.0   64.0  444.0
2018 353 12 19 1800   -8.8  982.1    2.2  115.0   61.0  444.0
2018 353 12 19 2100   -8.8  981.7    3.8  101.0   55.0  444.0
2018 354 12 20 0000   -7.9  980.1    4.7  152.0   65.0  444.0
2018 354 12 20 0300   -8.2  977.7    5.2  152.0   75.0  444.0
2018 354 12 20 0600   -8.7  975.3    4.1  193.0   75.0  444.0
2018 354 12 20 0900   -8.1  972.8    1.2  283.0   77.0  444.0
2018 354 12 20 1200   -9.6  972.3    0.5  251.0   64.0  444.0
2018 354 12 20 1500  -11.1  972.1    0.7  237.0   66.0  444.0
2018 354 12 20 1800   -9.4  972.7    3.4   23.0   80.0  444.0
2018 354 12 20 2100   -8.6  975.6    7.3   97.0   56.0  444.0
2018 355 12 21 0000   -8.3  978.1    7.7  103.0   57.0  444.0
2018 355 12 21 0300   -6.9  979.4    3.7  112.0   52.0  444.0
2018 355 12 21 0600   -7.0  980.2    3.1  133.0   61.0  444.0
2018 355 12 21 0900   -9.6  980.6    3.0  129.0   71.0  444.0
2018 355 12 21 1200  -12.4  981.5    2.6  146.0   73.0  444.0
2018 355 12 21 1500  -12.8  981.7    2.4  102.0   55.0  444.0
2018 355 12 21 1800   -9.5  982.1    2.2  110.0   37.0  444.0
2018 355 12 21 2100   -7.3  982.3    4.1   92.0   47.0  444.0
2018 356 12 22 0000   -5.0  982.4    5.2   93.0   56.0  444.0
2018 356 12 22 0300   -4.1  982.3    4.1   82.0   58.0  444.0
2018 356 12 22 0600   -4.8  982.2    3.0  113.0   64.0  444.0
2018 356 12 22 0900   -5.9  982.0    3.7   78.0   76.0  444.0
2018 356 12 22 1200   -9.7  982.0    3.9  125.0   80.0  444.0
2018 356 12 22 1500   -9.1  981.3    3.4  127.0   72.0  444.0
2018 356 12 22 1800  -10.0  980.8    3.2  144.0   73.0  444.0
2018 356 12 22 2100   -6.8  980.2    4.5  129.0   58.0  444.0
2018 357 12 23 0000   -4.9  979.2    5.4  120.0   58.0  444.0
2018 357 12 23 0300   -4.0  977.8    5.2  114.0   69.0  444.0
2018 357 12 23 0600   -4.0  976.9    3.9  124.0   76.0  444.0
2018 357 12 23 0900   -5.7  977.4    1.7    9.0   81.0  444.0
2018 357 12 23 1200   -7.6  977.9    2.9   53.0   87.0  444.0
2018 357 12 23 1500   -7.8  978.1    2.6   49.0   68.0  444.0
2018 357 12 23 1800   -4.6  978.2    1.6   99.0   46.0  444.0
2018 357 12 23 2100   -3.9  978.0    2.3  169.0   47.0  444.0
2018 358 12 24 0000   -3.4  977.5    2.6  123.0   53.0  444.0
2018 358 12 24 0300   -4.0  976.5    1.8   97.0   53.0  444.0
2018 358 12 24 0600   -5.9  975.5    2.0  143.0   84.0  444.0
2018 358 12 24 0900  444.0  974.3    1.0  268.0   61.0  444.0
2018 358 12 24 1200   -7.0  973.0    1.2    5.0   85.0  444.0
2018 358 12 24 1500   -6.0  971.4    2.0  345.0   82.0  444.0
2018 358 12 24 1800   -6.2  970.7    2.3   34.0   83.0  444.0
2018 358 12 24 2100   -5.4  970.7    2.5   89.0   48.0  444.0
2018 359 12 25 0000   -4.5  970.3    3.3  112.0   47.0  444.0
2018 359 12 25 0300   -5.1  969.6    3.7  160.0   52.0  444.0
2018 359 12 25 0600   -5.9  969.3    2.2  178.0   53.0  444.0
2018 359 12 25 0900   -5.8  969.0    1.3  194.0   58.0  444.0
2018 359 12 25 1200   -6.3  969.0    1.7  244.0   64.0  444.0
2018 359 12 25 1500   -6.4  969.0    0.8  125.0   61.0  444.0
2018 359 12 25 1800   -6.1  969.5    1.2  144.0   48.0  444.0
2018 359 12 25 2100   -5.3  969.9    1.0  214.0   34.0  444.0
2018 360 12 26 0000   -4.6  970.3    0.9    1.0   40.0  444.0
2018 360 12 26 0300   -5.9  970.7    3.3  333.0   62.0  444.0
2018 360 12 26 0600   -6.2  971.7    3.5  359.0   66.0  444.0
2018 360 12 26 0900   -8.8  973.1    1.9   60.0   66.0  444.0
2018 360 12 26 1200  -11.4  974.6    4.0  105.0   73.0  444.0
2018 360 12 26 1500   -9.1  975.5    3.8  130.0   80.0  444.0
2018 360 12 26 1800   -6.9  977.0    2.7   96.0   57.0  444.0
2018 360 12 26 2100   -5.7  978.6    2.0   60.0   45.0  444.0
2018 361 12 27 0000   -4.0  979.6    2.6   86.0   46.0  444.0
2018 361 12 27 0300   -4.3  980.2    3.2   91.0   52.0  444.0
2018 361 12 27 0600   -3.6  981.0    3.8   56.0   78.0  444.0
2018 361 12 27 0900   -4.9  981.9    2.8   53.0   86.0  444.0
2018 361 12 27 1200   -6.2  982.6    2.8   92.0   74.0  444.0
2018 361 12 27 1500   -6.6  982.7    2.6   71.0   78.0  444.0
2018 361 12 27 1800   -4.4  982.9    0.9   22.0   54.0  444.0
2018 361 12 27 2100   -3.1  982.8    1.9   70.0   32.0  444.0
2018 362 12 28 0000   -2.3  982.4    1.8   91.0   31.0  444.0
2018 362 12 28 0300  444.0  981.3    1.4  210.0   41.0  444.0
2018 362 12 28 0600   -4.0  980.9    2.2  138.0   68.0  444.0
2018 362 12 28 0900   -7.9  980.1    1.8  184.0   77.0  444.0
2018 362 12 28 1200   -9.5  979.3    1.9  161.0   82.0  444.0
2018 362 12 28 1500  -10.6  978.7    1.3  170.0   71.0  444.0
2018 362 12 28 1800   -8.0  978.3    2.5  176.0   57.0  444.0
2018 362 12 28 2100   -6.6  977.5    2.3  170.0   47.0  444.0
2018 363 12 29 0000   -5.6  977.2    2.4  186.0   50.0  444.0
2018 363 12 29 0300   -4.6  976.6    2.3  166.0   51.0  444.0
2018 363 12 29 0600   -5.4  976.3    1.4  182.0   70.0  444.0
2018 363 12 29 0900   -5.9  976.1    1.8  192.0   79.0  444.0
2018 363 12 29 1200   -7.1  976.2    1.6  206.0   85.0  444.0
2018 363 12 29 1500   -7.4  976.0    0.8  246.0   71.0  444.0
2018 363 12 29 1800   -7.0  976.3    1.1  266.0   58.0  444.0
2018 363 12 29 2100   -5.3  976.3    1.0  278.0   50.0  444.0
2018 364 12 30 0000   -5.3  976.7    2.0  243.0   45.0  444.0
2018 364 12 30 0300   -4.5  976.6    0.9  195.0   41.0  444.0
2018 364 12 30 0600   -5.5  976.6    1.9  163.0   63.0  444.0
2018 364 12 30 0900   -5.8  976.6    2.3  178.0   70.0  444.0
2018 364 12 30 1200   -5.2  976.8    1.7  155.0   71.0  444.0
2018 364 12 30 1500   -5.1  976.6    1.6  154.0   63.0  444.0
2018 364 12 30 1800   -4.6  976.6    1.4  180.0   54.0  444.0
2018 364 12 30 2100   -4.7  976.6    1.8  178.0   48.0  444.0
2018 365 12 31 0000   -4.4  976.7    1.0  199.0   38.0  444.0
2018 365 12 31 0300   -5.0  976.4    1.7  125.0   49.0  444.0
2018 365 12 31 0600   -5.3  976.5    1.6  166.0   65.0  444.0
2018 365 12 31 0900   -6.1  976.5    3.2  162.0   81.0  444.0
2018 365 12 31 1200   -5.9  976.5    3.3  158.0   86.0  444.0
2018 365 12 31 1500   -6.1  976.6    5.3  149.0   87.0  444.0
2018 365 12 31 1800   -5.8  976.5    5.0  162.0   71.0  444.0
2018 365 12 31 2100   -5.4  976.7    3.3  134.0   62.0  444.0
