Year: 2018  Month: 12  ID: MIZ  ARGOS: 21359  Name: Mizuho              
Lat: 70.70S  Lon:  44.30E  Elev: 2260m
2018 335 12  1 0000  -28.6  740.5    7.1   93.0  444.0  444.0
2018 335 12  1 0300  -25.3  741.4    8.1   89.0  444.0  444.0
2018 335 12  1 0600  -20.6  742.6    9.3   87.0  444.0  444.0
2018 335 12  1 0900  -17.1  744.1    8.1   75.0  444.0  444.0
2018 335 12  1 1200  -14.5  745.1    7.8   72.0  444.0  444.0
2018 335 12  1 1500  -16.5  746.3    4.3   86.0  444.0  444.0
2018 335 12  1 1800  -23.1  747.1    4.5  107.0  444.0  444.0
2018 335 12  1 2100  -27.9  748.0    6.0  103.0  444.0  444.0
2018 336 12  2 0000  -28.3  748.6    8.1   97.0  444.0  444.0
2018 336 12  2 0300  -26.3  748.6    8.8   96.0  444.0  444.0
2018 336 12  2 0600  -21.3  748.6    8.8   89.0  444.0  444.0
2018 336 12  2 0900  -17.9  748.4    7.1   96.0  444.0  444.0
2018 336 12  2 1200  -14.5  748.0    4.8   87.0  444.0  444.0
2018 336 12  2 1500  -15.4  747.8    2.5   91.0  444.0  444.0
2018 336 12  2 1800  -22.8  747.8    5.0  111.0  444.0  444.0
2018 336 12  2 2100  -27.5  748.2    7.1  111.0  444.0  444.0
2018 337 12  3 0000  -29.0  747.8    6.6  107.0  444.0  444.0
2018 337 12  3 0300  -25.3  746.8    8.1   98.0  444.0  444.0
2018 337 12  3 0600  -20.1  745.9    8.1  100.0  444.0  444.0
2018 337 12  3 0900  -18.3  745.1    8.6   90.0  444.0  444.0
2018 337 12  3 1200  -16.1  744.1    7.8   89.0  444.0  444.0
2018 337 12  3 1500  -17.1  742.7    6.3   89.0  444.0  444.0
2018 337 12  3 1800  -22.5  741.6    6.3  107.0  444.0  444.0
2018 337 12  3 2100  -25.8  740.2    8.1  100.0  444.0  444.0
2018 338 12  4 0000  -26.3  737.5   12.6  103.0  444.0  444.0
2018 338 12  4 0300  -24.5  734.6   14.6   93.0  444.0  444.0
2018 338 12  4 0600  -21.3  731.9   16.6   98.0  444.0  444.0
2018 338 12  4 0900  -17.6  731.3   13.9   80.0  444.0  444.0
2018 338 12  4 1200  -16.3  731.6   13.9   79.0  444.0  444.0
2018 338 12  4 1500  -16.5  732.2   10.1   86.0  444.0  444.0
2018 338 12  4 1800  -18.3  734.0    8.1   84.0  444.0  444.0
2018 338 12  4 2100  -18.9  735.1    8.8   97.0  444.0  444.0
2018 339 12  5 0000  -19.3  735.5   10.1   97.0  444.0  444.0
2018 339 12  5 0300  -18.9  735.8   13.9   90.0  444.0  444.0
2018 339 12  5 0600  -17.1  736.8   11.3   82.0  444.0  444.0
2018 339 12  5 0900  -14.8  737.3   11.8   65.0  444.0  444.0
2018 339 12  5 1200  -14.8  738.3    8.8   59.0  444.0  444.0
2018 339 12  5 1500  -15.9  739.0    6.3   58.0  444.0  444.0
2018 339 12  5 1800  -17.6  739.9    5.0   60.0  444.0  444.0
2018 339 12  5 2100  -19.3  740.8    5.8   79.0  444.0  444.0
2018 340 12  6 0000  -19.5  740.8    8.8   80.0  444.0  444.0
2018 340 12  6 0300  -18.1  740.2    9.6   89.0  444.0  444.0
2018 340 12  6 0600  -16.1  739.6   11.6   93.0  444.0  444.0
2018 340 12  6 0900  -15.5  738.5   10.8   96.0  444.0  444.0
2018 340 12  6 1200  -13.0  738.0   12.6   91.0  444.0  444.0
2018 340 12  6 1500  -14.5  737.4    7.8   94.0  444.0  444.0
2018 340 12  6 1800  -18.9  737.8    9.1   97.0  444.0  444.0
2018 340 12  6 2100  -21.5  738.1   12.6   96.0  444.0  444.0
2018 341 12  7 0000  -22.9  737.7   11.8   97.0  444.0  444.0
2018 341 12  7 0300  -21.1  736.7    8.8   97.0  444.0  444.0
2018 341 12  7 0600  -17.4  735.8   12.9  101.0  444.0  444.0
2018 341 12  7 0900  -15.3  735.3   12.3  100.0  444.0  444.0
2018 341 12  7 1200  -14.0  735.1    9.3   98.0  444.0  444.0
2018 341 12  7 1500  -15.5  734.8    8.3  103.0  444.0  444.0
2018 341 12  7 1800  -19.8  735.1    8.8  117.0  444.0  444.0
2018 341 12  7 2100  -23.6  735.6    8.1  108.0  444.0  444.0
2018 342 12  8 0000  -25.3  735.7    8.8  110.0  444.0  444.0
2018 342 12  8 0300  -23.4  735.6    9.6  111.0  444.0  444.0
2018 342 12  8 0600  -19.8  735.3    9.6   93.0  444.0  444.0
2018 342 12  8 0900  -17.9  736.0   10.8   93.0  444.0  444.0
2018 342 12  8 1200  -16.9  736.5    9.3   91.0  444.0  444.0
2018 342 12  8 1500  -17.9  737.2    8.1   90.0  444.0  444.0
2018 342 12  8 1800  -22.1  737.7    6.8  110.0  444.0  444.0
2018 342 12  8 2100  -26.6  738.3    8.1  103.0  444.0  444.0
2018 343 12  9 0000  -24.9  739.0    4.8   93.0  444.0  444.0
2018 343 12  9 0300  -22.1  739.1    3.5  105.0  444.0  444.0
2018 343 12  9 0600  -16.8  739.2    3.3   83.0  444.0  444.0
2018 343 12  9 0900  -15.5  739.4    4.3    8.0  444.0  444.0
2018 343 12  9 1200  -16.5  740.1    4.8  360.0  444.0  444.0
2018 343 12  9 1500  -16.4  740.9    3.3   13.0  444.0  444.0
2018 343 12  9 1800  -21.3  741.8    3.0   80.0  444.0  444.0
2018 343 12  9 2100  -25.5  742.6    6.0   91.0  444.0  444.0
2018 344 12 10 0000  -24.5  743.0    7.3   93.0  444.0  444.0
2018 344 12 10 0300  -24.3  742.6    6.0  107.0  444.0  444.0
2018 344 12 10 0600  -21.4  741.5    6.8  111.0  444.0  444.0
2018 344 12 10 0900  -19.6  739.7    8.3   97.0  444.0  444.0
2018 344 12 10 1200  -17.8  739.0    9.3   84.0  444.0  444.0
2018 344 12 10 1500  -17.3  739.6    8.1   87.0  444.0  444.0
2018 344 12 10 1800  -21.9  740.0    6.3  108.0  444.0  444.0
2018 344 12 10 2100  -24.9  740.7    8.6  105.0  444.0  444.0
2018 345 12 11 0000  -25.5  741.3   11.3  111.0  444.0  444.0
2018 345 12 11 0300  -23.6  741.4   10.6  111.0  444.0  444.0
2018 345 12 11 0600  -19.5  741.3   11.6  108.0  444.0  444.0
2018 345 12 11 0900  -16.8  741.4   11.6  104.0  444.0  444.0
2018 345 12 11 1200  -15.5  742.1   12.3  105.0  444.0  444.0
2018 345 12 11 1500  -16.3  742.4   11.6  110.0  444.0  444.0
2018 345 12 11 1800  -19.8  742.6   10.8  122.0  444.0  444.0
2018 345 12 11 2100  -23.3  742.8   10.8  110.0  444.0  444.0
2018 346 12 12 0000  -24.3  742.4   11.8  101.0  444.0  444.0
2018 346 12 12 0300  -22.0  741.6   11.1  104.0  444.0  444.0
2018 346 12 12 0600  -18.8  740.7   13.1  101.0  444.0  444.0
2018 346 12 12 0900  -17.1  740.7   14.6  100.0  444.0  444.0
2018 346 12 12 1200  -16.1  740.2   12.6   98.0  444.0  444.0
2018 346 12 12 1500  -17.1  740.1   11.3  100.0  444.0  444.0
2018 346 12 12 1800  -20.3  740.2   12.6  101.0  444.0  444.0
2018 346 12 12 2100  -23.3  740.6   13.1  101.0  444.0  444.0
2018 347 12 13 0000  -23.6  740.2   13.4   98.0  444.0  444.0
2018 347 12 13 0300  -22.1  739.0   16.6  103.0  444.0  444.0
2018 347 12 13 0600  -19.3  737.7   16.6   97.0  444.0  444.0
2018 347 12 13 0900  -16.8  736.9   15.4   91.0  444.0  444.0
2018 347 12 13 1200  -14.9  736.3   11.1   94.0  444.0  444.0
2018 347 12 13 1500  -15.5  735.6   11.1   91.0  444.0  444.0
2018 347 12 13 1800  -19.1  734.9    7.3  103.0  444.0  444.0
2018 347 12 13 2100  -22.1  734.9    9.8  101.0  444.0  444.0
2018 348 12 14 0000  -23.4  734.5   10.8  103.0  444.0  444.0
2018 348 12 14 0300  -21.9  734.1   11.8   97.0  444.0  444.0
2018 348 12 14 0600  -17.9  734.4   11.8   83.0  444.0  444.0
2018 348 12 14 0900  -15.8  735.4   12.1   83.0  444.0  444.0
2018 348 12 14 1200  -13.8  737.0    8.1   72.0  444.0  444.0
2018 348 12 14 1500  -14.4  738.8   10.1   76.0  444.0  444.0
2018 348 12 14 1800  -17.6  740.7    7.8   90.0  444.0  444.0
2018 348 12 14 2100  -22.1  742.5    9.3   89.0  444.0  444.0
2018 349 12 15 0000  -24.0  743.2    8.6   94.0  444.0  444.0
2018 349 12 15 0300  -22.1  742.8    9.3   96.0  444.0  444.0
2018 349 12 15 0600  -17.6  742.2    9.6  100.0  444.0  444.0
2018 349 12 15 0900  -15.0  742.5    7.8   83.0  444.0  444.0
2018 349 12 15 1200  -13.0  742.1    7.8   80.0  444.0  444.0
2018 349 12 15 1500  -13.3  742.1    4.5   90.0  444.0  444.0
2018 349 12 15 1800  -19.1  742.5    5.0   98.0  444.0  444.0
2018 349 12 15 2100  -23.1  743.5    6.0   97.0  444.0  444.0
2018 350 12 16 0000  -24.0  743.7    8.6   96.0  444.0  444.0
2018 350 12 16 0300  -21.3  743.8    7.3   86.0  444.0  444.0
2018 350 12 16 0600  -17.4  743.5    7.8   87.0  444.0  444.0
2018 350 12 16 0900  -15.9  742.8    7.3   83.0  444.0  444.0
2018 350 12 16 1200  -14.0  742.2    6.6   94.0  444.0  444.0
2018 350 12 16 1500  -15.4  741.6    5.3   94.0  444.0  444.0
2018 350 12 16 1800  -21.3  741.0    4.5  107.0  444.0  444.0
2018 350 12 16 2100  -25.0  741.1    6.6  103.0  444.0  444.0
2018 351 12 17 0000  -26.3  740.7    7.3  105.0  444.0  444.0
2018 351 12 17 0300  -23.8  740.6    7.6   94.0  444.0  444.0
2018 351 12 17 0600  -20.3  741.5    9.3   87.0  444.0  444.0
2018 351 12 17 0900  -18.4  741.9    9.6   98.0  444.0  444.0
2018 351 12 17 1200  -15.9  742.1   10.3   93.0  444.0  444.0
2018 351 12 17 1500  -15.9  743.0    9.1   83.0  444.0  444.0
2018 351 12 17 1800  -19.3  744.2    7.1  100.0  444.0  444.0
2018 351 12 17 2100  -21.9  745.9   10.3   89.0  444.0  444.0
2018 352 12 18 0000  -22.5  747.2   10.8   94.0  444.0  444.0
2018 352 12 18 0300  -20.6  748.2   11.1   93.0  444.0  444.0
2018 352 12 18 0600  -16.5  749.2   10.6   89.0  444.0  444.0
2018 352 12 18 0900  -15.4  750.0   10.8  100.0  444.0  444.0
2018 352 12 18 1200  -13.5  749.9    9.8   98.0  444.0  444.0
2018 352 12 18 1500  -14.8  749.7    9.1  107.0  444.0  444.0
2018 352 12 18 1800  -18.4  749.7    5.8  118.0  444.0  444.0
2018 352 12 18 2100  -21.9  749.8    8.8  111.0  444.0  444.0
2018 353 12 19 0000  -22.9  749.3    9.8  108.0  444.0  444.0
2018 353 12 19 0300  -21.9  748.3   11.8  105.0  444.0  444.0
2018 353 12 19 0600  -19.1  747.3   11.6   98.0  444.0  444.0
2018 353 12 19 0900  -16.0  747.2   11.3   94.0  444.0  444.0
2018 353 12 19 1200  -13.8  747.5   10.3   80.0  444.0  444.0
2018 353 12 19 1500  -13.1  748.2    7.1   72.0  444.0  444.0
2018 353 12 19 1800  -16.5  749.1    7.6   82.0  444.0  444.0
2018 353 12 19 2100  -18.4  749.9    9.8   86.0  444.0  444.0
2018 354 12 20 0000  -20.6  750.6    8.8   87.0  444.0  444.0
2018 354 12 20 0300  -20.1  750.8    9.6   86.0  444.0  444.0
2018 354 12 20 0600  -17.9  750.9    9.8   82.0  444.0  444.0
2018 354 12 20 0900  -15.3  751.2    8.3   72.0  444.0  444.0
2018 354 12 20 1200  -12.4  751.9    5.3   73.0  444.0  444.0
2018 354 12 20 1500  -12.9  752.0    3.8   65.0  444.0  444.0
2018 354 12 20 1800  -16.5  752.2    3.0   91.0  444.0  444.0
2018 354 12 20 2100  -19.8  752.4    5.8   89.0  444.0  444.0
2018 355 12 21 0000  -21.0  752.2    5.5   90.0  444.0  444.0
2018 355 12 21 0300  -19.6  751.9    9.6   86.0  444.0  444.0
2018 355 12 21 0600  -18.5  751.0   10.8   91.0  444.0  444.0
2018 355 12 21 0900  -14.9  750.2    8.8   82.0  444.0  444.0
2018 355 12 21 1200  -13.3  749.3    7.1   75.0  444.0  444.0
2018 355 12 21 1500  -13.6  748.0    7.6   70.0  444.0  444.0
2018 355 12 21 1800  -17.1  747.1    6.3   97.0  444.0  444.0
2018 355 12 21 2100  -21.3  746.7    9.3   96.0  444.0  444.0
2018 356 12 22 0000  -21.4  746.0   11.3   96.0  444.0  444.0
2018 356 12 22 0300  -19.6  745.0   10.3   89.0  444.0  444.0
2018 356 12 22 0600  -16.6  744.6   12.6   84.0  444.0  444.0
2018 356 12 22 0900  -14.4  744.9   12.9   77.0  444.0  444.0
2018 356 12 22 1200  -12.0  745.7    8.1   72.0  444.0  444.0
2018 356 12 22 1500  -12.4  746.3    7.3   75.0  444.0  444.0
2018 356 12 22 1800  -14.5  746.3    6.8   93.0  444.0  444.0
2018 356 12 22 2100  -16.3  746.4    6.3  103.0  444.0  444.0
2018 357 12 23 0000  -17.4  746.3    6.3  100.0  444.0  444.0
2018 357 12 23 0300  -18.4  746.3   10.8   96.0  444.0  444.0
2018 357 12 23 0600  -14.8  746.8   10.6   79.0  444.0  444.0
2018 357 12 23 0900  -13.6  747.7   10.1   69.0  444.0  444.0
2018 357 12 23 1200  -10.8  748.5    6.6   68.0  444.0  444.0
2018 357 12 23 1500  -10.5  749.0    3.5   82.0  444.0  444.0
2018 357 12 23 1800  -16.5  748.7    4.3  120.0  444.0  444.0
2018 357 12 23 2100  -19.3  749.2    7.1  103.0  444.0  444.0
2018 358 12 24 0000  -19.3  749.1    9.3  105.0  444.0  444.0
2018 358 12 24 0300  -17.9  748.3   11.1   96.0  444.0  444.0
2018 358 12 24 0600  -14.3  747.5   11.1   97.0  444.0  444.0
2018 358 12 24 0900  -12.0  746.9   10.1   82.0  444.0  444.0
2018 358 12 24 1200   -9.4  746.6    8.1   72.0  444.0  444.0
2018 358 12 24 1500  -10.3  746.3    6.8   80.0  444.0  444.0
2018 358 12 24 1800  -14.5  746.4    5.3   94.0  444.0  444.0
2018 358 12 24 2100  -18.5  746.7    7.6   90.0  444.0  444.0
2018 359 12 25 0000  -17.6  746.8    4.3  114.0  444.0  444.0
2018 359 12 25 0300  -13.8  746.4    6.8  103.0  444.0  444.0
2018 359 12 25 0600  -12.0  746.6    9.1  100.0  444.0  444.0
2018 359 12 25 0900  -10.5  747.2    9.3   79.0  444.0  444.0
2018 359 12 25 1200  -10.3  747.7    7.1   73.0  444.0  444.0
2018 359 12 25 1500  -11.1  747.9    6.8   75.0  444.0  444.0
2018 359 12 25 1800  -12.9  748.3    4.5   79.0  444.0  444.0
2018 359 12 25 2100  -15.0  748.6    6.3   87.0  444.0  444.0
2018 360 12 26 0000  -17.6  748.5    6.8   93.0  444.0  444.0
2018 360 12 26 0300  -16.0  747.7    6.8   94.0  444.0  444.0
2018 360 12 26 0600  -11.1  747.4    8.3   77.0  444.0  444.0
2018 360 12 26 0900  -10.1  746.8    6.8   70.0  444.0  444.0
2018 360 12 26 1200   -8.8  745.8    5.3   86.0  444.0  444.0
2018 360 12 26 1500  -10.3  744.6    5.5   84.0  444.0  444.0
2018 360 12 26 1800  -14.5  744.2    7.8   83.0  444.0  444.0
2018 360 12 26 2100  -17.9  744.1    9.1   89.0  444.0  444.0
2018 361 12 27 0000  -19.1  743.6   10.6   90.0  444.0  444.0
2018 361 12 27 0300  -17.4  743.3   10.8   94.0  444.0  444.0
2018 361 12 27 0600  -13.9  743.6    9.6   82.0  444.0  444.0
2018 361 12 27 0900  -10.9  744.3   10.3   70.0  444.0  444.0
2018 361 12 27 1200   -9.6  744.7   11.1   63.0  444.0  444.0
2018 361 12 27 1500  -10.6  745.0    8.8   69.0  444.0  444.0
2018 361 12 27 1800  -12.1  745.5    6.8   79.0  444.0  444.0
2018 361 12 27 2100  -15.8  745.6    5.8   80.0  444.0  444.0
2018 362 12 28 0000  -16.5  745.4    4.5  103.0  444.0  444.0
2018 362 12 28 0300  -15.0  745.0    8.3   86.0  444.0  444.0
2018 362 12 28 0600  -11.9  745.0    7.6   77.0  444.0  444.0
2018 362 12 28 0900   -9.4  745.3    8.8   68.0  444.0  444.0
2018 362 12 28 1200   -9.6  746.1    7.1   52.0  444.0  444.0
2018 362 12 28 1500  -10.9  746.6    8.8   63.0  444.0  444.0
2018 362 12 28 1800  -12.1  747.5    5.3   77.0  444.0  444.0
2018 362 12 28 2100  -13.8  748.3    3.8   73.0  444.0  444.0
2018 363 12 29 0000  -13.9  748.6    3.3   79.0  444.0  444.0
2018 363 12 29 0300  -13.3  748.6    6.0   91.0  444.0  444.0
2018 363 12 29 0600  -12.0  748.6    7.6   75.0  444.0  444.0
2018 363 12 29 0900  -10.9  748.5    8.6   60.0  444.0  444.0
2018 363 12 29 1200  -12.0  748.4    8.6   27.0  444.0  444.0
2018 363 12 29 1500  -13.6  748.9    6.3   31.0  444.0  444.0
2018 363 12 29 1800  -14.4  749.7    4.3   28.0  444.0  444.0
2018 363 12 29 2100  -15.5  750.5    4.0   46.0  444.0  444.0
2018 364 12 30 0000  -15.4  751.0    3.3   70.0  444.0  444.0
2018 364 12 30 0300  -14.4  750.9    4.0   87.0  444.0  444.0
2018 364 12 30 0600  -13.1  750.3    5.3  103.0  444.0  444.0
2018 364 12 30 0900  -11.8  749.4    8.3   69.0  444.0  444.0
2018 364 12 30 1200  -10.9  747.7   11.8   77.0  444.0  444.0
2018 364 12 30 1500  -11.9  746.3   10.8   77.0  444.0  444.0
2018 364 12 30 1800  -13.1  744.8   10.8   90.0  444.0  444.0
2018 364 12 30 2100  -12.9  743.4    8.6   72.0  444.0  444.0
2018 365 12 31 0000  -12.9  741.8   12.6   68.0  444.0  444.0
2018 365 12 31 0300  -11.8  741.5    7.8   60.0  444.0  444.0
2018 365 12 31 0600   -9.8  741.9    5.8   58.0  444.0  444.0
2018 365 12 31 0900   -8.4  742.3    7.3   46.0  444.0  444.0
2018 365 12 31 1200   -7.8  742.5    4.3   30.0  444.0  444.0
2018 365 12 31 1500   -8.8  742.5    3.0   30.0  444.0  444.0
2018 365 12 31 1800  -12.9  742.2    1.8   76.0  444.0  444.0
2018 365 12 31 2100  -14.9  742.2    4.3   63.0  444.0  444.0
