Year: 2018  Month: 02  ID: MIZ  ARGOS: 21359  Name: Mizuho              
Lat: 70.70S  Lon:  44.30E  Elev: 2260m
2018  32  2  1 0000  -22.2  746.5    7.1   82.0  444.0  444.0
2018  32  2  1 0300  -21.9  746.2    7.3   97.0  444.0  444.0
2018  32  2  1 0600  -19.8  746.0    9.1   87.0  444.0  444.0
2018  32  2  1 0900  -17.4  746.6    6.3   72.0  444.0  444.0
2018  32  2  1 1200  -15.2  746.7    4.8   86.0  444.0  444.0
2018  32  2  1 1500  -16.8  746.4    2.0  100.0  444.0  444.0
2018  32  2  1 1800  -23.2  746.6    4.0  103.0  444.0  444.0
2018  32  2  1 2100  -26.2  747.0    8.3   98.0  444.0  444.0
2018  33  2  2 0000  -27.9  747.4    8.3   89.0  444.0  444.0
2018  33  2  2 0300  -26.2  747.5    9.8   90.0  444.0  444.0
2018  33  2  2 0600  -23.1  747.8    8.1   89.0  444.0  444.0
2018  33  2  2 0900  -20.0  748.3    7.6   96.0  444.0  444.0
2018  33  2  2 1200  -17.4  748.3    7.8   86.0  444.0  444.0
2018  33  2  2 1500  -18.6  748.1    7.3   87.0  444.0  444.0
2018  33  2  2 1800  -23.1  748.1    9.3   87.0  444.0  444.0
2018  33  2  2 2100  -26.0  748.5    9.6   86.0  444.0  444.0
2018  34  2  3 0000  -26.8  748.0   12.1   84.0  444.0  444.0
2018  34  2  3 0300  -25.9  747.4   11.6   87.0  444.0  444.0
2018  34  2  3 0600  -22.6  746.3   13.6   87.0  444.0  444.0
2018  34  2  3 0900  -18.9  745.0   13.9   90.0  444.0  444.0
2018  34  2  3 1200  -16.0  743.6   13.4   80.0  444.0  444.0
2018  34  2  3 1500  -16.1  742.8   13.4   73.0  444.0  444.0
2018  34  2  3 1800  -16.0  743.2   13.1   79.0  444.0  444.0
2018  34  2  3 2100  -15.5  743.6   14.6   76.0  444.0  444.0
2018  35  2  4 0000  -15.2  744.0   12.9   73.0  444.0  444.0
2018  35  2  4 0300  -14.5  745.2   13.1   70.0  444.0  444.0
2018  35  2  4 0600  -13.1  745.9   11.8   83.0  444.0  444.0
2018  35  2  4 0900  -11.1  746.3   13.6   75.0  444.0  444.0
2018  35  2  4 1200  -10.2  746.3   13.6   82.0  444.0  444.0
2018  35  2  4 1500  -10.8  746.8   13.4   79.0  444.0  444.0
2018  35  2  4 1800  -12.0  747.3   12.1   77.0  444.0  444.0
2018  35  2  4 2100  -12.4  747.3   16.9   86.0  444.0  444.0
2018  36  2  5 0000  -12.0  745.2   17.9   69.0  444.0  444.0
2018  36  2  5 0300  -13.1  748.0   18.9   79.0  444.0  444.0
2018  36  2  5 0600  -12.5  749.0   17.9   68.0  444.0  444.0
2018  36  2  5 0900  -12.5  751.1   16.4   56.0  444.0  444.0
2018  36  2  5 1200  -12.4  753.8   12.1   46.0  444.0  444.0
2018  36  2  5 1500  -13.0  755.8    6.6   51.0  444.0  444.0
2018  36  2  5 1800  -14.0  755.7    5.3   77.0  444.0  444.0
2018  36  2  5 2100  -15.8  755.0    6.3   69.0  444.0  444.0
2018  37  2  6 0000  -17.9  755.1    3.5   94.0  444.0  444.0
2018  37  2  6 0300  -16.5  754.3    4.5  100.0  444.0  444.0
2018  37  2  6 0600  -14.1  752.9    5.0   77.0  444.0  444.0
2018  37  2  6 0900  -12.9  751.1    8.3   76.0  444.0  444.0
2018  37  2  6 1200  -12.4  749.2    9.1   70.0  444.0  444.0
2018  37  2  6 1500  -13.0  746.6    8.8   76.0  444.0  444.0
2018  37  2  6 1800  -15.9  743.9    8.8   90.0  444.0  444.0
2018  37  2  6 2100  -17.4  741.2   11.1   87.0  444.0  444.0
2018  38  2  7 0000  -16.9  737.6   12.9   86.0  444.0  444.0
2018  38  2  7 0300  -15.2  736.2   14.6   86.0  444.0  444.0
2018  38  2  7 0600  -12.4  736.0   11.6   62.0  444.0  444.0
2018  38  2  7 0900  -12.6  736.2   12.6   56.0  444.0  444.0
2018  38  2  7 1200  -12.4  736.9   13.6   73.0  444.0  444.0
2018  38  2  7 1500  -13.2  737.5   13.9   69.0  444.0  444.0
2018  38  2  7 1800  -13.5  739.2   10.6   63.0  444.0  444.0
2018  38  2  7 2100  -14.1  741.4    9.6   48.0  444.0  444.0
2018  39  2  8 0000  -14.0  743.6    9.1   38.0  444.0  444.0
2018  39  2  8 0300  -13.8  745.6    5.5   46.0  444.0  444.0
2018  39  2  8 0600  -12.0  746.7    4.8   51.0  444.0  444.0
2018  39  2  8 0900  -10.2  747.7    5.0   56.0  444.0  444.0
2018  39  2  8 1200   -9.6  747.8    5.3   60.0  444.0  444.0
2018  39  2  8 1500  -13.0  747.0    3.0   97.0  444.0  444.0
2018  39  2  8 1800  -17.4  745.0    6.8   94.0  444.0  444.0
2018  39  2  8 2100  -16.8  743.0    9.8   82.0  444.0  444.0
2018  40  2  9 0000  -16.1  740.5    8.1   80.0  444.0  444.0
2018  40  2  9 0300  -15.9  737.9    7.8   82.0  444.0  444.0
2018  40  2  9 0600  -15.0  735.6   10.1   68.0  444.0  444.0
2018  40  2  9 0900  -13.5  733.6    6.3   75.0  444.0  444.0
2018  40  2  9 1200  -12.9  732.4    5.5   41.0  444.0  444.0
2018  40  2  9 1500  -13.2  731.9  444.0  444.0  444.0  444.0
2018  40  2  9 1800  -16.5  732.2  444.0  444.0  444.0  444.0
2018  40  2  9 2100  -15.9  733.0  444.0  444.0  444.0  444.0
2018  41  2 10 0000  -20.0  733.5  444.0  444.0  444.0  444.0
2018  41  2 10 0300  -17.1  733.7  444.0  444.0  444.0  444.0
2018  41  2 10 0600  -15.0  734.1    2.5   41.0  444.0  444.0
2018  41  2 10 0900  -14.4  734.6    2.8   34.0  444.0  444.0
2018  41  2 10 1200  -12.9  735.3    1.8   24.0  444.0  444.0
2018  41  2 10 1500  -13.6  736.1  444.0  444.0  444.0  444.0
2018  41  2 10 1800  -15.2  737.5  444.0  444.0  444.0  444.0
2018  41  2 10 2100  -15.8  739.2    5.5  262.0  444.0  444.0
2018  42  2 11 0000  -16.5  740.2    2.8  252.0  444.0  444.0
2018  42  2 11 0300  -22.8  739.2    0.0  252.0  444.0  444.0
2018  42  2 11 0600  -21.5  738.6    5.8  120.0  444.0  444.0
2018  42  2 11 0900  -19.5  735.5   10.1   97.0  444.0  444.0
2018  42  2 11 1200  -17.9  732.3   11.3   96.0  444.0  444.0
2018  42  2 11 1500  -18.2  729.7   13.6   89.0  444.0  444.0
2018  42  2 11 1800  -18.9  728.2   13.4   82.0  444.0  444.0
2018  42  2 11 2100  -19.1  728.6   14.4   89.0  444.0  444.0
2018  43  2 12 0000  -19.2  729.3   13.1   86.0  444.0  444.0
2018  43  2 12 0300  -19.5  731.1   10.6   93.0  444.0  444.0
2018  43  2 12 0600  -19.1  732.8   13.6   83.0  444.0  444.0
2018  43  2 12 0900  -17.1  735.1   11.3   77.0  444.0  444.0
2018  43  2 12 1200  -15.0  737.5    5.5   75.0  444.0  444.0
2018  43  2 12 1500  -16.4  739.4    7.1   66.0  444.0  444.0
2018  43  2 12 1800  -18.2  741.4    5.5   68.0  444.0  444.0
2018  43  2 12 2100  -21.6  743.1    6.3   80.0  444.0  444.0
2018  44  2 13 0000  -22.1  744.0    7.1   72.0  444.0  444.0
2018  44  2 13 0300  -24.1  744.1    7.6   90.0  444.0  444.0
2018  44  2 13 0600  -22.5  743.7    8.1  100.0  444.0  444.0
2018  44  2 13 0900  -20.9  742.5    8.8  114.0  444.0  444.0
2018  44  2 13 1200  -18.4  741.3    5.3  105.0  444.0  444.0
2018  44  2 13 1500  -19.8  739.7    7.6  104.0  444.0  444.0
2018  44  2 13 1800  -24.2  738.8    8.6  103.0  444.0  444.0
2018  44  2 13 2100  -26.9  737.8    8.8   94.0  444.0  444.0
2018  45  2 14 0000  -27.9  736.7    9.8   90.0  444.0  444.0
2018  45  2 14 0300  -26.4  735.5   11.1   89.0  444.0  444.0
2018  45  2 14 0600  -23.4  734.4   14.4   96.0  444.0  444.0
2018  45  2 14 0900  -20.4  733.7   11.1   89.0  444.0  444.0
2018  45  2 14 1200  -19.1  733.1   13.1   80.0  444.0  444.0
2018  45  2 14 1500  -20.4  732.4   14.4   96.0  444.0  444.0
2018  45  2 14 1800  -23.6  732.4   12.9   97.0  444.0  444.0
2018  45  2 14 2100  -25.9  732.7   11.1   94.0  444.0  444.0
2018  46  2 15 0000  -27.2  732.7   12.6  101.0  444.0  444.0
2018  46  2 15 0300  -27.5  733.0   12.6   89.0  444.0  444.0
2018  46  2 15 0600  -24.0  733.7   11.8   94.0  444.0  444.0
2018  46  2 15 0900  -22.1  734.5   11.6   94.0  444.0  444.0
2018  46  2 15 1200  -22.0  735.2   12.9   91.0  444.0  444.0
2018  46  2 15 1500  -23.1  736.3   10.8   93.0  444.0  444.0
2018  46  2 15 1800  -24.5  737.5   12.1   91.0  444.0  444.0
2018  46  2 15 2100  -25.9  738.8   11.6   86.0  444.0  444.0
2018  47  2 16 0000  -25.5  739.9    9.8   86.0  444.0  444.0
2018  47  2 16 0300  -25.5  740.7    9.3   90.0  444.0  444.0
2018  47  2 16 0600  -21.9  741.8    9.8   90.0  444.0  444.0
2018  47  2 16 0900  -19.9  742.6    9.1   87.0  444.0  444.0
2018  47  2 16 1200  -17.9  743.6    9.8   75.0  444.0  444.0
2018  47  2 16 1500  -20.2  744.1    8.6   94.0  444.0  444.0
2018  47  2 16 1800  -25.5  744.8    8.1   91.0  444.0  444.0
2018  47  2 16 2100  -27.9  745.4    8.8   90.0  444.0  444.0
2018  48  2 17 0000  -29.4  745.5    9.3   90.0  444.0  444.0
2018  48  2 17 0300  -28.6  745.0    7.3   97.0  444.0  444.0
2018  48  2 17 0600  -24.9  744.2    8.1   96.0  444.0  444.0
2018  48  2 17 0900  -22.6  743.5    7.3   97.0  444.0  444.0
2018  48  2 17 1200  -20.1  742.4    7.3   97.0  444.0  444.0
2018  48  2 17 1500  -22.6  740.8    6.0  105.0  444.0  444.0
2018  48  2 17 1800  -28.6  739.6    7.6  101.0  444.0  444.0
2018  48  2 17 2100  -31.9  738.8    7.6  100.0  444.0  444.0
2018  49  2 18 0000  -33.0  737.8    8.8   98.0  444.0  444.0
2018  49  2 18 0300  -31.6  737.3   11.1   94.0  444.0  444.0
2018  49  2 18 0600  -27.5  737.4    9.8   91.0  444.0  444.0
2018  49  2 18 0900  -23.9  737.8    9.3   90.0  444.0  444.0
2018  49  2 18 1200  -21.9  738.8    8.3   80.0  444.0  444.0
2018  49  2 18 1500  -24.4  739.4    7.8   86.0  444.0  444.0
2018  49  2 18 1800  -28.8  740.1    8.6   89.0  444.0  444.0
2018  49  2 18 2100  -31.4  740.9    9.1   82.0  444.0  444.0
2018  50  2 19 0000  -32.6  741.6    9.1   87.0  444.0  444.0
2018  50  2 19 0300  -32.0  741.6    9.1   75.0  444.0  444.0
2018  50  2 19 0600  -27.4  741.6    8.1   82.0  444.0  444.0
2018  50  2 19 0900  -24.1  741.3    7.6   75.0  444.0  444.0
2018  50  2 19 1200  -21.9  740.2    8.1   77.0  444.0  444.0
2018  50  2 19 1500  -24.0  739.1    7.6   82.0  444.0  444.0
2018  50  2 19 1800  -28.5  738.4    8.1   89.0  444.0  444.0
2018  50  2 19 2100  -30.9  737.9   11.3   86.0  444.0  444.0
2018  51  2 20 0000  -32.1  736.8    8.8   97.0  444.0  444.0
2018  51  2 20 0300  -30.5  735.0   12.1   98.0  444.0  444.0
2018  51  2 20 0600  -25.8  734.8   12.1   82.0  444.0  444.0
2018  51  2 20 0900  -21.9  735.3    9.1   82.0  444.0  444.0
2018  51  2 20 1200  -18.6  736.1   10.1   77.0  444.0  444.0
2018  51  2 20 1500  -18.6  737.5    9.6   63.0  444.0  444.0
2018  51  2 20 1800  -20.6  738.9    6.0   59.0  444.0  444.0
2018  51  2 20 2100  -21.4  740.5    5.8   80.0  444.0  444.0
2018  52  2 21 0000  -20.6  741.6    5.8   83.0  444.0  444.0
2018  52  2 21 0300  -21.2  742.0    7.6   84.0  444.0  444.0
2018  52  2 21 0600  -20.4  742.5    7.6   87.0  444.0  444.0
2018  52  2 21 0900  -17.1  742.9    6.8   82.0  444.0  444.0
2018  52  2 21 1200  -16.9  743.1    7.3   87.0  444.0  444.0
2018  52  2 21 1500  -17.2  743.1    4.3   83.0  444.0  444.0
2018  52  2 21 1800  -19.1  743.4    4.0   84.0  444.0  444.0
2018  52  2 21 2100  -23.5  743.3    6.6   94.0  444.0  444.0
2018  53  2 22 0000  -26.2  743.4    6.8   90.0  444.0  444.0
2018  53  2 22 0300  -26.6  743.1    8.6   89.0  444.0  444.0
2018  53  2 22 0600  -22.1  742.9    8.3   86.0  444.0  444.0
2018  53  2 22 0900  -20.1  743.1    9.3   89.0  444.0  444.0
2018  53  2 22 1200  -18.2  743.2    6.8   82.0  444.0  444.0
2018  53  2 22 1500  -20.6  742.9    5.3   93.0  444.0  444.0
2018  53  2 22 1800  -25.0  742.8    6.3   98.0  444.0  444.0
2018  53  2 22 2100  -22.0  742.5    8.8   84.0  444.0  444.0
2018  54  2 23 0000  -23.9  742.1    9.6   83.0  444.0  444.0
2018  54  2 23 0300  -23.6  741.1    8.8   89.0  444.0  444.0
2018  54  2 23 0600  -21.2  740.0    9.6   87.0  444.0  444.0
2018  54  2 23 0900  -19.2  739.2    9.6   79.0  444.0  444.0
2018  54  2 23 1200  -17.4  738.4   10.6   79.0  444.0  444.0
2018  54  2 23 1500  -20.2  737.6    6.8   90.0  444.0  444.0
2018  54  2 23 1800  -23.2  737.8    8.1   98.0  444.0  444.0
2018  54  2 23 2100  -25.5  738.0    9.6   91.0  444.0  444.0
2018  55  2 24 0000  -26.6  738.4   11.6   87.0  444.0  444.0
2018  55  2 24 0300  -25.6  738.9    9.6   86.0  444.0  444.0
2018  55  2 24 0600  -24.9  739.8    7.6   87.0  444.0  444.0
2018  55  2 24 0900  -20.6  740.6    8.1   86.0  444.0  444.0
2018  55  2 24 1200  -18.9  740.6    6.3   97.0  444.0  444.0
2018  55  2 24 1500  -19.8  740.5    7.8   86.0  444.0  444.0
2018  55  2 24 1800  -21.9  739.9    8.3   93.0  444.0  444.0
2018  55  2 24 2100  -25.2  739.2    8.8  108.0  444.0  444.0
2018  56  2 25 0000  -28.1  737.7    9.8   97.0  444.0  444.0
2018  56  2 25 0300  -30.6  735.8   12.3   98.0  444.0  444.0
2018  56  2 25 0600  -29.8  734.5   11.6  100.0  444.0  444.0
2018  56  2 25 0900  -26.2  733.8    9.6   84.0  444.0  444.0
2018  56  2 25 1200  -24.5  733.0    8.8   86.0  444.0  444.0
2018  56  2 25 1500  -27.4  732.7   10.3   96.0  444.0  444.0
2018  56  2 25 1800  -31.0  733.0    9.8   90.0  444.0  444.0
2018  56  2 25 2100  -32.1  733.2    8.6   93.0  444.0  444.0
2018  57  2 26 0000  -35.2  733.2    7.8   90.0  444.0  444.0
2018  57  2 26 0300  -35.9  733.0    7.8  100.0  444.0  444.0
2018  57  2 26 0600  -32.6  733.4    9.3  103.0  444.0  444.0
2018  57  2 26 0900  -30.0  733.5    8.8   98.0  444.0  444.0
2018  57  2 26 1200  -27.5  734.0    7.8   97.0  444.0  444.0
2018  57  2 26 1500  -29.4  734.0    7.3  103.0  444.0  444.0
2018  57  2 26 1800  -33.4  733.7   10.8   98.0  444.0  444.0
2018  57  2 26 2100  -35.0  733.8   11.1   83.0  444.0  444.0
2018  58  2 27 0000  -35.8  733.6    9.6   89.0  444.0  444.0
2018  58  2 27 0300  -35.0  733.0   11.8   86.0  444.0  444.0
2018  58  2 27 0600  -30.9  733.1   12.9   79.0  444.0  444.0
2018  58  2 27 0900  -27.2  733.1   11.6   93.0  444.0  444.0
2018  58  2 27 1200  -25.5  732.9   12.6   96.0  444.0  444.0
2018  58  2 27 1500  -27.0  732.5   11.3   94.0  444.0  444.0
2018  58  2 27 1800  -29.1  732.9   11.1   93.0  444.0  444.0
2018  58  2 27 2100  -30.4  733.1   14.4   94.0  444.0  444.0
2018  59  2 28 0000  -29.1  733.5   10.8   94.0  444.0  444.0
2018  59  2 28 0300  -29.2  733.6   12.1   94.0  444.0  444.0
2018  59  2 28 0600  -26.9  734.2   12.3   84.0  444.0  444.0
2018  59  2 28 0900  -24.1  735.1   10.8   84.0  444.0  444.0
2018  59  2 28 1200  -22.1  735.8    9.8   86.0  444.0  444.0
2018  59  2 28 1500  -24.5  736.4    9.1   89.0  444.0  444.0
2018  59  2 28 1800  -25.5  737.0    9.3   87.0  444.0  444.0
2018  59  2 28 2100  -29.6  737.7    8.8   90.0  444.0  444.0
