Year: 2018  Month: 03  ID: MIZ  ARGOS: 21359  Name: Mizuho              
Lat: 70.70S  Lon:  44.30E  Elev: 2260m
2018  60  3  1 0000  -31.4  737.9    9.1   96.0  444.0  444.0
2018  60  3  1 0300  -29.9  737.8   10.8   91.0  444.0  444.0
2018  60  3  1 0600  -27.9  738.1   10.3   93.0  444.0  444.0
2018  60  3  1 0900  -25.2  738.1   11.6   90.0  444.0  444.0
2018  60  3  1 1200  -23.4  738.5    9.3   91.0  444.0  444.0
2018  60  3  1 1500  -26.0  738.6    7.8   91.0  444.0  444.0
2018  60  3  1 1800  -30.8  739.0    8.3  103.0  444.0  444.0
2018  60  3  1 2100  -33.0  739.2   10.8  100.0  444.0  444.0
2018  61  3  2 0000  -34.8  739.5    8.6  100.0  444.0  444.0
2018  61  3  2 0300  -35.1  739.6   11.1  103.0  444.0  444.0
2018  61  3  2 0600  -30.9  740.0    9.8   98.0  444.0  444.0
2018  61  3  2 0900  -27.2  740.6   10.3  100.0  444.0  444.0
2018  61  3  2 1200  -25.0  741.5    9.3   98.0  444.0  444.0
2018  61  3  2 1500  -27.9  742.2    7.8   96.0  444.0  444.0
2018  61  3  2 1800  -32.0  742.8    8.6   87.0  444.0  444.0
2018  61  3  2 2100  -34.1  743.6    8.1   87.0  444.0  444.0
2018  62  3  3 0000  -35.5  744.1    8.3   91.0  444.0  444.0
2018  62  3  3 0300  -36.1  744.8    8.3   93.0  444.0  444.0
2018  62  3  3 0600  -31.9  745.3    6.8   86.0  444.0  444.0
2018  62  3  3 0900  -27.2  745.9    6.3   82.0  444.0  444.0
2018  62  3  3 1200  -23.6  746.7    3.0   75.0  444.0  444.0
2018  62  3  3 1500  -28.2  746.0    5.0   83.0  444.0  444.0
2018  62  3  3 1800  -32.4  744.9    8.6   84.0  444.0  444.0
2018  62  3  3 2100  -33.1  743.6   11.3   86.0  444.0  444.0
2018  63  3  4 0000  -31.6  741.6    9.3   89.0  444.0  444.0
2018  63  3  4 0300  -28.4  739.6   12.9   84.0  444.0  444.0
2018  63  3  4 0600  -25.0  738.1   12.1   86.0  444.0  444.0
2018  63  3  4 0900  -22.1  737.0   12.3   87.0  444.0  444.0
2018  63  3  4 1200  -20.9  735.9   11.8   89.0  444.0  444.0
2018  63  3  4 1500  -20.8  736.2    8.6   84.0  444.0  444.0
2018  63  3  4 1800  -21.2  736.6    8.6   80.0  444.0  444.0
2018  63  3  4 2100  -23.1  736.9    9.6   96.0  444.0  444.0
2018  64  3  5 0000  -23.8  737.7    8.1   82.0  444.0  444.0
2018  64  3  5 0300  -24.0  738.2    8.6   80.0  444.0  444.0
2018  64  3  5 0600  -23.9  738.5    8.6   87.0  444.0  444.0
2018  64  3  5 0900  -22.5  739.5    8.1   75.0  444.0  444.0
2018  64  3  5 1200  -21.0  740.0    4.5   68.0  444.0  444.0
2018  64  3  5 1500  -22.0  740.4    5.0   69.0  444.0  444.0
2018  64  3  5 1800  -23.6  741.0    4.0   59.0  444.0  444.0
2018  64  3  5 2100  -22.9  741.2    2.8   59.0  444.0  444.0
2018  65  3  6 0000  -23.2  741.6    3.3   27.0  444.0  444.0
2018  65  3  6 0300  -22.5  741.7    2.0  360.0  444.0  444.0
2018  65  3  6 0600  444.0  742.4    0.0  322.0  444.0  444.0
2018  65  3  6 0900  444.0  743.3    0.0  322.0  444.0  444.0
2018  65  3  6 1200  -22.6  743.4    2.3   59.0  444.0  444.0
2018  65  3  6 1500  -25.5  742.6    4.5   72.0  444.0  444.0
2018  65  3  6 1800  -24.6  741.7    5.0   37.0  444.0  444.0
2018  65  3  6 2100  -25.5  741.0    3.3   38.0  444.0  444.0
2018  66  3  7 0000  -27.5  740.2    2.0   56.0  444.0  444.0
2018  66  3  7 0300  -29.0  738.9    4.0   87.0  444.0  444.0
2018  66  3  7 0600  -27.9  738.1    5.5   83.0  444.0  444.0
2018  66  3  7 0900  -28.4  737.0    6.6   90.0  444.0  444.0
2018  66  3  7 1200  -28.5  736.1    7.6   79.0  444.0  444.0
2018  66  3  7 1500  -31.4  735.2    6.8   82.0  444.0  444.0
2018  66  3  7 1800  -35.4  735.0    7.8   79.0  444.0  444.0
2018  66  3  7 2100  -36.2  735.0    8.6   82.0  444.0  444.0
2018  67  3  8 0000  -32.9  734.9    7.6   89.0  444.0  444.0
2018  67  3  8 0300  -32.4  735.0    8.8   77.0  444.0  444.0
2018  67  3  8 0600  -30.2  735.0   10.3   80.0  444.0  444.0
2018  67  3  8 0900  -25.0  735.3    9.6   73.0  444.0  444.0
2018  67  3  8 1200  -22.9  735.6    7.8   69.0  444.0  444.0
2018  67  3  8 1500  -24.2  735.6    9.3   69.0  444.0  444.0
2018  67  3  8 1800  -25.9  735.8    8.3   72.0  444.0  444.0
2018  67  3  8 2100  -28.0  735.7    6.6   68.0  444.0  444.0
2018  68  3  9 0000  -27.4  736.0    7.6   66.0  444.0  444.0
2018  68  3  9 0300  -26.0  736.3    2.8   91.0  444.0  444.0
2018  68  3  9 0600  -24.4  736.8    9.8   62.0  444.0  444.0
2018  68  3  9 0900  -22.6  737.7    0.0    0.0  444.0  444.0
2018  68  3  9 1200  -21.9  737.9    9.8   46.0  444.0  444.0
2018  68  3  9 1500  -22.9  738.7    8.6   51.0  444.0  444.0
2018  68  3  9 1800  -22.8  739.6    7.3   27.0  444.0  444.0
2018  68  3  9 2100  -23.8  740.8    3.0   58.0  444.0  444.0
2018  69  3 10 0000  -27.4  742.3    4.0   69.0  444.0  444.0
2018  69  3 10 0300  -27.9  743.6    2.5   46.0  444.0  444.0
2018  69  3 10 0600  -24.0  746.0    0.8  356.0  444.0  444.0
2018  69  3 10 0900  444.0  747.9    1.0  357.0  444.0  444.0
2018  69  3 10 1200  -21.2  749.7    1.5   27.0  444.0  444.0
2018  69  3 10 1500  -26.6  750.6    3.3   87.0  444.0  444.0
2018  69  3 10 1800  -28.9  751.3    5.5   91.0  444.0  444.0
2018  69  3 10 2100  -29.2  751.8    8.8   89.0  444.0  444.0
2018  70  3 11 0000  -32.0  752.2    0.3  117.0  444.0  444.0
2018  70  3 11 0300  -32.2  751.7   10.3   97.0  444.0  444.0
2018  70  3 11 0600  -29.2  751.6   10.1  104.0  444.0  444.0
2018  70  3 11 0900  -28.0  751.5    9.8  104.0  444.0  444.0
2018  70  3 11 1200  -27.9  750.9    6.8  107.0  444.0  444.0
2018  70  3 11 1500  -30.8  750.1    8.6  104.0  444.0  444.0
2018  70  3 11 1800  -34.8  749.2   11.1  108.0  444.0  444.0
2018  70  3 11 2100  -35.8  748.2   10.1  108.0  444.0  444.0
2018  71  3 12 0000  -36.4  747.2   10.6  110.0  444.0  444.0
2018  71  3 12 0300  -36.8  745.6   11.3  103.0  444.0  444.0
2018  71  3 12 0600  -33.1  744.1   11.6   98.0  444.0  444.0
2018  71  3 12 0900  -31.1  742.8   12.3   94.0  444.0  444.0
2018  71  3 12 1200  -29.0  741.3    0.8   86.0  444.0  444.0
2018  71  3 12 1500  -32.0  739.7   11.1  101.0  444.0  444.0
2018  71  3 12 1800  -33.9  739.3   11.1  100.0  444.0  444.0
2018  71  3 12 2100  -35.5  738.6   12.9   97.0  444.0  444.0
2018  72  3 13 0000  -36.1  737.9   13.6  100.0  444.0  444.0
2018  72  3 13 0300  -37.8  737.8   12.6  104.0  444.0  444.0
2018  72  3 13 0600  -36.1  737.9   11.1  110.0  444.0  444.0
2018  72  3 13 0900  -34.1  738.3   11.8  103.0  444.0  444.0
2018  72  3 13 1200  -32.8  738.5   12.9   98.0  444.0  444.0
2018  72  3 13 1500  -35.4  739.2   12.3  105.0  444.0  444.0
2018  72  3 13 1800  -39.8  739.5   14.1  107.0  444.0  444.0
2018  72  3 13 2100  -40.9  739.9   12.9  114.0  444.0  444.0
2018  73  3 14 0000  -42.1  740.1   10.1  108.0  444.0  444.0
2018  73  3 14 0300  -41.5  739.5   10.3  163.0  444.0  444.0
2018  73  3 14 0600  -39.8  739.8   13.4  107.0  444.0  444.0
2018  73  3 14 0900  -36.5  739.9   12.1  112.0  444.0  444.0
2018  73  3 14 1200  -34.8  740.1   10.8  105.0  444.0  444.0
2018  73  3 14 1500  -37.4  739.5   10.8  110.0  444.0  444.0
2018  73  3 14 1800  -40.0  738.7   11.8  105.0  444.0  444.0
2018  73  3 14 2100  -39.4  736.0   15.9  110.0  444.0  444.0
2018  74  3 15 0000  -36.9  732.9   14.4  104.0  444.0  444.0
2018  74  3 15 0300  -30.6  729.7   15.4   94.0  444.0  444.0
2018  74  3 15 0600  -25.9  727.4   16.1   94.0  444.0  444.0
2018  74  3 15 0900  -21.9  727.2   12.3   84.0  444.0  444.0
2018  74  3 15 1200  -20.4  728.1   10.3   72.0  444.0  444.0
2018  74  3 15 1500  -23.2  728.1   12.9   83.0  444.0  444.0
2018  74  3 15 1800  -22.8  728.8   12.3   86.0  444.0  444.0
2018  74  3 15 2100  -22.8  729.5   15.6   93.0  444.0  444.0
2018  75  3 16 0000  -22.6  730.8   12.3   87.0  444.0  444.0
2018  75  3 16 0300  -22.1  731.7   12.6   75.0  444.0  444.0
2018  75  3 16 0600  -22.0  733.1   13.4   75.0  444.0  444.0
2018  75  3 16 0900  -20.6  735.2   10.6   80.0  444.0  444.0
2018  75  3 16 1200  -19.8  737.2    9.8   72.0  444.0  444.0
2018  75  3 16 1500  -21.0  739.2   10.1   72.0  444.0  444.0
2018  75  3 16 1800  -21.9  740.9   10.3   77.0  444.0  444.0
2018  75  3 16 2100  -25.0  742.7   10.3   86.0  444.0  444.0
2018  76  3 17 0000  -28.4  743.5    8.8   89.0  444.0  444.0
2018  76  3 17 0300  -31.0  743.8   10.3   96.0  444.0  444.0
2018  76  3 17 0600  -29.6  744.0    8.8   97.0  444.0  444.0
2018  76  3 17 0900  -28.8  743.9    7.1  101.0  444.0  444.0
2018  76  3 17 1200  -28.2  743.0    7.3  111.0  444.0  444.0
2018  76  3 17 1500  -33.2  741.7    8.1  112.0  444.0  444.0
2018  76  3 17 1800  -36.2  740.4    7.6  107.0  444.0  444.0
2018  76  3 17 2100  -38.6  739.5    7.6  110.0  444.0  444.0
2018  77  3 18 0000  -39.4  738.3    9.3  104.0  444.0  444.0
2018  77  3 18 0300  -40.1  737.2    8.6  111.0  444.0  444.0
2018  77  3 18 0600  -38.0  736.6    9.8  108.0  444.0  444.0
2018  77  3 18 0900  -33.8  736.2    8.1  107.0  444.0  444.0
2018  77  3 18 1200  -32.0  735.7    8.6  107.0  444.0  444.0
2018  77  3 18 1500  -36.1  735.5    8.6  100.0  444.0  444.0
2018  77  3 18 1800  -39.0  735.5    9.8  104.0  444.0  444.0
2018  77  3 18 2100  -41.0  735.8   10.8  104.0  444.0  444.0
2018  78  3 19 0000  -42.4  736.4    9.3  101.0  444.0  444.0
2018  78  3 19 0300  -42.9  736.2   10.3  101.0  444.0  444.0
2018  78  3 19 0600  -38.8  736.2    9.8   97.0  444.0  444.0
2018  78  3 19 0900  -34.8  736.1   10.1   98.0  444.0  444.0
2018  78  3 19 1200  -33.0  735.9    8.1   91.0  444.0  444.0
2018  78  3 19 1500  -36.9  734.9    7.6   91.0  444.0  444.0
2018  78  3 19 1800  -40.1  733.9    7.6  104.0  444.0  444.0
2018  78  3 19 2100  -42.2  733.1    9.8  100.0  444.0  444.0
2018  79  3 20 0000  -43.5  731.9   10.8  110.0  444.0  444.0
2018  79  3 20 0300  -44.9  731.3   11.1  112.0  444.0  444.0
2018  79  3 20 0600  -42.4  730.9   11.6  105.0  444.0  444.0
2018  79  3 20 0900  -38.5  730.2   11.6   98.0  444.0  444.0
2018  79  3 20 1200  -35.8  729.6   11.6   94.0  444.0  444.0
2018  79  3 20 1500  -37.4  729.1   12.1   89.0  444.0  444.0
2018  79  3 20 1800  -33.4  729.4   12.9   84.0  444.0  444.0
2018  79  3 20 2100  -32.6  730.4   10.6   84.0  444.0  444.0
2018  80  3 21 0000  -30.2  731.6   10.3   84.0  444.0  444.0
2018  80  3 21 0300  -29.8  733.3    8.8   76.0  444.0  444.0
2018  80  3 21 0600  -26.9  735.4    7.1   79.0  444.0  444.0
2018  80  3 21 0900  -20.9  737.4    4.3   73.0  444.0  444.0
2018  80  3 21 1200  -18.2  738.6    3.5   45.0  444.0  444.0
2018  80  3 21 1500  -19.5  740.2    3.5   37.0  444.0  444.0
2018  80  3 21 1800  -20.8  741.7    3.3   27.0  444.0  444.0
2018  80  3 21 2100  -21.0  742.7    3.0   52.0  444.0  444.0
2018  81  3 22 0000  -22.1  743.6    5.5   76.0  444.0  444.0
2018  81  3 22 0300  -23.4  744.3    7.3   70.0  444.0  444.0
2018  81  3 22 0600  -22.6  745.2    7.3   76.0  444.0  444.0
2018  81  3 22 0900  -21.2  746.1    7.1   66.0  444.0  444.0
2018  81  3 22 1200  -21.2  746.7    7.6   65.0  444.0  444.0
2018  81  3 22 1500  -24.6  747.2    8.3   80.0  444.0  444.0
2018  81  3 22 1800  -26.2  748.0    7.3   91.0  444.0  444.0
2018  81  3 22 2100  -26.6  748.1   13.1   84.0  444.0  444.0
2018  82  3 23 0000  -27.2  747.3   10.1  104.0  444.0  444.0
2018  82  3 23 0300  -30.2  746.7   12.9  100.0  444.0  444.0
2018  82  3 23 0600  -29.6  746.1   17.6  101.0  444.0  444.0
2018  82  3 23 0900  -28.4  746.1   14.1  101.0  444.0  444.0
2018  82  3 23 1200  -26.9  746.1   14.9   94.0  444.0  444.0
2018  82  3 23 1500  -28.1  746.5   12.3   90.0  444.0  444.0
2018  82  3 23 1800  -27.9  746.8   12.9   84.0  444.0  444.0
2018  82  3 23 2100  -29.2  747.5   12.6   86.0  444.0  444.0
2018  83  3 24 0000  -29.6  748.2   10.6   90.0  444.0  444.0
2018  83  3 24 0300  -29.6  748.0   12.1   96.0  444.0  444.0
2018  83  3 24 0600  -27.9  747.5   12.1  100.0  444.0  444.0
2018  83  3 24 0900  -24.9  747.6   13.9   90.0  444.0  444.0
2018  83  3 24 1200  -22.9  747.7   10.6   89.0  444.0  444.0
2018  83  3 24 1500  -25.0  747.8    8.3   98.0  444.0  444.0
2018  83  3 24 1800  -22.0  747.9    7.3  101.0  444.0  444.0
2018  83  3 24 2100  -20.2  747.1   11.1   82.0  444.0  444.0
2018  84  3 25 0000  -21.0  746.7   11.1   89.0  444.0  444.0
2018  84  3 25 0300  -19.8  747.2   10.3   96.0  444.0  444.0
2018  84  3 25 0600  -18.8  747.5   13.6   91.0  444.0  444.0
2018  84  3 25 0900  -17.8  749.3    8.3   90.0  444.0  444.0
2018  84  3 25 1200  -17.5  749.4   10.1   90.0  444.0  444.0
2018  84  3 25 1500  -19.1  749.3   11.6   90.0  444.0  444.0
2018  84  3 25 1800  -22.1  750.5   11.1  100.0  444.0  444.0
2018  84  3 25 2100  -25.5  751.7    9.6  108.0  444.0  444.0
2018  85  3 26 0000  -27.9  751.3   13.1   93.0  444.0  444.0
2018  85  3 26 0300  -29.6  752.3   11.1   80.0  444.0  444.0
2018  85  3 26 0600  -28.9  753.7    9.1   96.0  444.0  444.0
2018  85  3 26 0900  -27.2  754.6    8.8   89.0  444.0  444.0
2018  85  3 26 1200  -26.9  755.4    7.8   97.0  444.0  444.0
2018  85  3 26 1500  -30.2  755.6    6.8   89.0  444.0  444.0
2018  85  3 26 1800  -31.6  754.9    8.6   96.0  444.0  444.0
2018  85  3 26 2100  -32.0  753.8   10.1   89.0  444.0  444.0
2018  86  3 27 0000  -32.2  753.3   10.6   96.0  444.0  444.0
2018  86  3 27 0300  -32.4  752.4   11.1   96.0  444.0  444.0
2018  86  3 27 0600  -30.6  751.9   13.6   97.0  444.0  444.0
2018  86  3 27 0900  -26.9  751.3   11.3   96.0  444.0  444.0
2018  86  3 27 1200  -26.8  750.9   11.1  105.0  444.0  444.0
2018  86  3 27 1500  -29.2  749.5   11.8  100.0  444.0  444.0
2018  86  3 27 1800  -31.0  748.4   12.3   91.0  444.0  444.0
2018  86  3 27 2100  -32.0  747.6   11.1   98.0  444.0  444.0
2018  87  3 28 0000  -32.4  746.5   13.1  101.0  444.0  444.0
2018  87  3 28 0300  -33.1  745.6   11.1   90.0  444.0  444.0
2018  87  3 28 0600  -32.6  745.1   11.6  104.0  444.0  444.0
2018  87  3 28 0900  -30.5  744.6   10.3  108.0  444.0  444.0
2018  87  3 28 1200  -31.2  744.4   10.1  105.0  444.0  444.0
2018  87  3 28 1500  -34.0  744.4   10.8   98.0  444.0  444.0
2018  87  3 28 1800  -36.8  744.5   10.8  110.0  444.0  444.0
2018  87  3 28 2100  -38.8  744.4   13.9  110.0  444.0  444.0
2018  88  3 29 0000  -40.4  744.2   10.8  105.0  444.0  444.0
2018  88  3 29 0300  -41.1  744.2   12.3  103.0  444.0  444.0
2018  88  3 29 0600  -39.8  744.7   13.1   98.0  444.0  444.0
2018  88  3 29 0900  -37.1  745.6   11.6   98.0  444.0  444.0
2018  88  3 29 1200  -36.1  746.2   10.3   96.0  444.0  444.0
2018  88  3 29 1500  -39.2  746.8    9.6   94.0  444.0  444.0
2018  88  3 29 1800  -40.8  747.1   10.1   96.0  444.0  444.0
2018  88  3 29 2100  -41.5  747.0    9.1   86.0  444.0  444.0
2018  89  3 30 0000  -42.1  746.5   10.6   93.0  444.0  444.0
2018  89  3 30 0300  -42.6  745.6    8.6  105.0  444.0  444.0
2018  89  3 30 0600  -40.2  745.2    8.8   90.0  444.0  444.0
2018  89  3 30 0900  -35.2  745.1    7.3   80.0  444.0  444.0
2018  89  3 30 1200  -32.2  745.0    7.8   87.0  444.0  444.0
2018  89  3 30 1500  -31.0  745.5    6.3   84.0  444.0  444.0
2018  89  3 30 1800  -30.0  745.7    9.1   84.0  444.0  444.0
2018  89  3 30 2100  -33.6  746.4    9.6   91.0  444.0  444.0
2018  90  3 31 0000  -34.1  746.7   10.3   84.0  444.0  444.0
2018  90  3 31 0300  -32.6  746.5    8.3   83.0  444.0  444.0
2018  90  3 31 0600  -31.4  747.1    5.8   83.0  444.0  444.0
2018  90  3 31 0900  -31.1  747.6    6.8  101.0  444.0  444.0
2018  90  3 31 1200  -32.0  747.9    6.3   83.0  444.0  444.0
2018  90  3 31 1500  -37.1  748.3    6.8   90.0  444.0  444.0
2018  90  3 31 1800  -39.8  748.8    6.6   94.0  444.0  444.0
2018  90  3 31 2100  -40.6  749.5    8.3   94.0  444.0  444.0
