Year: 2018  Month: 04  ID: MIZ  ARGOS: 21359  Name: Mizuho              
Lat: 70.70S  Lon:  44.30E  Elev: 2260m
2018  91  4  1 0000  -40.9  749.7    8.6   91.0  444.0  444.0
2018  91  4  1 0300  -39.8  749.5    9.1   94.0  444.0  444.0
2018  91  4  1 0600  -37.0  749.7    8.3   98.0  444.0  444.0
2018  91  4  1 0900  -36.5  749.5    8.6   97.0  444.0  444.0
2018  91  4  1 1200  -35.9  749.0    8.8   98.0  444.0  444.0
2018  91  4  1 1500  -38.9  747.5   10.6  107.0  444.0  444.0
2018  91  4  1 1800  -39.2  746.2   11.8  104.0  444.0  444.0
2018  91  4  1 2100  -37.9  744.4   12.9   96.0  444.0  444.0
2018  92  4  2 0000  -37.1  744.0   13.1   94.0  444.0  444.0
2018  92  4  2 0300  -37.4  743.8   14.4   90.0  444.0  444.0
2018  92  4  2 0600  -36.5  745.0   11.3   87.0  444.0  444.0
2018  92  4  2 0900  -31.8  746.3    9.3   84.0  444.0  444.0
2018  92  4  2 1200  -30.2  747.9    8.6   86.0  444.0  444.0
2018  92  4  2 1500  -31.4  749.1    8.3   84.0  444.0  444.0
2018  92  4  2 1800  -30.0  750.1    7.6   90.0  444.0  444.0
2018  92  4  2 2100  -30.9  750.9    7.8   83.0  444.0  444.0
2018  93  4  3 0000  -32.6  751.5    9.3   94.0  444.0  444.0
2018  93  4  3 0300  -35.4  751.2    9.6   98.0  444.0  444.0
2018  93  4  3 0600  -34.5  751.2    9.6  100.0  444.0  444.0
2018  93  4  3 0900  -31.5  750.7   10.3  101.0  444.0  444.0
2018  93  4  3 1200  -31.6  750.5   10.8  104.0  444.0  444.0
2018  93  4  3 1500  -33.2  750.1   13.1  104.0  444.0  444.0
2018  93  4  3 1800  -34.0  750.3   12.6  104.0  444.0  444.0
2018  93  4  3 2100  -33.9  750.4   12.1  101.0  444.0  444.0
2018  94  4  4 0000  -34.0  750.8   11.8  112.0  444.0  444.0
2018  94  4  4 0300  -34.0  750.6   13.1  108.0  444.0  444.0
2018  94  4  4 0600  -32.1  751.2   12.6  101.0  444.0  444.0
2018  94  4  4 0900  -30.5  751.2   10.8  103.0  444.0  444.0
2018  94  4  4 1200  -29.9  750.8   14.1  104.0  444.0  444.0
2018  94  4  4 1500  -31.6  750.1   13.4  100.0  444.0  444.0
2018  94  4  4 1800  -31.6  749.5   15.4  105.0  444.0  444.0
2018  94  4  4 2100  -32.0  748.7   12.6  107.0  444.0  444.0
2018  95  4  5 0000  -32.6  747.3   14.4  103.0  444.0  444.0
2018  95  4  5 0300  -34.1  745.9   11.8  108.0  444.0  444.0
2018  95  4  5 0600  -35.0  744.3   12.1  105.0  444.0  444.0
2018  95  4  5 0900  -32.9  742.9   12.1  107.0  444.0  444.0
2018  95  4  5 1200  -32.6  741.5   12.1  104.0  444.0  444.0
2018  95  4  5 1500  -35.0  740.2   11.3  105.0  444.0  444.0
2018  95  4  5 1800  -35.6  739.3   10.8   93.0  444.0  444.0
2018  95  4  5 2100  -36.5  739.2    9.8   91.0  444.0  444.0
2018  96  4  6 0000  -37.0  739.0    8.8   97.0  444.0  444.0
2018  96  4  6 0300  -38.0  738.9   10.1   96.0  444.0  444.0
2018  96  4  6 0600  -36.1  739.9    9.6   87.0  444.0  444.0
2018  96  4  6 0900  -35.4  741.0   11.3   86.0  444.0  444.0
2018  96  4  6 1200  -34.6  742.3    8.6   84.0  444.0  444.0
2018  96  4  6 1500  -37.8  743.7    9.6   87.0  444.0  444.0
2018  96  4  6 1800  -37.5  745.2    7.1   82.0  444.0  444.0
2018  96  4  6 2100  -34.4  746.5    7.1   82.0  444.0  444.0
2018  97  4  7 0000  -30.0  747.6    5.8   73.0  444.0  444.0
2018  97  4  7 0300  -27.5  747.9    5.8   62.0  444.0  444.0
2018  97  4  7 0600  -29.4  748.0    7.6   84.0  444.0  444.0
2018  97  4  7 0900  -29.1  747.4    6.8   86.0  444.0  444.0
2018  97  4  7 1200  -29.2  746.5    7.1   86.0  444.0  444.0
2018  97  4  7 1500  -32.6  745.0    8.1   93.0  444.0  444.0
2018  97  4  7 1800  -34.4  743.1   10.3   96.0  444.0  444.0
2018  97  4  7 2100  -35.5  740.8    9.8   98.0  444.0  444.0
2018  98  4  8 0000  -33.5  739.3   10.1   91.0  444.0  444.0
2018  98  4  8 0300  -30.0  738.5    8.3   82.0  444.0  444.0
2018  98  4  8 0600  -29.2  738.7    9.3   77.0  444.0  444.0
2018  98  4  8 0900  -27.9  739.4    8.1   72.0  444.0  444.0
2018  98  4  8 1200  -28.2  739.6    8.8   76.0  444.0  444.0
2018  98  4  8 1500  -29.2  740.2    6.0   94.0  444.0  444.0
2018  98  4  8 1800  -31.6  740.4    7.8   89.0  444.0  444.0
2018  98  4  8 2100  -31.8  740.2    6.3   87.0  444.0  444.0
2018  99  4  9 0000  -31.6  740.0    8.3   90.0  444.0  444.0
2018  99  4  9 0300  -30.6  739.6    9.3   87.0  444.0  444.0
2018  99  4  9 0600  -29.6  739.8    9.6   86.0  444.0  444.0
2018  99  4  9 0900  -28.0  739.6    9.8   89.0  444.0  444.0
2018  99  4  9 1200  -28.9  739.0    8.3   91.0  444.0  444.0
2018  99  4  9 1500  -31.0  739.0   10.3   98.0  444.0  444.0
2018  99  4  9 1800  -32.2  738.9    9.6   94.0  444.0  444.0
2018  99  4  9 2100  -29.6  738.5   10.8   98.0  444.0  444.0
2018 100  4 10 0000  -31.5  737.8   11.1   97.0  444.0  444.0
2018 100  4 10 0300  -32.6  737.8   10.1   93.0  444.0  444.0
2018 100  4 10 0600  -32.4  738.2   10.6   89.0  444.0  444.0
2018 100  4 10 0900  -29.4  738.5    9.6   84.0  444.0  444.0
2018 100  4 10 1200  -29.4  738.6    7.6   84.0  444.0  444.0
2018 100  4 10 1500  -28.5  739.1    6.8   79.0  444.0  444.0
2018 100  4 10 1800  -32.1  738.3    7.8  101.0  444.0  444.0
2018 100  4 10 2100  -32.0  737.2    9.3   86.0  444.0  444.0
2018 101  4 11 0000  -32.1  736.3   10.3   91.0  444.0  444.0
2018 101  4 11 0300  -32.4  735.2    9.6   90.0  444.0  444.0
2018 101  4 11 0600  -31.0  734.3   10.1   89.0  444.0  444.0
2018 101  4 11 0900  -29.0  733.8    8.8   82.0  444.0  444.0
2018 101  4 11 1200  -29.9  733.2    7.6   83.0  444.0  444.0
2018 101  4 11 1500  -29.9  732.9    7.3   84.0  444.0  444.0
2018 101  4 11 1800  -31.8  732.7    7.1   82.0  444.0  444.0
2018 101  4 11 2100  -32.6  732.7    6.6   83.0  444.0  444.0
2018 102  4 12 0000  -32.6  733.3    5.8   80.0  444.0  444.0
2018 102  4 12 0300  -32.0  734.3    6.0   84.0  444.0  444.0
2018 102  4 12 0600  -31.2  735.1    7.1   77.0  444.0  444.0
2018 102  4 12 0900  -28.1  737.4    5.0   68.0  444.0  444.0
2018 102  4 12 1200  -26.9  739.4    4.0   51.0  444.0  444.0
2018 102  4 12 1500  -30.5  741.3    4.5   73.0  444.0  444.0
2018 102  4 12 1800  -33.4  742.0    9.1   94.0  444.0  444.0
2018 102  4 12 2100  -34.4  743.3   10.3   84.0  444.0  444.0
2018 103  4 13 0000  -31.8  743.6   11.6   82.0  444.0  444.0
2018 103  4 13 0300  -29.8  743.8   13.1   82.0  444.0  444.0
2018 103  4 13 0600  -27.9  744.1   12.1   84.0  444.0  444.0
2018 103  4 13 0900  -25.5  744.3   11.6   87.0  444.0  444.0
2018 103  4 13 1200  -25.5  744.5   12.9   86.0  444.0  444.0
2018 103  4 13 1500  -26.0  744.7   11.8   80.0  444.0  444.0
2018 103  4 13 1800  -25.6  745.0   12.3   82.0  444.0  444.0
2018 103  4 13 2100  -25.1  745.0   14.4   89.0  444.0  444.0
2018 104  4 14 0000  -24.9  745.3   12.6   89.0  444.0  444.0
2018 104  4 14 0300  -24.6  744.9   12.9   87.0  444.0  444.0
2018 104  4 14 0600  -25.5  744.8   11.6   97.0  444.0  444.0
2018 104  4 14 0900  -25.9  744.5   15.4   90.0  444.0  444.0
2018 104  4 14 1200  -25.9  744.4   13.4   93.0  444.0  444.0
2018 104  4 14 1500  -27.4  744.0   15.4   93.0  444.0  444.0
2018 104  4 14 1800  -27.4  743.7   11.1   91.0  444.0  444.0
2018 104  4 14 2100  -27.9  743.5   15.6   93.0  444.0  444.0
2018 105  4 15 0000  -27.5  743.4   13.1   91.0  444.0  444.0
2018 105  4 15 0300  -28.4  742.3   17.1   97.0  444.0  444.0
2018 105  4 15 0600  -28.5  742.5   16.4  101.0  444.0  444.0
2018 105  4 15 0900  -27.9  742.1   11.6  101.0  444.0  444.0
2018 105  4 15 1200  -27.9  741.5   10.3  103.0  444.0  444.0
2018 105  4 15 1500  -29.2  740.7   13.6  107.0  444.0  444.0
2018 105  4 15 1800  -29.9  741.0   14.4  104.0  444.0  444.0
2018 105  4 15 2100  -31.1  741.4   12.9  107.0  444.0  444.0
2018 106  4 16 0000  -31.4  741.6   16.4  108.0  444.0  444.0
2018 106  4 16 0300  -32.6  741.6   15.4  112.0  444.0  444.0
2018 106  4 16 0600  -32.6  741.3   14.4  108.0  444.0  444.0
2018 106  4 16 0900  -31.6  742.0   11.3  108.0  444.0  444.0
2018 106  4 16 1200  -32.4  741.6   11.8  110.0  444.0  444.0
2018 106  4 16 1500  -35.0  741.2   12.6  111.0  444.0  444.0
2018 106  4 16 1800  -35.5  740.8   12.9  103.0  444.0  444.0
2018 106  4 16 2100  -36.4  739.7   16.4  105.0  444.0  444.0
2018 107  4 17 0000  -35.6  739.1   13.9  108.0  444.0  444.0
2018 107  4 17 0300  -36.8  739.1   13.1  110.0  444.0  444.0
2018 107  4 17 0600  -37.8  738.3   14.6  107.0  444.0  444.0
2018 107  4 17 0900  -35.8  738.2   11.8   97.0  444.0  444.0
2018 107  4 17 1200  -35.1  737.9   10.8   98.0  444.0  444.0
2018 107  4 17 1500  -35.5  737.8   10.3   93.0  444.0  444.0
2018 107  4 17 1800  -35.8  737.9   11.6  100.0  444.0  444.0
2018 107  4 17 2100  -36.8  737.8   11.6  100.0  444.0  444.0
2018 108  4 18 0000  -37.4  737.5   12.3   97.0  444.0  444.0
2018 108  4 18 0300  -37.6  737.2   11.8  103.0  444.0  444.0
2018 108  4 18 0600  -37.6  736.9   12.6  103.0  444.0  444.0
2018 108  4 18 0900  -36.1  736.9   10.8   94.0  444.0  444.0
2018 108  4 18 1200  -35.4  736.9   12.3   96.0  444.0  444.0
2018 108  4 18 1500  -35.5  736.9   11.6   93.0  444.0  444.0
2018 108  4 18 1800  -35.2  737.2   12.3   93.0  444.0  444.0
2018 108  4 18 2100  -33.4  738.3   11.3   86.0  444.0  444.0
2018 109  4 19 0000  -32.6  739.6   12.6   89.0  444.0  444.0
2018 109  4 19 0300  -31.6  740.4    9.8   91.0  444.0  444.0
2018 109  4 19 0600  -29.4  741.4   10.8   86.0  444.0  444.0
2018 109  4 19 0900  -29.0  742.2   11.8   87.0  444.0  444.0
2018 109  4 19 1200  -28.2  742.1   12.9   89.0  444.0  444.0
2018 109  4 19 1500  -26.6  742.7   11.6   86.0  444.0  444.0
2018 109  4 19 1800  -26.4  743.3   11.3   87.0  444.0  444.0
2018 109  4 19 2100  -25.2  744.1    9.1   89.0  444.0  444.0
2018 110  4 20 0000  -25.1  743.8   11.1   89.0  444.0  444.0
2018 110  4 20 0300  -25.5  744.2   11.1   90.0  444.0  444.0
2018 110  4 20 0600  -25.2  744.5    9.6   93.0  444.0  444.0
2018 110  4 20 0900  -25.5  744.7   11.1   91.0  444.0  444.0
2018 110  4 20 1200  -26.9  744.7   10.3  103.0  444.0  444.0
2018 110  4 20 1500  -26.9  744.8    9.8   96.0  444.0  444.0
2018 110  4 20 1800  -26.9  745.0    9.8   96.0  444.0  444.0
2018 110  4 20 2100  -27.5  745.6    8.3   97.0  444.0  444.0
2018 111  4 21 0000  -26.9  746.3    8.3   97.0  444.0  444.0
2018 111  4 21 0300  -28.4  746.3    9.1   94.0  444.0  444.0
2018 111  4 21 0600  -29.6  746.4    8.8   91.0  444.0  444.0
2018 111  4 21 0900  -28.6  746.3    8.6  105.0  444.0  444.0
2018 111  4 21 1200  -27.9  746.1   10.6   97.0  444.0  444.0
2018 111  4 21 1500  -28.9  745.7    9.1   96.0  444.0  444.0
2018 111  4 21 1800  -28.4  745.2    8.8  100.0  444.0  444.0
2018 111  4 21 2100  -29.0  744.8    8.3   98.0  444.0  444.0
2018 112  4 22 0000  -29.1  743.8    8.8  101.0  444.0  444.0
2018 112  4 22 0300  -32.6  742.8    7.6  107.0  444.0  444.0
2018 112  4 22 0600  -36.8  741.9    9.8   98.0  444.0  444.0
2018 112  4 22 0900  -37.0  741.3    8.3   97.0  444.0  444.0
2018 112  4 22 1200  -37.6  740.4    8.6   94.0  444.0  444.0
2018 112  4 22 1500  -39.8  739.2    9.6   94.0  444.0  444.0
2018 112  4 22 1800  -40.4  738.4    8.1   89.0  444.0  444.0
2018 112  4 22 2100  -40.4  737.5    7.8   91.0  444.0  444.0
2018 113  4 23 0000  -37.9  737.7    7.6   90.0  444.0  444.0
2018 113  4 23 0300  -36.2  737.7    6.8   82.0  444.0  444.0
2018 113  4 23 0600  -35.5  738.2    7.3   84.0  444.0  444.0
2018 113  4 23 0900  -34.4  739.0    6.6  101.0  444.0  444.0
2018 113  4 23 1200  -33.0  739.3    9.1   97.0  444.0  444.0
2018 113  4 23 1500  -32.1  739.6    8.1  101.0  444.0  444.0
2018 113  4 23 1800  -35.8  740.4    5.5  107.0  444.0  444.0
2018 113  4 23 2100  -39.8  740.1    7.3  108.0  444.0  444.0
2018 114  4 24 0000  -40.2  739.7    6.8  101.0  444.0  444.0
2018 114  4 24 0300  -41.5  739.6    4.3  110.0  444.0  444.0
2018 114  4 24 0600  -41.8  739.4    6.6   93.0  444.0  444.0
2018 114  4 24 0900  -40.0  739.5    6.6   80.0  444.0  444.0
2018 114  4 24 1200  -41.1  739.6    7.3   90.0  444.0  444.0
2018 114  4 24 1500  -42.1  739.4    7.8   84.0  444.0  444.0
2018 114  4 24 1800  -43.9  739.1    3.8  210.0  444.0  444.0
2018 114  4 24 2100  -43.9  739.1    7.8   91.0  444.0  444.0
2018 115  4 25 0000  -43.5  739.1   10.1   90.0  444.0  444.0
2018 115  4 25 0300  -42.6  738.8    9.3   97.0  444.0  444.0
2018 115  4 25 0600  -42.5  739.4    9.3   90.0  444.0  444.0
2018 115  4 25 0900  -41.5  740.0    9.6   93.0  444.0  444.0
2018 115  4 25 1200  -41.5  740.3    9.6   91.0  444.0  444.0
2018 115  4 25 1500  -40.9  740.9    9.1   93.0  444.0  444.0
2018 115  4 25 1800  -40.2  741.7   11.3   89.0  444.0  444.0
2018 115  4 25 2100  -33.2  742.7    8.6   90.0  444.0  444.0
2018 116  4 26 0000  -31.0  742.8    6.8   86.0  444.0  444.0
2018 116  4 26 0300  -30.2  743.0    8.1   83.0  444.0  444.0
2018 116  4 26 0600  -31.9  743.3    8.6   89.0  444.0  444.0
2018 116  4 26 0900  -32.2  743.4   10.1   93.0  444.0  444.0
2018 116  4 26 1200  -33.4  742.9    9.8   94.0  444.0  444.0
2018 116  4 26 1500  -33.8  742.3    8.8   98.0  444.0  444.0
2018 116  4 26 1800  -33.8  741.7   12.1   93.0  444.0  444.0
2018 116  4 26 2100  -34.4  741.0   10.6   89.0  444.0  444.0
2018 117  4 27 0000  -34.5  740.6    9.6   97.0  444.0  444.0
2018 117  4 27 0300  -35.0  739.5    9.8   96.0  444.0  444.0
2018 117  4 27 0600  -35.2  739.1   10.3   96.0  444.0  444.0
2018 117  4 27 0900  -34.4  738.3   11.3   98.0  444.0  444.0
2018 117  4 27 1200  -36.4  737.3    8.8  100.0  444.0  444.0
2018 117  4 27 1500  -38.5  735.9    8.8  103.0  444.0  444.0
2018 117  4 27 1800  -38.8  734.8   10.8  100.0  444.0  444.0
2018 117  4 27 2100  -39.4  733.3   11.3  100.0  444.0  444.0
2018 118  4 28 0000  -40.4  732.2   11.1   98.0  444.0  444.0
2018 118  4 28 0300  -40.6  731.3   12.6   97.0  444.0  444.0
2018 118  4 28 0600  -40.9  731.2   11.1   89.0  444.0  444.0
2018 118  4 28 0900  -35.0  731.8    9.1   96.0  444.0  444.0
2018 118  4 28 1200  -32.1  731.8    9.8  103.0  444.0  444.0
2018 118  4 28 1500  -30.6  731.7    9.6   87.0  444.0  444.0
2018 118  4 28 1800  -29.6  733.0    7.6   75.0  444.0  444.0
2018 118  4 28 2100  -28.4  734.2    5.8   72.0  444.0  444.0
2018 119  4 29 0000  -27.5  735.6  444.0  444.0  444.0  444.0
2018 119  4 29 0300  -26.9  736.7  444.0  444.0  444.0  444.0
2018 119  4 29 0600  -26.2  738.0  444.0  444.0  444.0  444.0
2018 119  4 29 0900  -25.8  739.4  444.0  444.0  444.0  444.0
2018 119  4 29 1200  -28.8  739.8  444.0  444.0  444.0  444.0
2018 119  4 29 1500  -29.0  740.0  444.0  444.0  444.0  444.0
2018 119  4 29 1800  -30.4  738.8    4.5  108.0  444.0  444.0
2018 119  4 29 2100  -33.4  736.6    8.8   93.0  444.0  444.0
2018 120  4 30 0000  -35.9  733.5   11.1   97.0  444.0  444.0
2018 120  4 30 0300  -31.5  729.9   11.3   87.0  444.0  444.0
2018 120  4 30 0600  -29.0  726.4   12.1   86.0  444.0  444.0
2018 120  4 30 0900  -26.8  723.0   12.6   87.0  444.0  444.0
2018 120  4 30 1200  -23.6  721.5   13.4   66.0  444.0  444.0
2018 120  4 30 1500  -22.0  722.5   10.6   48.0  444.0  444.0
2018 120  4 30 1800  -21.6  724.2    8.1   58.0  444.0  444.0
2018 120  4 30 2100  -22.1  726.1    9.1   45.0  444.0  444.0
