Year: 2018  Month: 01  ID: MIZ  ARGOS: 21359  Name: Mizuho              
Lat: 70.70S  Lon:  44.30E  Elev: 2260m
2018   1  1  1 0000  -20.2  746.0    4.5   83.0  444.0  444.0
2018   1  1  1 0300  -16.4  746.4    4.5   91.0  444.0  444.0
2018   1  1  1 0600  -12.4  746.9    7.1   62.0  444.0  444.0
2018   1  1  1 0900  -12.4  747.7    5.8   72.0  444.0  444.0
2018   1  1  1 1200  -10.5  748.3    5.5   68.0  444.0  444.0
2018   1  1  1 1500  -12.4  748.4    3.0   76.0  444.0  444.0
2018   1  1  1 1800  -15.2  748.4    3.5   94.0  444.0  444.0
2018   1  1  1 2100  -16.8  748.8    4.0  103.0  444.0  444.0
2018   2  1  2 0000  -17.1  749.1    4.8   86.0  444.0  444.0
2018   2  1  2 0300  -16.5  748.3    5.8   97.0  444.0  444.0
2018   2  1  2 0600  -13.5  748.1    6.3   60.0  444.0  444.0
2018   2  1  2 0900  -12.4  747.8    7.6   73.0  444.0  444.0
2018   2  1  2 1200  -13.6  746.9    8.1   75.0  444.0  444.0
2018   2  1  2 1500  -15.0  745.4   11.3   76.0  444.0  444.0
2018   2  1  2 1800  -16.4  743.2   12.1   83.0  444.0  444.0
2018   2  1  2 2100  -17.1  741.9   16.6   79.0  444.0  444.0
2018   3  1  3 0000  -16.5  739.3   14.9   83.0  444.0  444.0
2018   3  1  3 0300  -15.5  736.6   21.2   77.0  444.0  444.0
2018   3  1  3 0600  -13.1  736.0   19.2   80.0  444.0  444.0
2018   3  1  3 0900  -10.4  738.3   16.1   60.0  444.0  444.0
2018   3  1  3 1200  -11.1  740.6   13.6   53.0  444.0  444.0
2018   3  1  3 1500  -12.5  741.5   16.6   52.0  444.0  444.0
2018   3  1  3 1800  -14.2  744.4   10.1   65.0  444.0  444.0
2018   3  1  3 2100  -14.5  747.0   11.1   62.0  444.0  444.0
2018   4  1  4 0000  -14.1  748.0    7.3   73.0  444.0  444.0
2018   4  1  4 0300  -13.6  747.9    9.8   82.0  444.0  444.0
2018   4  1  4 0600  -11.5  748.2    7.8   73.0  444.0  444.0
2018   4  1  4 0900  -10.4  748.4    8.6   73.0  444.0  444.0
2018   4  1  4 1200   -9.1  747.0    7.6   80.0  444.0  444.0
2018   4  1  4 1500  -10.2  746.2    8.3   66.0  444.0  444.0
2018   4  1  4 1800  -12.4  745.7    6.8   82.0  444.0  444.0
2018   4  1  4 2100  -15.9  745.2    7.6  100.0  444.0  444.0
2018   5  1  5 0000  -16.4  743.1    9.6  104.0  444.0  444.0
2018   5  1  5 0300  -13.1  741.0   11.1  101.0  444.0  444.0
2018   5  1  5 0600  -10.5  739.6   12.6   83.0  444.0  444.0
2018   5  1  5 0900   -9.1  739.2   10.3   65.0  444.0  444.0
2018   5  1  5 1200   -9.1  739.7   11.6   63.0  444.0  444.0
2018   5  1  5 1500  -11.8  740.8    9.6   77.0  444.0  444.0
2018   5  1  5 1800  -12.9  742.7    4.8   82.0  444.0  444.0
2018   5  1  5 2100  -13.1  744.0    4.8   79.0  444.0  444.0
2018   6  1  6 0000  -14.2  744.5    6.3   94.0  444.0  444.0
2018   6  1  6 0300  -12.4  744.7    4.8   84.0  444.0  444.0
2018   6  1  6 0600   -9.0  745.2    6.3   72.0  444.0  444.0
2018   6  1  6 0900   -7.1  745.8    5.5   59.0  444.0  444.0
2018   6  1  6 1200   -3.8  746.2    5.3   63.0  444.0  444.0
2018   6  1  6 1500   -5.2  746.4    3.0   86.0  444.0  444.0
2018   6  1  6 1800   -9.4  746.8    3.5  100.0  444.0  444.0
2018   6  1  6 2100  -11.1  747.9    6.3   86.0  444.0  444.0
2018   7  1  7 0000  -12.6  749.2    8.3   91.0  444.0  444.0
2018   7  1  7 0300  -13.5  749.6   10.8   97.0  444.0  444.0
2018   7  1  7 0600  -11.8  749.8   10.6   89.0  444.0  444.0
2018   7  1  7 0900  -10.1  750.7   13.1   84.0  444.0  444.0
2018   7  1  7 1200   -7.6  751.7    7.8   82.0  444.0  444.0
2018   7  1  7 1500   -8.1  752.0    4.0  111.0  444.0  444.0
2018   7  1  7 1800  -12.0  752.0    2.3  131.0  444.0  444.0
2018   7  1  7 2100  -16.0  751.2    5.0  117.0  444.0  444.0
2018   8  1  8 0000  -17.1  750.8    7.3  118.0  444.0  444.0
2018   8  1  8 0300  -15.2  750.1    7.3  107.0  444.0  444.0
2018   8  1  8 0600  -11.9  749.4   12.1  112.0  444.0  444.0
2018   8  1  8 0900  -11.1  749.9   11.1   97.0  444.0  444.0
2018   8  1  8 1200   -9.4  750.1    9.1   94.0  444.0  444.0
2018   8  1  8 1500  -10.2  749.9    7.1  110.0  444.0  444.0
2018   8  1  8 1800  -14.4  750.1    3.5  125.0  444.0  444.0
2018   8  1  8 2100  -18.2  749.6    6.8  115.0  444.0  444.0
2018   9  1  9 0000  -18.9  748.5    5.8  105.0  444.0  444.0
2018   9  1  9 0300  -16.4  746.4    7.1  108.0  444.0  444.0
2018   9  1  9 0600  -11.8  745.2    7.1  107.0  444.0  444.0
2018   9  1  9 0900   -8.2  744.3    6.8  112.0  444.0  444.0
2018   9  1  9 1200   -4.1  744.0    4.0   94.0  444.0  444.0
2018   9  1  9 1500   -7.2  743.0    6.0  107.0  444.0  444.0
2018   9  1  9 1800  -11.8  743.3    7.3  103.0  444.0  444.0
2018   9  1  9 2100  -15.4  744.0   10.3   96.0  444.0  444.0
2018  10  1 10 0000  -17.1  744.4   11.3   98.0  444.0  444.0
2018  10  1 10 0300  -16.8  744.6   10.8  101.0  444.0  444.0
2018  10  1 10 0600  -14.5  744.8   10.3  101.0  444.0  444.0
2018  10  1 10 0900  -12.4  745.3    8.3  111.0  444.0  444.0
2018  10  1 10 1200  -10.9  745.4    9.6  111.0  444.0  444.0
2018  10  1 10 1500  -12.0  745.6    8.8  100.0  444.0  444.0
2018  10  1 10 1800  -16.0  746.0    8.1  111.0  444.0  444.0
2018  10  1 10 2100  -20.1  746.5    8.3  111.0  444.0  444.0
2018  11  1 11 0000  -21.9  746.7    9.1  101.0  444.0  444.0
2018  11  1 11 0300  -19.9  746.3    7.6  107.0  444.0  444.0
2018  11  1 11 0600  -16.5  746.1   10.1  107.0  444.0  444.0
2018  11  1 11 0900  -14.8  745.6    9.3  101.0  444.0  444.0
2018  11  1 11 1200  -13.6  745.2    9.3  100.0  444.0  444.0
2018  11  1 11 1500  -13.5  744.9    5.0   90.0  444.0  444.0
2018  11  1 11 1800  -17.9  745.1    3.8  103.0  444.0  444.0
2018  11  1 11 2100  -18.9  745.4    4.3  103.0  444.0  444.0
2018  12  1 12 0000  -17.4  746.2    5.8   89.0  444.0  444.0
2018  12  1 12 0300  -16.5  746.3    5.3   97.0  444.0  444.0
2018  12  1 12 0600  -15.4  746.6    8.8   80.0  444.0  444.0
2018  12  1 12 0900  -12.9  747.1    9.1   68.0  444.0  444.0
2018  12  1 12 1200  -11.1  747.4    7.3   68.0  444.0  444.0
2018  12  1 12 1500  -12.0  748.2    6.6   72.0  444.0  444.0
2018  12  1 12 1800  -14.4  748.6    5.3   83.0  444.0  444.0
2018  12  1 12 2100  -19.2  749.1    5.5  101.0  444.0  444.0
2018  13  1 13 0000  -20.0  749.3    6.8   97.0  444.0  444.0
2018  13  1 13 0300  -17.1  748.7    6.8   87.0  444.0  444.0
2018  13  1 13 0600  -13.8  747.3    7.8  100.0  444.0  444.0
2018  13  1 13 0900  -12.9  745.9    5.8   97.0  444.0  444.0
2018  13  1 13 1200  -11.1  743.7    6.8   83.0  444.0  444.0
2018  13  1 13 1500  -10.8  741.6    5.3   75.0  444.0  444.0
2018  13  1 13 1800  -16.1  739.4    5.3   96.0  444.0  444.0
2018  13  1 13 2100  -20.0  737.6    7.6   96.0  444.0  444.0
2018  14  1 14 0000  -21.2  736.3    8.3   94.0  444.0  444.0
2018  14  1 14 0300  -20.0  734.7    7.8   90.0  444.0  444.0
2018  14  1 14 0600  -17.9  733.6    8.6   90.0  444.0  444.0
2018  14  1 14 0900  -15.2  733.1    8.1   83.0  444.0  444.0
2018  14  1 14 1200  -12.5  732.7    6.8   77.0  444.0  444.0
2018  14  1 14 1500  -12.9  732.3    5.3   84.0  444.0  444.0
2018  14  1 14 1800  -18.2  732.1    4.8   93.0  444.0  444.0
2018  14  1 14 2100  -22.1  732.6    5.3   90.0  444.0  444.0
2018  15  1 15 0000  -23.2  733.1    6.8   86.0  444.0  444.0
2018  15  1 15 0300  -20.2  734.2    7.6   76.0  444.0  444.0
2018  15  1 15 0600  -15.8  735.0    7.8   69.0  444.0  444.0
2018  15  1 15 0900  -11.8  736.7    5.3   49.0  444.0  444.0
2018  15  1 15 1200  -11.6  738.3    4.5   21.0  444.0  444.0
2018  15  1 15 1500  -11.1  739.4    2.3  360.0  444.0  444.0
2018  15  1 15 1800  -15.5  740.4    1.8   48.0  444.0  444.0
2018  15  1 15 2100  -17.1  741.7    2.5   68.0  444.0  444.0
2018  16  1 16 0000  -18.6  741.3    3.8   91.0  444.0  444.0
2018  16  1 16 0300  -16.2  740.0    4.8  100.0  444.0  444.0
2018  16  1 16 0600  -13.5  738.4    7.1   94.0  444.0  444.0
2018  16  1 16 0900  -12.4  736.7    7.3   89.0  444.0  444.0
2018  16  1 16 1200  -11.2  734.8    9.1   96.0  444.0  444.0
2018  16  1 16 1500  -13.1  733.2    7.1  100.0  444.0  444.0
2018  16  1 16 1800  -14.9  732.6    7.1   97.0  444.0  444.0
2018  16  1 16 2100  -16.2  732.7    7.3  100.0  444.0  444.0
2018  17  1 17 0000  -17.2  733.7    4.0   91.0  444.0  444.0
2018  17  1 17 0300  -16.5  734.3    7.8   82.0  444.0  444.0
2018  17  1 17 0600  -15.5  734.6   10.3   83.0  444.0  444.0
2018  17  1 17 0900  -15.0  735.5    8.1   80.0  444.0  444.0
2018  17  1 17 1200  -12.9  736.3    7.1   77.0  444.0  444.0
2018  17  1 17 1500  -13.5  736.8    4.3   63.0  444.0  444.0
2018  17  1 17 1800  -17.1  737.6    2.0   94.0  444.0  444.0
2018  17  1 17 2100  -17.9  738.7    3.0   73.0  444.0  444.0
2018  18  1 18 0000  -20.1  739.2    6.6   83.0  444.0  444.0
2018  18  1 18 0300  -19.2  739.4    7.6   73.0  444.0  444.0
2018  18  1 18 0600  -16.8  739.9    5.3   79.0  444.0  444.0
2018  18  1 18 0900  -16.0  739.7    5.8  111.0  444.0  444.0
2018  18  1 18 1200  -13.2  739.0    3.8  103.0  444.0  444.0
2018  18  1 18 1500  -13.5  738.1    4.5   90.0  444.0  444.0
2018  18  1 18 1800  -18.6  737.1    5.8   97.0  444.0  444.0
2018  18  1 18 2100  -22.5  736.9    9.6   96.0  444.0  444.0
2018  19  1 19 0000  -23.6  736.3   10.1   91.0  444.0  444.0
2018  19  1 19 0300  -22.2  735.8   11.1   98.0  444.0  444.0
2018  19  1 19 0600  -18.6  736.0   10.3   82.0  444.0  444.0
2018  19  1 19 0900  -16.2  736.3    9.3   80.0  444.0  444.0
2018  19  1 19 1200  -13.2  736.4    6.6   68.0  444.0  444.0
2018  19  1 19 1500  -13.5  736.8    4.5   62.0  444.0  444.0
2018  19  1 19 1800  -19.2  737.4    3.3   93.0  444.0  444.0
2018  19  1 19 2100  -24.6  737.8    4.8   89.0  444.0  444.0
2018  20  1 20 0000  -26.1  738.3    5.8   84.0  444.0  444.0
2018  20  1 20 0300  -23.6  738.5    6.0   86.0  444.0  444.0
2018  20  1 20 0600  -18.4  738.8    4.8   80.0  444.0  444.0
2018  20  1 20 0900  -14.4  739.1    3.0   66.0  444.0  444.0
2018  20  1 20 1200  444.0  739.0    0.5   11.0  444.0  444.0
2018  20  1 20 1500  444.0  738.8    0.0  359.0  444.0  444.0
2018  20  1 20 1800  -19.1  738.3    2.5   82.0  444.0  444.0
2018  20  1 20 2100  -24.8  738.0    4.8   96.0  444.0  444.0
2018  21  1 21 0000  -25.0  737.5    6.0   94.0  444.0  444.0
2018  21  1 21 0300  -23.5  736.8    8.1   93.0  444.0  444.0
2018  21  1 21 0600  -20.1  736.4    9.1   94.0  444.0  444.0
2018  21  1 21 0900  -15.0  736.6    7.1   79.0  444.0  444.0
2018  21  1 21 1200  -12.4  737.0    5.3   55.0  444.0  444.0
2018  21  1 21 1500  -14.1  737.5    2.3   68.0  444.0  444.0
2018  21  1 21 1800  -20.8  738.0    3.8   90.0  444.0  444.0
2018  21  1 21 2100  -24.9  739.1    6.8   84.0  444.0  444.0
2018  22  1 22 0000  -24.5  740.2    3.8  100.0  444.0  444.0
2018  22  1 22 0300  -23.4  740.6    7.1  100.0  444.0  444.0
2018  22  1 22 0600  -19.1  740.8    7.8   82.0  444.0  444.0
2018  22  1 22 0900  -17.1  741.0    7.8   77.0  444.0  444.0
2018  22  1 22 1200  -14.1  740.6    7.1   56.0  444.0  444.0
2018  22  1 22 1500  -14.8  739.8    4.8   79.0  444.0  444.0
2018  22  1 22 1800  -20.1  738.4    5.5  100.0  444.0  444.0
2018  22  1 22 2100  -24.0  738.3    6.3   97.0  444.0  444.0
2018  23  1 23 0000  -24.9  738.0    8.3   93.0  444.0  444.0
2018  23  1 23 0300  -23.1  738.0    9.3   93.0  444.0  444.0
2018  23  1 23 0600  -19.5  738.9    8.8   86.0  444.0  444.0
2018  23  1 23 0900  -16.8  739.5    7.8   89.0  444.0  444.0
2018  23  1 23 1200  -13.0  740.5    7.8   79.0  444.0  444.0
2018  23  1 23 1500  -13.8  741.6    4.0   79.0  444.0  444.0
2018  23  1 23 1800  -20.8  742.8    3.8   98.0  444.0  444.0
2018  23  1 23 2100  -24.6  744.0    5.5   87.0  444.0  444.0
2018  24  1 24 0000  -25.9  745.4    5.0   87.0  444.0  444.0
2018  24  1 24 0300  -24.0  745.8    5.3   86.0  444.0  444.0
2018  24  1 24 0600  -17.9  746.4    4.8   69.0  444.0  444.0
2018  24  1 24 0900  -13.2  747.2    1.0   11.0  444.0  444.0
2018  24  1 24 1200  444.0  747.5    1.0  357.0  444.0  444.0
2018  24  1 24 1500  444.0  747.1    0.0   13.0  444.0  444.0
2018  24  1 24 1800  -18.6  746.9    2.0   79.0  444.0  444.0
2018  24  1 24 2100  -22.2  746.5    4.0   89.0  444.0  444.0
2018  25  1 25 0000  -19.1  745.7    5.5   98.0  444.0  444.0
2018  25  1 25 0300  -19.2  744.6    6.3   82.0  444.0  444.0
2018  25  1 25 0600  -15.2  743.8    8.3   73.0  444.0  444.0
2018  25  1 25 0900  -12.8  743.1    9.1   75.0  444.0  444.0
2018  25  1 25 1200  -12.6  742.4    7.8   70.0  444.0  444.0
2018  25  1 25 1500  -13.5  740.7    8.3   87.0  444.0  444.0
2018  25  1 25 1800  -14.1  739.5    8.6   86.0  444.0  444.0
2018  25  1 25 2100  -15.0  739.1    7.8   58.0  444.0  444.0
2018  26  1 26 0000  -16.5  740.3    8.1   48.0  444.0  444.0
2018  26  1 26 0300  -16.5  741.3   10.8   69.0  444.0  444.0
2018  26  1 26 0600  -14.8  742.6    9.8   66.0  444.0  444.0
2018  26  1 26 0900  -13.1  745.2    6.6   51.0  444.0  444.0
2018  26  1 26 1200  -12.6  747.3    7.8   55.0  444.0  444.0
2018  26  1 26 1500  -13.1  748.7    9.6   68.0  444.0  444.0
2018  26  1 26 1800  -14.5  750.1    7.8   68.0  444.0  444.0
2018  26  1 26 2100  -15.5  751.3    6.8   68.0  444.0  444.0
2018  27  1 27 0000  -16.4  751.5    6.3   75.0  444.0  444.0
2018  27  1 27 0300  -17.2  751.4    9.3   84.0  444.0  444.0
2018  27  1 27 0600  -15.4  750.9    8.6   96.0  444.0  444.0
2018  27  1 27 0900  -15.0  749.5   10.6  103.0  444.0  444.0
2018  27  1 27 1200  -13.8  747.7    8.8  120.0  444.0  444.0
2018  27  1 27 1500  -16.0  745.4    9.1  120.0  444.0  444.0
2018  27  1 27 1800  -19.8  743.7    8.3  111.0  444.0  444.0
2018  27  1 27 2100  -22.1  742.5   11.1  111.0  444.0  444.0
2018  28  1 28 0000  -18.2  741.9    9.8   87.0  444.0  444.0
2018  28  1 28 0300  -16.5  741.9    8.8   86.0  444.0  444.0
2018  28  1 28 0600  -15.0  742.1    9.3   89.0  444.0  444.0
2018  28  1 28 0900  -13.8  742.9    7.8   70.0  444.0  444.0
2018  28  1 28 1200  -12.8  742.8    9.6   75.0  444.0  444.0
2018  28  1 28 1500  -13.6  743.1    5.8   68.0  444.0  444.0
2018  28  1 28 1800  -14.8  742.8    4.8   77.0  444.0  444.0
2018  28  1 28 2100  -19.8  742.3    7.1  111.0  444.0  444.0
2018  29  1 29 0000  -17.6  741.7    9.1   84.0  444.0  444.0
2018  29  1 29 0300  -17.4  741.6    7.3   91.0  444.0  444.0
2018  29  1 29 0600  -15.9  740.7   10.8   90.0  444.0  444.0
2018  29  1 29 0900  -14.0  740.6    9.3   87.0  444.0  444.0
2018  29  1 29 1200  -13.5  740.3    9.1   91.0  444.0  444.0
2018  29  1 29 1500  -14.8  740.6    6.8   97.0  444.0  444.0
2018  29  1 29 1800  -17.5  740.7    7.3   89.0  444.0  444.0
2018  29  1 29 2100  -18.1  741.9    6.6   86.0  444.0  444.0
2018  30  1 30 0000  -19.1  742.8    6.3   90.0  444.0  444.0
2018  30  1 30 0300  -21.4  743.3    7.8   90.0  444.0  444.0
2018  30  1 30 0600  -18.6  743.8    9.8   87.0  444.0  444.0
2018  30  1 30 0900  -16.2  744.5    8.3   86.0  444.0  444.0
2018  30  1 30 1200  -13.5  744.9    6.6   79.0  444.0  444.0
2018  30  1 30 1500  -15.0  745.1    5.5   89.0  444.0  444.0
2018  30  1 30 1800  -20.9  745.4    4.3  100.0  444.0  444.0
2018  30  1 30 2100  -24.6  745.8    5.8   89.0  444.0  444.0
2018  31  1 31 0000  -23.5  746.5    5.5   91.0  444.0  444.0
2018  31  1 31 0300  -19.1  746.5    5.8   77.0  444.0  444.0
2018  31  1 31 0600  -17.8  746.4    8.8   83.0  444.0  444.0
2018  31  1 31 0900  -16.2  746.8    6.6   82.0  444.0  444.0
2018  31  1 31 1200  -13.8  746.6    7.3   72.0  444.0  444.0
2018  31  1 31 1500  -15.0  746.3    4.5   73.0  444.0  444.0
2018  31  1 31 1800  -20.8  746.3    4.5  105.0  444.0  444.0
2018  31  1 31 2100  -21.5  746.4    6.3   89.0  444.0  444.0
