Year: 2018  Month: 06  ID: MIZ  ARGOS: 21359  Name: Mizuho              
Lat: 70.70S  Lon:  44.30E  Elev: 2260m
2018 152  6  1 0000  -43.2  748.0   10.3   93.0  444.0  444.0
2018 152  6  1 0300  -43.0  748.5   10.3   94.0  444.0  444.0
2018 152  6  1 0600  -43.2  748.7   10.8   96.0  444.0  444.0
2018 152  6  1 0900  -43.2  748.9   12.3   97.0  444.0  444.0
2018 152  6  1 1200  -42.1  748.5   13.6   93.0  444.0  444.0
2018 152  6  1 1500  -38.8  747.7   13.4   87.0  444.0  444.0
2018 152  6  1 1800  -33.1  745.8   13.9   90.0  444.0  444.0
2018 152  6  1 2100  -30.2  744.8   15.9   89.0  444.0  444.0
2018 153  6  2 0000  -27.4  743.4   16.6   86.0  444.0  444.0
2018 153  6  2 0300  -23.5  742.6   17.6   83.0  444.0  444.0
2018 153  6  2 0600  -20.9  741.7   18.6   63.0  444.0  444.0
2018 153  6  2 0900  -19.5  740.9   17.9   60.0  444.0  444.0
2018 153  6  2 1200  -17.2  743.0   19.4   45.0  444.0  444.0
2018 153  6  2 1500  -17.5  746.2   12.1   42.0  444.0  444.0
2018 153  6  2 1800  -17.4  747.5   12.1   35.0  444.0  444.0
2018 153  6  2 2100  -18.2  750.3   14.6   35.0  444.0  444.0
2018 154  6  3 0000  -19.1  750.8   12.1   51.0  444.0  444.0
2018 154  6  3 0300  -19.1  752.4    7.8   58.0  444.0  444.0
2018 154  6  3 0600  -20.1  753.4  444.0  444.0  444.0  444.0
2018 154  6  3 0900  -21.2  754.1  444.0  444.0  444.0  444.0
2018 154  6  3 1200  -24.4  755.0  444.0  444.0  444.0  444.0
2018 154  6  3 1500  -28.5  756.2  444.0  444.0  444.0  444.0
2018 154  6  3 1800  -24.4  757.3  444.0  444.0  444.0  444.0
2018 154  6  3 2100  -23.6  757.3  444.0  444.0  444.0  444.0
2018 155  6  4 0000  -25.5  756.7  444.0  444.0  444.0  444.0
2018 155  6  4 0300  -38.1  754.5    7.1  121.0  444.0  444.0
2018 155  6  4 0600  -39.1  752.5   11.1  125.0  444.0  444.0
2018 155  6  4 0900  -39.1  749.7   12.9  131.0  444.0  444.0
2018 155  6  4 1200  -38.0  746.6   12.6  131.0  444.0  444.0
2018 155  6  4 1500  -37.4  743.5   12.9  131.0  444.0  444.0
2018 155  6  4 1800  -37.0  739.7   12.6  134.0  444.0  444.0
2018 155  6  4 2100  -37.1  736.2   14.4  125.0  444.0  444.0
2018 156  6  5 0000  -37.1  732.8   15.6  129.0  444.0  444.0
2018 156  6  5 0300  -37.6  729.7   14.4  128.0  444.0  444.0
2018 156  6  5 0600  -38.2  726.7   14.9  122.0  444.0  444.0
2018 156  6  5 0900  -38.9  723.9   15.6  117.0  444.0  444.0
2018 156  6  5 1200  -38.5  723.5   12.6  100.0  444.0  444.0
2018 156  6  5 1500  -38.8  722.6   14.4  105.0  444.0  444.0
2018 156  6  5 1800  -39.5  723.4   14.4  105.0  444.0  444.0
2018 156  6  5 2100  -39.9  723.7   13.4  107.0  444.0  444.0
2018 157  6  6 0000  -39.5  724.7   11.3   98.0  444.0  444.0
2018 157  6  6 0300  -38.6  725.7   10.6   90.0  444.0  444.0
2018 157  6  6 0600  -38.5  727.4   11.6   91.0  444.0  444.0
2018 157  6  6 0900  -38.8  729.5   11.8   90.0  444.0  444.0
2018 157  6  6 1200  -39.1  731.5   10.6   86.0  444.0  444.0
2018 157  6  6 1500  -39.2  732.6    9.8   89.0  444.0  444.0
2018 157  6  6 1800  -40.0  733.7   11.8   91.0  444.0  444.0
2018 157  6  6 2100  -40.2  734.7   10.8   90.0  444.0  444.0
2018 158  6  7 0000  -40.5  735.0   13.4   93.0  444.0  444.0
2018 158  6  7 0300  -40.2  734.4   12.6   91.0  444.0  444.0
2018 158  6  7 0600  -39.8  734.5   12.3   96.0  444.0  444.0
2018 158  6  7 0900  -38.8  733.9   12.9   93.0  444.0  444.0
2018 158  6  7 1200  -39.8  733.6   10.8   97.0  444.0  444.0
2018 158  6  7 1500  -40.5  733.3   12.3   97.0  444.0  444.0
2018 158  6  7 1800  -39.1  733.6   12.9   97.0  444.0  444.0
2018 158  6  7 2100  -40.2  734.4   10.1   96.0  444.0  444.0
2018 159  6  8 0000  -39.4  735.1    9.6   89.0  444.0  444.0
2018 159  6  8 0300  -37.9  735.8    8.8   86.0  444.0  444.0
2018 159  6  8 0600  -38.0  736.6    8.8   87.0  444.0  444.0
2018 159  6  8 0900  -38.0  737.7   10.1   89.0  444.0  444.0
2018 159  6  8 1200  -39.9  738.6    9.3   89.0  444.0  444.0
2018 159  6  8 1500  -35.4  739.6    9.3   86.0  444.0  444.0
2018 159  6  8 1800  -36.4  739.9   10.8   93.0  444.0  444.0
2018 159  6  8 2100  -36.1  740.8    9.3   91.0  444.0  444.0
2018 160  6  9 0000  -34.0  741.6    9.3   93.0  444.0  444.0
2018 160  6  9 0300  -34.6  742.2   11.6  101.0  444.0  444.0
2018 160  6  9 0600  -35.1  743.5   10.6   97.0  444.0  444.0
2018 160  6  9 0900  -39.9  744.0   10.6  110.0  444.0  444.0
2018 160  6  9 1200  -43.6  743.9   10.1  107.0  444.0  444.0
2018 160  6  9 1500  -45.4  743.5   10.3  112.0  444.0  444.0
2018 160  6  9 1800  -46.0  742.6   11.6  114.0  444.0  444.0
2018 160  6  9 2100  -46.4  741.7   11.3  118.0  444.0  444.0
2018 161  6 10 0000  -46.6  739.6   15.1  118.0  444.0  444.0
2018 161  6 10 0300  -46.6  737.5   10.1  111.0  444.0  444.0
2018 161  6 10 0600  -46.5  736.0   10.8  114.0  444.0  444.0
2018 161  6 10 0900  -45.8  734.0   12.3  101.0  444.0  444.0
2018 161  6 10 1200  -45.1  732.9   12.9  104.0  444.0  444.0
2018 161  6 10 1500  -45.0  732.2   13.1   97.0  444.0  444.0
2018 161  6 10 1800  -45.1  732.2   14.9  100.0  444.0  444.0
2018 161  6 10 2100  -45.1  732.5   13.6  108.0  444.0  444.0
2018 162  6 11 0000  -45.1  732.5   12.3   96.0  444.0  444.0
2018 162  6 11 0300  -45.1  732.6   12.6   94.0  444.0  444.0
2018 162  6 11 0600  -44.2  733.1   11.8   96.0  444.0  444.0
2018 162  6 11 0900  -44.5  733.9   12.3   96.0  444.0  444.0
2018 162  6 11 1200  -43.8  734.5   14.4   96.0  444.0  444.0
2018 162  6 11 1500  -43.5  735.9   13.4   97.0  444.0  444.0
2018 162  6 11 1800  -42.6  736.5   10.8  100.0  444.0  444.0
2018 162  6 11 2100  -41.9  737.4   11.1   89.0  444.0  444.0
2018 163  6 12 0000  -41.2  738.3   11.3   93.0  444.0  444.0
2018 163  6 12 0300  -40.6  738.5   12.3   93.0  444.0  444.0
2018 163  6 12 0600  -40.0  738.9   10.1   96.0  444.0  444.0
2018 163  6 12 0900  -39.1  738.8    9.3  101.0  444.0  444.0
2018 163  6 12 1200  -38.9  739.0   10.8   98.0  444.0  444.0
2018 163  6 12 1500  -39.4  739.2   11.6  104.0  444.0  444.0
2018 163  6 12 1800  -40.2  738.5   11.8  108.0  444.0  444.0
2018 163  6 12 2100  -38.6  737.4   11.1  105.0  444.0  444.0
2018 164  6 13 0000  -37.5  736.2   14.9  104.0  444.0  444.0
2018 164  6 13 0300  -36.8  736.7   14.6   94.0  444.0  444.0
2018 164  6 13 0600  -36.4  737.9   10.3   97.0  444.0  444.0
2018 164  6 13 0900  -35.4  739.0   12.1   76.0  444.0  444.0
2018 164  6 13 1200  -35.5  740.8   11.8   87.0  444.0  444.0
2018 164  6 13 1500  -34.4  742.4    9.8   73.0  444.0  444.0
2018 164  6 13 1800  -34.5  743.9   10.8   82.0  444.0  444.0
2018 164  6 13 2100  -33.6  745.3    9.1   83.0  444.0  444.0
2018 165  6 14 0000  -31.6  746.7  444.0  444.0  444.0  444.0
2018 165  6 14 0300  -33.4  747.7  444.0  444.0  444.0  444.0
2018 165  6 14 0600  -31.6  748.8  444.0  444.0  444.0  444.0
2018 165  6 14 0900  -31.4  749.6  444.0  444.0  444.0  444.0
2018 165  6 14 1200  -32.0  750.0  444.0  444.0  444.0  444.0
2018 165  6 14 1500  -32.6  749.8  444.0  444.0  444.0  444.0
2018 165  6 14 1800  -35.0  749.8    8.8   84.0  444.0  444.0
2018 165  6 14 2100  -38.6  748.9   11.8   93.0  444.0  444.0
2018 166  6 15 0000  -38.9  747.3   11.8  108.0  444.0  444.0
2018 166  6 15 0300  -40.0  746.1   13.6  103.0  444.0  444.0
2018 166  6 15 0600  -40.4  745.5   13.9  104.0  444.0  444.0
2018 166  6 15 0900  -40.9  744.9   15.9  107.0  444.0  444.0
2018 166  6 15 1200  -40.5  743.9   16.1  105.0  444.0  444.0
2018 166  6 15 1500  -39.8  743.9   17.1   98.0  444.0  444.0
2018 166  6 15 1800  -38.9  744.9   13.9  104.0  444.0  444.0
2018 166  6 15 2100  -38.9  745.9   13.9  100.0  444.0  444.0
2018 167  6 16 0000  -37.6  746.9   14.9  100.0  444.0  444.0
2018 167  6 16 0300  -37.4  747.7   16.1  105.0  444.0  444.0
2018 167  6 16 0600  -36.8  747.5   17.9  108.0  444.0  444.0
2018 167  6 16 0900  -35.0  748.4   17.4  103.0  444.0  444.0
2018 167  6 16 1200  -32.6  750.1   16.1  115.0  444.0  444.0
2018 167  6 16 1500  -30.4  751.8   15.1  105.0  444.0  444.0
2018 167  6 16 1800  -28.6  752.6   17.6   97.0  444.0  444.0
2018 167  6 16 2100  -27.4  753.4   16.9   91.0  444.0  444.0
2018 168  6 17 0000  -27.4  754.2   13.4   97.0  444.0  444.0
2018 168  6 17 0300  -28.1  755.3   13.9   96.0  444.0  444.0
2018 168  6 17 0600  -28.2  756.1   12.3   96.0  444.0  444.0
2018 168  6 17 0900  -27.4  757.3   16.1   91.0  444.0  444.0
2018 168  6 17 1200  -26.5  758.0   13.6   94.0  444.0  444.0
2018 168  6 17 1500  -26.0  759.3   12.9   90.0  444.0  444.0
2018 168  6 17 1800  -26.4  760.1   14.6   93.0  444.0  444.0
2018 168  6 17 2100  -27.4  761.1   12.1   98.0  444.0  444.0
2018 169  6 18 0000  -27.5  761.1   14.4  101.0  444.0  444.0
2018 169  6 18 0300  -29.9  760.5   13.9  100.0  444.0  444.0
2018 169  6 18 0600  -30.4  759.6   11.8  104.0  444.0  444.0
2018 169  6 18 0900  -29.6  759.5   13.9  101.0  444.0  444.0
2018 169  6 18 1200  -30.6  758.4   12.3   97.0  444.0  444.0
2018 169  6 18 1500  -30.6  756.9   13.1  100.0  444.0  444.0
2018 169  6 18 1800  -31.0  755.6   12.1  104.0  444.0  444.0
2018 169  6 18 2100  -32.6  753.9   11.8  114.0  444.0  444.0
2018 170  6 19 0000  -33.2  751.8   12.1  112.0  444.0  444.0
2018 170  6 19 0300  -34.6  749.7   12.1  121.0  444.0  444.0
2018 170  6 19 0600  -33.8  747.6   14.1  111.0  444.0  444.0
2018 170  6 19 0900  -35.4  746.0   13.4  115.0  444.0  444.0
2018 170  6 19 1200  -37.6  745.0   13.6  115.0  444.0  444.0
2018 170  6 19 1500  -37.9  743.4   14.1  112.0  444.0  444.0
2018 170  6 19 1800  -38.8  742.6   16.1  110.0  444.0  444.0
2018 170  6 19 2100  -39.5  741.9   12.9  112.0  444.0  444.0
2018 171  6 20 0000  -39.8  741.4   13.6  110.0  444.0  444.0
2018 171  6 20 0300  -40.5  740.3   13.9  111.0  444.0  444.0
2018 171  6 20 0600  -40.9  739.9   11.8  112.0  444.0  444.0
2018 171  6 20 0900  -41.2  739.5   13.4  110.0  444.0  444.0
2018 171  6 20 1200  -41.1  738.9   12.3  105.0  444.0  444.0
2018 171  6 20 1500  -41.1  738.4   14.4  103.0  444.0  444.0
2018 171  6 20 1800  -40.4  738.3   12.3  100.0  444.0  444.0
2018 171  6 20 2100  -40.8  738.1   15.1   98.0  444.0  444.0
2018 172  6 21 0000  -40.0  738.1   14.4   97.0  444.0  444.0
2018 172  6 21 0300  -39.5  738.0   14.6   94.0  444.0  444.0
2018 172  6 21 0600  -39.0  738.0   11.6   93.0  444.0  444.0
2018 172  6 21 0900  -38.2  738.6   13.1   93.0  444.0  444.0
2018 172  6 21 1200  -38.5  739.1   12.9   96.0  444.0  444.0
2018 172  6 21 1500  -38.2  739.8   12.3   97.0  444.0  444.0
2018 172  6 21 1800  -37.4  740.5   12.3  105.0  444.0  444.0
2018 172  6 21 2100  -37.1  741.5   13.6   98.0  444.0  444.0
2018 173  6 22 0000  -36.0  742.6   12.1   98.0  444.0  444.0
2018 173  6 22 0300  -37.4  743.5   10.8  110.0  444.0  444.0
2018 173  6 22 0600  -37.9  743.9   13.6  108.0  444.0  444.0
2018 173  6 22 0900  -38.1  745.1   13.1  104.0  444.0  444.0
2018 173  6 22 1200  -38.5  745.9   10.8  107.0  444.0  444.0
2018 173  6 22 1500  -36.8  745.7   10.8  104.0  444.0  444.0
2018 173  6 22 1800  -36.1  745.5   12.9  108.0  444.0  444.0
2018 173  6 22 2100  -35.2  745.1   14.6  105.0  444.0  444.0
2018 174  6 23 0000  -36.2  745.6   11.8  112.0  444.0  444.0
2018 174  6 23 0300  -36.4  745.5   12.3  108.0  444.0  444.0
2018 174  6 23 0600  -36.2  745.1   11.6  108.0  444.0  444.0
2018 174  6 23 0900  -35.9  744.7   14.4  104.0  444.0  444.0
2018 174  6 23 1200  -36.8  744.8   12.9  104.0  444.0  444.0
2018 174  6 23 1500  -36.8  744.4   11.3  103.0  444.0  444.0
2018 174  6 23 1800  -37.6  744.0   12.1  104.0  444.0  444.0
2018 174  6 23 2100  -37.4  743.5   12.3  104.0  444.0  444.0
2018 175  6 24 0000  -37.5  744.0   13.1  105.0  444.0  444.0
2018 175  6 24 0300  -37.5  744.2   10.1  101.0  444.0  444.0
2018 175  6 24 0600  -37.6  744.3   13.9  104.0  444.0  444.0
2018 175  6 24 0900  -37.4  745.2   12.3  101.0  444.0  444.0
2018 175  6 24 1200  -37.9  746.0   11.6  103.0  444.0  444.0
2018 175  6 24 1500  -38.2  746.5   12.9  104.0  444.0  444.0
2018 175  6 24 1800  -37.1  746.9   12.9   98.0  444.0  444.0
2018 175  6 24 2100  -37.1  747.6    0.0    0.0  444.0  444.0
2018 176  6 25 0000  -36.1  746.6    0.0    0.0  444.0  444.0
2018 176  6 25 0300  -34.6  745.8   14.6  101.0  444.0  444.0
2018 176  6 25 0600  -33.1  744.3   17.9   98.0  444.0  444.0
2018 176  6 25 0900  -31.6  743.4   17.6   98.0  444.0  444.0
2018 176  6 25 1200  -31.0  742.4   16.4   96.0  444.0  444.0
2018 176  6 25 1500  -29.0  741.5   15.4   91.0  444.0  444.0
2018 176  6 25 1800  -26.9  742.5   12.3   89.0  444.0  444.0
2018 176  6 25 2100  -25.9  743.3   13.1   83.0  444.0  444.0
2018 177  6 26 0000  -25.8  743.4   12.6   80.0  444.0  444.0
2018 177  6 26 0300  -25.2  744.1   15.4   86.0  444.0  444.0
2018 177  6 26 0600  -25.0  745.1   11.8   86.0  444.0  444.0
2018 177  6 26 0900  -25.5  746.4    8.1   83.0  444.0  444.0
2018 177  6 26 1200  -26.0  747.4    9.3   84.0  444.0  444.0
2018 177  6 26 1500  -27.5  747.5    7.1   83.0  444.0  444.0
2018 177  6 26 1800  -27.9  747.0   10.1   84.0  444.0  444.0
2018 177  6 26 2100  -30.6  746.5   11.1   83.0  444.0  444.0
2018 178  6 27 0000  -29.2  746.4   10.6   87.0  444.0  444.0
2018 178  6 27 0300  -29.0  745.4   13.6   83.0  444.0  444.0
2018 178  6 27 0600  -28.2  744.8   11.8   83.0  444.0  444.0
2018 178  6 27 0900  -26.9  744.2    9.6   80.0  444.0  444.0
2018 178  6 27 1200  -29.0  744.0    9.8   82.0  444.0  444.0
2018 178  6 27 1500  -26.2  742.9    9.8   86.0  444.0  444.0
2018 178  6 27 1800  -25.8  741.9   11.3   79.0  444.0  444.0
2018 178  6 27 2100  -25.8  740.7   10.6   83.0  444.0  444.0
2018 179  6 28 0000  -25.9  739.8    9.3   89.0  444.0  444.0
2018 179  6 28 0300  -25.8  739.4    9.1   87.0  444.0  444.0
2018 179  6 28 0600  -26.9  739.7    8.1  100.0  444.0  444.0
2018 179  6 28 0900  -26.8  739.9    8.3   87.0  444.0  444.0
2018 179  6 28 1200  -27.2  740.3    9.8   82.0  444.0  444.0
2018 179  6 28 1500  -27.2  741.6    9.3   79.0  444.0  444.0
2018 179  6 28 1800  -28.9  742.5    6.8   80.0  444.0  444.0
2018 179  6 28 2100  -28.2  743.5    7.1   80.0  444.0  444.0
2018 180  6 29 0000  -27.5  744.5    7.1   79.0  444.0  444.0
2018 180  6 29 0300  -27.5  744.8    8.8   79.0  444.0  444.0
2018 180  6 29 0600  -27.4  745.1    8.3   79.0  444.0  444.0
2018 180  6 29 0900  -27.2  745.4    9.3   76.0  444.0  444.0
2018 180  6 29 1200  -26.9  744.4    9.1   77.0  444.0  444.0
2018 180  6 29 1500  -26.9  742.5   13.9   82.0  444.0  444.0
2018 180  6 29 1800  -24.2  738.8   15.6   89.0  444.0  444.0
2018 180  6 29 2100  -21.0  736.2   20.7   62.0  444.0  444.0
2018 181  6 30 0000  -20.6  736.6   15.9   68.0  444.0  444.0
2018 181  6 30 0300  -20.8  737.0   14.1   52.0  444.0  444.0
2018 181  6 30 0600  -21.9  738.6    9.6   65.0  444.0  444.0
2018 181  6 30 0900  -23.1  738.3    8.6   72.0  444.0  444.0
2018 181  6 30 1200  -22.5  738.1    9.6   59.0  444.0  444.0
2018 181  6 30 1500  -22.5  738.7    6.8   51.0  444.0  444.0
2018 181  6 30 1800  -25.0  740.1  444.0  444.0  444.0  444.0
2018 181  6 30 2100  -26.0  741.5  444.0  444.0  444.0  444.0
