Year: 2018  Month: 09  ID: MIZ  ARGOS: 21359  Name: Mizuho              
Lat: 70.70S  Lon:  44.30E  Elev: 2260m
2018 244  9  1 0000  -38.5  727.6   13.1   86.0  444.0  444.0
2018 244  9  1 0300  -37.4  726.4   15.4   79.0  444.0  444.0
2018 244  9  1 0600  -34.4  725.7   17.4   80.0  444.0  444.0
2018 244  9  1 0900  -32.0  725.6   14.9   75.0  444.0  444.0
2018 244  9  1 1200  -31.2  726.6   12.1   77.0  444.0  444.0
2018 244  9  1 1500  -32.4  727.8   13.9   84.0  444.0  444.0
2018 244  9  1 1800  -33.0  729.2  444.0  444.0  444.0  444.0
2018 244  9  1 2100  -33.5  731.7  444.0  444.0  444.0  444.0
2018 245  9  2 0000  -36.6  732.2  444.0  444.0  444.0  444.0
2018 245  9  2 0300  -39.8  732.6  444.0  444.0  444.0  444.0
2018 245  9  2 0600  -41.5  733.0  444.0  444.0  444.0  444.0
2018 245  9  2 0900  -40.9  733.0  444.0  444.0  444.0  444.0
2018 245  9  2 1200  -40.8  731.8  444.0  444.0  444.0  444.0
2018 245  9  2 1500  -43.2  730.5  444.0  444.0  444.0  444.0
2018 245  9  2 1800  -43.2  729.0  444.0  444.0  444.0  444.0
2018 245  9  2 2100  -41.9  726.2  444.0  444.0  444.0  444.0
2018 246  9  3 0000  -40.0  722.9   13.1   93.0  444.0  444.0
2018 246  9  3 0300  -36.8  719.2   14.9   94.0  444.0  444.0
2018 246  9  3 0600  -31.6  716.3   16.6   91.0  444.0  444.0
2018 246  9  3 0900  -28.6  713.2   15.1   84.0  444.0  444.0
2018 246  9  3 1200  -27.2  712.2   14.6   89.0  444.0  444.0
2018 246  9  3 1500  -27.9  713.1   11.1   91.0  444.0  444.0
2018 246  9  3 1800  -28.8  714.2   11.6   97.0  444.0  444.0
2018 246  9  3 2100  -30.2  716.0  444.0  444.0  444.0  444.0
2018 247  9  4 0000  -32.6  717.7  444.0  444.0  444.0  444.0
2018 247  9  4 0300  -35.4  718.6  444.0  444.0  444.0  444.0
2018 247  9  4 0600  -34.4  719.6  444.0  444.0  444.0  444.0
2018 247  9  4 0900  -34.5  721.0  444.0  444.0  444.0  444.0
2018 247  9  4 1200  -35.9  722.1  444.0  444.0  444.0  444.0
2018 247  9  4 1500  -39.5  723.5  444.0  444.0  444.0  444.0
2018 247  9  4 1800  -41.5  724.5  444.0  444.0  444.0  444.0
2018 247  9  4 2100  -42.5  725.6  444.0  444.0  444.0  444.0
2018 248  9  5 0000  -43.0  725.8  444.0  444.0  444.0  444.0
2018 248  9  5 0300  -43.0  726.1  444.0  444.0  444.0  444.0
2018 248  9  5 0600  -41.8  726.3  444.0  444.0  444.0  444.0
2018 248  9  5 0900  -39.5  726.7  444.0  444.0  444.0  444.0
2018 248  9  5 1200  -38.6  726.4  444.0  444.0  444.0  444.0
2018 248  9  5 1500  -42.1  726.0  444.0  444.0  444.0  444.0
2018 248  9  5 1800  -43.9  725.5  444.0  444.0  444.0  444.0
2018 248  9  5 2100  -46.0  725.0  444.0  444.0  444.0  444.0
2018 249  9  6 0000  -47.6  724.1  444.0  444.0  444.0  444.0
2018 249  9  6 0300  -47.8  723.5  444.0  444.0  444.0  444.0
2018 249  9  6 0600  -47.2  723.7  444.0  444.0  444.0  444.0
2018 249  9  6 0900  -43.9  723.9  444.0  444.0  444.0  444.0
2018 249  9  6 1200  -42.5  724.4  444.0  444.0  444.0  444.0
2018 249  9  6 1500  -45.6  724.5  444.0  444.0  444.0  444.0
2018 249  9  6 1800  -47.4  724.1  444.0  444.0  444.0  444.0
2018 249  9  6 2100  -47.2  724.4  444.0  444.0  444.0  444.0
2018 250  9  7 0000  -48.1  724.7  444.0  444.0  444.0  444.0
2018 250  9  7 0300  -48.5  725.6  444.0  444.0  444.0  444.0
2018 250  9  7 0600  -47.1  727.5  444.0  444.0  444.0  444.0
2018 250  9  7 0900  -45.0  729.0  444.0  444.0  444.0  444.0
2018 250  9  7 1200  -44.5  730.2  444.0  444.0  444.0  444.0
2018 250  9  7 1500  -46.9  730.2  444.0  444.0  444.0  444.0
2018 250  9  7 1800  -47.2  729.7  444.0  444.0  444.0  444.0
2018 250  9  7 2100  -47.2  729.7  444.0  444.0  444.0  444.0
2018 251  9  8 0000  -47.2  729.9  444.0  444.0  444.0  444.0
2018 251  9  8 0300  -47.1  730.5  444.0  444.0  444.0  444.0
2018 251  9  8 0600  -45.4  730.1  444.0  444.0  444.0  444.0
2018 251  9  8 0900  -42.5  729.8  444.0  444.0  444.0  444.0
2018 251  9  8 1200  -42.2  728.3  444.0  444.0  444.0  444.0
2018 251  9  8 1500  -44.8  726.5  444.0  444.0  444.0  444.0
2018 251  9  8 1800  -45.9  724.6  444.0  444.0  444.0  444.0
2018 251  9  8 2100  -47.5  722.7  444.0  444.0  444.0  444.0
2018 252  9  9 0000  -47.1  721.2  444.0  444.0  444.0  444.0
2018 252  9  9 0300  -47.1  719.2  444.0  444.0  444.0  444.0
2018 252  9  9 0600  -45.8  718.3  444.0  444.0  444.0  444.0
2018 252  9  9 0900  -43.4  717.4  444.0  444.0  444.0  444.0
2018 252  9  9 1200  -43.2  716.8  444.0  444.0  444.0  444.0
2018 252  9  9 1500  -46.0  716.3  444.0  444.0  444.0  444.0
2018 252  9  9 1800  -48.0  715.8  444.0  444.0  444.0  444.0
2018 252  9  9 2100  -47.2  715.4  444.0  444.0  444.0  444.0
2018 253  9 10 0000  -47.1  714.7  444.0  444.0  444.0  444.0
2018 253  9 10 0300  -47.1  714.4  444.0  444.0  444.0  444.0
2018 253  9 10 0600  -46.9  714.2  444.0  444.0  444.0  444.0
2018 253  9 10 0900  -44.6  714.2  444.0  444.0  444.0  444.0
2018 253  9 10 1200  -43.4  714.6  444.0  444.0  444.0  444.0
2018 253  9 10 1500  -47.0  715.3  444.0  444.0  444.0  444.0
2018 253  9 10 1800  -47.4  715.2  444.0  444.0  444.0  444.0
2018 253  9 10 2100  -47.2  715.5  444.0  444.0  444.0  444.0
2018 254  9 11 0000  -48.0  715.6  444.0  444.0  444.0  444.0
2018 254  9 11 0300  -47.2  715.9  444.0  444.0  444.0  444.0
2018 254  9 11 0600  -46.6  716.7  444.0  444.0  444.0  444.0
2018 254  9 11 0900  -44.5  717.8  444.0  444.0  444.0  444.0
2018 254  9 11 1200  -43.4  719.8  444.0  444.0  444.0  444.0
2018 254  9 11 1500  -46.4  721.2  444.0  444.0  444.0  444.0
2018 254  9 11 1800  -47.5  723.0  444.0  444.0  444.0  444.0
2018 254  9 11 2100  -47.1  724.7  444.0  444.0  444.0  444.0
2018 255  9 12 0000  -46.6  726.4  444.0  444.0  444.0  444.0
2018 255  9 12 0300  -45.8  727.3  444.0  444.0  444.0  444.0
2018 255  9 12 0600  -42.9  728.0  444.0  444.0  444.0  444.0
2018 255  9 12 0900  -39.2  728.6   13.4   91.0  444.0  444.0
2018 255  9 12 1200  -35.8  728.4   12.9   87.0  444.0  444.0
2018 255  9 12 1500  -34.1  727.9   15.4   86.0  444.0  444.0
2018 255  9 12 1800  -32.6  727.5   13.9   83.0  444.0  444.0
2018 255  9 12 2100  -32.0  727.9   13.1   73.0  444.0  444.0
2018 256  9 13 0000  -34.5  728.2   12.9   83.0  444.0  444.0
2018 256  9 13 0300  -35.8  729.2   11.1   89.0  444.0  444.0
2018 256  9 13 0600  -37.1  729.6   11.1  101.0  444.0  444.0
2018 256  9 13 0900  -35.2  729.4   12.1   97.0  444.0  444.0
2018 256  9 13 1200  -36.2  730.4  444.0  444.0  444.0  444.0
2018 256  9 13 1500  -37.9  729.4  444.0  444.0  444.0  444.0
2018 256  9 13 1800  -40.9  728.4  444.0  444.0  444.0  444.0
2018 256  9 13 2100  -41.6  726.9   14.9  105.0  444.0  444.0
2018 257  9 14 0000  -42.6  725.5   11.6  108.0  444.0  444.0
2018 257  9 14 0300  -42.9  725.1   13.4  107.0  444.0  444.0
2018 257  9 14 0600  -42.2  724.7   13.1  107.0  444.0  444.0
2018 257  9 14 0900  -40.4  724.9   15.4  104.0  444.0  444.0
2018 257  9 14 1200  -40.2  725.9   13.1   96.0  444.0  444.0
2018 257  9 14 1500  -43.2  726.9   11.8   93.0  444.0  444.0
2018 257  9 14 1800  -44.8  728.1   10.3   94.0  444.0  444.0
2018 257  9 14 2100  -46.0  729.4   11.3  100.0  444.0  444.0
2018 258  9 15 0000  -46.4  729.8   11.1   98.0  444.0  444.0
2018 258  9 15 0300  -46.5  730.9   12.9  103.0  444.0  444.0
2018 258  9 15 0600  -44.1  731.4   12.3  100.0  444.0  444.0
2018 258  9 15 0900  -41.0  732.2   11.8  101.0  444.0  444.0
2018 258  9 15 1200  -39.8  732.6   12.3  104.0  444.0  444.0
2018 258  9 15 1500  -41.2  732.8   11.8   97.0  444.0  444.0
2018 258  9 15 1800  -42.6  733.2   10.8  103.0  444.0  444.0
2018 258  9 15 2100  -42.9  733.3   10.3   97.0  444.0  444.0
2018 259  9 16 0000  -42.9  732.6   10.8  103.0  444.0  444.0
2018 259  9 16 0300  -41.0  732.0   11.6  101.0  444.0  444.0
2018 259  9 16 0600  -39.5  731.3   12.1  100.0  444.0  444.0
2018 259  9 16 0900  -38.5  731.0    9.3   97.0  444.0  444.0
2018 259  9 16 1200  -37.8  730.1   10.1  101.0  444.0  444.0
2018 259  9 16 1500  -40.9  729.5   10.3  104.0  444.0  444.0
2018 259  9 16 1800  -42.5  729.0   12.1  101.0  444.0  444.0
2018 259  9 16 2100  -43.2  729.2   12.3  101.0  444.0  444.0
2018 260  9 17 0000  -44.2  729.6   12.9  104.0  444.0  444.0
2018 260  9 17 0300  -44.0  730.3   11.8  105.0  444.0  444.0
2018 260  9 17 0600  -41.0  731.4    9.6   97.0  444.0  444.0
2018 260  9 17 0900  -39.1  732.2  444.0  444.0  444.0  444.0
2018 260  9 17 1200  -38.8  732.8  444.0  444.0  444.0  444.0
2018 260  9 17 1500  -43.4  732.5    8.8  107.0  444.0  444.0
2018 260  9 17 1800  -45.9  732.7    9.1  107.0  444.0  444.0
2018 260  9 17 2100  -47.1  732.4   10.1  105.0  444.0  444.0
2018 261  9 18 0000  -46.9  731.5    9.8  104.0  444.0  444.0
2018 261  9 18 0300  -45.9  730.8   10.8  100.0  444.0  444.0
2018 261  9 18 0600  -42.8  730.5   11.1  100.0  444.0  444.0
2018 261  9 18 0900  -39.8  730.5   10.8   98.0  444.0  444.0
2018 261  9 18 1200  -38.8  731.3   11.3   96.0  444.0  444.0
2018 261  9 18 1500  -41.1  732.3   10.3   90.0  444.0  444.0
2018 261  9 18 1800  -38.2  733.7   10.3   91.0  444.0  444.0
2018 261  9 18 2100  -35.4  735.3    9.6   83.0  444.0  444.0
2018 262  9 19 0000  -34.5  737.3  444.0  444.0  444.0  444.0
2018 262  9 19 0300  -33.9  739.3  444.0  444.0  444.0  444.0
2018 262  9 19 0600  -31.8  741.4  444.0  444.0  444.0  444.0
2018 262  9 19 0900  -31.0  742.8  444.0  444.0  444.0  444.0
2018 262  9 19 1200  -29.8  743.4    8.3   86.0  444.0  444.0
2018 262  9 19 1500  -29.1  743.2   10.1   77.0  444.0  444.0
2018 262  9 19 1800  -28.0  743.0   10.6   79.0  444.0  444.0
2018 262  9 19 2100  -26.5  742.3   13.6   79.0  444.0  444.0
2018 263  9 20 0000  -26.4  741.0   14.4   86.0  444.0  444.0
2018 263  9 20 0300  -25.0  739.2   13.9   97.0  444.0  444.0
2018 263  9 20 0600  -23.1  739.0   14.6   75.0  444.0  444.0
2018 263  9 20 0900  -22.1  739.8   15.9   79.0  444.0  444.0
2018 263  9 20 1200  -23.1  739.1   17.6   83.0  444.0  444.0
2018 263  9 20 1500  -23.4  738.8   13.1   86.0  444.0  444.0
2018 263  9 20 1800  -23.1  738.5   15.1   79.0  444.0  444.0
2018 263  9 20 2100  -23.9  738.3   14.9   80.0  444.0  444.0
2018 264  9 21 0000  -24.0  738.3   16.9   93.0  444.0  444.0
2018 264  9 21 0300  -24.1  738.7   17.4   93.0  444.0  444.0
2018 264  9 21 0600  -23.5  737.9   17.1   89.0  444.0  444.0
2018 264  9 21 0900  -23.2  737.5   13.9   91.0  444.0  444.0
2018 264  9 21 1200  -25.1  737.3   16.6   97.0  444.0  444.0
2018 264  9 21 1500  -26.8  737.1   15.9  101.0  444.0  444.0
2018 264  9 21 1800  -28.4  736.6   15.6   93.0  444.0  444.0
2018 264  9 21 2100  -30.2  736.8   14.9  100.0  444.0  444.0
2018 265  9 22 0000  -31.8  737.3   14.9  101.0  444.0  444.0
2018 265  9 22 0300  -33.1  736.2   16.6  110.0  444.0  444.0
2018 265  9 22 0600  -33.4  736.3   13.4  108.0  444.0  444.0
2018 265  9 22 0900  -32.0  736.6   10.6   98.0  444.0  444.0
2018 265  9 22 1200  -31.5  735.1   15.9  112.0  444.0  444.0
2018 265  9 22 1500  -34.4  735.5   14.4  114.0  444.0  444.0
2018 265  9 22 1800  -35.8  735.0   12.9  108.0  444.0  444.0
2018 265  9 22 2100  -36.5  734.5   12.3  111.0  444.0  444.0
2018 266  9 23 0000  -37.6  734.3   13.6  108.0  444.0  444.0
2018 266  9 23 0300  -39.1  734.5   15.1  110.0  444.0  444.0
2018 266  9 23 0600  -37.1  734.5   12.6  112.0  444.0  444.0
2018 266  9 23 0900  -34.6  734.6   12.6  111.0  444.0  444.0
2018 266  9 23 1200  -33.2  734.9   10.1  107.0  444.0  444.0
2018 266  9 23 1500  -36.8  734.4   13.9  108.0  444.0  444.0
2018 266  9 23 1800  -38.5  734.2   10.6  104.0  444.0  444.0
2018 266  9 23 2100  -39.1  734.2   13.1  112.0  444.0  444.0
2018 267  9 24 0000  -40.9  733.5   13.9  108.0  444.0  444.0
2018 267  9 24 0300  -41.1  732.5   13.4  110.0  444.0  444.0
2018 267  9 24 0600  -39.5  731.6   11.8  103.0  444.0  444.0
2018 267  9 24 0900  -35.4  730.8   13.4   97.0  444.0  444.0
2018 267  9 24 1200  -34.6  730.3   10.6  104.0  444.0  444.0
2018 267  9 24 1500  -37.6  729.7   11.8  104.0  444.0  444.0
2018 267  9 24 1800  -39.2  729.3   13.1  100.0  444.0  444.0
2018 267  9 24 2100  -41.0  729.1   12.3  103.0  444.0  444.0
2018 268  9 25 0000  -42.5  728.6   13.1  104.0  444.0  444.0
2018 268  9 25 0300  -43.2  727.4   14.4  104.0  444.0  444.0
2018 268  9 25 0600  -40.6  727.4   14.1   96.0  444.0  444.0
2018 268  9 25 0900  -37.6  727.4   13.6   93.0  444.0  444.0
2018 268  9 25 1200  -37.1  727.9   13.4   94.0  444.0  444.0
2018 268  9 25 1500  -40.4  728.3   10.6   93.0  444.0  444.0
2018 268  9 25 1800  -42.9  728.1   12.1   91.0  444.0  444.0
2018 268  9 25 2100  -44.0  728.9   11.8   91.0  444.0  444.0
2018 269  9 26 0000  -45.1  729.0   10.6   93.0  444.0  444.0
2018 269  9 26 0300  -45.2  728.8   10.6   91.0  444.0  444.0
2018 269  9 26 0600  -41.5  729.1   11.6   90.0  444.0  444.0
2018 269  9 26 0900  -38.2  729.7    9.8   89.0  444.0  444.0
2018 269  9 26 1200  -36.5  729.8   10.8   93.0  444.0  444.0
2018 269  9 26 1500  -39.9  729.6   11.3   93.0  444.0  444.0
2018 269  9 26 1800  -41.2  729.1   10.8   89.0  444.0  444.0
2018 269  9 26 2100  -42.2  729.4   11.8   87.0  444.0  444.0
2018 270  9 27 0000  -42.5  729.2    9.1   84.0  444.0  444.0
2018 270  9 27 0300  -42.2  728.3   10.3   89.0  444.0  444.0
2018 270  9 27 0600  -39.4  727.4    9.3   89.0  444.0  444.0
2018 270  9 27 0900  -36.8  726.5    8.3   84.0  444.0  444.0
2018 270  9 27 1200  -35.5  725.0    8.8   87.0  444.0  444.0
2018 270  9 27 1500  -38.8  724.0    8.8   89.0  444.0  444.0
2018 270  9 27 1800  -40.5  722.7    7.6  100.0  444.0  444.0
2018 270  9 27 2100  -42.9  721.2   10.1  100.0  444.0  444.0
2018 271  9 28 0000  -43.4  720.2    9.8   97.0  444.0  444.0
2018 271  9 28 0300  -41.1  718.9    9.8  105.0  444.0  444.0
2018 271  9 28 0600  -39.4  718.1   10.6  110.0  444.0  444.0
2018 271  9 28 0900  -37.1  718.1   13.6  110.0  444.0  444.0
2018 271  9 28 1200  -36.2  718.1    9.8  104.0  444.0  444.0
2018 271  9 28 1500  -39.4  718.7   11.8  110.0  444.0  444.0
2018 271  9 28 1800  -42.6  719.3   12.6  108.0  444.0  444.0
2018 271  9 28 2100  -43.4  719.8   13.4  108.0  444.0  444.0
2018 272  9 29 0000  -44.9  720.4   13.1  111.0  444.0  444.0
2018 272  9 29 0300  -45.0  720.8   14.6  111.0  444.0  444.0
2018 272  9 29 0600  -41.8  721.2   12.3  107.0  444.0  444.0
2018 272  9 29 0900  -38.9  722.0   10.6  110.0  444.0  444.0
2018 272  9 29 1200  -37.8  722.5   10.6  112.0  444.0  444.0
2018 272  9 29 1500  -41.5  722.7   11.3  117.0  444.0  444.0
2018 272  9 29 1800  -44.5  723.0   11.3  117.0  444.0  444.0
2018 272  9 29 2100  -47.1  723.3   10.1  117.0  444.0  444.0
2018 273  9 30 0000  -48.8  722.7   11.3  112.0  444.0  444.0
2018 273  9 30 0300  -49.5  722.3   10.6  110.0  444.0  444.0
2018 273  9 30 0600  -46.0  723.0   12.9  114.0  444.0  444.0
2018 273  9 30 0900  -43.5  723.7   11.3  121.0  444.0  444.0
2018 273  9 30 1200  -40.9  723.5   11.6  111.0  444.0  444.0
2018 273  9 30 1500  -43.4  723.2   10.8  105.0  444.0  444.0
2018 273  9 30 1800  -45.6  722.9   12.3  111.0  444.0  444.0
2018 273  9 30 2100  -46.6  723.1   13.4  110.0  444.0  444.0
