Year: 2018  Month: 08  ID: MIZ  ARGOS: 21359  Name: Mizuho              
Lat: 70.70S  Lon:  44.30E  Elev: 2260m
2018 213  8  1 0000  444.0  444.0  444.0  444.0  444.0  444.0
2018 213  8  1 0300  444.0  444.0  444.0  444.0  444.0  444.0
2018 213  8  1 0600  444.0  444.0  444.0  444.0  444.0  444.0
2018 213  8  1 0900  444.0  444.0  444.0  444.0  444.0  444.0
2018 213  8  1 1200  444.0  444.0  444.0  444.0  444.0  444.0
2018 213  8  1 1500  444.0  444.0  444.0  444.0  444.0  444.0
2018 213  8  1 1800  444.0  444.0  444.0  444.0  444.0  444.0
2018 213  8  1 2100  444.0  444.0  444.0  444.0  444.0  444.0
2018 214  8  2 0000  444.0  444.0  444.0  444.0  444.0  444.0
2018 214  8  2 0300  444.0  444.0  444.0  444.0  444.0  444.0
2018 214  8  2 0600  444.0  444.0  444.0  444.0  444.0  444.0
2018 214  8  2 0900  444.0  444.0  444.0  444.0  444.0  444.0
2018 214  8  2 1200  444.0  444.0  444.0  444.0  444.0  444.0
2018 214  8  2 1500  444.0  444.0  444.0  444.0  444.0  444.0
2018 214  8  2 1800  444.0  444.0  444.0  444.0  444.0  444.0
2018 214  8  2 2100  444.0  444.0  444.0  444.0  444.0  444.0
2018 215  8  3 0000  444.0  444.0  444.0  444.0  444.0  444.0
2018 215  8  3 0300  444.0  444.0  444.0  444.0  444.0  444.0
2018 215  8  3 0600  444.0  444.0  444.0  444.0  444.0  444.0
2018 215  8  3 0900  444.0  444.0  444.0  444.0  444.0  444.0
2018 215  8  3 1200  444.0  444.0  444.0  444.0  444.0  444.0
2018 215  8  3 1500  444.0  444.0  444.0  444.0  444.0  444.0
2018 215  8  3 1800  444.0  444.0  444.0  444.0  444.0  444.0
2018 215  8  3 2100  444.0  444.0  444.0  444.0  444.0  444.0
2018 216  8  4 0000  444.0  444.0  444.0  444.0  444.0  444.0
2018 216  8  4 0300  444.0  444.0  444.0  444.0  444.0  444.0
2018 216  8  4 0600  444.0  444.0  444.0  444.0  444.0  444.0
2018 216  8  4 0900  444.0  444.0  444.0  444.0  444.0  444.0
2018 216  8  4 1200  444.0  444.0  444.0  444.0  444.0  444.0
2018 216  8  4 1500  444.0  444.0  444.0  444.0  444.0  444.0
2018 216  8  4 1800  444.0  444.0  444.0  444.0  444.0  444.0
2018 216  8  4 2100  444.0  444.0  444.0  444.0  444.0  444.0
2018 217  8  5 0000  444.0  444.0  444.0  444.0  444.0  444.0
2018 217  8  5 0300  444.0  444.0  444.0  444.0  444.0  444.0
2018 217  8  5 0600  444.0  444.0  444.0  444.0  444.0  444.0
2018 217  8  5 0900  444.0  444.0  444.0  444.0  444.0  444.0
2018 217  8  5 1200  444.0  444.0  444.0  444.0  444.0  444.0
2018 217  8  5 1500  444.0  444.0  444.0  444.0  444.0  444.0
2018 217  8  5 1800  444.0  444.0  444.0  444.0  444.0  444.0
2018 217  8  5 2100  444.0  444.0  444.0  444.0  444.0  444.0
2018 218  8  6 0000  444.0  444.0  444.0  444.0  444.0  444.0
2018 218  8  6 0300  444.0  444.0  444.0  444.0  444.0  444.0
2018 218  8  6 0600  444.0  444.0  444.0  444.0  444.0  444.0
2018 218  8  6 0900  444.0  444.0  444.0  444.0  444.0  444.0
2018 218  8  6 1200  444.0  444.0  444.0  444.0  444.0  444.0
2018 218  8  6 1500  444.0  444.0  444.0  444.0  444.0  444.0
2018 218  8  6 1800  444.0  444.0  444.0  444.0  444.0  444.0
2018 218  8  6 2100  444.0  444.0  444.0  444.0  444.0  444.0
2018 219  8  7 0000  444.0  444.0  444.0  444.0  444.0  444.0
2018 219  8  7 0300  444.0  444.0  444.0  444.0  444.0  444.0
2018 219  8  7 0600  444.0  444.0  444.0  444.0  444.0  444.0
2018 219  8  7 0900  444.0  444.0  444.0  444.0  444.0  444.0
2018 219  8  7 1200  444.0  444.0  444.0  444.0  444.0  444.0
2018 219  8  7 1500  444.0  444.0  444.0  444.0  444.0  444.0
2018 219  8  7 1800  444.0  444.0  444.0  444.0  444.0  444.0
2018 219  8  7 2100  444.0  444.0  444.0  444.0  444.0  444.0
2018 220  8  8 0000  444.0  444.0  444.0  444.0  444.0  444.0
2018 220  8  8 0300  444.0  444.0  444.0  444.0  444.0  444.0
2018 220  8  8 0600  444.0  444.0  444.0  444.0  444.0  444.0
2018 220  8  8 0900  444.0  444.0  444.0  444.0  444.0  444.0
2018 220  8  8 1200  444.0  444.0  444.0  444.0  444.0  444.0
2018 220  8  8 1500  444.0  444.0  444.0  444.0  444.0  444.0
2018 220  8  8 1800  444.0  444.0  444.0  444.0  444.0  444.0
2018 220  8  8 2100  444.0  444.0  444.0  444.0  444.0  444.0
2018 221  8  9 0000  444.0  444.0  444.0  444.0  444.0  444.0
2018 221  8  9 0300  444.0  444.0  444.0  444.0  444.0  444.0
2018 221  8  9 0600  444.0  444.0  444.0  444.0  444.0  444.0
2018 221  8  9 0900  444.0  444.0  444.0  444.0  444.0  444.0
2018 221  8  9 1200  444.0  444.0  444.0  444.0  444.0  444.0
2018 221  8  9 1500  -35.4  733.3   13.9  101.0  444.0  444.0
2018 221  8  9 1800  -34.6  733.1   14.9   96.0  444.0  444.0
2018 221  8  9 2100  -34.6  732.7   15.9  104.0  444.0  444.0
2018 222  8 10 0000  -35.2  732.3   17.1  101.0  444.0  444.0
2018 222  8 10 0300  -34.0  731.5   12.9   94.0  444.0  444.0
2018 222  8 10 0600  -31.5  732.4   15.1   82.0  444.0  444.0
2018 222  8 10 0900  -30.2  734.3   15.6   90.0  444.0  444.0
2018 222  8 10 1200  -30.2  734.8   12.3   94.0  444.0  444.0
2018 222  8 10 1500  -29.0  733.8   10.6   89.0  444.0  444.0
2018 222  8 10 1800  -28.4  732.7   13.6   87.0  444.0  444.0
2018 222  8 10 2100  -28.2  731.9   14.4   89.0  444.0  444.0
2018 223  8 11 0000  -28.4  731.5   13.6   89.0  444.0  444.0
2018 223  8 11 0300  -26.8  731.8   13.1  124.0  444.0  444.0
2018 223  8 11 0600  -27.4  731.9  444.0  444.0  444.0  444.0
2018 223  8 11 0900  -26.6  731.6  444.0  444.0  444.0  444.0
2018 223  8 11 1200  444.0  444.0  444.0  444.0  444.0  444.0
2018 223  8 11 1500  444.0  444.0  444.0  444.0  444.0  444.0
2018 223  8 11 1800  -23.5  734.7   14.1   89.0  444.0  444.0
2018 223  8 11 2100  -23.2  735.3   14.6   94.0  444.0  444.0
2018 224  8 12 0000  -23.1  735.7   14.1   89.0  444.0  444.0
2018 224  8 12 0300  -23.1  735.7   20.2   84.0  444.0  444.0
2018 224  8 12 0600  -24.4  736.4   19.9   90.0  444.0  444.0
2018 224  8 12 0900  -25.1  736.7   18.1   93.0  444.0  444.0
2018 224  8 12 1200  -26.4  735.9   23.4   97.0  444.0  444.0
2018 224  8 12 1500  -29.0  736.2   21.4   98.0  444.0  444.0
2018 224  8 12 1800  -31.4  734.6   17.9   93.0  444.0  444.0
2018 224  8 12 2100  -33.1  734.1   16.9  103.0  444.0  444.0
2018 225  8 13 0000  -33.4  734.8   16.9   94.0  444.0  444.0
2018 225  8 13 0300  -33.4  735.1   13.9   93.0  444.0  444.0
2018 225  8 13 0600  -31.5  735.3   16.4   89.0  444.0  444.0
2018 225  8 13 0900  -29.9  735.4   20.2   96.0  444.0  444.0
2018 225  8 13 1200  -29.6  736.9   12.6   90.0  444.0  444.0
2018 225  8 13 1500  -28.6  737.3   16.4   87.0  444.0  444.0
2018 225  8 13 1800  -28.5  737.2   13.4   93.0  444.0  444.0
2018 225  8 13 2100  -27.4  736.7   11.6   90.0  444.0  444.0
2018 226  8 14 0000  -26.6  736.5   19.9   93.0  444.0  444.0
2018 226  8 14 0300  -25.8  736.8   13.4  104.0  444.0  444.0
2018 226  8 14 0600  -24.9  736.2   12.3   89.0  444.0  444.0
2018 226  8 14 0900  -23.9  735.9   13.9   90.0  444.0  444.0
2018 226  8 14 1200  -23.2  736.2   14.4   80.0  444.0  444.0
2018 226  8 14 1500  -23.4  734.9   15.1   90.0  444.0  444.0
2018 226  8 14 1800  -23.2  734.3   13.4   83.0  444.0  444.0
2018 226  8 14 2100  -24.1  730.8   24.9  100.0  444.0  444.0
2018 227  8 15 0000  -26.1  730.8   19.2  100.0  444.0  444.0
2018 227  8 15 0300  -27.9  730.8   19.4   94.0  444.0  444.0
2018 227  8 15 0600  -29.9  730.3   20.2  104.0  444.0  444.0
2018 227  8 15 0900  -31.1  731.6   14.1  105.0  444.0  444.0
2018 227  8 15 1200  -31.6  731.5   19.9  114.0  444.0  444.0
2018 227  8 15 1500  -33.5  732.9   14.1  101.0  444.0  444.0
2018 227  8 15 1800  -35.4  733.6   14.6  100.0  444.0  444.0
2018 227  8 15 2100  -36.4  733.3   13.6  101.0  444.0  444.0
2018 228  8 16 0000  -37.0  732.8   18.4   97.0  444.0  444.0
2018 228  8 16 0300  -38.5  732.4   15.4  107.0  444.0  444.0
2018 228  8 16 0600  -39.0  732.5   16.1  100.0  444.0  444.0
2018 228  8 16 0900  -38.5  732.6   13.9   97.0  444.0  444.0
2018 228  8 16 1200  -38.5  733.5  444.0  444.0  444.0  444.0
2018 228  8 16 1500  -38.5  734.8  444.0  444.0  444.0  444.0
2018 228  8 16 1800  -37.5  735.3  444.0  444.0  444.0  444.0
2018 228  8 16 2100  -36.1  736.4  444.0  444.0  444.0  444.0
2018 229  8 17 0000  -35.4  737.0  444.0  444.0  444.0  444.0
2018 229  8 17 0300  -34.4  736.8  444.0  444.0  444.0  444.0
2018 229  8 17 0600  -35.4  737.3  444.0  444.0  444.0  444.0
2018 229  8 17 0900  -32.6  736.4   11.1   98.0  444.0  444.0
2018 229  8 17 1200  -34.5  735.8  444.0  444.0  444.0  444.0
2018 229  8 17 1500  -36.6  734.5  444.0  444.0  444.0  444.0
2018 229  8 17 1800  -36.1  732.9  444.0  444.0  444.0  444.0
2018 229  8 17 2100  -36.2  731.6  444.0  444.0  444.0  444.0
2018 230  8 18 0000  -35.4  730.1  444.0  444.0  444.0  444.0
2018 230  8 18 0300  -37.4  729.1  444.0  444.0  444.0  444.0
2018 230  8 18 0600  -37.8  729.2   11.6  100.0  444.0  444.0
2018 230  8 18 0900  -37.6  729.6   14.4  101.0  444.0  444.0
2018 230  8 18 1200  -37.1  729.8   11.6   98.0  444.0  444.0
2018 230  8 18 1500  -38.1  730.5   12.3   96.0  444.0  444.0
2018 230  8 18 1800  -37.6  731.4   11.1   91.0  444.0  444.0
2018 230  8 18 2100  -37.8  732.4   12.3   94.0  444.0  444.0
2018 231  8 19 0000  -38.0  733.3   12.1   89.0  444.0  444.0
2018 231  8 19 0300  -39.1  734.6   10.6   89.0  444.0  444.0
2018 231  8 19 0600  -40.4  735.0   12.6   91.0  444.0  444.0
2018 231  8 19 0900  -38.6  735.3   13.6   90.0  444.0  444.0
2018 231  8 19 1200  -38.2  735.3   11.3   89.0  444.0  444.0
2018 231  8 19 1500  -38.9  735.1    9.6  104.0  444.0  444.0
2018 231  8 19 1800  -40.9  734.6   13.4   96.0  444.0  444.0
2018 231  8 19 2100  -41.0  733.8    9.3  105.0  444.0  444.0
2018 232  8 20 0000  -38.5  732.3   11.6  103.0  444.0  444.0
2018 232  8 20 0300  -38.6  731.5   11.1   96.0  444.0  444.0
2018 232  8 20 0600  -39.1  730.8   14.1   98.0  444.0  444.0
2018 232  8 20 0900  -38.6  730.7   13.6   98.0  444.0  444.0
2018 232  8 20 1200  -39.4  731.1   10.8  107.0  444.0  444.0
2018 232  8 20 1500  -41.2  731.5   12.6  101.0  444.0  444.0
2018 232  8 20 1800  -40.6  731.7   12.1   97.0  444.0  444.0
2018 232  8 20 2100  -41.2  732.9   13.1  108.0  444.0  444.0
2018 233  8 21 0000  -42.1  733.2  444.0  444.0  444.0  444.0
2018 233  8 21 0300  -41.6  733.5  444.0  444.0  444.0  444.0
2018 233  8 21 0600  -41.1  734.0  444.0  444.0  444.0  444.0
2018 233  8 21 0900  -39.9  734.5  444.0  444.0  444.0  444.0
2018 233  8 21 1200  -39.4  735.1  444.0  444.0  444.0  444.0
2018 233  8 21 1500  -40.0  735.2  444.0  444.0  444.0  444.0
2018 233  8 21 1800  -39.8  735.4  444.0  444.0  444.0  444.0
2018 233  8 21 2100  -39.8  735.6  444.0  444.0  444.0  444.0
2018 234  8 22 0000  -39.4  735.6  444.0  444.0  444.0  444.0
2018 234  8 22 0300  -39.8  735.2  444.0  444.0  444.0  444.0
2018 234  8 22 0600  -39.8  734.6  444.0  444.0  444.0  444.0
2018 234  8 22 0900  -38.5  734.6  444.0  444.0  444.0  444.0
2018 234  8 22 1200  -38.5  734.2  444.0  444.0  444.0  444.0
2018 234  8 22 1500  -39.0  733.1  444.0  444.0  444.0  444.0
2018 234  8 22 1800  -40.5  733.3  444.0  444.0  444.0  444.0
2018 234  8 22 2100  -39.2  732.9  444.0  444.0  444.0  444.0
2018 235  8 23 0000  -39.1  732.7   14.4   98.0  444.0  444.0
2018 235  8 23 0300  -39.5  732.3   14.9  100.0  444.0  444.0
2018 235  8 23 0600  -37.5  732.0   15.1  103.0  444.0  444.0
2018 235  8 23 0900  -36.4  732.2   12.3  101.0  444.0  444.0
2018 235  8 23 1200  -36.6  731.4   14.1  110.0  444.0  444.0
2018 235  8 23 1500  -37.4  730.6   12.1  104.0  444.0  444.0
2018 235  8 23 1800  -38.9  729.9   13.9  101.0  444.0  444.0
2018 235  8 23 2100  -39.0  729.7   11.6  105.0  444.0  444.0
2018 236  8 24 0000  -40.5  728.7   12.6  101.0  444.0  444.0
2018 236  8 24 0300  -40.8  728.3   13.6   97.0  444.0  444.0
2018 236  8 24 0600  -41.1  729.0   14.4   94.0  444.0  444.0
2018 236  8 24 0900  -40.9  729.7   11.8   89.0  444.0  444.0
2018 236  8 24 1200  -42.1  731.0   10.1   89.0  444.0  444.0
2018 236  8 24 1500  -44.0  731.8    9.6   84.0  444.0  444.0
2018 236  8 24 1800  -44.5  732.6    9.8   86.0  444.0  444.0
2018 236  8 24 2100  -44.1  733.9    8.8   87.0  444.0  444.0
2018 237  8 25 0000  -43.9  734.8    8.3   86.0  444.0  444.0
2018 237  8 25 0300  -42.6  735.3  444.0  444.0  444.0  444.0
2018 237  8 25 0600  -44.2  735.4  444.0  444.0  444.0  444.0
2018 237  8 25 0900  -40.4  735.5  444.0  444.0  444.0  444.0
2018 237  8 25 1200  -37.9  735.4  444.0  444.0  444.0  444.0
2018 237  8 25 1500  -37.9  734.8  444.0  444.0  444.0  444.0
2018 237  8 25 1800  -36.4  734.6  444.0  444.0  444.0  444.0
2018 237  8 25 2100  -35.8  734.3  444.0  444.0  444.0  444.0
2018 238  8 26 0000  -34.5  732.8  444.0  444.0  444.0  444.0
2018 238  8 26 0300  -33.4  731.6  444.0  444.0  444.0  444.0
2018 238  8 26 0600  -31.4  730.8  444.0  444.0  444.0  444.0
2018 238  8 26 0900  -30.8  729.4   10.1   86.0  444.0  444.0
2018 238  8 26 1200  -29.9  727.0   12.6   75.0  444.0  444.0
2018 238  8 26 1500  -30.6  726.0   12.3   75.0  444.0  444.0
2018 238  8 26 1800  -29.6  724.8   10.1   69.0  444.0  444.0
2018 238  8 26 2100  -30.2  723.5   12.1   75.0  444.0  444.0
2018 239  8 27 0000  -30.4  722.5   10.8   79.0  444.0  444.0
2018 239  8 27 0300  -32.0  722.4    9.8   80.0  444.0  444.0
2018 239  8 27 0600  -32.9  722.1  444.0  444.0  444.0  444.0
2018 239  8 27 0900  -33.8  722.1  444.0  444.0  444.0  444.0
2018 239  8 27 1200  -34.0  722.0  444.0  444.0  444.0  444.0
2018 239  8 27 1500  -34.5  722.3  444.0  444.0  444.0  444.0
2018 239  8 27 1800  -36.1  723.9  444.0  444.0  444.0  444.0
2018 239  8 27 2100  -36.9  724.2  444.0  444.0  444.0  444.0
2018 240  8 28 0000  -39.5  724.3  444.0  444.0  444.0  444.0
2018 240  8 28 0300  -40.1  725.1  444.0  444.0  444.0  444.0
2018 240  8 28 0600  -41.5  725.1  444.0  444.0  444.0  444.0
2018 240  8 28 0900  -40.9  725.8  444.0  444.0  444.0  444.0
2018 240  8 28 1200  -40.1  726.1  444.0  444.0  444.0  444.0
2018 240  8 28 1500  -42.8  726.5  444.0  444.0  444.0  444.0
2018 240  8 28 1800  -45.5  726.7  444.0  444.0  444.0  444.0
2018 240  8 28 2100  -46.4  726.7  444.0  444.0  444.0  444.0
2018 241  8 29 0000  -45.8  725.7  444.0  444.0  444.0  444.0
2018 241  8 29 0300  -45.0  724.9  444.0  444.0  444.0  444.0
2018 241  8 29 0600  -38.5  724.0   11.3   79.0  444.0  444.0
2018 241  8 29 0900  -30.2  723.3    7.6   66.0  444.0  444.0
2018 241  8 29 1200  -26.8  721.7   12.6   48.0  444.0  444.0
2018 241  8 29 1500  -24.9  720.6   12.1   46.0  444.0  444.0
2018 241  8 29 1800  -24.9  719.3   13.6   62.0  444.0  444.0
2018 241  8 29 2100  -24.5  717.9   11.3   60.0  444.0  444.0
2018 242  8 30 0000  -23.2  716.5   18.1   58.0  444.0  444.0
2018 242  8 30 0300  -24.1  716.5   15.6   66.0  444.0  444.0
2018 242  8 30 0600  -24.4  717.5   13.1   65.0  444.0  444.0
2018 242  8 30 0900  -24.5  718.4    9.8   70.0  444.0  444.0
2018 242  8 30 1200  -25.5  719.3    8.1   72.0  444.0  444.0
2018 242  8 30 1500  -26.6  719.5    8.8   75.0  444.0  444.0
2018 242  8 30 1800  -28.1  720.4   14.4   75.0  444.0  444.0
2018 242  8 30 2100  -29.9  722.2   12.1   82.0  444.0  444.0
2018 243  8 31 0000  -31.1  723.5   12.3   82.0  444.0  444.0
2018 243  8 31 0300  -32.8  724.9   11.8   86.0  444.0  444.0
2018 243  8 31 0600  -35.0  725.7  444.0  444.0  444.0  444.0
2018 243  8 31 0900  -35.5  726.9  444.0  444.0  444.0  444.0
2018 243  8 31 1200  -36.1  728.3  444.0  444.0  444.0  444.0
2018 243  8 31 1500  -38.6  729.3  444.0  444.0  444.0  444.0
2018 243  8 31 1800  -39.8  729.2  444.0  444.0  444.0  444.0
2018 243  8 31 2100  -39.9  728.7  444.0  444.0  444.0  444.0
