Year: 2018  Month: 08  ID: MLA  ARGOS:  8905  Name: Manuela             
Lat: 74.95S  Lon: 163.69E  Elev:   78m
2018 213  8  1 0000  -27.0  998.1   20.4  256.0   42.0  444.0
2018 213  8  1 0300  -26.4  997.8   19.0  259.0   42.0  444.0
2018 213  8  1 0600  -26.0  996.9   22.4  261.0   39.0  444.0
2018 213  8  1 0900  -26.9  994.1   25.6  259.0   39.0  444.0
2018 213  8  1 1200  -27.1  992.9   26.4  261.0   36.0  444.0
2018 213  8  1 1500  -26.0  992.4   22.1  260.0   42.7  444.0
2018 213  8  1 1800  -26.4  994.4    3.8  291.0   60.0  444.0
2018 213  8  1 2100  -24.8  991.6   16.2  262.0   37.0  444.0
2018 214  8  2 0000  -25.8  993.2   18.1  257.0   39.0  444.0
2018 214  8  2 0300  -27.8  995.6    7.5  237.0   47.0  444.0
2018 214  8  2 0600  -30.5  997.3    2.4  218.0   74.0  444.0
2018 214  8  2 0900  -30.1  997.2    8.4  254.0   49.0  444.0
2018 214  8  2 1200  -29.5  997.1    8.1  254.0   45.0  444.0
2018 214  8  2 1500  -29.3  995.9    9.1  252.0   46.0  444.0
2018 214  8  2 1800  -28.1  994.0   16.2  258.0   40.0  444.0
2018 214  8  2 2100  -27.9  993.6   20.8  255.0   39.0  444.0
2018 215  8  3 0000  -27.0  995.2   15.7  254.0   38.0  444.0
2018 215  8  3 0300  -26.6  996.0   11.1  259.0   38.0  444.0
2018 215  8  3 0600  -26.7  995.3   19.0  268.0   36.0  444.0
2018 215  8  3 0900  -27.5  997.3   15.2  256.0   39.0  444.0
2018 215  8  3 1200  -28.2 1000.7    4.9  211.0   54.6  444.0
2018 215  8  3 1500  -29.1 1001.6    1.1  171.0   75.0  444.0
2018 215  8  3 1800  -31.8 1001.5    0.6  217.0   71.0  444.0
2018 215  8  3 2100  -29.2 1001.1    2.4  184.0   64.0  444.0
2018 216  8  4 0000  -30.4 1001.2    1.9  201.0   49.0  444.0
2018 216  8  4 0300  -31.8 1000.1    0.1  220.0   55.2  444.0
2018 216  8  4 0600  -29.5  997.6   10.8  257.0   49.0  444.0
2018 216  8  4 0900  -30.1  995.8   13.5  254.0   52.0  444.0
2018 216  8  4 1200  -30.5  993.5   20.4  262.0   46.0  444.0
2018 216  8  4 1500  -30.4  993.2   20.2  264.0   45.0  444.0
2018 216  8  4 1800  -30.9  993.3   19.9  263.0   45.0  444.0
2018 216  8  4 2100  -31.3  994.1   22.0  267.0   42.0  444.0
2018 217  8  5 0000  -31.2  992.5   24.9  265.0   41.0  444.0
2018 217  8  5 0300  -31.2  991.6   24.1  266.0   41.8  444.0
2018 217  8  5 0600  -29.7  988.4   21.5  266.0   43.0  444.0
2018 217  8  5 0900  -28.3  987.4   17.1  267.0   39.9  444.0
2018 217  8  5 1200  -27.5  984.2   19.7  270.0   37.0  444.0
2018 217  8  5 1500  -27.9  981.3   19.8  273.0   38.0  444.0
2018 217  8  5 1800  -27.8  979.8    9.5  272.0   36.4  444.0
2018 217  8  5 2100  -26.9  977.3    3.0  327.0   33.0  444.0
2018 218  8  6 0000  -27.9  975.3   14.4  275.0   38.6  444.0
2018 218  8  6 0300  -27.9  976.6   11.6  268.0   39.1  444.0
2018 218  8  6 0600  -30.0  979.9   12.8  256.0   46.0  444.0
2018 218  8  6 0900  -31.5  980.0   21.0  259.0   45.0  444.0
2018 218  8  6 1200  -32.0  981.5   20.5  257.0   40.1  444.0
2018 218  8  6 1500  -32.6  984.0   18.7  260.0   40.0  444.0
2018 218  8  6 1800  -32.4  985.2   19.7  266.0   39.0  444.0
2018 218  8  6 2100  -31.9  986.0   20.6  267.0   39.0  444.0
2018 219  8  7 0000  -30.4  985.8   20.4  271.0   40.0  444.0
2018 219  8  7 0300  -29.9  986.2   14.3  271.0   46.0  444.0
2018 219  8  7 0600  -27.2  985.2   17.5  261.0   39.0  444.0
2018 219  8  7 0900  -25.0  983.3   20.8  261.0   36.0  444.0
2018 219  8  7 1200  -26.2  982.2   23.4  260.0   36.0  444.0
2018 219  8  7 1500  -25.4  979.6   27.4  266.0   35.0  444.0
2018 219  8  7 1800  -24.7  979.3   25.5  267.0   35.2  444.0
2018 219  8  7 2100  -25.7  979.6   20.4  266.0   38.0  444.0
2018 220  8  8 0000  -25.2  979.3   20.9  267.0   38.0  444.0
2018 220  8  8 0300  -25.3  979.1   20.3  278.0   41.0  444.0
2018 220  8  8 0600  -25.8  979.3   14.5  268.0   42.3  444.0
2018 220  8  8 0900  -22.5  982.5   13.1  267.0   36.0  444.0
2018 220  8  8 1200  -22.1  985.4   11.7  273.0   43.0  444.0
2018 220  8  8 1500  -22.4  989.6    5.3  262.0   77.0  444.0
2018 220  8  8 1800  -22.0  990.3    1.9  298.0   78.0  444.0
2018 220  8  8 2100  -23.0  989.3   10.6  268.0   68.4  444.0
2018 221  8  9 0000  -22.6  987.6   18.0  270.0   72.0  444.0
2018 221  8  9 0300  -21.9  989.4   12.9  273.0   53.0  444.0
2018 221  8  9 0600  -21.3  989.6   18.5  256.0   43.0  444.0
2018 221  8  9 0900  -21.8  990.6   14.2  250.0   46.7  444.0
2018 221  8  9 1200  -23.3  989.5   23.0  256.0   45.0  444.0
2018 221  8  9 1500  -27.5  990.6   25.9  254.0   54.8  444.0
2018 221  8  9 1800  -24.2  992.7   24.6  266.0   36.0  444.0
2018 221  8  9 2100  -26.6  992.7   16.3  274.0   56.9  444.0
2018 222  8 10 0000  -25.0  989.9   24.5  272.0   40.8  444.0
2018 222  8 10 0300  -25.1  988.5   24.3  262.0   39.5  444.0
2018 222  8 10 0600  -25.1  987.3   25.1  268.0   41.0  444.0
2018 222  8 10 0900  -27.9  986.0   29.2  264.0   41.0  444.0
2018 222  8 10 1200  -27.3  986.8   24.0  260.0   40.0  444.0
2018 222  8 10 1500  -27.1  985.2   20.6  269.0   46.0  444.0
2018 222  8 10 1800  -24.9  983.4   20.7  276.0   38.8  444.0
2018 222  8 10 2100  -23.5  981.4   21.9  272.0   38.0  444.0
2018 223  8 11 0000  -22.9  978.0   22.9  278.0   42.0  444.0
2018 223  8 11 0300  -22.5  976.7   21.5  276.0   55.0  444.0
2018 223  8 11 0600  -20.3  977.6   14.7  275.0   49.0  444.0
2018 223  8 11 0900  -18.2  979.1    9.4  269.0   81.0  444.0
2018 223  8 11 1200  -17.3  979.8    5.3  265.0   82.0  444.0
2018 223  8 11 1500  -17.4  979.4    4.8  274.0   82.0  444.0
2018 223  8 11 1800  -17.2  980.1    8.7   73.0   82.0  444.0
2018 223  8 11 2100  -18.3  980.7    1.1  183.0   79.0  444.0
2018 224  8 12 0000  -17.8  980.5    4.3  126.0   79.0  444.0
2018 224  8 12 0300  -20.2  980.8    1.6  180.0   80.0  444.0
2018 224  8 12 0600  -19.4  980.4    0.0    0.0   81.0  444.0
2018 224  8 12 0900  -22.4  979.5    0.8  273.0   79.0  444.0
2018 224  8 12 1200  -20.4  977.9    0.7  324.0   80.0  444.0
2018 224  8 12 1500  -21.5  976.4    8.8  275.0   69.8  444.0
2018 224  8 12 1800  -19.0  975.9    9.8  278.0   62.0  444.0
2018 224  8 12 2100  -18.3  976.6    9.0  272.0   58.0  444.0
2018 225  8 13 0000  -20.1  977.3    7.4  266.0   56.6  444.0
2018 225  8 13 0300  -21.4  978.3   11.6  268.0   65.0  444.0
2018 225  8 13 0600  -24.5  979.2   11.6  278.0   77.0  444.0
2018 225  8 13 0900  -26.1  979.4   14.5  252.0   76.0  444.0
2018 225  8 13 1200  -26.5  981.0   14.9  258.0   75.0  444.0
2018 225  8 13 1500  -27.0  982.2   18.8  261.0   75.0  444.0
2018 225  8 13 1800  -27.7  982.7   21.6  264.0   74.0  444.0
2018 225  8 13 2100  -27.0  984.8   20.7  273.0   74.0  444.0
2018 226  8 14 0000  -26.8  985.1   19.2  274.0   75.0  444.0
2018 226  8 14 0300  -26.1  985.1   20.9  277.0   75.0  444.0
2018 226  8 14 0600  -24.9  984.6   21.8  272.0   73.0  444.0
2018 226  8 14 0900  -23.4  984.7   19.5  267.0   67.2  444.0
2018 226  8 14 1200  -21.5  984.8   23.4  278.0   72.0  444.0
2018 226  8 14 1500  -21.4  986.4   15.7  274.0   62.0  444.0
2018 226  8 14 1800  -18.5  987.0   21.8  273.0   70.0  444.0
2018 226  8 14 2100  -19.0  990.0   18.4  276.0   69.0  444.0
2018 227  8 15 0000  -20.6  992.6   17.4  271.0   70.2  444.0
2018 227  8 15 0300  -19.5  993.1   20.1  273.0   58.0  444.0
2018 227  8 15 0600  -19.7  993.7   22.4  273.0   67.0  444.0
2018 227  8 15 0900  -21.0  995.9   13.3  274.0   60.0  444.0
2018 227  8 15 1200  -19.1  996.8   16.6  271.0   61.2  444.0
2018 227  8 15 1500  -19.0  996.5   22.4  260.0   72.0  444.0
2018 227  8 15 1800  -20.0  997.8   25.0  257.0   73.3  444.0
2018 227  8 15 2100  -19.7  998.1   26.0  264.0   71.0  444.0
2018 228  8 16 0000  -19.0  999.5   27.0  267.0   66.9  444.0
2018 228  8 16 0300  -18.8  999.1   25.7  270.0   64.0  444.0
2018 228  8 16 0600  -19.0  999.5   25.9  270.0   65.0  444.0
2018 228  8 16 0900  -17.5  998.1   24.8  265.0   64.0  444.0
2018 228  8 16 1200  -16.4  997.8   24.0  265.0   58.6  444.0
2018 228  8 16 1500  -15.3  997.7   26.7  267.0   45.6  444.0
2018 228  8 16 1800  -14.1  993.0   30.9  264.0   39.0  444.0
2018 228  8 16 2100  -14.4  992.5   32.0  264.0   38.0  444.0
2018 229  8 17 0000  -13.3  990.7   32.6  266.0   37.0  444.0
2018 229  8 17 0300  -12.6  989.9   31.9  261.0   36.1  444.0
2018 229  8 17 0600  -12.9  987.9   32.6  258.0   35.0  444.0
2018 229  8 17 0900  -12.6  988.3   31.4  256.0   35.2  444.0
2018 229  8 17 1200  -12.2  987.6   27.7  260.0   36.0  444.0
2018 229  8 17 1500  -12.2  989.1   26.0  262.0   39.0  444.0
2018 229  8 17 1800  -12.9  990.5   20.0  258.0   41.0  444.0
2018 229  8 17 2100  -12.8  991.1   17.9  259.0   42.0  444.0
2018 230  8 18 0000  -14.2  992.4   13.8  271.0   49.0  444.0
2018 230  8 18 0300  -13.4  992.8   16.9  269.0   42.1  444.0
2018 230  8 18 0600  -13.9  992.4   20.6  264.0   39.0  444.0
2018 230  8 18 0900  -14.6  993.6   16.9  271.0   40.0  444.0
2018 230  8 18 1200  -15.8  993.0   14.5  268.0   41.0  444.0
2018 230  8 18 1500  -15.7  991.5   15.4  270.0   36.0  444.0
2018 230  8 18 1800  -14.9  989.5   15.5  273.0   37.5  444.0
2018 230  8 18 2100  -15.7  988.5   13.3  279.0   37.4  444.0
2018 231  8 19 0000  -14.4  986.9   12.5  266.0   31.0  444.0
2018 231  8 19 0300  -13.9  985.6   17.1  265.0   37.0  444.0
2018 231  8 19 0600  -13.9  984.3   17.1  273.0   35.0  444.0
2018 231  8 19 0900  -14.3  982.3   14.7  270.0   29.1  444.0
2018 231  8 19 1200  -13.2  978.2   19.5  275.0   28.0  444.0
2018 231  8 19 1500  -13.8  975.5   21.7  271.0   39.0  444.0
2018 231  8 19 1800  -16.3  975.1   23.8  262.0   41.0  444.0
2018 231  8 19 2100  -17.4  976.5   21.9  255.0   42.0  444.0
2018 232  8 20 0000  -17.5  977.0   18.9  257.0   40.5  444.0
2018 232  8 20 0300  -17.0  975.9   19.5  257.0   36.0  444.0
2018 232  8 20 0600  -16.9  974.9   17.5  260.0   37.8  444.0
2018 232  8 20 0900  -18.0  975.3    8.9  233.0   49.0  444.0
2018 232  8 20 1200  -19.5  976.2   11.6  217.0   44.7  444.0
2018 232  8 20 1500  -22.2  974.1   21.4  258.0   42.0  444.0
2018 232  8 20 1800  -25.4  975.8   21.6  251.0   55.0  444.0
2018 232  8 20 2100  -26.7  975.6   23.9  254.0   46.0  444.0
2018 233  8 21 0000  -27.3  976.2   23.2  252.0   42.0  444.0
2018 233  8 21 0300  -27.3  978.4   24.0  252.0   40.2  444.0
2018 233  8 21 0600  -27.4  978.2   22.1  253.0   42.0  444.0
2018 233  8 21 0900  -28.9  979.3   18.9  259.0   46.0  444.0
2018 233  8 21 1200  -30.0  980.8   20.1  258.0   45.0  444.0
2018 233  8 21 1500  -31.6  983.7   16.6  260.0   49.4  444.0
2018 233  8 21 1800  -33.2  983.7   20.4  260.0   47.0  444.0
2018 233  8 21 2100  -32.9  985.5   19.5  262.0   43.5  444.0
2018 234  8 22 0000  -32.8  986.3   19.7  260.0   41.0  444.0
2018 234  8 22 0300  -32.6  985.0   22.7  260.0   39.1  444.0
2018 234  8 22 0600  -32.8  987.1   20.4  260.0   39.0  444.0
2018 234  8 22 0900  -32.7  988.7   16.8  260.0   41.6  444.0
2018 234  8 22 1200  -32.7  990.0   15.7  264.0   45.0  444.0
2018 234  8 22 1500  -33.2  990.2   17.1  264.0   47.0  444.0
2018 234  8 22 1800  -32.7  990.0   20.0  265.0   42.0  444.0
2018 234  8 22 2100  -31.6  990.4   18.6  263.0   41.0  444.0
2018 235  8 23 0000  -31.3  991.4   18.8  263.0   42.0  444.0
2018 235  8 23 0300  -31.6  991.3   16.9  262.0   42.3  444.0
2018 235  8 23 0600  -32.3  989.8   20.5  260.0   44.0  444.0
2018 235  8 23 0900  -30.9  989.8   21.6  262.0   37.0  444.0
2018 235  8 23 1200  -30.6  989.0   24.9  254.0   35.7  444.0
2018 235  8 23 1500  -30.9  988.5   21.9  261.0   37.0  444.0
2018 235  8 23 1800  -29.1  987.9   22.6  261.0   34.2  444.0
2018 235  8 23 2100  -30.8  988.2   22.7  265.0   39.0  444.0
2018 236  8 24 0000  -31.4  986.4   30.9  263.0   37.0  444.0
2018 236  8 24 0300  -30.0  987.1   28.5  255.0   34.0  444.0
2018 236  8 24 0600  -31.0  985.7   26.2  262.0   36.0  444.0
2018 236  8 24 0900  -30.1  986.1   24.6  262.0   35.0  444.0
2018 236  8 24 1200  -30.0  987.0   20.0  264.0   39.0  444.0
2018 236  8 24 1500  -30.1  985.3   26.8  262.0   36.0  444.0
2018 236  8 24 1800  -31.4  985.0   26.3  265.0   38.0  444.0
2018 236  8 24 2100  -32.6  985.0   27.6  265.0   38.3  444.0
2018 237  8 25 0000  -32.0  986.0   21.8  266.0   37.6  444.0
2018 237  8 25 0300  -32.0  986.1   20.3  261.0   39.0  444.0
2018 237  8 25 0600  -32.8  988.1   14.1  258.0   44.6  444.0
2018 237  8 25 0900  -31.4  989.0   10.6  255.0   46.0  444.0
2018 237  8 25 1200  -30.5  989.7    4.0  239.0   56.0  444.0
2018 237  8 25 1500  -30.2  990.0    4.0  265.0   69.0  444.0
2018 237  8 25 1800  -30.2  990.0    4.1  235.0   71.0  444.0
2018 237  8 25 2100  -29.8  991.1    3.8  246.0   72.0  444.0
2018 238  8 26 0000  -29.0  991.0    6.6  258.0   72.0  444.0
2018 238  8 26 0300  -28.5  991.1    7.7  266.0   72.8  444.0
2018 238  8 26 0600  -27.5  990.8    7.1  266.0   74.0  444.0
2018 238  8 26 0900  -26.5  990.9    8.6  273.0   74.0  444.0
2018 238  8 26 1200  -25.1  989.1    7.6  278.0   72.0  444.0
2018 238  8 26 1500  -24.3  986.7    8.7  274.0   71.0  444.0
2018 238  8 26 1800  -23.3  984.0   10.9  276.0   66.0  444.0
2018 238  8 26 2100  -23.8  982.4   13.2  278.0   72.0  444.0
2018 239  8 27 0000  -23.6  979.9   17.7  279.0   71.0  444.0
2018 239  8 27 0300  -23.8  979.6   15.2  278.0   71.1  444.0
2018 239  8 27 0600  -24.0  980.5   10.8  267.0   69.0  444.0
2018 239  8 27 0900  -23.1  980.0    8.3  244.0   63.0  444.0
2018 239  8 27 1200  -22.1  978.1   12.2  273.0   51.0  444.0
2018 239  8 27 1500  -23.3  976.6   15.1  278.0   65.0  444.0
2018 239  8 27 1800  -22.9  973.5   19.9  269.0   63.9  444.0
2018 239  8 27 2100  -23.1  972.4   18.4  258.0   76.0  444.0
2018 240  8 28 0000  -24.0  971.2   10.3  272.0   60.3  444.0
2018 240  8 28 0300  -21.8  966.0   31.0  258.0   77.0  444.0
2018 240  8 28 0600  -22.2  964.0   31.6  258.0   75.6  444.0
2018 240  8 28 0900  -22.3  964.1   29.0  252.0   67.0  444.0
2018 240  8 28 1200  -24.2  963.1   29.4  258.0   69.0  444.0
2018 240  8 28 1500  -23.5  962.4   22.8  257.0   57.0  444.0
2018 240  8 28 1800  -24.4  961.5   25.1  256.0   48.0  444.0
2018 240  8 28 2100  -25.6  961.8   26.3  266.0   44.0  444.0
2018 241  8 29 0000  -26.3  964.5   18.8  262.0   47.0  444.0
2018 241  8 29 0300  -25.5  966.7   17.1  263.0   43.0  444.0
2018 241  8 29 0600  -25.9  968.5    6.2  252.0   53.0  444.0
2018 241  8 29 0900  -24.9  969.0    3.4  161.0   70.0  444.0
2018 241  8 29 1200  -28.1  970.5    3.4  191.0   59.0  444.0
2018 241  8 29 1500  -29.5  971.3    4.1  258.0   70.0  444.0
2018 241  8 29 1800  -28.1  972.2    5.0  260.0   69.0  444.0
2018 241  8 29 2100  -28.1  973.2    4.1  258.0   71.0  444.0
2018 242  8 30 0000  -27.4  973.9    4.4  262.0   70.3  444.0
2018 242  8 30 0300  -27.1  974.4    5.0  269.0   71.0  444.0
2018 242  8 30 0600  -26.6  974.9    7.1  274.0   74.0  444.0
2018 242  8 30 0900  -25.6  975.5    8.1  275.0   73.0  444.0
2018 242  8 30 1200  -25.0  976.2    9.7  274.0   68.0  444.0
2018 242  8 30 1500  -24.8  976.5   11.8  275.0   66.0  444.0
2018 242  8 30 1800  -25.3  976.4   12.1  271.0   52.0  444.0
2018 242  8 30 2100  -26.9  976.0   16.6  266.0   67.3  444.0
2018 243  8 31 0000  -27.3  975.8   18.0  266.0   66.0  444.0
2018 243  8 31 0300  -28.1  975.3   22.9  267.0   65.0  444.0
2018 243  8 31 0600  -29.5  974.8   24.8  265.0   64.0  444.0
2018 243  8 31 0900  -30.1  973.3   24.8  264.0   50.3  444.0
2018 243  8 31 1200  -31.0  971.0   31.5  264.0   48.0  444.0
2018 243  8 31 1500  -28.3  970.2   32.0  260.0   42.0  444.0
2018 243  8 31 1800  -27.9  969.1   30.8  263.0   41.0  444.0
2018 243  8 31 2100  -27.7  964.7   40.6  255.0   34.0  444.0
