Year: 2018  Month: 04  ID: MLA  ARGOS:  8905  Name: Manuela             
Lat: 74.95S  Lon: 163.69E  Elev:   78m
2018  91  4  1 0000  -13.8  992.4   21.6  265.0   44.0  444.0
2018  91  4  1 0300  -13.2  992.5   22.4  266.0   46.0  444.0
2018  91  4  1 0600  -14.3  991.0   23.5  263.0   45.0  444.0
2018  91  4  1 0900  -16.2  989.4   27.8  262.0   48.0  444.0
2018  91  4  1 1200  -19.6  990.4   30.1  262.0   47.0  444.0
2018  91  4  1 1500  -21.6  990.1   29.1  261.0   48.5  444.0
2018  91  4  1 1800  -20.3  990.5   25.9  261.0   46.0  444.0
2018  91  4  1 2100  -21.3  992.0   24.0  259.0   48.1  444.0
2018  92  4  2 0000  -20.1  993.4   22.0  259.0   45.0  444.0
2018  92  4  2 0300  -19.4  993.9   19.0  258.0   45.0  444.0
2018  92  4  2 0600  -20.2  994.4   18.4  259.0   47.0  444.0
2018  92  4  2 0900  -20.5  996.3   15.4  261.0   53.0  444.0
2018  92  4  2 1200  -20.2  997.6   14.1  262.0   52.0  444.0
2018  92  4  2 1500  -19.1  998.0   14.6  263.0   49.0  444.0
2018  92  4  2 1800  -19.0  997.3   19.0  265.0   45.5  444.0
2018  92  4  2 2100  -19.2  996.8   19.3  266.0   44.0  444.0
2018  93  4  3 0000  -18.4  996.6   17.1  267.0   45.0  444.0
2018  93  4  3 0300  -16.9  995.1   16.3  267.0   43.5  444.0
2018  93  4  3 0600  -16.3  994.1   12.4  267.0   46.0  444.0
2018  93  4  3 0900  -17.3  993.4   11.5  252.0   49.0  444.0
2018  93  4  3 1200  -17.1  991.6   14.1  258.0   50.0  444.0
2018  93  4  3 1500  -18.5  986.1   26.7  256.0   49.0  444.0
2018  93  4  3 1800  -20.3  985.2   28.5  258.0   49.0  444.0
2018  93  4  3 2100  -22.1  984.7   31.3  255.0   50.2  444.0
2018  94  4  4 0000  -23.0  986.8   24.5  254.0   52.0  444.0
2018  94  4  4 0300  -21.4  988.0   19.0  254.0   50.0  444.0
2018  94  4  4 0600  -21.5  988.7   17.1  256.0   47.8  444.0
2018  94  4  4 0900  -22.9  988.9   19.9  259.0   46.0  444.0
2018  94  4  4 1200  -22.9  988.5   19.0  262.0   46.0  444.0
2018  94  4  4 1500  -22.5  988.0   22.5  266.0   48.0  444.0
2018  94  4  4 1800  -23.4  987.6   24.4  264.0   46.6  444.0
2018  94  4  4 2100  -24.1  986.4   24.8  263.0   47.0  444.0
2018  95  4  5 0000  -23.3  986.7   24.1  305.0   45.0  444.0
2018  95  4  5 0300  -22.9  987.4   25.8  265.0   45.0  444.0
2018  95  4  5 0600  -24.0  988.6   25.5  264.0   44.2  444.0
2018  95  4  5 0900  -25.4  988.3   27.8  263.0   47.0  444.0
2018  95  4  5 1200  -26.2  987.1   30.7  265.0   46.0  444.0
2018  95  4  5 1500  -25.0  986.6   28.7  266.0   47.0  444.0
2018  95  4  5 1800  -25.0  988.6   16.4  270.0   51.0  444.0
2018  95  4  5 2100  -21.4  986.1   24.1  265.0   42.9  444.0
2018  96  4  6 0000  -19.9  984.1   24.7  262.0   42.0  444.0
2018  96  4  6 0300  -19.1  983.6   23.5  258.0   40.0  444.0
2018  96  4  6 0600  -21.3  982.6   27.8  261.0   47.0  444.0
2018  96  4  6 0900  -25.0  983.6   29.0  264.0   55.8  444.0
2018  96  4  6 1200  -25.7  979.3   33.7  259.0   53.0  444.0
2018  96  4  6 1500  -24.8  980.7   29.4  262.0   45.0  444.0
2018  96  4  6 1800  -23.9  981.7   25.3  261.0   44.0  444.0
2018  96  4  6 2100  -23.3  981.6   23.6  262.0   45.0  444.0
2018  97  4  7 0000  -21.8  981.6   23.4  265.0   43.0  444.0
2018  97  4  7 0300  -20.2  981.9   20.8  263.0   42.0  444.0
2018  97  4  7 0600  -20.4  982.0   19.7  264.0   43.5  444.0
2018  97  4  7 0900  -21.2  982.2   19.1  260.0   46.0  444.0
2018  97  4  7 1200  -21.8  982.6   20.1  261.0   46.0  444.0
2018  97  4  7 1500  -22.6  982.8   23.1  264.0   47.0  444.0
2018  97  4  7 1800  -22.5  984.2   20.8  259.0   45.0  444.0
2018  97  4  7 2100  -23.1  985.0   21.3  263.0   44.0  444.0
2018  98  4  8 0000  -22.6  986.1   21.4  266.0   45.5  444.0
2018  98  4  8 0300  -22.1  986.6   22.0  268.0   45.0  444.0
2018  98  4  8 0600  -22.8  986.3   27.3  266.0   45.0  444.0
2018  98  4  8 0900  -23.2  987.4   23.1  262.0   45.0  444.0
2018  98  4  8 1200  -23.4  988.1   25.5  265.0   43.0  444.0
2018  98  4  8 1500  -23.8  988.7   24.9  259.0   45.0  444.0
2018  98  4  8 1800  -23.4  987.6   25.8  262.0   45.0  444.0
2018  98  4  8 2100  -23.2  990.1   24.4  263.0   46.0  444.0
2018  99  4  9 0000  -23.4  990.9   23.4  260.0   45.0  444.0
2018  99  4  9 0300  -22.4  990.7   25.2  259.0   46.0  444.0
2018  99  4  9 0600  -21.0  990.2   26.6  262.0   44.0  444.0
2018  99  4  9 0900  -20.9  990.4   25.4  272.0   47.0  444.0
2018  99  4  9 1200  -20.5  989.6   29.1  258.0   49.7  444.0
2018  99  4  9 1500  -20.3  987.7   38.1  255.0   48.9  444.0
2018  99  4  9 1800  -19.4  986.9   40.3  259.0   41.0  444.0
2018  99  4  9 2100  -19.5  988.0   37.5  260.0   43.0  444.0
2018 100  4 10 0000  -18.3  990.7   35.6  260.0   35.0  444.0
2018 100  4 10 0300  -16.8  990.5   31.9  261.0   37.7  444.0
2018 100  4 10 0600  -15.7  989.5   28.3  259.0   38.0  444.0
2018 100  4 10 0900  -14.3  989.3   28.4  253.0   35.1  444.0
2018 100  4 10 1200  -14.7  987.6   19.2  246.0   46.0  444.0
2018 100  4 10 1500  -14.4  980.0   30.6  256.0   43.5  444.0
2018 100  4 10 1800  -14.9  983.8   33.0  251.0   42.0  444.0
2018 100  4 10 2100  -15.4  978.5   39.9  260.0   41.0  444.0
2018 101  4 11 0000  -15.5  979.9   41.7  255.0   35.0  444.0
2018 101  4 11 0300  -15.8  983.4   34.1  258.0   36.9  444.0
2018 101  4 11 0600  -15.7  982.2   35.2  250.0   39.0  444.0
2018 101  4 11 0900  -16.5  984.6   30.3  255.0   38.0  444.0
2018 101  4 11 1200  -16.6  981.0   35.0  256.0   41.0  444.0
2018 101  4 11 1500  -15.2  980.6   35.5  252.0   38.4  444.0
2018 101  4 11 1800  -14.6  980.5   36.9  255.0   36.3  444.0
2018 101  4 11 2100  -14.3  978.4   40.8  252.0   34.0  444.0
2018 102  4 12 0000  -14.6  977.8   38.8  254.0   35.7  444.0
2018 102  4 12 0300  -14.8  978.3   35.6  256.0   32.0  444.0
2018 102  4 12 0600  -14.8  977.4   36.9  256.0   32.7  444.0
2018 102  4 12 0900  -15.4  979.2   34.2  259.0   37.0  444.0
2018 102  4 12 1200  -16.9  977.8   34.1  259.0   38.5  444.0
2018 102  4 12 1500  -18.3  974.1   37.8  261.0   37.0  444.0
2018 102  4 12 1800  -21.4  975.8   34.7  257.0   46.0  444.0
2018 102  4 12 2100  -24.1  975.1   32.9  256.0   52.3  444.0
2018 103  4 13 0000  -23.9  976.0   37.6  256.0   44.0  444.0
2018 103  4 13 0300  -23.6  975.6   32.5  250.0   46.0  444.0
2018 103  4 13 0600  -23.9  975.7   27.2  253.0   53.0  444.0
2018 103  4 13 0900  -23.4  975.1   27.4  254.0   43.7  444.0
2018 103  4 13 1200  -22.5  974.2   26.5  258.0   43.0  444.0
2018 103  4 13 1500  -21.8  972.2   30.1  255.0   43.5  444.0
2018 103  4 13 1800  -20.5  968.5   33.4  256.0   41.0  444.0
2018 103  4 13 2100  -19.2  970.8   26.0  259.0   41.0  444.0
2018 104  4 14 0000  -18.7  971.4   27.8  259.0   41.0  444.0
2018 104  4 14 0300  -18.2  972.6   24.3  257.0   41.1  444.0
2018 104  4 14 0600  -18.4  975.8   22.1  249.0   39.8  444.0
2018 104  4 14 0900  -19.4  975.2   27.4  245.0   52.0  444.0
2018 104  4 14 1200  -19.6  970.5   42.1  251.0   40.0  444.0
2018 104  4 14 1500  -19.9  978.0   26.4  251.0   42.6  444.0
2018 104  4 14 1800  -20.3  979.5   26.2  255.0   49.0  444.0
2018 104  4 14 2100  -19.9  973.0   38.7  256.0   40.1  444.0
2018 105  4 15 0000  -19.3  974.1   34.8  258.0   37.0  444.0
2018 105  4 15 0300  -19.0  971.6   37.7  256.0   37.0  444.0
2018 105  4 15 0600  -19.0  974.8   32.9  257.0   37.0  444.0
2018 105  4 15 0900  -18.4  974.4   34.8  256.0   38.3  444.0
2018 105  4 15 1200  -18.3  976.9   34.6  261.0   37.0  444.0
2018 105  4 15 1500  -18.3  979.7   31.2  256.0   39.0  444.0
2018 105  4 15 1800  -17.9  979.1   36.9  261.0   39.0  444.0
2018 105  4 15 2100  -16.8  980.7   30.2  258.0   38.0  444.0
2018 106  4 16 0000  -16.0  981.8   34.0  260.0   37.9  444.0
2018 106  4 16 0300  -15.7  981.4   41.3  257.0   36.0  444.0
2018 106  4 16 0600  -15.4  986.8   35.3  264.0   34.0  444.0
2018 106  4 16 0900  -14.5  985.4   38.2  255.0   34.0  444.0
2018 106  4 16 1200  -14.2  987.8   39.7  257.0   32.8  444.0
2018 106  4 16 1500  -14.2  990.8   32.9  261.0   38.0  444.0
2018 106  4 16 1800  -13.8  991.8   30.3  264.0   36.0  444.0
2018 106  4 16 2100  -13.5  992.2   29.2  263.0   38.0  444.0
2018 107  4 17 0000  -13.5  992.4   25.8  262.0   35.9  444.0
2018 107  4 17 0300  -14.1  991.3   25.9  263.0   38.0  444.0
2018 107  4 17 0600  -13.9  992.1   21.6  266.0   39.1  444.0
2018 107  4 17 0900  -12.7  991.4   20.9  267.0   42.0  444.0
2018 107  4 17 1200  -12.1  991.1   21.0  263.0   41.1  444.0
2018 107  4 17 1500  -10.5  988.3   22.5  274.0   36.2  444.0
2018 107  4 17 1800  -10.7  987.7   21.7  268.0   39.0  444.0
2018 107  4 17 2100  -11.6  987.7   22.5  265.0   40.2  444.0
2018 108  4 18 0000  -11.9  988.0   20.2  261.0   40.0  444.0
2018 108  4 18 0300  -11.2  986.6   15.7  274.0   38.6  444.0
2018 108  4 18 0600  -11.3  982.9   20.8  273.0   38.0  444.0
2018 108  4 18 0900  -10.5  980.7   23.3  272.0   34.8  444.0
2018 108  4 18 1200  -10.9  980.0   20.5  266.0   40.0  444.0
2018 108  4 18 1500  -11.0  980.5   17.0  209.0   44.0  444.0
2018 108  4 18 1800  -13.5  984.6    8.4  147.0   79.0  444.0
2018 108  4 18 2100  -16.8  988.5    5.9  196.0   82.0  444.0
2018 109  4 19 0000  -16.3  991.5    8.2  158.0   79.0  444.0
2018 109  4 19 0300  -17.9  994.1    5.8  212.0   82.0  444.0
2018 109  4 19 0600  -16.9  995.7    4.0  110.0   72.0  444.0
2018 109  4 19 0900  -17.3  996.0    3.4  311.0   66.0  444.0
2018 109  4 19 1200  -18.5  994.2   15.9  272.0   63.0  444.0
2018 109  4 19 1500  -20.2  995.0    5.8  250.0   76.0  444.0
2018 109  4 19 1800  -21.5  994.3    9.4  252.0   60.0  444.0
2018 109  4 19 2100  -21.9  994.1    9.8  244.0   47.0  444.0
2018 110  4 20 0000  -22.5  993.6    8.8  251.0   53.0  444.0
2018 110  4 20 0300  -22.9  992.3   15.1  258.0   59.0  444.0
2018 110  4 20 0600  -23.2  991.6   12.8  258.0   51.7  444.0
2018 110  4 20 0900  -23.6  989.2   20.8  262.0   51.0  444.0
2018 110  4 20 1200  -23.9  988.6   19.4  262.0   53.0  444.0
2018 110  4 20 1500  -24.2  986.1   22.9  263.0   52.0  444.0
2018 110  4 20 1800  -24.6  984.2   30.0  260.0   51.0  444.0
2018 110  4 20 2100  -24.3  984.5   23.3  260.0   50.0  444.0
2018 111  4 21 0000  -24.5  985.2   24.5  260.0   48.0  444.0
2018 111  4 21 0300  -24.3  984.3   21.1  261.0   47.0  444.0
2018 111  4 21 0600  -24.1  984.9   21.5  263.0   44.0  444.0
2018 111  4 21 0900  -23.9  984.4   20.4  263.0   45.0  444.0
2018 111  4 21 1200  -24.3  984.8   19.3  264.0   44.1  444.0
2018 111  4 21 1500  -24.7  983.9   19.9  259.0   43.0  444.0
2018 111  4 21 1800  -25.0  983.1   20.6  266.0   43.0  444.0
2018 111  4 21 2100  -24.8  982.0   19.5  260.0   43.0  444.0
2018 112  4 22 0000  -25.5  979.9   23.5  261.0   43.6  444.0
2018 112  4 22 0300  -25.4  980.9   21.2  262.0   43.0  444.0
2018 112  4 22 0600  -25.5  982.9   15.8  260.0   43.6  444.0
2018 112  4 22 0900  -25.8  984.8   14.0  261.0   46.0  444.0
2018 112  4 22 1200  -25.8  987.6    4.9  262.0   43.0  444.0
2018 112  4 22 1500  -26.6  989.1    5.5  243.0   43.3  444.0
2018 112  4 22 1800  -28.1  990.7    7.7  261.0   52.0  444.0
2018 112  4 22 2100  -28.2  990.5   15.8  260.0   47.0  444.0
2018 113  4 23 0000  -28.8  989.5   23.1  263.0   44.0  444.0
2018 113  4 23 0300  -28.4  989.2   22.6  264.0   43.3  444.0
2018 113  4 23 0600  -28.2  987.8   23.2  263.0   44.0  444.0
2018 113  4 23 0900  -28.5  988.3   21.5  262.0   44.0  444.0
2018 113  4 23 1200  -28.0  986.7   22.4  263.0   44.0  444.0
2018 113  4 23 1500  -28.9  984.9   25.3  264.0   47.6  444.0
2018 113  4 23 1800  -29.0  982.3   29.2  263.0   46.0  444.0
2018 113  4 23 2100  -27.3  980.3   27.1  264.0   44.0  444.0
2018 114  4 24 0000  -26.8  978.1   30.5  263.0   44.0  444.0
2018 114  4 24 0300  -26.2  973.4   27.4  259.0   47.0  444.0
2018 114  4 24 0600  -24.7  972.4   27.9  259.0   44.0  444.0
2018 114  4 24 0900  -24.9  969.8   24.2  257.0   43.0  444.0
2018 114  4 24 1200  -25.0  967.9   28.4  260.0   43.0  444.0
2018 114  4 24 1500  -25.7  964.4   32.5  261.0   44.0  444.0
2018 114  4 24 1800  -26.1  961.2   34.7  266.0   43.6  444.0
2018 114  4 24 2100  -26.8  960.7   35.2  263.0   42.0  444.0
2018 115  4 25 0000  -26.4  960.1   30.2  269.0   43.0  444.0
2018 115  4 25 0300  -27.1  961.5   10.6  293.0   51.0  444.0
2018 115  4 25 0600  -25.3  956.3   26.3  278.0   56.8  444.0
2018 115  4 25 0900  -24.4  955.4   25.2  278.0   61.0  444.0
2018 115  4 25 1200  -22.8  954.7   20.2  275.0   64.0  444.0
2018 115  4 25 1500  -19.5  953.7   21.8  280.0   51.7  444.0
2018 115  4 25 1800  -17.9  956.6   16.4  270.0   53.0  444.0
2018 115  4 25 2100  -15.1  957.8   21.8  270.0   48.0  444.0
2018 116  4 26 0000  -16.7  961.5   13.3  278.0   61.0  444.0
2018 116  4 26 0300  -15.9  962.5   17.4  276.0   56.0  444.0
2018 116  4 26 0600  -14.5  962.6   26.5  272.0   45.2  444.0
2018 116  4 26 0900  -14.9  968.0   21.2  270.0   44.0  444.0
2018 116  4 26 1200  -16.7  976.4    8.1  262.0   80.2  444.0
2018 116  4 26 1500  -17.3  979.8   10.5  267.0   83.0  444.0
2018 116  4 26 1800  -17.3  981.0    9.6  270.0   77.0  444.0
2018 116  4 26 2100  -17.7  981.2   10.3  275.0   68.0  444.0
2018 117  4 27 0000  -19.0  979.7   17.1  278.0   73.0  444.0
2018 117  4 27 0300  -21.8  975.9   26.9  265.0   77.3  444.0
2018 117  4 27 0600  -24.0  974.9   27.9  264.0   71.0  444.0
2018 117  4 27 0900  -24.7  975.0   25.5  262.0   48.0  444.0
2018 117  4 27 1200  -27.0  973.7   28.2  259.0   51.0  444.0
2018 117  4 27 1500  -28.3  972.4   33.4  264.0   49.0  444.0
2018 117  4 27 1800  -28.1  973.8   25.4  262.0   47.0  444.0
2018 117  4 27 2100  -28.6  973.1   28.0  258.0   45.4  444.0
2018 118  4 28 0000  -27.0  972.7   26.1  258.0   43.0  444.0
2018 118  4 28 0300  -25.9  972.1   21.5  266.0   41.0  444.0
2018 118  4 28 0600  -25.9  970.6   23.1  266.0   45.0  444.0
2018 118  4 28 0900  -26.0  968.3   26.9  264.0   47.0  444.0
2018 118  4 28 1200  -25.7  967.4   29.2  265.0   44.0  444.0
2018 118  4 28 1500  -25.3  967.2   25.9  271.0   41.0  444.0
2018 118  4 28 1800  -26.0  967.8   19.6  270.0   56.8  444.0
2018 118  4 28 2100  -25.6  966.7   18.8  270.0   56.0  444.0
2018 119  4 29 0000  -22.9  963.6   25.0  271.0   40.1  444.0
2018 119  4 29 0300  -22.0  963.0   26.5  271.0   41.2  444.0
2018 119  4 29 0600  -22.7  961.7   28.8  267.0   41.0  444.0
2018 119  4 29 0900  -23.1  962.4   22.2  264.0   43.0  444.0
2018 119  4 29 1200  -24.6  963.6   23.3  254.0   43.3  444.0
2018 119  4 29 1500  -26.2  966.5   24.0  258.0   45.0  444.0
2018 119  4 29 1800  -26.7  968.1   23.4  264.0   44.0  444.0
2018 119  4 29 2100  -26.2  968.9   24.9  267.0   41.1  444.0
2018 120  4 30 0000  -25.5  972.3   20.6  272.0   42.0  444.0
2018 120  4 30 0300  -25.0  973.8   16.8  269.0   41.0  444.0
2018 120  4 30 0600  -23.2  974.8   18.4  282.0   37.5  444.0
2018 120  4 30 0900  -25.5  976.2   16.3  275.0   58.0  444.0
2018 120  4 30 1200  -23.7  976.3   20.4  274.0   47.0  444.0
2018 120  4 30 1500  -26.2  976.7   18.8  265.0   46.0  444.0
2018 120  4 30 1800  -26.3  977.1   16.9  264.0   47.0  444.0
2018 120  4 30 2100  -26.9  977.5   16.2  262.0   48.0  444.0
