Year: 2018  Month: 09  ID: MLA  ARGOS:  8905  Name: Manuela             
Lat: 74.95S  Lon: 163.69E  Elev:   78m
2018 244  9  1 0000  -28.0  963.1   41.1  258.0   34.2  444.0
2018 244  9  1 0300  -28.1  965.3   36.7  247.0   35.2  444.0
2018 244  9  1 0600  -27.7  965.2   36.0  254.0   34.0  444.0
2018 244  9  1 0900  -28.4  963.2   33.0  251.0   44.0  444.0
2018 244  9  1 1200  -32.4  965.2   29.9  260.0   64.0  444.0
2018 244  9  1 1500  -32.1  965.1   27.8  260.0   53.0  444.0
2018 244  9  1 1800  -32.5  967.4   20.0  242.0   70.0  444.0
2018 244  9  1 2100  -31.5  967.6   14.8  256.0   59.0  444.0
2018 245  9  2 0000  -29.8  969.1    9.3  244.0   72.0  444.0
2018 245  9  2 0300  -29.0  968.9   11.9  254.0   72.0  444.0
2018 245  9  2 0600  -28.9  968.3   10.1  261.0   72.7  444.0
2018 245  9  2 0900  -28.7  967.9   12.4  280.0   71.0  444.0
2018 245  9  2 1200  -27.8  967.4    7.5  270.0   73.0  444.0
2018 245  9  2 1500  -28.9  963.9   11.8  277.0   73.0  444.0
2018 245  9  2 1800  -28.2  961.3   15.0  274.0   72.0  444.0
2018 245  9  2 2100  -28.5  960.6   13.2  260.0   72.3  444.0
2018 246  9  3 0000  -29.2  954.7   24.1  263.0   71.0  444.0
2018 246  9  3 0300  -28.1  950.1   31.2  255.0   70.0  444.0
2018 246  9  3 0600  -27.4  947.1   30.0  261.0   42.0  444.0
2018 246  9  3 0900  -26.9  945.2   28.1  262.0   42.6  444.0
2018 246  9  3 1200  -27.3  941.0   37.2  267.0   41.0  444.0
2018 246  9  3 1500  -26.9  939.1   34.0  268.0   43.0  444.0
2018 246  9  3 1800  -26.0  936.6   31.1  265.0   41.0  444.0
2018 246  9  3 2100  -25.1  940.1   12.4  289.0   51.0  444.0
2018 247  9  4 0000  -25.4  937.7   21.3  280.0   64.0  444.0
2018 247  9  4 0300  -23.0  940.2   17.6  275.0   56.2  444.0
2018 247  9  4 0600  -20.1  938.8   23.0  274.0   46.0  444.0
2018 247  9  4 0900  -21.5  940.9   29.9  262.0   39.0  444.0
2018 247  9  4 1200  -22.8  944.3   27.8  259.0   42.0  444.0
2018 247  9  4 1500  -24.0  946.9   24.6  259.0   41.4  444.0
2018 247  9  4 1800  -24.3  950.4   18.1  265.0   42.0  444.0
2018 247  9  4 2100  -24.6  951.3   22.4  268.0   39.0  444.0
2018 248  9  5 0000  -26.0  953.2   25.3  264.0   39.0  444.0
2018 248  9  5 0300  -25.9  954.1   22.9  270.0   39.7  444.0
2018 248  9  5 0600  -27.5  956.4   20.0  268.0   43.0  444.0
2018 248  9  5 0900  -29.0  958.6   16.1  263.0   47.0  444.0
2018 248  9  5 1200  -29.8  959.4   20.4  265.0   43.0  444.0
2018 248  9  5 1500  -30.4  961.0   20.2  265.0   43.0  444.0
2018 248  9  5 1800  -30.7  961.6   24.8  263.0   39.6  444.0
2018 248  9  5 2100  -30.6  963.5   24.8  264.0   40.0  444.0
2018 249  9  6 0000  -29.9  963.8   27.7  262.0   39.0  444.0
2018 249  9  6 0300  -27.8  964.7   28.6  266.0   38.0  444.0
2018 249  9  6 0600  -26.2  963.6   26.0  260.0   34.3  444.0
2018 249  9  6 0900  -26.9  960.1   35.9  259.0   35.0  444.0
2018 249  9  6 1200  -27.1  957.1   39.8  258.0   35.0  444.0
2018 249  9  6 1500  -27.6  962.4   38.8  258.0   35.0  444.0
2018 249  9  6 1800  -26.3  962.0   38.6  263.0   41.2  444.0
2018 249  9  6 2100  -25.2  963.7   32.9  253.0   45.0  444.0
2018 250  9  7 0000  -25.2  964.3   34.5  256.0   45.0  444.0
2018 250  9  7 0300  -24.5  965.8   31.0  260.0   42.0  444.0
2018 250  9  7 0600  -23.4  962.9   37.5  254.0   34.0  444.0
2018 250  9  7 0900  -24.6  964.9   33.9  259.0   36.0  444.0
2018 250  9  7 1200  -25.4  960.7   38.3  258.0   42.0  444.0
2018 250  9  7 1500  -25.8  966.0   30.1  253.0   54.0  444.0
2018 250  9  7 1800  -26.6  966.5   21.4  253.0   71.0  444.0
2018 250  9  7 2100  -26.0  967.9   24.4  253.0   69.2  444.0
2018 251  9  8 0000  -24.9  965.2   28.5  249.0   59.5  444.0
2018 251  9  8 0300  -24.6  967.3   28.4  253.0   57.3  444.0
2018 251  9  8 0600  -22.5  971.8   14.1  269.0   71.0  444.0
2018 251  9  8 0900  -21.4  964.6   34.8  257.0   49.0  444.0
2018 251  9  8 1200  -21.1  965.0   33.4  258.0   42.0  444.0
2018 251  9  8 1500  -20.4  962.9   39.4  260.0   33.0  444.0
2018 251  9  8 1800  -20.5  966.9   29.1  256.0   35.0  444.0
2018 251  9  8 2100  -21.0  970.5   29.6  257.0   36.0  444.0
2018 252  9  9 0000  -20.8  974.9   25.5  261.0   37.0  444.0
2018 252  9  9 0300  -19.3  977.8   19.1  260.0   38.5  444.0
2018 252  9  9 0600  -20.3  977.8   28.8  262.0   38.1  444.0
2018 252  9  9 0900  -19.6  977.7   31.7  250.0   35.0  444.0
2018 252  9  9 1200  -19.7  979.2   30.1  257.0   36.0  444.0
2018 252  9  9 1500  -19.4  980.4   26.8  262.0   36.9  444.0
2018 252  9  9 1800  -17.8  982.0   28.3  267.0   35.0  444.0
2018 252  9  9 2100  -15.9  983.2   22.7  253.0   33.0  444.0
2018 253  9 10 0000  -15.7  982.9   24.4  272.0   35.0  444.0
2018 253  9 10 0300  -14.8  982.6   27.6  259.0   33.0  444.0
2018 253  9 10 0600  -15.4  983.2   28.5  254.0   31.0  444.0
2018 253  9 10 0900  -18.0  983.6   29.0  262.0   37.0  444.0
2018 253  9 10 1200  -18.7  985.1   27.6  258.0   36.0  444.0
2018 253  9 10 1500  -19.2  987.5   20.7  262.0   40.0  444.0
2018 253  9 10 1800  -17.9  987.5   17.6  265.0   36.6  444.0
2018 253  9 10 2100  -18.1  989.7   14.5  269.0   41.0  444.0
2018 254  9 11 0000  -16.6  990.4   14.0  271.0   29.7  444.0
2018 254  9 11 0300  -17.0  991.0    6.0  274.0   30.0  444.0
2018 254  9 11 0600  -18.6  990.4    6.2  276.0   40.8  444.0
2018 254  9 11 0900  -18.3  989.7    7.5  285.0   30.0  444.0
2018 254  9 11 1200  -17.5  989.6    3.3  282.0   26.3  444.0
2018 254  9 11 1500  -16.3  988.6    0.8  292.0   30.0  444.0
2018 254  9 11 1800  -15.2  987.3    1.8    3.0   61.6  444.0
2018 254  9 11 2100  -15.5  986.7    0.2  305.0   80.0  444.0
2018 255  9 12 0000  -18.5  986.6    2.3  206.0   58.0  444.0
2018 255  9 12 0300  -23.6  985.9    2.4  226.0   76.7  444.0
2018 255  9 12 0600  -23.9  985.9    2.5  236.0   78.0  444.0
2018 255  9 12 0900  -24.0  985.8    2.6  179.0   78.1  444.0
2018 255  9 12 1200  -24.2  985.7    3.4  218.0   77.0  444.0
2018 255  9 12 1500  -24.3  984.6    3.2  249.0   76.9  444.0
2018 255  9 12 1800  -25.4  983.5    1.3  257.0   77.0  444.0
2018 255  9 12 2100  -22.7  981.9    2.0   27.0   77.0  444.0
2018 256  9 13 0000  -18.2  980.2    6.7  268.0   55.0  444.0
2018 256  9 13 0300  -14.7  978.0   20.2  261.0   38.0  444.0
2018 256  9 13 0600  -18.2  973.3   32.4  249.0   36.0  444.0
2018 256  9 13 0900  -19.9  973.0   38.2  255.0   30.0  444.0
2018 256  9 13 1200  -25.3  973.0   39.5  244.0   40.0  444.0
2018 256  9 13 1500  -27.4  977.6   32.1  254.0   45.0  444.0
2018 256  9 13 1800  -28.1  976.8   34.7  255.0   52.4  444.0
2018 256  9 13 2100  -28.2  979.9   28.6  255.0   44.0  444.0
2018 257  9 14 0000  -27.7  980.7   25.7  255.0   52.0  444.0
2018 257  9 14 0300  -27.3  980.6   22.3  258.0   48.2  444.0
2018 257  9 14 0600  -28.1  980.9   24.0  264.0   50.0  444.0
2018 257  9 14 0900  -28.6  979.2   23.3  262.0   44.0  444.0
2018 257  9 14 1200  -28.4  978.8   25.2  265.0   42.0  444.0
2018 257  9 14 1500  -28.2  978.3   22.0  261.0   41.0  444.0
2018 257  9 14 1800  -27.8  978.0   18.4  262.0   42.0  444.0
2018 257  9 14 2100  -28.5  978.9    9.6  265.0   40.0  444.0
2018 258  9 15 0000  -27.6  979.4    9.0  252.0   48.0  444.0
2018 258  9 15 0300  -26.3  978.5   10.8  257.0   41.0  444.0
2018 258  9 15 0600  -26.5  978.2    9.9  262.0   42.5  444.0
2018 258  9 15 0900  -27.6  976.8   14.8  267.0   42.0  444.0
2018 258  9 15 1200  -28.8  975.4   15.9  255.0   43.0  444.0
2018 258  9 15 1500  -29.1  975.4   16.3  255.0   39.0  444.0
2018 258  9 15 1800  -29.8  976.0   14.2  247.0   39.3  444.0
2018 258  9 15 2100  -29.9  975.8   18.0  256.0   40.0  444.0
2018 259  9 16 0000  -29.3  976.4   16.5  256.0   41.0  444.0
2018 259  9 16 0300  -28.5  975.7   19.0  252.0   37.0  444.0
2018 259  9 16 0600  -28.4  975.9   17.0  254.0   38.9  444.0
2018 259  9 16 0900  -29.0  974.7   20.8  267.0   40.0  444.0
2018 259  9 16 1200  -29.7  972.1   24.7  270.0   39.0  444.0
2018 259  9 16 1500  -30.6  970.2   28.5  270.0   42.0  444.0
2018 259  9 16 1800  -31.2  967.3   33.3  273.0   40.0  444.0
2018 259  9 16 2100  -30.9  968.1   32.9  270.0   40.0  444.0
2018 260  9 17 0000  -29.2  968.9   27.7  269.0   44.0  444.0
2018 260  9 17 0300  -28.1  969.6   22.7  273.0   58.1  444.0
2018 260  9 17 0600  -27.4  970.0   21.7  277.0   56.0  444.0
2018 260  9 17 0900  -26.2  971.0   19.3  277.0   63.0  444.0
2018 260  9 17 1200  -24.6  970.8   18.7  276.0   67.0  444.0
2018 260  9 17 1500  -21.9  972.5   15.1  277.0   78.7  444.0
2018 260  9 17 1800  -20.6  972.9   13.7  276.0   79.0  444.0
2018 260  9 17 2100  -20.4  971.0   15.6  276.0   75.0  444.0
2018 261  9 18 0000  -18.8  971.6    8.8  266.0   75.0  444.0
2018 261  9 18 0300  -17.5  970.7    9.5  269.0   65.0  444.0
2018 261  9 18 0600  -16.7  969.5    9.5  266.0   64.7  444.0
2018 261  9 18 0900  -17.1  968.8    9.0  252.0   71.8  444.0
2018 261  9 18 1200  -17.4  967.5   13.0  274.0   70.0  444.0
2018 261  9 18 1500  -18.9  965.8   15.6  280.0   76.0  444.0
2018 261  9 18 1800  -19.2  963.9   20.1  276.0   75.1  444.0
2018 261  9 18 2100  -19.2  964.1   14.8  283.0   68.0  444.0
2018 262  9 19 0000  -20.2  960.4   23.5  265.0   72.0  444.0
2018 262  9 19 0300  -20.0  957.1   30.5  265.0   71.0  444.0
2018 262  9 19 0600  -19.7  956.8   30.0  264.0   44.0  444.0
2018 262  9 19 0900  -20.6  956.4   27.2  267.0   46.0  444.0
2018 262  9 19 1200  -22.0  958.6   26.9  267.0   43.7  444.0
2018 262  9 19 1500  -22.9  957.7   25.6  266.0   41.0  444.0
2018 262  9 19 1800  -23.2  957.8   25.1  266.0   40.0  444.0
2018 262  9 19 2100  -23.9  960.4   23.6  259.0   39.0  444.0
2018 263  9 20 0000  -23.7  962.5   24.2  264.0   42.0  444.0
2018 263  9 20 0300  -22.7  965.0   21.1  264.0   40.0  444.0
2018 263  9 20 0600  -23.4  967.5   17.7  266.0   43.0  444.0
2018 263  9 20 0900  -24.1  970.2   13.8  264.0   46.0  444.0
2018 263  9 20 1200  -24.5  972.1   12.5  271.0   45.0  444.0
2018 263  9 20 1500  -23.9  973.6   12.7  275.0   39.6  444.0
2018 263  9 20 1800  -24.1  975.0   10.3  272.0   44.0  444.0
2018 263  9 20 2100  -23.4  975.6   10.1  273.0   47.0  444.0
2018 264  9 21 0000  -21.6  974.9    9.0  266.0   40.0  444.0
2018 264  9 21 0300  -21.1  974.8    5.2  261.0   41.3  444.0
2018 264  9 21 0600  -21.3  973.4    5.1  266.0   49.0  444.0
2018 264  9 21 0900  -22.1  973.3    2.1  259.0   52.0  444.0
2018 264  9 21 1200  -21.8  973.8    4.1  255.0   57.0  444.0
2018 264  9 21 1500  -23.1  974.7    3.9  245.0   78.0  444.0
2018 264  9 21 1800  -21.5  975.8    3.4  261.0   79.0  444.0
2018 264  9 21 2100  -22.0  977.4    2.8  254.0   77.6  444.0
2018 265  9 22 0000  -22.0  978.1    4.4  256.0   78.0  444.0
2018 265  9 22 0300  -20.4  978.9    5.6  268.0   79.0  444.0
2018 265  9 22 0600  -20.0  979.4    5.4  258.0   80.0  444.0
2018 265  9 22 0900  -20.8  980.7    4.1  219.0   79.6  444.0
2018 265  9 22 1200  -21.0  981.5    3.3  224.0   80.0  444.0
2018 265  9 22 1500  -23.2  982.1    2.8  240.0   78.0  444.0
2018 265  9 22 1800  -21.4  982.2    2.4  247.0   79.3  444.0
2018 265  9 22 2100  -21.8  982.3    1.9  259.0   78.6  444.0
2018 266  9 23 0000  -21.2  981.5    6.6  276.0   78.5  444.0
2018 266  9 23 0300  -20.8  979.9   10.1  275.0   66.0  444.0
2018 266  9 23 0600  -23.4  981.0    4.1  242.0   75.0  444.0
2018 266  9 23 0900  -21.5  981.4    2.2  137.0   78.0  444.0
2018 266  9 23 1200  -23.6  981.1    5.9  262.0   65.0  444.0
2018 266  9 23 1500  -24.1  980.2   11.5  263.0   64.0  444.0
2018 266  9 23 1800  -24.9  978.8   13.2  260.0   68.0  444.0
2018 266  9 23 2100  -25.8  979.4   12.7  252.0   66.6  444.0
2018 267  9 24 0000  -24.7  979.8   12.1  260.0   66.2  444.0
2018 267  9 24 0300  -25.0  978.6   14.4  254.0   69.5  444.0
2018 267  9 24 0600  -25.8  976.5   20.7  264.0   74.0  444.0
2018 267  9 24 0900  -27.4  976.4   20.9  256.0   75.0  444.0
2018 267  9 24 1200  -29.0  975.2   25.5  252.0   73.3  444.0
2018 267  9 24 1500  -30.0  974.4   28.6  255.0   72.3  444.0
2018 267  9 24 1800  -29.6  974.7   26.8  258.0   72.0  444.0
2018 267  9 24 2100  -28.1  975.4   26.3  268.0   66.0  444.0
2018 268  9 25 0000  -25.6  975.7   17.2  273.0   47.0  444.0
2018 268  9 25 0300  -24.7  974.9   18.0  269.0   52.8  444.0
2018 268  9 25 0600  -24.3  972.2   18.1  268.0   58.0  444.0
2018 268  9 25 0900  -26.1  974.1   12.2  276.0   45.0  444.0
2018 268  9 25 1200  -26.1  971.0   25.8  270.0   63.0  444.0
2018 268  9 25 1500  -26.3  970.8   25.5  274.0   62.0  444.0
2018 268  9 25 1800  -26.9  969.7   26.5  268.0   59.0  444.0
2018 268  9 25 2100  -26.6  969.3   29.5  270.0   56.9  444.0
2018 269  9 26 0000  -26.3  969.5   28.4  266.0   54.0  444.0
2018 269  9 26 0300  -24.2  970.5   18.8  271.0   37.0  444.0
2018 269  9 26 0600  -26.2  972.1   14.4  238.0   53.0  444.0
2018 269  9 26 0900  -28.7  971.8   20.0  256.0   55.3  444.0
2018 269  9 26 1200  -30.1  971.9   19.9  257.0   44.0  444.0
2018 269  9 26 1500  -31.2  972.1   18.7  258.0   45.3  444.0
2018 269  9 26 1800  -31.9  972.3   18.8  264.0   46.0  444.0
2018 269  9 26 2100  -31.4  971.2   21.7  264.0   42.0  444.0
2018 270  9 27 0000  -29.4  970.4   23.2  262.0   42.3  444.0
2018 270  9 27 0300  -28.2  970.1   21.4  265.0   43.0  444.0
2018 270  9 27 0600  -28.4  968.1   23.7  260.0   42.0  444.0
2018 270  9 27 0900  -27.5  967.3   23.1  272.0   41.0  444.0
2018 270  9 27 1200  -27.7  964.1   24.5  270.0   38.0  444.0
2018 270  9 27 1500  -29.0  961.4   15.0  277.0   48.0  444.0
2018 270  9 27 1800  -28.1  956.3   16.8  272.0   48.0  444.0
2018 270  9 27 2100  -27.1  952.4   18.9  278.0   50.0  444.0
2018 271  9 28 0000  -24.5  947.4   20.7  271.0   49.9  444.0
2018 271  9 28 0300  -22.2  945.2   13.0  285.0   53.0  444.0
2018 271  9 28 0600  -20.8  941.7   15.1  288.0   43.0  444.0
2018 271  9 28 0900  -20.3  941.0   10.7  284.0   46.0  444.0
2018 271  9 28 1200  -20.5  940.3   10.3  285.0   51.0  444.0
2018 271  9 28 1500  -20.9  941.6    9.6  286.0   52.0  444.0
2018 271  9 28 1800  -19.8  945.0    2.8  270.0   42.0  444.0
2018 271  9 28 2100  -21.1  947.7   12.8  266.0   46.0  444.0
2018 272  9 29 0000  -21.1  952.3    5.1  253.0   74.0  444.0
2018 272  9 29 0300  -20.3  955.5    3.7  193.0   74.0  444.0
2018 272  9 29 0600  -22.2  957.2    5.2  196.0   77.0  444.0
2018 272  9 29 0900  -22.5  957.4    5.7  275.0   78.0  444.0
2018 272  9 29 1200  -24.5  955.9    5.3  285.0   75.0  444.0
2018 272  9 29 1500  -25.5  955.1    2.7  261.0   56.0  444.0
2018 272  9 29 1800  -23.4  953.6   15.1  262.0   66.0  444.0
2018 272  9 29 2100  -22.7  951.8   23.9  260.0   67.0  444.0
2018 273  9 30 0000  -21.1  955.1    3.9  291.0   45.0  444.0
2018 273  9 30 0300  -22.7  955.8    9.8  269.0   57.0  444.0
2018 273  9 30 0600  -23.4  956.9    4.0  200.0   62.0  444.0
2018 273  9 30 0900  -24.4  957.3    3.5  205.0   67.0  444.0
2018 273  9 30 1200  -24.6  955.9    4.3  265.0   74.0  444.0
2018 273  9 30 1500  -23.0  954.9    3.3  250.0   73.0  444.0
2018 273  9 30 1800  -23.4  955.2    5.9  227.0   77.0  444.0
2018 273  9 30 2100  -22.4  954.3   11.0  268.0   78.0  444.0
