Year: 2018  Month: 10  ID: MLA  ARGOS:  8905  Name: Manuela             
Lat: 74.95S  Lon: 163.69E  Elev:   78m
2018 274 10  1 0000  -18.9  955.7    9.5  204.0   80.0  444.0
2018 274 10  1 0300  -18.8  957.4    8.1  210.0   80.0  444.0
2018 274 10  1 0600  -18.4  958.2    8.6  209.0   81.0  444.0
2018 274 10  1 0900  -17.3  961.4    7.5  162.0   79.3  444.0
2018 274 10  1 1200  -16.6  960.3   14.1  155.0   83.0  444.0
2018 274 10  1 1500  -17.5  962.6   10.3  201.0   83.0  444.0
2018 274 10  1 1800  -18.7  964.0    8.1  221.0   82.0  444.0
2018 274 10  1 2100  -19.3  963.3    5.4  227.0   76.0  444.0
2018 275 10  2 0000  -18.2  961.8    8.1  252.0   71.0  444.0
2018 275 10  2 0300  -18.8  961.4    5.9  239.0   71.0  444.0
2018 275 10  2 0600  -19.0  960.5   11.9  254.0   64.0  444.0
2018 275 10  2 0900  -19.6  960.4    3.9  256.0   50.0  444.0
2018 275 10  2 1200  -21.9  959.2   12.3  249.0   64.7  444.0
2018 275 10  2 1500  -23.6  958.5   14.8  252.0   73.0  444.0
2018 275 10  2 1800  -24.0  958.4   15.6  263.0   70.6  444.0
2018 275 10  2 2100  -24.5  959.2   15.5  268.0   66.0  444.0
2018 276 10  3 0000  -23.4  959.0   15.9  272.0   68.7  444.0
2018 276 10  3 0300  -22.4  958.2   14.3  270.0   56.8  444.0
2018 276 10  3 0600  -22.9  957.3   12.8  269.0   54.0  444.0
2018 276 10  3 0900  -23.0  956.4   14.4  266.0   64.0  444.0
2018 276 10  3 1200  -23.7  954.8   19.1  263.0   73.0  444.0
2018 276 10  3 1500  -24.8  954.4   19.9  256.0   74.1  444.0
2018 276 10  3 1800  -24.4  953.6   19.0  261.0   74.0  444.0
2018 276 10  3 2100  -24.4  953.4   19.5  267.0   70.0  444.0
2018 277 10  4 0000  -22.1  951.1   22.3  268.0   72.0  444.0
2018 277 10  4 0300  -20.2  950.8   17.2  274.0   69.9  444.0
2018 277 10  4 0600  -19.3  948.5   19.4  278.0   71.0  444.0
2018 277 10  4 0900  -19.6  946.8   22.6  273.0   73.0  444.0
2018 277 10  4 1200  -18.0  947.1   18.6  273.0   58.0  444.0
2018 277 10  4 1500  -18.8  949.6   13.8  275.0   66.2  444.0
2018 277 10  4 1800  -17.0  951.6   11.4  272.0   83.0  444.0
2018 277 10  4 2100  -16.8  952.2   12.0  277.0   84.0  444.0
2018 278 10  5 0000  -16.0  949.7   17.6  278.0   78.0  444.0
2018 278 10  5 0300  -12.2  948.8   14.7  280.0   63.0  444.0
2018 278 10  5 0600  -13.1  949.2   14.9  275.0   67.0  444.0
2018 278 10  5 0900  -13.0  951.6    8.5  270.0   83.0  444.0
2018 278 10  5 1200  -12.8  951.7   11.8  274.0   74.0  444.0
2018 278 10  5 1500  -14.8  951.4   13.6  269.0   69.0  444.0
2018 278 10  5 1800  -16.2  953.8    8.3  264.0   69.0  444.0
2018 278 10  5 2100  -17.1  954.1   14.8  261.0   74.0  444.0
2018 279 10  6 0000  -15.2  955.2   14.4  274.0   62.0  444.0
2018 279 10  6 0300  -14.5  956.8   11.3  263.0   64.2  444.0
2018 279 10  6 0600  -15.4  958.5   11.4  263.0   66.0  444.0
2018 279 10  6 0900  -15.4  959.5   13.2  269.0   65.0  444.0
2018 279 10  6 1200  -15.5  961.8   13.1  277.0   85.0  444.0
2018 279 10  6 1500  -16.0  964.1   12.7  276.0   71.0  444.0
2018 279 10  6 1800  -15.9  965.9   12.3  268.0   66.0  444.0
2018 279 10  6 2100  -17.6  967.1   13.5  271.0   70.0  444.0
2018 280 10  7 0000  -17.1  968.1   14.2  270.0   67.7  444.0
2018 280 10  7 0300  -16.4  969.2   12.1  265.0   63.0  444.0
2018 280 10  7 0600  -16.7  969.6   12.6  263.0   55.2  444.0
2018 280 10  7 0900  -18.7  968.5   19.0  266.0   68.0  444.0
2018 280 10  7 1200  -20.0  968.2   20.4  266.0   69.1  444.0
2018 280 10  7 1500  -21.5  968.1   19.1  267.0   69.0  444.0
2018 280 10  7 1800  -22.1  967.6   21.1  263.0   74.7  444.0
2018 280 10  7 2100  -21.0  967.1   22.4  261.0   68.0  444.0
2018 281 10  8 0000  -19.3  966.4   27.0  270.0   68.0  444.0
2018 281 10  8 0300  -18.5  967.3   14.3  273.0   64.9  444.0
2018 281 10  8 0600  -17.3  966.6   15.3  277.0   71.7  444.0
2018 281 10  8 0900  -16.0  966.9   14.6  279.0   72.0  444.0
2018 281 10  8 1200  -14.5  966.4   13.9  280.0   65.0  444.0
2018 281 10  8 1500  -14.3  965.8   13.4  270.0   63.7  444.0
2018 281 10  8 1800  -15.0  966.8   10.7  261.0   70.0  444.0
2018 281 10  8 2100  -14.9  968.8   13.9  255.0   84.7  444.0
2018 282 10  9 0000  -14.1  969.6   12.6  272.0   81.0  444.0
2018 282 10  9 0300  -14.1  969.8   10.8  277.0   73.0  444.0
2018 282 10  9 0600  -12.2  968.3   15.0  277.0   73.0  444.0
2018 282 10  9 0900  -13.1  969.5   10.9  256.0   73.9  444.0
2018 282 10  9 1200  -15.0  967.9   16.5  270.0   69.0  444.0
2018 282 10  9 1500  -18.0  965.7   21.6  267.0   73.0  444.0
2018 282 10  9 1800  -19.6  965.4   20.9  258.0   75.0  444.0
2018 282 10  9 2100  -21.8  965.3   21.4  258.0   75.0  444.0
2018 283 10 10 0000  -21.6  963.7   27.1  260.0   75.4  444.0
2018 283 10 10 0300  -20.8  963.3   21.8  261.0   73.0  444.0
2018 283 10 10 0600  -19.9  962.5   22.0  267.0   64.0  444.0
2018 283 10 10 0900  -19.5  961.6   21.3  264.0   65.0  444.0
2018 283 10 10 1200  -18.8  959.9   20.9  278.0   67.5  444.0
2018 283 10 10 1500  -17.9  958.2   23.3  272.0   60.0  444.0
2018 283 10 10 1800  -21.0  957.7   17.6  270.0   68.4  444.0
2018 283 10 10 2100  -19.8  956.4   18.6  273.0   67.0  444.0
2018 284 10 11 0000  -17.5  956.4   20.6  262.0   67.0  444.0
2018 284 10 11 0300  -16.4  957.9   18.3  261.0   61.0  444.0
2018 284 10 11 0600  -15.9  957.5   19.5  272.0   58.3  444.0
2018 284 10 11 0900  -17.2  959.0   18.0  276.0   51.0  444.0
2018 284 10 11 1200  -18.0  958.0   21.0  274.0   61.0  444.0
2018 284 10 11 1500  -19.9  957.6   27.1  266.0   64.3  444.0
2018 284 10 11 1800  -21.1  960.6   24.6  264.0   65.0  444.0
2018 284 10 11 2100  -21.6  963.7   21.6  261.0   62.1  444.0
2018 285 10 12 0000  -18.7  968.2   11.9  269.0   52.0  444.0
2018 285 10 12 0300  -17.8  970.1   12.6  276.0   55.0  444.0
2018 285 10 12 0600  -16.8  971.7   11.1  277.0   55.0  444.0
2018 285 10 12 0900  -16.4  972.7   10.1  277.0   66.0  444.0
2018 285 10 12 1200  -16.1  972.4    9.4  280.0   60.0  444.0
2018 285 10 12 1500  -18.6  970.9   14.6  268.0   60.0  444.0
2018 285 10 12 1800  -19.7  968.6   22.6  266.0   62.0  444.0
2018 285 10 12 2100  -18.6  968.3   23.3  266.0   59.0  444.0
2018 286 10 13 0000  -16.1  970.8   16.6  275.0   50.0  444.0
2018 286 10 13 0300  -16.0  972.3   10.2  290.0   51.0  444.0
2018 286 10 13 0600  -14.1  972.5   14.4  272.0   47.0  444.0
2018 286 10 13 0900  -15.4  974.0   16.6  260.0   45.0  444.0
2018 286 10 13 1200  -17.8  975.6   16.0  261.0   44.0  444.0
2018 286 10 13 1500  -20.8  976.9   19.6  262.0   58.0  444.0
2018 286 10 13 1800  -22.3  979.4   20.2  262.0   60.0  444.0
2018 286 10 13 2100  -21.8  983.2   19.0  258.0   57.0  444.0
2018 287 10 14 0000  -20.1  986.7   14.8  263.0   50.0  444.0
2018 287 10 14 0300  -19.1  987.9   18.0  267.0   46.4  444.0
2018 287 10 14 0600  -18.0  989.7   15.1  270.0   44.0  444.0
2018 287 10 14 0900  -19.0  989.8   16.1  265.0   42.6  444.0
2018 287 10 14 1200  -20.1  990.6    9.9  268.0   43.0  444.0
2018 287 10 14 1500  -20.0  989.6   10.4  264.0   37.0  444.0
2018 287 10 14 1800  -21.7  987.0   20.2  271.0   43.5  444.0
2018 287 10 14 2100  -23.6  985.1   23.3  260.0   64.0  444.0
2018 288 10 15 0000  -22.6  984.8   25.4  255.0   65.1  444.0
2018 288 10 15 0300  -20.6  986.6   26.0  256.0   43.0  444.0
2018 288 10 15 0600  -19.4  991.5   17.9  255.0   40.2  444.0
2018 288 10 15 0900  -18.5  991.5   17.2  258.0   44.0  444.0
2018 288 10 15 1200  -19.3  991.2   20.7  261.0   45.9  444.0
2018 288 10 15 1500  -19.9  990.9   23.4  255.0   43.0  444.0
2018 288 10 15 1800  -19.7  992.7   19.5  256.0   41.6  444.0
2018 288 10 15 2100  -18.3  992.1   14.1  244.0   46.3  444.0
2018 289 10 16 0000  -15.6  988.8   16.5  246.0   48.0  444.0
2018 289 10 16 0300  -15.9  987.6   12.4  240.0   47.0  444.0
2018 289 10 16 0600  -15.9  985.4   12.1  232.0   47.0  444.0
2018 289 10 16 0900  -15.7  979.5   25.5  256.0   34.4  444.0
2018 289 10 16 1200  -16.6  971.7   30.0  256.0   36.0  444.0
2018 289 10 16 1500  -17.3  968.3   32.6  255.0   35.5  444.0
2018 289 10 16 1800  -16.7  966.9   25.6  268.0   35.0  444.0
2018 289 10 16 2100  -15.2  963.2   25.4  255.0   35.0  444.0
2018 290 10 17 0000  -13.3  960.0   23.5  261.0   37.0  444.0
2018 290 10 17 0300  -13.0  957.3   23.5  264.0   38.0  444.0
2018 290 10 17 0600  -16.2  959.0    9.1  230.0   49.0  444.0
2018 290 10 17 0900  -20.5  960.8    6.4  154.0   80.0  444.0
2018 290 10 17 1200  -22.0  962.6    4.9  209.0   78.0  444.0
2018 290 10 17 1500  -22.4  963.0   11.6  240.0   54.0  444.0
2018 290 10 17 1800  -23.9  963.1   13.8  253.0   45.0  444.0
2018 290 10 17 2100  -24.6  961.5   22.4  260.0   44.0  444.0
2018 291 10 18 0000  -22.5  960.2   20.3  265.0   41.0  444.0
2018 291 10 18 0300  -20.2  959.1   21.8  271.0   38.0  444.0
2018 291 10 18 0600  -18.5  959.2   11.6  276.0   36.0  444.0
2018 291 10 18 0900  -19.2  957.8   12.2  273.0   48.0  444.0
2018 291 10 18 1200  -19.7  959.8    2.1  248.0   51.6  444.0
2018 291 10 18 1500  -21.2  960.8    5.0  254.0   53.0  444.0
2018 291 10 18 1800  -20.3  961.9   10.1  269.0   51.0  444.0
2018 291 10 18 2100  -19.9  964.4    3.5  269.0   48.0  444.0
2018 292 10 19 0000  -16.7  965.8    8.1  279.0   44.0  444.0
2018 292 10 19 0300  -15.2  967.4    8.1  272.0   52.0  444.0
2018 292 10 19 0600  -16.5  970.4    1.6  237.0   83.0  444.0
2018 292 10 19 0900  -15.2  973.8    0.6  267.0   84.0  444.0
2018 292 10 19 1200  -15.5  976.0    6.0  269.0   61.0  444.0
2018 292 10 19 1500  -16.4  977.2   13.6  269.0   63.0  444.0
2018 292 10 19 1800  -16.1  977.2   20.3  267.0   67.0  444.0
2018 292 10 19 2100  -15.5  977.0   19.4  266.0   53.0  444.0
2018 293 10 20 0000  -12.5  976.9   14.5  265.0   43.0  444.0
2018 293 10 20 0300  -11.2  976.3    3.5   22.0   62.0  444.0
2018 293 10 20 0600  -11.0  974.7    0.8  153.0   51.9  444.0
2018 293 10 20 0900  -11.9  973.0    2.0   46.0   70.0  444.0
2018 293 10 20 1200  -13.0  971.1    3.4  286.0   44.0  444.0
2018 293 10 20 1500  -13.3  970.6    8.7  230.0   44.0  444.0
2018 293 10 20 1800  -18.1  972.0    4.9  192.0   83.0  444.0
2018 293 10 20 2100  -16.9  973.7    7.2  204.0   82.8  444.0
2018 294 10 21 0000  -16.3  974.6    7.8  208.0   83.0  444.0
2018 294 10 21 0300  -15.8  974.7    7.9  217.0   80.0  444.0
2018 294 10 21 0600  -16.2  974.2    6.0  202.0   84.0  444.0
2018 294 10 21 0900  -16.4  974.6    6.6  197.0   84.0  444.0
2018 294 10 21 1200  -17.0  974.9    6.1  188.0   83.0  444.0
2018 294 10 21 1500  -17.6  976.3    4.9  198.0   83.0  444.0
2018 294 10 21 1800  -17.9  976.6    4.9  276.0   82.0  444.0
2018 294 10 21 2100  -17.9  975.9    7.4  276.0   80.4  444.0
2018 295 10 22 0000  -16.9  975.9    9.6  272.0   66.0  444.0
2018 295 10 22 0300  -15.9  977.0    3.9  244.0   67.0  444.0
2018 295 10 22 0600  -14.3  978.0    1.6  213.0   53.0  444.0
2018 295 10 22 0900  -16.9  978.5    1.9  268.0   62.0  444.0
2018 295 10 22 1200  -21.3  977.9    8.1  278.0   74.0  444.0
2018 295 10 22 1500  -19.7  976.8   12.9  262.0   78.5  444.0
2018 295 10 22 1800  -19.5  975.2   16.3  258.0   75.0  444.0
2018 295 10 22 2100  -20.4  973.5   19.9  256.0   75.0  444.0
2018 296 10 23 0000  -17.8  973.0   16.8  259.0   71.3  444.0
2018 296 10 23 0300  -14.8  973.3    6.6  263.0   41.0  444.0
2018 296 10 23 0600  -16.1  973.0    7.0  235.0   54.0  444.0
2018 296 10 23 0900  -18.6  973.5    4.0  145.0   81.0  444.0
2018 296 10 23 1200  -22.3  974.3    2.3  201.0   79.2  444.0
2018 296 10 23 1500  -23.0  974.9    5.8  249.0   76.0  444.0
2018 296 10 23 1800  -24.2  974.7   13.3  263.0   68.5  444.0
2018 296 10 23 2100  -24.0  975.1   15.2  264.0   69.0  444.0
2018 297 10 24 0000  -21.9  974.6   18.5  266.0   67.0  444.0
2018 297 10 24 0300  -20.5  974.3   16.4  267.0   64.0  444.0
2018 297 10 24 0600  -19.4  974.4   13.0  273.0   59.8  444.0
2018 297 10 24 0900  -20.1  974.1    9.4  270.0   45.0  444.0
2018 297 10 24 1200  -20.1  972.8   12.6  273.0   51.0  444.0
2018 297 10 24 1500  -22.1  970.8   17.1  263.0   70.0  444.0
2018 297 10 24 1800  -21.5  970.0   15.7  263.0   65.5  444.0
2018 297 10 24 2100  -20.4  969.5   16.0  263.0   67.5  444.0
2018 298 10 25 0000  -18.0  968.5   17.8  265.0   67.0  444.0
2018 298 10 25 0300  -15.8  967.6   17.5  266.0   63.0  444.0
2018 298 10 25 0600  -15.3  966.1   18.1  268.0   60.4  444.0
2018 298 10 25 0900  -15.6  964.2   21.4  261.0   64.8  444.0
2018 298 10 25 1200  -16.4  963.3   21.7  267.0   57.0  444.0
2018 298 10 25 1500  -18.1  962.8   21.5  273.0   58.8  444.0
2018 298 10 25 1800  -18.0  962.0   25.9  272.0   60.0  444.0
2018 298 10 25 2100  -15.4  961.4   25.4  269.0   43.0  444.0
2018 299 10 26 0000  -13.3  960.7   19.1  270.0   45.0  444.0
2018 299 10 26 0300  -10.7  960.7   27.1  269.0   43.0  444.0
2018 299 10 26 0600   -8.9  963.0   19.0  271.0   41.0  444.0
2018 299 10 26 0900  -10.6  965.2   14.4  272.0   56.0  444.0
2018 299 10 26 1200  -10.0  967.7   11.0  266.0   46.0  444.0
2018 299 10 26 1500  -10.0  972.3    5.8  260.0   57.0  444.0
2018 299 10 26 1800  -10.2  976.0    9.2  157.0   87.0  444.0
2018 299 10 26 2100   -9.6  978.8    0.0   99.0   84.0  444.0
2018 300 10 27 0000  -10.0  978.5    1.9  216.0   83.9  444.0
2018 300 10 27 0300  -11.5  976.3    5.9  270.0   83.0  444.0
2018 300 10 27 0600  -10.4  973.1   10.7  279.0   74.0  444.0
2018 300 10 27 0900  -10.5  969.4   12.0  275.0   70.0  444.0
2018 300 10 27 1200  -13.7  968.2    6.9  278.0   73.0  444.0
2018 300 10 27 1500  -13.3  965.3   21.5  261.0   81.0  444.0
2018 300 10 27 1800  -14.7  967.7   14.3  262.0   79.0  444.0
2018 300 10 27 2100  -14.5  967.1   19.1  260.0   77.0  444.0
2018 301 10 28 0000  -11.7  967.8   17.4  270.0   68.0  444.0
2018 301 10 28 0300  -10.7  967.8   16.1  274.0   70.0  444.0
2018 301 10 28 0600  -10.0  967.6   16.9  268.0   66.0  444.0
2018 301 10 28 0900  -10.7  968.2   16.1  279.0   67.0  444.0
2018 301 10 28 1200  -10.8  967.9   18.3  277.0   75.0  444.0
2018 301 10 28 1500  -11.6  967.8   20.4  276.0   74.0  444.0
2018 301 10 28 1800  -10.3  973.1    3.3  243.0   67.0  444.0
2018 301 10 28 2100  -10.2  975.8    5.0  266.0   85.0  444.0
2018 302 10 29 0000   -9.3  977.7    4.5  231.0   80.6  444.0
2018 302 10 29 0300   -8.9  976.9    5.4  222.0   73.0  444.0
2018 302 10 29 0600   -7.5  975.3   12.1  284.0   61.0  444.0
2018 302 10 29 0900   -8.6  975.2   12.2  271.0   60.0  444.0
2018 302 10 29 1200   -8.4  975.3   12.7  306.0   59.3  444.0
2018 302 10 29 1500   -9.4  974.6   16.0  275.0   68.0  444.0
2018 302 10 29 1800   -9.8  973.6   18.3  268.0   71.0  444.0
2018 302 10 29 2100  -10.5  972.1   22.9  262.0   73.0  444.0
2018 303 10 30 0000   -8.7  971.7   20.8  262.0   70.0  444.0
2018 303 10 30 0300   -7.4  970.6   18.6  265.0   63.7  444.0
2018 303 10 30 0600   -5.6  969.8   17.6  267.0   43.0  444.0
2018 303 10 30 0900   -6.4  970.1   11.5  271.0   48.4  444.0
2018 303 10 30 1200   -9.0  969.6   12.2  277.0   56.0  444.0
2018 303 10 30 1500   -9.5  968.7   14.7  270.0   53.6  444.0
2018 303 10 30 1800  -11.3  968.5   11.4  267.0   62.0  444.0
2018 303 10 30 2100   -9.5  967.9   15.9  273.0   52.0  444.0
2018 304 10 31 0000   -8.2  967.1   16.3  270.0   47.0  444.0
2018 304 10 31 0300   -6.9  967.3    9.5  268.0   50.0  444.0
2018 304 10 31 0600   -6.4  966.4    8.5  280.0   51.0  444.0
2018 304 10 31 0900   -7.4  965.8   11.7  263.0   42.0  444.0
2018 304 10 31 1200  -10.3  965.3   13.8  257.0   46.0  444.0
2018 304 10 31 1500  -13.1  966.1   16.7  251.0   48.0  444.0
2018 304 10 31 1800  -14.7  966.3   17.5  261.0   60.6  444.0
2018 304 10 31 2100  -14.2  967.0   16.2  261.0   64.0  444.0
