Year: 2018  Month: 01  ID: MLA  ARGOS:  8905  Name: Manuela             
Lat: 74.95S  Lon: 163.69E  Elev:   78m
2018   1  1  1 0000   -1.1  978.8    9.9  245.0   56.2  444.0
2018   1  1  1 0300   -0.8  979.0    3.7  189.0   76.0  444.0
2018   1  1  1 0600   -1.0  978.3    4.6  122.0   78.0  444.0
2018   1  1  1 0900   -0.6  978.3    3.6   47.0   80.0  444.0
2018   1  1  1 1200   -1.7  978.6    4.4   40.0   82.0  444.0
2018   1  1  1 1500   -2.2  979.0    2.8   42.0   86.0  444.0
2018   1  1  1 1800   -4.5  979.4    5.0  243.0   65.0  444.0
2018   1  1  1 2100   -4.1  979.9    6.3  235.0   58.2  444.0
2018   2  1  2 0000   -1.7  980.0    5.5  249.0   56.0  444.0
2018   2  1  2 0300   -1.0  980.2    2.7   77.0   57.0  444.0
2018   2  1  2 0600   -0.5  980.4    2.5   49.0   62.0  444.0
2018   2  1  2 0900   -0.8  981.2    1.6   54.0   67.8  444.0
2018   2  1  2 1200   -1.6  982.3    0.5  284.0   59.0  444.0
2018   2  1  2 1500   -4.4  983.2    4.4  271.0   68.0  444.0
2018   2  1  2 1800   -5.3  984.3    4.7  266.0   70.0  444.0
2018   2  1  2 2100   -3.1  985.2    6.2  256.0   60.0  444.0
2018   3  1  3 0000   -0.6  985.9    5.9  281.0   43.2  444.0
2018   3  1  3 0300    0.3  986.7    4.7  296.0   45.0  444.0
2018   3  1  3 0600    0.6  987.4    4.8   25.0   66.0  444.0
2018   3  1  3 0900   -0.2  988.0    3.4   36.0   66.0  444.0
2018   3  1  3 1200   -0.7  988.7    1.4   65.0   64.0  444.0
2018   3  1  3 1500   -1.2  988.4    0.1  101.0   72.0  444.0
2018   3  1  3 1800   -3.9  987.7    1.7  252.0   88.0  444.0
2018   3  1  3 2100   -4.3  987.2    2.1  249.0   87.0  444.0
2018   4  1  4 0000   -1.6  986.2    2.5   76.0   78.0  444.0
2018   4  1  4 0300   -2.6  984.7    3.3   45.0   94.4  444.0
2018   4  1  4 0600   -2.5  983.2    4.7   81.0   95.0  444.0
2018   4  1  4 0900   -2.3  982.0    4.9   49.0   96.0  444.0
2018   4  1  4 1200   -2.8  981.3    5.6   23.0   94.0  444.0
2018   4  1  4 1500   -2.6  980.3    4.2   25.0   92.5  444.0
2018   4  1  4 1800   -2.2  979.6    4.1   20.0   89.0  444.0
2018   4  1  4 2100   -1.8  979.7    2.0  349.0   84.0  444.0
2018   5  1  5 0000   -2.3  979.8    3.0  274.0   90.0  444.0
2018   5  1  5 0300   -0.5  979.3    1.7   43.0   81.4  444.0
2018   5  1  5 0600    0.0  979.7    3.9   23.0   80.8  444.0
2018   5  1  5 0900   -0.5  980.9    3.3   22.0   82.0  444.0
2018   5  1  5 1200   -1.9  982.1    1.1   17.0   92.0  444.0
2018   5  1  5 1500   -2.8  982.7    2.5  163.0   96.0  444.0
2018   5  1  5 1800   -3.9  983.3    3.1  189.0   86.3  444.0
2018   5  1  5 2100   -3.1  983.4    4.3  268.0   86.0  444.0
2018   6  1  6 0000   -1.6  982.7    4.6  270.0   68.0  444.0
2018   6  1  6 0300    0.2  981.5    6.8  280.0   63.0  444.0
2018   6  1  6 0600    0.9  981.3    5.6  275.0   54.4  444.0
2018   6  1  6 0900   -0.6  981.3    3.5  265.0   60.0  444.0
2018   6  1  6 1200   -2.8  981.4    6.2  267.0   61.0  444.0
2018   6  1  6 1500   -4.5  981.1    6.0  259.0   64.0  444.0
2018   6  1  6 1800   -2.9  980.9    8.6  275.0   56.0  444.0
2018   6  1  6 2100   -1.9  980.9    8.3  276.0   60.4  444.0
2018   7  1  7 0000    0.8  981.2    7.0  288.0   52.0  444.0
2018   7  1  7 0300    3.4  980.8    9.4  275.0   35.0  444.0
2018   7  1  7 0600    1.5  981.3   10.1  265.0   55.1  444.0
2018   7  1  7 0900    1.6  981.5    8.8  274.0   44.4  444.0
2018   7  1  7 1200   -1.2  981.6    9.6  256.0   52.0  444.0
2018   7  1  7 1500   -2.2  981.7    9.3  269.0   42.0  444.0
2018   7  1  7 1800   -4.0  982.3    9.8  256.0   56.0  444.0
2018   7  1  7 2100   -2.6  983.6    1.7  205.0   45.0  444.0
2018   8  1  8 0000   -2.5  983.6    4.7  141.0   68.0  444.0
2018   8  1  8 0300   -3.0  984.4    4.5  151.0   85.0  444.0
2018   8  1  8 0600   -3.2  984.9    4.5  207.0   90.0  444.0
2018   8  1  8 0900   -3.0  984.9    4.5  211.0   96.0  444.0
2018   8  1  8 1200   -3.9  985.2    7.4  274.0   95.0  444.0
2018   8  1  8 1500   -3.6  986.2    4.6  275.0   96.0  444.0
2018   8  1  8 1800   -3.2  987.8    3.7  262.0   94.9  444.0
2018   8  1  8 2100   -0.9  989.0    5.9  125.0   97.0  444.0
2018   9  1  9 0000   -0.8  990.6    6.5   95.0   95.0  444.0
2018   9  1  9 0300   -0.6  991.9    4.4  111.0   95.0  444.0
2018   9  1  9 0600   -0.6  992.8    3.9  142.0   97.0  444.0
2018   9  1  9 0900   -1.5  993.4    6.9  152.0   93.0  444.0
2018   9  1  9 1200   -2.2  993.8    5.4  196.0   96.0  444.0
2018   9  1  9 1500   -2.4  993.6    4.6  191.0   95.0  444.0
2018   9  1  9 1800   -2.5  992.7    0.8  244.0   93.0  444.0
2018   9  1  9 2100   -1.8  991.5    0.0  283.0   83.0  444.0
2018  10  1 10 0000   -2.1  989.5    5.9  260.0   68.5  444.0
2018  10  1 10 0300   -1.0  987.7    4.1  242.0   67.0  444.0
2018  10  1 10 0600    0.2  985.2    9.4  275.0   61.0  444.0
2018  10  1 10 0900   -4.0  984.1    4.7  234.0   84.0  444.0
2018  10  1 10 1200   -3.7  981.8   10.5  257.0   62.2  444.0
2018  10  1 10 1500   -4.6  980.1   13.2  259.0   68.0  444.0
2018  10  1 10 1800   -5.2  978.0   18.7  259.0   71.8  444.0
2018  10  1 10 2100   -4.2  977.2   16.1  262.0   69.0  444.0
2018  11  1 11 0000   -3.2  975.0   21.2  260.0   70.1  444.0
2018  11  1 11 0300   -2.8  974.2   21.4  255.0   71.0  444.0
2018  11  1 11 0600   -1.9  974.9   13.9  258.0   67.0  444.0
2018  11  1 11 0900   -2.1  975.6    7.6  245.0   56.3  444.0
2018  11  1 11 1200   -5.0  974.9   10.8  241.0   63.0  444.0
2018  11  1 11 1500   -7.5  975.4    8.1  216.0   80.1  444.0
2018  11  1 11 1800   -6.8  974.7   16.4  256.0   59.0  444.0
2018  11  1 11 2100   -6.4  976.4   11.2  246.0   61.0  444.0
2018  12  1 12 0000   -3.9  977.6    8.4  248.0   55.0  444.0
2018  12  1 12 0300   -1.7  978.1    5.4  249.0   57.0  444.0
2018  12  1 12 0600   -1.5  978.7    6.6  268.0   59.0  444.0
2018  12  1 12 0900   -2.4  979.6    6.9  266.0   53.0  444.0
2018  12  1 12 1200   -6.2  980.6    5.7  267.0   65.1  444.0
2018  12  1 12 1500   -5.5  981.9    4.5  282.0   53.0  444.0
2018  12  1 12 1800   -4.1  982.9    4.7  266.0   49.0  444.0
2018  12  1 12 2100   -3.4  983.5    8.7  277.0   51.0  444.0
2018  13  1 13 0000   -1.1  983.6   14.3  281.0   56.4  444.0
2018  13  1 13 0300   -0.7  984.3   15.2  259.0   62.0  444.0
2018  13  1 13 0600    0.3  984.9   11.8  257.0   55.0  444.0
2018  13  1 13 0900   -0.2  984.7   14.2  253.0   53.0  444.0
2018  13  1 13 1200   -1.4  985.0    8.0  267.0   51.0  444.0
2018  13  1 13 1500   -0.8  984.3    5.6   90.0   68.5  444.0
2018  13  1 13 1800   -1.3  983.2    5.2   28.0   82.0  444.0
2018  13  1 13 2100   -3.0  982.6    2.7  120.0   95.2  444.0
2018  14  1 14 0000   -1.9  981.1    9.4  110.0   95.0  444.0
2018  14  1 14 0300   -2.0  980.9    5.9   90.0   93.5  444.0
2018  14  1 14 0600   -2.2  980.6    7.8  116.0   94.0  444.0
2018  14  1 14 0900   -2.3  980.6    7.3  125.0   94.0  444.0
2018  14  1 14 1200   -3.7  981.0    4.1  176.0   96.0  444.0
2018  14  1 14 1500   -4.1  980.8    2.2  197.0   92.0  444.0
2018  14  1 14 1800   -5.8  979.5    5.2  282.0   90.7  444.0
2018  14  1 14 2100   -3.3  977.5    8.5  273.0   75.0  444.0
2018  15  1 15 0000   -1.7  976.3    1.8  292.0   64.0  444.0
2018  15  1 15 0300    0.9  974.4    2.4   39.0   51.0  444.0
2018  15  1 15 0600    1.9  972.1    3.8  273.0   40.0  444.0
2018  15  1 15 0900   -1.2  970.7    7.6  241.0   59.0  444.0
2018  15  1 15 1200   -4.8  969.8    5.3  257.0   62.2  444.0
2018  15  1 15 1500   -4.0  968.2   12.0  245.0   65.0  444.0
2018  15  1 15 1800   -4.9  967.6   12.1  270.0   60.0  444.0
2018  15  1 15 2100   -4.6  966.7   13.8  260.0   59.1  444.0
2018  16  1 16 0000   -2.9  966.5    8.4  261.0   56.0  444.0
2018  16  1 16 0300   -0.3  965.8    4.6  358.0   71.0  444.0
2018  16  1 16 0600   -0.2  964.9    3.5  356.0   68.0  444.0
2018  16  1 16 0900   -4.4  964.9    3.3  177.0   81.8  444.0
2018  16  1 16 1200   -6.5  965.4    3.6  173.0   83.0  444.0
2018  16  1 16 1500   -7.2  965.9    3.2  178.0   82.0  444.0
2018  16  1 16 1800   -8.7  966.6    3.5  256.0   75.0  444.0
2018  16  1 16 2100   -6.2  967.3    5.9  266.0   68.0  444.0
2018  17  1 17 0000   -4.1  968.1    3.8  263.0   67.0  444.0
2018  17  1 17 0300   -2.9  968.3    2.5  252.0   66.8  444.0
2018  17  1 17 0600   -3.9  968.8    3.1  260.0   72.9  444.0
2018  17  1 17 0900   -4.4  969.6    4.3  210.0   88.0  444.0
2018  17  1 17 1200   -6.0  970.0    3.5  194.0   91.0  444.0
2018  17  1 17 1500   -5.9  970.4    6.1  203.0   93.0  444.0
2018  17  1 17 1800   -6.4  970.8    5.2  195.0   92.0  444.0
2018  17  1 17 2100   -6.5  971.0    5.9  257.0   90.0  444.0
2018  18  1 18 0000   -5.7  971.1    3.5  243.0   89.0  444.0
2018  18  1 18 0300   -3.7  970.3    1.6  260.0   82.6  444.0
2018  18  1 18 0600   -4.7  969.5    1.4  228.0   88.0  444.0
2018  18  1 18 0900   -4.0  969.2    0.1  176.0   79.9  444.0
2018  18  1 18 1200   -7.3  968.8    2.8  259.0   90.0  444.0
2018  18  1 18 1500   -5.5  968.3    6.1  268.0   68.0  444.0
2018  18  1 18 1800   -6.2  967.5   11.6  271.0   65.0  444.0
2018  18  1 18 2100   -4.7  967.3   12.8  268.0   63.1  444.0
2018  19  1 19 0000   -3.3  967.6   11.8  259.0   69.0  444.0
2018  19  1 19 0300   -2.6  969.1    2.6  204.0   66.0  444.0
2018  19  1 19 0600   -2.6  969.1    4.3  195.0   67.0  444.0
2018  19  1 19 0900   -3.4  969.3    2.4  172.0   77.3  444.0
2018  19  1 19 1200   -6.6  969.4    3.7  272.0   75.3  444.0
2018  19  1 19 1500   -7.4  967.8   12.7  268.0   63.0  444.0
2018  19  1 19 1800   -8.1  967.5   16.6  261.0   67.0  444.0
2018  19  1 19 2100   -5.9  967.9   14.2  267.0   57.0  444.0
2018  20  1 20 0000   -4.1  968.6    6.0  242.0   53.6  444.0
2018  20  1 20 0300   -3.3  967.7    9.7  254.0   64.0  444.0
2018  20  1 20 0600   -3.1  966.7    7.9  257.0   64.0  444.0
2018  20  1 20 0900   -3.7  965.5   10.1  270.0   48.0  444.0
2018  20  1 20 1200   -5.9  964.3   11.0  269.0   54.7  444.0
2018  20  1 20 1500   -9.6  965.3    6.6  248.0   66.2  444.0
2018  20  1 20 1800   -8.4  965.0   11.9  269.0   67.0  444.0
2018  20  1 20 2100   -7.1  964.6   16.9  275.0   67.0  444.0
2018  21  1 21 0000   -4.6  965.7   12.4  271.0   54.0  444.0
2018  21  1 21 0300   -2.9  966.3    7.7  272.0   63.2  444.0
2018  21  1 21 0600   -1.6  965.9    7.4  274.0   59.0  444.0
2018  21  1 21 0900   -0.7  967.3    5.2  124.0   77.0  444.0
2018  21  1 21 1200   -2.4  969.0    3.2  170.0   93.0  444.0
2018  21  1 21 1500   -3.7  969.5    4.0  212.0   96.1  444.0
2018  21  1 21 1800   -6.5  969.0    7.6  251.0   69.3  444.0
2018  21  1 21 2100   -4.4  968.1    7.7  271.0   84.0  444.0
2018  22  1 22 0000   -3.1  967.9    9.3  272.0   66.0  444.0
2018  22  1 22 0300   -1.4  969.4    3.5  162.0   56.0  444.0
2018  22  1 22 0600   -2.2  971.5    3.8  154.0   84.0  444.0
2018  22  1 22 0900   -2.2  972.9    5.0  160.0   95.0  444.0
2018  22  1 22 1200   -3.7  974.3    4.9  209.0   95.0  444.0
2018  22  1 22 1500   -2.5  975.6    4.3  149.0   93.0  444.0
2018  22  1 22 1800   -3.6  976.6    3.2  194.0   95.4  444.0
2018  22  1 22 2100   -3.9  977.4    3.2  264.0   94.0  444.0
2018  23  1 23 0000   -3.5  978.2    3.7  267.0   79.0  444.0
2018  23  1 23 0300   -2.1  978.0    1.8  245.0   77.5  444.0
2018  23  1 23 0600   -2.0  978.0    2.3  194.0   70.0  444.0
2018  23  1 23 0900   -2.5  977.7    2.4  151.0   82.0  444.0
2018  23  1 23 1200   -5.6  977.7    2.5  264.0   89.0  444.0
2018  23  1 23 1500   -5.7  976.9    2.7  259.0   79.8  444.0
2018  23  1 23 1800   -5.9  976.3    4.5  261.0   76.0  444.0
2018  23  1 23 2100   -5.0  975.9    5.0  262.0   75.0  444.0
2018  24  1 24 0000   -3.4  975.2    7.7  275.0   65.4  444.0
2018  24  1 24 0300   -2.1  974.6    2.8  245.0   69.4  444.0
2018  24  1 24 0600   -2.9  973.7    2.5  200.0   73.0  444.0
2018  24  1 24 0900   -2.3  973.7    4.6  148.0   71.0  444.0
2018  24  1 24 1200   -4.8  973.8    6.2  236.0   92.0  444.0
2018  24  1 24 1500   -5.0  973.2    9.0  264.0   94.0  444.0
2018  24  1 24 1800   -4.7  973.5    7.8  264.0   82.6  444.0
2018  24  1 24 2100   -5.0  974.3    4.3  230.0   93.0  444.0
2018  25  1 25 0000   -3.7  974.3    9.6  244.0   93.0  444.0
2018  25  1 25 0300   -2.6  975.0    8.6  161.0   92.0  444.0
2018  25  1 25 0600   -2.9  976.1    7.7  194.0   90.4  444.0
2018  25  1 25 0900   -3.4  977.6    6.9  194.0   95.0  444.0
2018  25  1 25 1200   -3.4  979.1    7.6  155.0   95.0  444.0
2018  25  1 25 1500   -3.7  980.2    7.3  161.0   96.0  444.0
2018  25  1 25 1800   -4.4  981.6    6.3  194.0   95.0  444.0
2018  25  1 25 2100   -4.0  982.8    5.4  194.0   93.7  444.0
2018  26  1 26 0000   -3.3  983.8    5.7  193.0   86.0  444.0
2018  26  1 26 0300   -2.2  983.6    6.2  239.0   78.6  444.0
2018  26  1 26 0600   -2.7  983.9    4.0  198.0   84.0  444.0
2018  26  1 26 0900   -4.1  984.1    6.4  192.0   94.8  444.0
2018  26  1 26 1200   -4.5  984.1    5.8  204.0   95.0  444.0
2018  26  1 26 1500   -4.8  983.8    4.6  220.0   94.0  444.0
2018  26  1 26 1800   -6.5  981.7   10.7  258.0   75.0  444.0
2018  26  1 26 2100   -5.5  979.6   16.3  264.0   75.0  444.0
2018  27  1 27 0000   -4.4  978.8   16.0  256.0   68.0  444.0
2018  27  1 27 0300   -4.2  978.6   13.1  254.0   66.0  444.0
2018  27  1 27 0600   -2.8  979.8    2.1  187.0   59.0  444.0
2018  27  1 27 0900   -5.9  979.9    2.3  208.0   87.0  444.0
2018  27  1 27 1200   -8.9  980.6    4.5  243.0   67.6  444.0
2018  27  1 27 1500   -9.9  981.0   12.0  262.0   70.0  444.0
2018  27  1 27 1800  -10.1  981.9   16.7  265.0   74.0  444.0
2018  27  1 27 2100   -8.4  983.6    9.0  271.0   67.8  444.0
2018  28  1 28 0000   -6.8  985.1    8.2  278.0   63.0  444.0
2018  28  1 28 0300   -5.3  985.3    9.2  274.0   53.0  444.0
2018  28  1 28 0600   -6.0  985.5    8.4  281.0   63.0  444.0
2018  28  1 28 0900   -6.2  985.9    6.6  279.0   57.3  444.0
2018  28  1 28 1200   -7.8  986.4    3.9  243.0   65.0  444.0
2018  28  1 28 1500  -10.6  986.2    6.7  255.0   66.0  444.0
2018  28  1 28 1800  -10.5  985.8    8.4  266.0   64.0  444.0
2018  28  1 28 2100   -9.7  985.8    6.5  261.0   69.0  444.0
2018  29  1 29 0000   -7.8  985.4    4.0  259.0   61.4  444.0
2018  29  1 29 0300   -7.8  984.5    4.2  272.0   61.0  444.0
2018  29  1 29 0600   -8.5  983.5    4.9  256.0   70.0  444.0
2018  29  1 29 0900   -8.6  982.8    2.7  261.0   73.0  444.0
2018  29  1 29 1200   -8.4  982.2    2.4  256.0   87.0  444.0
2018  29  1 29 1500   -7.9  980.9    2.0  244.0   87.0  444.0
2018  29  1 29 1800   -8.5  979.9    2.0  252.0   81.0  444.0
2018  29  1 29 2100   -8.1  979.8    4.3  267.0   76.0  444.0
2018  30  1 30 0000   -8.2  978.7    9.2  262.0   70.0  444.0
2018  30  1 30 0300   -8.3  977.9   12.7  260.0   69.4  444.0
2018  30  1 30 0600   -8.5  977.2   12.7  259.0   67.0  444.0
2018  30  1 30 0900   -8.7  977.8    9.8  258.0   64.0  444.0
2018  30  1 30 1200   -9.4  978.4   11.5  271.0   58.7  444.0
2018  30  1 30 1500  -10.8  978.9    9.2  271.0   62.0  444.0
2018  30  1 30 1800  -11.2  979.6    8.9  269.0   62.0  444.0
2018  30  1 30 2100  -10.2  980.8    8.4  266.0   60.7  444.0
2018  31  1 31 0000   -7.4  981.7    4.9  259.0   53.0  444.0
2018  31  1 31 0300   -7.4  982.3    3.5  266.0   63.0  444.0
2018  31  1 31 0600   -6.9  982.7    4.2  259.0   72.0  444.0
2018  31  1 31 0900   -8.0  983.4    4.2  271.0   84.0  444.0
2018  31  1 31 1200   -8.9  983.9    3.6  265.0   88.0  444.0
2018  31  1 31 1500  -10.5  984.1    4.2  265.0   85.5  444.0
2018  31  1 31 1800  -10.5  984.4    7.2  251.0   68.0  444.0
2018  31  1 31 2100   -9.7  984.5    9.1  275.0   67.0  444.0
