Year: 2018  Month: 05  ID: MLA  ARGOS:  8905  Name: Manuela             
Lat: 74.95S  Lon: 163.69E  Elev:   78m
2018 121  5  1 0000  -27.3  976.3   20.6  262.0   46.0  444.0
2018 121  5  1 0300  -27.4  976.5   21.9  263.0   47.0  444.0
2018 121  5  1 0600  -28.1  975.9   29.1  263.0   48.0  444.0
2018 121  5  1 0900  -28.6  975.6   21.5  261.0   51.0  444.0
2018 121  5  1 1200  -28.8  975.2   23.5  264.0   48.0  444.0
2018 121  5  1 1500  -28.4  972.6   25.8  269.0   43.0  444.0
2018 121  5  1 1800  -26.6  971.6   20.4  273.0   50.0  444.0
2018 121  5  1 2100  -24.4  969.5   23.6  274.0   47.0  444.0
2018 122  5  2 0000  -23.6  968.3   23.0  274.0   46.0  444.0
2018 122  5  2 0300  -24.4  966.9   21.5  268.0   50.6  444.0
2018 122  5  2 0600  -26.2  967.7   19.0  266.0   51.0  444.0
2018 122  5  2 0900  -28.5  966.5   24.7  260.0   49.2  444.0
2018 122  5  2 1200  -28.9  968.5   20.5  258.0   47.6  444.0
2018 122  5  2 1500  -29.9  967.7   24.4  264.0   48.0  444.0
2018 122  5  2 1800  -30.3  967.4   26.7  267.0   46.0  444.0
2018 122  5  2 2100  -31.4  968.3   27.2  266.0   43.9  444.0
2018 123  5  3 0000  -32.7  970.2   22.4  262.0   45.0  444.0
2018 123  5  3 0300  -33.3  969.6   21.4  261.0   46.0  444.0
2018 123  5  3 0600  -32.9  970.9   20.3  260.0   45.0  444.0
2018 123  5  3 0900  -31.4  971.5   21.6  268.0   42.0  444.0
2018 123  5  3 1200  -30.8  970.6   28.9  271.0   42.0  444.0
2018 123  5  3 1500  -29.9  972.5   17.7  269.0   44.0  444.0
2018 123  5  3 1800  -29.9  972.8   17.9  271.0   53.0  444.0
2018 123  5  3 2100  -28.5  974.3   16.7  276.0   54.0  444.0
2018 124  5  4 0000  -26.3  976.7   15.0  271.0   48.0  444.0
2018 124  5  4 0300  -26.0  976.9   15.0  277.0   45.0  444.0
2018 124  5  4 0600  -26.2  977.8   14.2  274.0   47.5  444.0
2018 124  5  4 0900  -24.0  979.0    5.8  300.0   39.0  444.0
2018 124  5  4 1200  -24.5  978.7   16.6  271.0   43.4  444.0
2018 124  5  4 1500  -24.9  980.6   19.9  261.0   43.0  444.0
2018 124  5  4 1800  -25.2  979.7   30.8  254.0   38.0  444.0
2018 124  5  4 2100  -26.7  980.9   31.7  254.0   42.0  444.0
2018 125  5  5 0000  -27.3  980.8   34.5  254.0   48.0  444.0
2018 125  5  5 0300  -26.3  978.9   37.1  256.0   42.1  444.0
2018 125  5  5 0600  -26.0  980.1   37.7  254.0   41.0  444.0
2018 125  5  5 0900  -27.1  982.0   34.1  255.0   43.0  444.0
2018 125  5  5 1200  -26.5  982.0   29.8  260.0   42.0  444.0
2018 125  5  5 1500  -24.3  981.6   25.9  259.0   38.7  444.0
2018 125  5  5 1800  -23.1  982.4   20.1  256.0   39.0  444.0
2018 125  5  5 2100  -23.0  981.8   16.4  257.0   45.0  444.0
2018 126  5  6 0000  -23.1  978.2   24.0  258.0   38.0  444.0
2018 126  5  6 0300  -23.2  976.2   24.2  262.0   38.0  444.0
2018 126  5  6 0600  -23.3  973.9   24.7  261.0   37.0  444.0
2018 126  5  6 0900  -25.7  973.6   26.4  260.0   40.0  444.0
2018 126  5  6 1200  -27.8  974.6   24.3  261.0   40.0  444.0
2018 126  5  6 1500  -28.0  973.2   24.9  264.0   39.0  444.0
2018 126  5  6 1800  -28.0  973.7   23.0  267.0   39.0  444.0
2018 126  5  6 2100  -28.7  974.3   22.3  262.0   43.0  444.0
2018 127  5  7 0000  -29.8  974.1   24.0  263.0   53.0  444.0
2018 127  5  7 0300  -30.3  975.2   22.3  262.0   41.9  444.0
2018 127  5  7 0600  -30.6  975.8   19.9  261.0   40.0  444.0
2018 127  5  7 0900  -31.0  976.8   17.1  267.0   42.0  444.0
2018 127  5  7 1200  -31.3  976.4   15.3  264.0   41.0  444.0
2018 127  5  7 1500  -31.3  976.9   12.9  270.0   38.0  444.0
2018 127  5  7 1800  -31.4  976.8   16.6  271.0   40.0  444.0
2018 127  5  7 2100  -31.7  978.7   13.6  265.0   42.0  444.0
2018 128  5  8 0000  -32.2  980.5   15.7  264.0   40.7  444.0
2018 128  5  8 0300  -32.0  982.5   14.9  272.0   41.0  444.0
2018 128  5  8 0600  -32.3  984.5   14.2  276.0   40.2  444.0
2018 128  5  8 0900  -32.3  985.5   14.3  277.0   39.0  444.0
2018 128  5  8 1200  -32.2  986.1   12.8  275.0   43.4  444.0
2018 128  5  8 1500  -32.5  984.8   14.1  272.0   45.0  444.0
2018 128  5  8 1800  -31.7  982.7   20.3  270.0   39.0  444.0
2018 128  5  8 2100  -31.0  983.2   13.0  264.0   40.0  444.0
2018 129  5  9 0000  -32.1  983.0   10.7  271.0   43.3  444.0
2018 129  5  9 0300  -29.6  981.8   11.4  266.0   36.0  444.0
2018 129  5  9 0600  -28.8  980.0   15.4  268.0   37.0  444.0
2018 129  5  9 0900  -29.7  980.9   10.5  269.0   42.0  444.0
2018 129  5  9 1200  -29.3  979.5   14.5  268.0   42.0  444.0
2018 129  5  9 1500  -29.6  977.1   17.1  260.0   42.4  444.0
2018 129  5  9 1800  -29.3  974.2   19.7  269.0   38.0  444.0
2018 129  5  9 2100  -29.8  974.2   15.8  276.0   39.0  444.0
2018 130  5 10 0000  -29.6  971.8   17.6  273.0   40.0  444.0
2018 130  5 10 0300  -29.7  968.9   21.1  271.0   40.2  444.0
2018 130  5 10 0600  -30.3  967.6   19.0  266.0   42.0  444.0
2018 130  5 10 0900  -30.8  966.3   20.9  263.0   41.5  444.0
2018 130  5 10 1200  -30.8  966.0   16.3  265.0   43.0  444.0
2018 130  5 10 1500  -30.6  965.2   19.4  270.0   39.0  444.0
2018 130  5 10 1800  -32.2  965.2   14.1  268.0   45.0  444.0
2018 130  5 10 2100  -31.3  964.7   14.6  270.0   42.0  444.0
2018 131  5 11 0000  -31.5  964.8   14.2  267.0   44.3  444.0
2018 131  5 11 0300  -29.4  962.9   21.3  264.0   40.0  444.0
2018 131  5 11 0600  -29.3  962.2   21.0  266.0   40.0  444.0
2018 131  5 11 0900  -28.0  960.4   22.4  270.0   43.0  444.0
2018 131  5 11 1200  -27.2  960.2   21.2  273.0   43.4  444.0
2018 131  5 11 1500  -27.6  958.1   17.2  270.0   49.0  444.0
2018 131  5 11 1800  -25.5  961.5   15.1  259.0   43.0  444.0
2018 131  5 11 2100  -26.6  962.4   16.3  259.0   44.0  444.0
2018 132  5 12 0000  -27.6  961.1   18.6  267.0   44.0  444.0
2018 132  5 12 0300  -26.0  959.6   19.3  275.0   56.0  444.0
2018 132  5 12 0600  -25.2  957.7   18.2  275.0   48.0  444.0
2018 132  5 12 0900  -25.4  956.8   15.6  272.0   53.0  444.0
2018 132  5 12 1200  -24.4  956.1   17.0  278.0   49.0  444.0
2018 132  5 12 1500  -20.7  957.1   12.6  279.0   33.0  444.0
2018 132  5 12 1800  -25.4  961.5    8.3  276.0   57.4  444.0
2018 132  5 12 2100  -25.1  964.3    9.1  272.0   51.0  444.0
2018 133  5 13 0000  -24.8  967.1    7.5  277.0   49.4  444.0
2018 133  5 13 0300  -24.9  968.3    7.8  272.0   51.0  444.0
2018 133  5 13 0600  -21.5  968.5   13.2  276.0   42.0  444.0
2018 133  5 13 0900  -19.1  969.3   13.9  278.0   41.0  444.0
2018 133  5 13 1200  -20.1  968.8   17.9  277.0   47.0  444.0
2018 133  5 13 1500  -18.4  969.0   17.9  278.0   49.0  444.0
2018 133  5 13 1800  -18.1  968.5   17.9  278.0   50.0  444.0
2018 133  5 13 2100  -18.1  969.8   16.6  270.0   49.5  444.0
2018 134  5 14 0000  -16.9  970.7   18.3  261.0   43.0  444.0
2018 134  5 14 0300  -17.4  971.4   16.8  272.0   48.0  444.0
2018 134  5 14 0600  -18.8  970.5   15.6  271.0   52.0  444.0
2018 134  5 14 0900  -17.6  967.4   19.1  279.0   49.7  444.0
2018 134  5 14 1200  -18.1  967.2   18.8  275.0   56.0  444.0
2018 134  5 14 1500  -17.7  965.7   19.3  270.0   47.0  444.0
2018 134  5 14 1800  -17.5  965.7   22.8  266.0   41.0  444.0
2018 134  5 14 2100  -19.4  966.9   22.6  268.0   43.8  444.0
2018 135  5 15 0000  -19.0  968.1   20.0  272.0   41.0  444.0
2018 135  5 15 0300  -21.3  967.9   16.6  270.0   59.4  444.0
2018 135  5 15 0600  -20.5  968.2   14.5  277.0   53.0  444.0
2018 135  5 15 0900  -17.6  968.7   19.0  275.0   41.5  444.0
2018 135  5 15 1200  -18.6  970.2   14.4  271.0   49.0  444.0
2018 135  5 15 1500  -17.0  971.5   14.4  282.0   47.0  444.0
2018 135  5 15 1800  -16.1  973.4   15.3  275.0   45.0  444.0
2018 135  5 15 2100  -17.3  977.1   11.8  268.0   68.0  444.0
2018 136  5 16 0000  -17.5  980.7    9.2  269.0   82.0  444.0
2018 136  5 16 0300  -15.9  983.7    1.4   86.0   84.7  444.0
2018 136  5 16 0600  -19.2  985.1    6.3  268.0   81.2  444.0
2018 136  5 16 0900  -19.7  986.5    1.7  256.0   72.0  444.0
2018 136  5 16 1200  -21.8  986.3    6.5  272.0   69.4  444.0
2018 136  5 16 1500  -22.6  983.4   14.1  280.0   73.0  444.0
2018 136  5 16 1800  -24.1  982.4   18.5  261.0   72.0  444.0
2018 136  5 16 2100  -24.1  981.3   22.6  258.0   71.0  444.0
2018 137  5 17 0000  -22.4  982.0   20.9  257.0   68.0  444.0
2018 137  5 17 0300  -22.9  981.8   18.1  258.0   58.0  444.0
2018 137  5 17 0600  -24.4  983.3   16.0  261.0   57.0  444.0
2018 137  5 17 0900  -24.1  986.2   10.3  272.0   44.0  444.0
2018 137  5 17 1200  -25.1  988.5   11.1  264.0   45.0  444.0
2018 137  5 17 1500  -25.8  990.8   11.2  283.0   53.0  444.0
2018 137  5 17 1800  -25.3  992.7   12.1  269.0   51.1  444.0
2018 137  5 17 2100  -26.2  995.0   14.1  274.0   55.0  444.0
2018 138  5 18 0000  -25.9  996.8   12.0  270.0   52.5  444.0
2018 138  5 18 0300  -25.2  997.5   12.0  273.0   52.1  444.0
2018 138  5 18 0600  -25.2  997.9    8.9  278.0   53.0  444.0
2018 138  5 18 0900  -24.4  997.3    8.9  277.0   52.0  444.0
2018 138  5 18 1200  -21.8  995.3   14.3  272.0   46.0  444.0
2018 138  5 18 1500  -23.1  994.2   13.1  268.0   47.0  444.0
2018 138  5 18 1800  -21.6  993.8    9.1  277.0   39.0  444.0
2018 138  5 18 2100  -21.7  989.7   13.5  272.0   41.7  444.0
2018 139  5 19 0000  -23.8  985.5   28.7  265.0   44.0  444.0
2018 139  5 19 0300  -23.9  985.6   23.3  258.0   42.3  444.0
2018 139  5 19 0600  -21.0  983.9   30.2  271.0   35.0  444.0
2018 139  5 19 0900  -23.3  982.5   26.3  264.0   42.0  444.0
2018 139  5 19 1200  -24.1  981.8   25.0  258.0   41.0  444.0
2018 139  5 19 1500  -24.6  981.4   25.9  255.0   41.4  444.0
2018 139  5 19 1800  -24.5  982.7   22.9  258.0   40.0  444.0
2018 139  5 19 2100  -26.5  983.5   17.2  252.0   44.4  444.0
2018 140  5 20 0000  -27.7  983.4   20.0  256.0   45.0  444.0
2018 140  5 20 0300  -27.9  983.2   17.5  251.0   44.7  444.0
2018 140  5 20 0600  -28.1  984.0   18.8  256.0   43.0  444.0
2018 140  5 20 0900  -28.5  985.0   13.1  250.0   48.0  444.0
2018 140  5 20 1200  -29.7  986.0   11.0  255.0   51.6  444.0
2018 140  5 20 1500  -30.4  987.0   10.7  262.0   53.0  444.0
2018 140  5 20 1800  -30.0  988.3   11.3  261.0   50.9  444.0
2018 140  5 20 2100  -29.8  990.4   10.2  261.0   54.0  444.0
2018 141  5 21 0000  -29.8  991.8   13.8  262.0   52.6  444.0
2018 141  5 21 0300  -29.6  993.8   13.4  258.0   56.0  444.0
2018 141  5 21 0600  -29.1  994.8   11.9  257.0   52.0  444.0
2018 141  5 21 0900  -28.4  994.4   14.1  264.0   49.0  444.0
2018 141  5 21 1200  -27.7  994.6   16.5  271.0   46.0  444.0
2018 141  5 21 1500  -27.1  994.1   18.1  271.0   41.6  444.0
2018 141  5 21 1800  -27.0  995.2   13.1  274.0   49.0  444.0
2018 141  5 21 2100  -26.7  995.3   14.0  270.0   51.0  444.0
2018 142  5 22 0000  -25.8  995.7   13.8  273.0   60.0  444.0
2018 142  5 22 0300  -21.8  998.6    6.0  203.0   79.0  444.0
2018 142  5 22 0600  -23.7 1000.2    8.2  270.0   77.0  444.0
2018 142  5 22 0900  -23.5  999.5    7.5  268.0   77.0  444.0
2018 142  5 22 1200  -23.4  998.3    4.9  273.0   78.0  444.0
2018 142  5 22 1500  -22.2  996.6    5.7  274.0   75.0  444.0
2018 142  5 22 1800  -23.2  996.3    3.1  244.0   78.0  444.0
2018 142  5 22 2100  -23.3  994.5   14.1  267.0   74.0  444.0
2018 143  5 23 0000  -24.2  993.9   15.7  279.0   75.0  444.0
2018 143  5 23 0300  -24.5  992.9   17.2  276.0   72.0  444.0
2018 143  5 23 0600  -25.0  991.1   20.0  270.0   65.0  444.0
2018 143  5 23 0900  -26.6  987.6   29.2  267.0   74.0  444.0
2018 143  5 23 1200  -27.7  985.9   29.6  264.0   72.0  444.0
2018 143  5 23 1500  -28.4  985.2   29.7  264.0   68.0  444.0
2018 143  5 23 1800  -28.8  982.1   29.6  264.0   65.0  444.0
2018 143  5 23 2100  -28.5  980.6   25.8  264.0   43.0  444.0
2018 144  5 24 0000  -28.8  978.6   26.6  264.0   41.0  444.0
2018 144  5 24 0300  -29.0  977.2   25.0  263.0   42.0  444.0
2018 144  5 24 0600  -29.1  974.2   26.9  262.0   43.0  444.0
2018 144  5 24 0900  -29.1  974.1   25.0  262.0   42.0  444.0
2018 144  5 24 1200  -29.1  972.9   26.1  267.0   41.0  444.0
2018 144  5 24 1500  -29.3  974.0   25.4  269.0   41.7  444.0
2018 144  5 24 1800  -28.8  974.1   20.3  272.0   41.0  444.0
2018 144  5 24 2100  -28.5  975.4   21.7  269.0   41.0  444.0
2018 145  5 25 0000  -28.0  973.3   27.1  272.0   41.5  444.0
2018 145  5 25 0300  -27.6  976.2   26.2  272.0   42.0  444.0
2018 145  5 25 0600  -27.4  975.5   24.4  275.0   41.5  444.0
2018 145  5 25 0900  -27.6  973.3   24.3  269.0   43.0  444.0
2018 145  5 25 1200  -25.4  973.9   21.3  267.0   40.0  444.0
2018 145  5 25 1500  -25.1  971.8   24.5  269.0   42.0  444.0
2018 145  5 25 1800  -24.1  971.2   23.2  266.0   40.3  444.0
2018 145  5 25 2100  -24.8  972.0   26.9  260.0   41.0  444.0
2018 146  5 26 0000  -26.0  972.5   24.7  259.0   40.9  444.0
2018 146  5 26 0300  -26.3  972.1   24.5  257.0   41.0  444.0
2018 146  5 26 0600  -27.8  973.3   25.8  263.0   43.0  444.0
2018 146  5 26 0900  -29.1  974.9   25.2  260.0   45.0  444.0
2018 146  5 26 1200  -29.7  977.5   21.9  264.0   44.0  444.0
2018 146  5 26 1500  -28.6  978.3   21.8  265.0   44.0  444.0
2018 146  5 26 1800  -26.8  980.1   23.1  268.0   42.0  444.0
2018 146  5 26 2100  -27.1  983.3   21.8  265.0   43.2  444.0
2018 147  5 27 0000  -27.7  985.6   22.9  266.0   45.0  444.0
2018 147  5 27 0300  -28.1  987.3   25.2  266.0   46.0  444.0
2018 147  5 27 0600  -27.8  987.4   26.7  263.0   44.7  444.0
2018 147  5 27 0900  -26.8  987.9   29.5  262.0   42.8  444.0
2018 147  5 27 1200  -26.5  988.2   29.1  261.0   40.0  444.0
2018 147  5 27 1500  -26.3  988.6   24.6  258.0   39.0  444.0
2018 147  5 27 1800  -25.8  988.1   28.5  254.0   36.0  444.0
2018 147  5 27 2100  -26.9  988.2   30.2  253.0   41.0  444.0
2018 148  5 28 0000  -26.4  990.6   22.5  257.0   39.0  444.0
2018 148  5 28 0300  -25.9  991.2   20.8  255.0   38.8  444.0
2018 148  5 28 0600  -25.7  988.2   29.5  259.0   38.0  444.0
2018 148  5 28 0900  -26.1  988.4   27.9  254.0   36.0  444.0
2018 148  5 28 1200  -26.9  990.4   24.0  254.0   37.9  444.0
2018 148  5 28 1500  -27.0  988.3   24.3  251.0   40.0  444.0
2018 148  5 28 1800  -27.5  990.0   22.8  254.0   40.3  444.0
2018 148  5 28 2100  -28.2  992.3   23.6  247.0   45.0  444.0
2018 149  5 29 0000  -28.4  992.9   20.2  250.0   50.0  444.0
2018 149  5 29 0300  -27.5  988.9   26.3  254.0   37.4  444.0
2018 149  5 29 0600  -25.6  987.8   22.8  274.0   33.0  444.0
2018 149  5 29 0900  -24.4  985.7   12.4  261.0   34.3  444.0
2018 149  5 29 1200  -23.8  982.0   16.8  272.0   38.0  444.0
2018 149  5 29 1500  -23.6  978.6   21.6  267.0   37.0  444.0
2018 149  5 29 1800  -23.9  977.1   24.6  266.0   37.0  444.0
2018 149  5 29 2100  -24.0  978.5   24.7  267.0   36.0  444.0
2018 150  5 30 0000  -25.0  980.3   23.8  264.0   39.0  444.0
2018 150  5 30 0300  -26.4  983.9   21.4  260.0   38.0  444.0
2018 150  5 30 0600  -27.7  984.7   20.8  261.0   38.3  444.0
2018 150  5 30 0900  -28.1  986.9   19.7  257.0   40.0  444.0
2018 150  5 30 1200  -28.0  988.6   20.8  261.0   39.1  444.0
2018 150  5 30 1500  -27.7  989.4   17.4  268.0   40.0  444.0
2018 150  5 30 1800  -27.1  989.1   20.4  274.0   38.0  444.0
2018 150  5 30 2100  -27.4  990.2   13.2  269.0   37.0  444.0
2018 151  5 31 0000  -28.1  990.6   13.1  266.0   40.5  444.0
2018 151  5 31 0300  -28.8  990.7   13.1  268.0   44.1  444.0
2018 151  5 31 0600  -28.4  991.8   11.4  270.0   45.0  444.0
2018 151  5 31 0900  -28.5  992.1   13.4  272.0   45.6  444.0
2018 151  5 31 1200  -26.3  992.6   17.2  273.0   36.9  444.0
2018 151  5 31 1500  -26.0  992.4   19.9  268.0   39.0  444.0
2018 151  5 31 1800  -25.8  994.3   16.8  259.0   38.0  444.0
2018 151  5 31 2100  -25.6  995.5   17.8  261.0   40.0  444.0
