Year: 2018  Month: 11  ID: MLN  ARGOS:  8934  Name: Marilyn             
Lat: 79.93S  Lon: 165.56E  Elev:   62m
2018 305 11  1 0000  -18.4  971.9    5.2   54.0   71.0  444.0
2018 305 11  1 0300  -15.4  972.1    4.5   59.0   66.0  444.0
2018 305 11  1 0600  -17.4  972.8    5.6   48.0   74.0  444.0
2018 305 11  1 0900  -19.6  973.9    3.9   55.0   77.0  444.0
2018 305 11  1 1200  -20.0  974.3    4.3   60.0   79.0  444.0
2018 305 11  1 1500  -21.4  974.5    3.6   65.0   80.0  444.0
2018 305 11  1 1800  -19.6  975.2    2.8   46.0   80.0  444.0
2018 305 11  1 2100  -19.1  976.0    3.9   27.0   75.0  444.0
2018 306 11  2 0000  -17.9  976.5    2.7   57.0   77.0  444.0
2018 306 11  2 0300  -16.7  976.3    3.2   60.0   76.0  444.0
2018 306 11  2 0600  -16.2  976.6    1.4   62.0   79.0  444.0
2018 306 11  2 0900  -16.1  976.1    5.9   66.0   68.0  444.0
2018 306 11  2 1200  -17.1  976.1    3.2   58.0   76.0  444.0
2018 306 11  2 1500  -17.8  975.9    3.6   64.0   76.0  444.0
2018 306 11  2 1800  -18.0  976.1    3.0   53.0   75.0  444.0
2018 306 11  2 2100  -18.0  977.1    4.3   66.0   74.0  444.0
2018 307 11  3 0000  -18.0  977.6    5.3   74.0   76.0  444.0
2018 307 11  3 0300  -17.3  977.6    5.5   73.0   73.0  444.0
2018 307 11  3 0600  -16.9  977.6    5.1   80.0   77.0  444.0
2018 307 11  3 0900  -17.5  976.9    3.7   82.0   81.0  444.0
2018 307 11  3 1200  -18.4  977.1    3.9   72.0   83.0  444.0
2018 307 11  3 1500  -19.3  976.8    1.6   60.0   78.0  444.0
2018 307 11  3 1800  -19.2  976.9    4.4   78.0   75.0  444.0
2018 307 11  3 2100  -19.2  977.3    6.9   83.0   73.0  444.0
2018 308 11  4 0000  -18.7  977.6    8.1   78.0   73.0  444.0
2018 308 11  4 0300  -18.3  977.4    9.0   80.0   70.4  444.0
2018 308 11  4 0600  -17.5  976.9    7.3   83.0   67.0  444.0
2018 308 11  4 0900  -19.7  976.3    6.9   94.0   70.0  444.0
2018 308 11  4 1200  -18.4  974.3    9.1   91.0   71.0  444.0
2018 308 11  4 1500  -15.7  972.9    7.2   73.0   85.2  444.0
2018 308 11  4 1800  -14.1  971.1    9.6   67.0   86.0  444.0
2018 308 11  4 2100  -14.7  971.3    6.7   33.0   81.0  444.0
2018 309 11  5 0000  -13.3  971.5    3.4   49.0   81.0  444.0
2018 309 11  5 0300  -13.4  971.9    3.1   44.0   82.0  444.0
2018 309 11  5 0600  -13.1  972.6    0.6   68.0   84.0  444.0
2018 309 11  5 0900  -14.8  974.3    4.2   20.0   84.0  444.0
2018 309 11  5 1200  -20.6  975.7    2.2   62.0   84.0  444.0
2018 309 11  5 1500  -15.0  975.8    3.7   89.0   86.0  444.0
2018 309 11  5 1800  -13.1  975.7    4.8   56.0   83.1  444.0
2018 309 11  5 2100  -16.2  976.2    5.6   65.0   74.0  444.0
2018 310 11  6 0000  -14.9  975.9    6.5   68.0   69.0  444.0
2018 310 11  6 0300  -13.5  975.2    5.1   91.0   64.0  444.0
2018 310 11  6 0600  -13.8  974.7    5.0   91.0   71.0  444.0
2018 310 11  6 0900  -17.6  974.2    4.0  103.0   76.0  444.0
2018 310 11  6 1200  -19.7  974.0    4.2   72.0   75.9  444.0
2018 310 11  6 1500  -18.9  974.5    3.6   88.0   64.0  444.0
2018 310 11  6 1800  -20.1  975.6    6.4   91.0   69.0  444.0
2018 310 11  6 2100  -18.2  976.7    5.0   83.0   68.0  444.0
2018 311 11  7 0000  -16.4  977.0    6.6   85.0   70.0  444.0
2018 311 11  7 0300  -15.6  977.5    5.6   83.0   70.0  444.0
2018 311 11  7 0600  -16.7  977.3    5.5   88.0   69.0  444.0
2018 311 11  7 0900  -22.2  977.9    2.7   31.0   76.0  444.0
2018 311 11  7 1200  -23.6  977.7    3.9   56.0   78.0  444.0
2018 311 11  7 1500  -14.8  976.8    6.9   48.0   85.2  444.0
2018 311 11  7 1800  -12.8  976.2    5.0   46.0   86.0  444.0
2018 311 11  7 2100  -13.0  975.8    8.2   47.0   82.0  444.0
2018 312 11  8 0000  -10.6  974.3    9.3   50.0   83.0  444.0
2018 312 11  8 0300  -11.7  972.9    8.1   63.0   78.0  444.0
2018 312 11  8 0600  -12.1  971.4    5.2   54.0   73.0  444.0
2018 312 11  8 0900  -12.7  969.5    7.1   66.0   75.0  444.0
2018 312 11  8 1200  -14.0  967.7    8.2   66.0   74.0  444.0
2018 312 11  8 1500  -15.5  966.1    8.9   73.0   70.0  444.0
2018 312 11  8 1800  -15.4  964.8    9.0   68.0   73.2  444.0
2018 312 11  8 2100  -16.3  964.1    7.1   71.0   75.8  444.0
2018 313 11  9 0000  -14.5  963.1    7.0   74.0   75.0  444.0
2018 313 11  9 0300  -12.0  961.6   10.9   74.0   74.4  444.0
2018 313 11  9 0600  -11.0  961.3    8.8   76.0   76.0  444.0
2018 313 11  9 0900   -9.5  960.8    8.6   51.0   88.0  444.0
2018 313 11  9 1200   -6.5  959.0   12.5   56.0   95.0  444.0
2018 313 11  9 1500   -7.1  959.9   10.9   35.0   93.1  444.0
2018 313 11  9 1800   -7.2  961.5    9.5   34.0   92.0  444.0
2018 313 11  9 2100   -7.4  963.2    8.4   35.0   90.0  444.0
2018 314 11 10 0000   -6.9  964.3    7.8   34.0   87.6  444.0
2018 314 11 10 0300   -7.2  965.3    7.5   41.0   88.0  444.0
2018 314 11 10 0600   -7.0  966.3    6.4   36.0   87.0  444.0
2018 314 11 10 0900   -7.0  966.9    6.3   46.0   91.0  444.0
2018 314 11 10 1200   -6.3  966.6    7.2   49.0   89.9  444.0
2018 314 11 10 1500   -6.8  966.1    5.8   55.0   88.0  444.0
2018 314 11 10 1800   -7.5  966.2    7.9   40.0   87.0  444.0
2018 314 11 10 2100   -9.4  966.4    9.8   37.0   87.0  444.0
2018 315 11 11 0000   -9.0  966.5    7.7   25.0   83.9  444.0
2018 315 11 11 0300   -8.3  966.6    8.4   29.0   85.0  444.0
2018 315 11 11 0600   -7.9  966.9    6.7   33.0   88.0  444.0
2018 315 11 11 0900   -7.8  966.7    7.2   44.0   90.0  444.0
2018 315 11 11 1200   -9.3  966.4    5.9   45.0   89.0  444.0
2018 315 11 11 1500  -11.2  965.9    5.2   55.0   87.9  444.0
2018 315 11 11 1800  -10.8  965.3    4.7   53.0   87.0  444.0
2018 315 11 11 2100  -10.3  964.8    5.8   55.0   83.0  444.0
2018 316 11 12 0000   -9.3  964.2    4.4   48.0   81.0  444.0
2018 316 11 12 0300   -8.4  963.2    5.2   54.0   81.0  444.0
2018 316 11 12 0600  -11.0  962.7    2.7   55.0   83.0  444.0
2018 316 11 12 0900  -13.1  962.3    2.4   56.0   80.0  444.0
2018 316 11 12 1200  -16.2  962.2    0.8   79.0   77.0  444.0
2018 316 11 12 1500  -16.8  962.4    1.9  119.0   81.4  444.0
2018 316 11 12 1800  -17.3  962.6    4.2  100.0   76.0  444.0
2018 316 11 12 2100  -13.0  962.9    5.0   79.0   73.0  444.0
2018 317 11 13 0000  -11.4  963.8    3.2   77.0   74.0  444.0
2018 317 11 13 0300  -11.2  964.3    2.1   75.0   79.0  444.0
2018 317 11 13 0600  -11.4  965.1    2.2   73.0   80.0  444.0
2018 317 11 13 0900  -12.2  965.7    3.4   68.0   81.0  444.0
2018 317 11 13 1200  -15.1  966.7    2.7   87.0   77.0  444.0
2018 317 11 13 1500  -17.6  967.5    1.4   78.0   79.0  444.0
2018 317 11 13 1800  -18.6  968.7    1.5   75.0   81.0  444.0
2018 317 11 13 2100  -15.9  969.6    3.0   72.0   78.4  444.0
2018 318 11 14 0000  -13.5  970.3    3.4   91.0   84.0  444.0
2018 318 11 14 0300  -12.7  970.8    1.7   72.0   81.0  444.0
2018 318 11 14 0600  -13.2  970.9    1.3  105.0   77.0  444.0
2018 318 11 14 0900  -15.9  970.9    2.1  118.0   85.0  444.0
2018 318 11 14 1200  -17.7  970.8    1.8   93.0   78.0  444.0
2018 318 11 14 1500  -19.1  970.8    2.4   71.0   81.0  444.0
2018 318 11 14 1800  -18.7  971.1    0.8   74.0   70.0  444.0
2018 318 11 14 2100  -17.6  971.3    1.0  135.0   71.0  444.0
2018 319 11 15 0000  -15.1  971.6    2.9   88.0   67.2  444.0
2018 319 11 15 0300  -13.2  971.2    2.8   89.0   66.0  444.0
2018 319 11 15 0600  -14.2  970.9    5.2  100.0   69.0  444.0
2018 319 11 15 0900  -17.3  970.7    3.8   94.0   75.0  444.0
2018 319 11 15 1200  -19.7  970.3    3.3   78.0   76.0  444.0
2018 319 11 15 1500  -21.1  970.4    3.4   64.0   78.0  444.0
2018 319 11 15 1800  -19.8  970.8    2.7   69.0   79.0  444.0
2018 319 11 15 2100  -16.2  971.2    1.7   61.0   79.0  444.0
2018 320 11 16 0000  -14.0  971.8    2.7   60.0   74.7  444.0
2018 320 11 16 0300  -11.9  971.7    3.5   66.0   71.0  444.0
2018 320 11 16 0600  -11.4  971.6    2.4   54.0   76.0  444.0
2018 320 11 16 0900  -12.6  972.1    0.6   36.0   78.0  444.0
2018 320 11 16 1200  -13.9  972.9    1.0  124.0   78.0  444.0
2018 320 11 16 1500  -15.1  972.9    1.0  127.0   78.0  444.0
2018 320 11 16 1800  -16.1  973.7    2.8   90.0   73.0  444.0
2018 320 11 16 2100  -14.9  974.2    4.1   86.0   68.9  444.0
2018 321 11 17 0000  -13.3  975.1    1.4   90.0   67.0  444.0
2018 321 11 17 0300  -13.5  976.0    3.1  115.0   71.4  444.0
2018 321 11 17 0600  -13.8  976.6    2.7  128.0   73.0  444.0
2018 321 11 17 0900  -15.3  977.5    0.7   96.0   69.0  444.0
2018 321 11 17 1200  -18.6  978.3    2.8   95.0   85.0  444.0
2018 321 11 17 1500  -19.9  978.7    2.8  109.0   84.7  444.0
2018 321 11 17 1800  -19.5  979.4    4.2   92.0   75.2  444.0
2018 321 11 17 2100  -15.1  979.8    5.7   79.0   69.0  444.0
2018 322 11 18 0000  -14.4  981.1    5.0   86.0   71.0  444.0
2018 322 11 18 0300  -12.3  981.2    7.6   78.0   66.0  444.0
2018 322 11 18 0600  -12.9  981.5    4.5   89.0   66.3  444.0
2018 322 11 18 0900  -13.5  981.0    5.3   87.0   61.0  444.0
2018 322 11 18 1200  -16.3  980.7    6.4   95.0   74.0  444.0
2018 322 11 18 1500  -16.2  979.9    7.9   96.0   76.0  444.0
2018 322 11 18 1800  -15.2  979.2    6.3   95.0   70.0  444.0
2018 322 11 18 2100  -14.4  977.9    6.6   89.0   70.0  444.0
2018 323 11 19 0000  -12.1  976.4   10.2   78.0   69.0  444.0
2018 323 11 19 0300  -11.2  973.9    6.0   89.0   63.0  444.0
2018 323 11 19 0600  -11.1  970.7    8.7   87.0   67.0  444.0
2018 323 11 19 0900  -12.4  967.5   11.8   79.0   75.0  444.0
2018 323 11 19 1200  -14.5  965.8    8.3   74.0   77.9  444.0
2018 323 11 19 1500  -19.3  965.5    4.0   67.0   78.0  444.0
2018 323 11 19 1800  -19.9  965.6    5.8   56.0   76.0  444.0
2018 323 11 19 2100  -15.9  965.3    6.6   60.0   71.0  444.0
2018 324 11 20 0000  -13.9  965.1    7.4   46.0   72.0  444.0
2018 324 11 20 0300  -15.8  965.0    7.2   42.0   77.0  444.0
2018 324 11 20 0600  -16.6  965.1    5.7   42.0   78.0  444.0
2018 324 11 20 0900  -17.5  965.7    3.0   53.0   82.0  444.0
2018 324 11 20 1200  -19.0  966.1    4.1   54.0   82.0  444.0
2018 324 11 20 1500  -20.9  966.8    2.5   73.0   78.9  444.0
2018 324 11 20 1800  -19.7  967.8    3.5   78.0   76.0  444.0
2018 324 11 20 2100  -16.1  968.2    5.8   75.0   70.0  444.0
2018 325 11 21 0000  -12.9  968.6    6.1   64.0   71.0  444.0
2018 325 11 21 0300  -10.9  968.2    4.6   40.0   72.5  444.0
2018 325 11 21 0600  -10.4  966.8    7.3   58.0   75.0  444.0
2018 325 11 21 0900  -12.4  966.3    4.0   51.0   69.0  444.0
2018 325 11 21 1200  -12.4  966.1    5.7   64.0   72.0  444.0
2018 325 11 21 1500   -8.3  966.5    5.9   55.0   73.3  444.0
2018 325 11 21 1800   -7.2  967.3    8.0   25.0   79.0  444.0
2018 325 11 21 2100   -8.1  969.7    5.9   47.0   82.0  444.0
2018 326 11 22 0000   -7.1  971.1    9.6   35.0   76.0  444.0
2018 326 11 22 0300   -6.8  972.5   10.3   43.0   71.0  444.0
2018 326 11 22 0600   -7.3  974.4   11.1   40.0   75.0  444.0
2018 326 11 22 0900   -9.6  976.8    6.5   23.0   73.0  444.0
2018 326 11 22 1200  -13.5  980.3    7.0   28.0   80.0  444.0
2018 326 11 22 1500  -16.4  982.6    4.6   54.0   82.0  444.0
2018 326 11 22 1800  -15.6  982.2    4.2   51.0   78.0  444.0
2018 326 11 22 2100  -13.7  981.3    4.8   69.0   74.0  444.0
2018 327 11 23 0000   -8.2  980.1    5.8   63.0   71.6  444.0
2018 327 11 23 0300   -6.3  978.8    4.7   70.0   73.0  444.0
2018 327 11 23 0600   -6.6  977.8    1.6   90.0   69.0  444.0
2018 327 11 23 0900   -7.5  977.4    1.2   51.0   67.7  444.0
2018 327 11 23 1200  -11.4  978.2    3.8   26.0   76.0  444.0
2018 327 11 23 1500   -9.9  978.8    5.4   53.0   74.0  444.0
2018 327 11 23 1800  -11.4  979.5    5.4   46.0   77.0  444.0
2018 327 11 23 2100   -9.7  980.1    6.5   52.0   76.0  444.0
2018 328 11 24 0000   -7.0  980.4    5.8   65.0   74.3  444.0
2018 328 11 24 0300   -5.0  979.5    3.9   72.0   69.7  444.0
2018 328 11 24 0600   -5.8  977.6    5.9   78.0   76.0  444.0
2018 328 11 24 0900   -8.6  976.5    3.3   93.0   79.0  444.0
2018 328 11 24 1200   -8.8  975.9    5.3   76.0   67.0  444.0
2018 328 11 24 1500  -10.0  974.6    4.1   87.0   72.0  444.0
2018 328 11 24 1800   -9.3  974.2    5.7   71.0   69.0  444.0
2018 328 11 24 2100   -9.1  973.3    4.7   72.0   74.0  444.0
2018 329 11 25 0000   -9.9  972.6    3.5   51.0   77.0  444.0
2018 329 11 25 0300   -8.7  971.8    3.4   62.0   78.1  444.0
2018 329 11 25 0600   -8.6  971.6    0.9   47.0   78.0  444.0
2018 329 11 25 0900  -11.4  972.8    4.0   40.0   83.0  444.0
2018 329 11 25 1200  -13.5  974.8    4.4   44.0   79.0  444.0
2018 329 11 25 1500  -13.5  976.4    7.5   48.0   75.1  444.0
2018 329 11 25 1800  -11.0  977.4    8.9   45.0   72.0  444.0
2018 329 11 25 2100   -8.6  978.3    6.6   46.0   67.1  444.0
2018 330 11 26 0000   -6.9  978.7    7.8   48.0   68.0  444.0
2018 330 11 26 0300   -6.4  978.4    7.3   51.0   71.0  444.0
2018 330 11 26 0600   -7.0  978.6    5.3   54.0   73.0  444.0
2018 330 11 26 0900   -9.0  978.3    4.5   50.0   71.5  444.0
2018 330 11 26 1200  -12.8  978.2    2.1   62.0   78.0  444.0
2018 330 11 26 1500  -13.4  977.6    2.2   75.0   75.0  444.0
2018 330 11 26 1800  -13.1  977.4    1.2  104.0   73.0  444.0
2018 330 11 26 2100  -10.6  977.5    1.5  112.0   70.0  444.0
2018 331 11 27 0000   -7.1  977.8    3.1   98.0   62.9  444.0
2018 331 11 27 0300   -6.6  978.1    0.3  337.0   75.1  444.0
2018 331 11 27 0600   -8.7  980.6    4.1   24.0   73.0  444.0
2018 331 11 27 0900  -10.4  982.7    3.2   43.0   74.0  444.0
2018 331 11 27 1200  -14.4  983.8    2.8   71.0   79.4  444.0
2018 331 11 27 1500  -15.4  984.1    3.2   54.0   76.0  444.0
2018 331 11 27 1800  -15.0  984.8    1.5   75.0   77.4  444.0
2018 331 11 27 2100  -10.2  984.8    4.1   62.0   70.0  444.0
2018 332 11 28 0000   -9.6  985.7    3.8   98.0   73.0  444.0
2018 332 11 28 0300   -7.1  985.4    1.8  108.0   69.0  444.0
2018 332 11 28 0600   -8.2  984.8    1.5    0.0   73.3  444.0
2018 332 11 28 0900  -10.2  984.7    1.8  317.0   71.0  444.0
2018 332 11 28 1200  -12.9  984.5    1.2  323.0   70.0  444.0
2018 332 11 28 1500  444.0  984.0    0.2  354.0   75.6  444.0
2018 332 11 28 1800  -15.7  984.3    2.5  348.0   79.0  444.0
2018 332 11 28 2100  -13.9  984.5    4.3  321.0   84.6  444.0
2018 333 11 29 0000  -12.1  984.6    3.4  334.0   82.0  444.0
2018 333 11 29 0300  -10.4  984.5    1.8  340.0   80.0  444.0
2018 333 11 29 0600  -11.5  984.7    2.7    4.0   82.0  444.0
2018 333 11 29 0900  -12.9  984.7    2.8   12.0   84.8  444.0
2018 333 11 29 1200  -12.7  984.5    1.0   11.0   88.0  444.0
2018 333 11 29 1500  -13.7  983.7    1.0  342.0   89.0  444.0
2018 333 11 29 1800  -13.3  983.3    1.1  108.0   87.0  444.0
2018 333 11 29 2100  -12.8  982.5    1.5  127.0   83.0  444.0
2018 334 11 30 0000  -11.7  981.0    2.2  128.0   81.3  444.0
2018 334 11 30 0300  -10.9  979.0    1.7  111.0   75.0  444.0
2018 334 11 30 0600   -9.9  977.5    3.5  116.0   77.0  444.0
2018 334 11 30 0900  -12.6  976.2    1.8  317.0   80.0  444.0
2018 334 11 30 1200  -15.0  975.5    2.7  132.0   78.6  444.0
2018 334 11 30 1500  444.0  975.1    2.4  134.0   76.0  444.0
2018 334 11 30 1800  444.0  975.6    0.0  131.0   63.0  444.0
2018 334 11 30 2100  -14.9  976.4    4.3   27.0   74.0  444.0
