Year: 2018  Month: 04  ID: MLN  ARGOS:  8934  Name: Marilyn             
Lat: 79.93S  Lon: 165.56E  Elev:   62m
2018  91  4  1 0000  -21.8  996.1    5.8  168.0   75.0  444.0
2018  91  4  1 0300  -22.4  995.2    6.1  190.0   74.0  444.0
2018  91  4  1 0600  -22.4  995.0    5.5  206.0   76.0  444.0
2018  91  4  1 0900  -22.9  994.6    5.9  213.0   79.0  444.0
2018  91  4  1 1200  -24.6  994.6    6.9  209.0   78.0  444.0
2018  91  4  1 1500  -26.3  995.1    6.2  203.0   78.0  444.0
2018  91  4  1 1800  -27.2  995.2    4.3  195.0   77.0  444.0
2018  91  4  1 2100  -27.6  995.8    3.8  168.0   76.1  444.0
2018  92  4  2 0000  -25.2  996.8    3.4  134.0   76.0  444.0
2018  92  4  2 0300  -27.0  997.7    2.4  183.0   76.0  444.0
2018  92  4  2 0600  -23.4  998.5    2.0  148.0   80.0  444.0
2018  92  4  2 0900  -22.0  999.5    2.2  126.0   80.1  444.0
2018  92  4  2 1200  -21.8  999.9    2.0  168.0   79.0  444.0
2018  92  4  2 1500  -21.7 1000.1    1.2  198.0   79.0  444.0
2018  92  4  2 1800  -20.7  999.9    5.4  224.0   75.2  444.0
2018  92  4  2 2100  -24.4  999.5    4.8  211.0   78.0  444.0
2018  93  4  3 0000  -27.9  999.1    3.9  209.0   72.9  444.0
2018  93  4  3 0300  -29.9  997.9    4.6  220.0   73.1  444.0
2018  93  4  3 0600  -28.7  996.5    5.9  202.0   73.0  444.0
2018  93  4  3 0900  -28.6  995.3    4.7  201.0   74.0  444.0
2018  93  4  3 1200  -27.9  993.7    8.7  218.0   73.0  444.0
2018  93  4  3 1500  -28.5  992.5    8.6  212.0   73.0  444.0
2018  93  4  3 1800  -29.1  991.6    6.7  214.0   73.0  444.0
2018  93  4  3 2100  -27.4  990.8    7.0  219.0   67.0  444.0
2018  94  4  4 0000  -26.6  990.2    7.6  205.0   65.0  444.0
2018  94  4  4 0300  -22.8  989.8    6.9  189.0   72.0  444.0
2018  94  4  4 0600  -27.0  989.5    6.1  203.0   73.0  444.0
2018  94  4  4 0900  -27.7  990.1    3.9  195.0   75.0  444.0
2018  94  4  4 1200  -27.4  989.6    5.8  182.0   72.0  444.0
2018  94  4  4 1500  -30.4  989.6    6.3  208.0   69.0  444.0
2018  94  4  4 1800  -28.8  989.4    6.0  184.0   73.5  444.0
2018  94  4  4 2100  -27.5  989.2    9.0  191.0   75.0  444.0
2018  95  4  5 0000  -23.4  989.4    5.2  166.0   78.0  444.0
2018  95  4  5 0300  -21.3  989.6    6.7  154.0   80.0  444.0
2018  95  4  5 0600  -22.5  990.3    5.9  156.0   80.5  444.0
2018  95  4  5 0900  -22.4  990.6    9.2  129.0   80.0  444.0
2018  95  4  5 1200  -25.6  990.7    7.1  127.0   77.0  444.0
2018  95  4  5 1500  -26.4  989.2    7.1  173.0   78.0  444.0
2018  95  4  5 1800  -24.7  988.2   10.6  171.0   79.0  444.0
2018  95  4  5 2100  -22.8  986.9    9.3  163.0   80.0  444.0
2018  96  4  6 0000  -21.6  986.3    8.5  166.0   81.0  444.0
2018  96  4  6 0300  -19.5  985.1    9.0  160.0   82.0  444.0
2018  96  4  6 0600  -18.2  984.5    5.1  165.0   84.0  444.0
2018  96  4  6 0900  -22.0  984.0    3.1   81.0   78.9  444.0
2018  96  4  6 1200  -24.0  983.6    1.7  170.0   80.0  444.0
2018  96  4  6 1500  -23.0  983.3    3.2  176.0   80.9  444.0
2018  96  4  6 1800  -24.6  983.0    4.1  174.0   80.0  444.0
2018  96  4  6 2100  -18.6  982.5    5.0  178.0   84.0  444.0
2018  97  4  7 0000  -18.3  982.1    5.1  152.0   83.9  444.0
2018  97  4  7 0300  -16.9  981.5    3.7  176.0   84.0  444.0
2018  97  4  7 0600  -18.0  981.4    4.5  134.0   84.0  444.0
2018  97  4  7 0900  -18.4  982.5    4.8  133.0   84.0  444.0
2018  97  4  7 1200  -20.8  983.8    3.5  135.0   82.0  444.0
2018  97  4  7 1500  -20.2  985.6    4.5  129.0   83.0  444.0
2018  97  4  7 1800  -21.7  987.1    4.8  113.0   81.5  444.0
2018  97  4  7 2100  -22.4  988.1    3.5  144.0   81.0  444.0
2018  98  4  8 0000  -20.2  988.4    3.7  134.0   82.0  444.0
2018  98  4  8 0300  -20.8  988.6    4.7  159.0   82.0  444.0
2018  98  4  8 0600  -21.6  988.7    4.2  153.0   80.0  444.0
2018  98  4  8 0900  -19.8  988.0    5.2  144.0   79.0  444.0
2018  98  4  8 1200  -22.8  988.8    4.4  146.0   78.0  444.0
2018  98  4  8 1500  -21.1  989.1    4.5  153.0   78.0  444.0
2018  98  4  8 1800  -21.6  989.6    3.6  175.0   78.0  444.0
2018  98  4  8 2100  -21.3  990.1    2.5  120.0   80.1  444.0
2018  99  4  9 0000  -21.8  990.6    2.9  175.0   77.1  444.0
2018  99  4  9 0300  -21.1  991.1    3.8  182.0   79.0  444.0
2018  99  4  9 0600  -17.7  991.1    7.4  157.0   70.0  444.0
2018  99  4  9 0900  -19.3  991.7    2.6  174.0   76.0  444.0
2018  99  4  9 1200  -24.8  991.9    0.5  246.0   79.4  444.0
2018  99  4  9 1500  -27.9  993.3    3.9  149.0   76.8  444.0
2018  99  4  9 1800  -28.7  994.2    2.2  149.0   76.0  444.0
2018  99  4  9 2100  -31.3  994.8    3.7  140.0   74.2  444.0
2018 100  4 10 0000  -30.1  995.3    4.4  198.0   75.0  444.0
2018 100  4 10 0300  -26.5  993.7    8.7  197.0   78.0  444.0
2018 100  4 10 0600  -24.8  992.3   11.0  182.0   79.0  444.0
2018 100  4 10 0900  -26.0  990.9    9.6  173.0   78.0  444.0
2018 100  4 10 1200  -27.8  989.9   12.6  175.0   77.0  444.0
2018 100  4 10 1500  -27.1  986.2   13.4  184.0   77.0  444.0
2018 100  4 10 1800  -23.8  986.4   11.5  164.0   80.0  444.0
2018 100  4 10 2100  -23.2  987.7    5.9  164.0   80.0  444.0
2018 101  4 11 0000  -22.0  987.6    9.7  184.0   80.0  444.0
2018 101  4 11 0300  -21.8  987.4    8.1  188.0   80.7  444.0
2018 101  4 11 0600  -24.6  987.8   10.4  176.0   79.0  444.0
2018 101  4 11 0900  -26.3  988.9    7.7  206.0   75.0  444.0
2018 101  4 11 1200  -25.3  988.2   13.9  183.0   78.0  444.0
2018 101  4 11 1500  -27.0  988.0   12.0  187.0   76.6  444.0
2018 101  4 11 1800  -28.2  987.0   14.8  175.0   75.6  444.0
2018 101  4 11 2100  -28.5  986.5   14.0  186.0   75.0  444.0
2018 102  4 12 0000  -28.4  985.9   13.6  188.0   76.0  444.0
2018 102  4 12 0300  -27.9  985.5   15.1  184.0   75.0  444.0
2018 102  4 12 0600  -28.8  985.4    9.9  196.0   73.7  444.0
2018 102  4 12 0900  -29.1  984.9   10.3  197.0   70.0  444.0
2018 102  4 12 1200  -28.9  983.6   10.6  198.0   72.2  444.0
2018 102  4 12 1500  -27.8  983.1   11.1  181.0   74.0  444.0
2018 102  4 12 1800  -28.4  982.3    9.2  180.0   74.0  444.0
2018 102  4 12 2100  -27.3  982.1    8.9  167.0   73.8  444.0
2018 103  4 13 0000  -26.1  981.8   10.8  180.0   75.9  444.0
2018 103  4 13 0300  -26.2  980.8    8.6  165.0   76.0  444.0
2018 103  4 13 0600  -29.5  980.2    3.7  159.0   74.0  444.0
2018 103  4 13 0900  -31.2  979.4    6.4  174.0   73.6  444.0
2018 103  4 13 1200  -35.9  978.4    6.2  149.0   71.0  444.0
2018 103  4 13 1500  -40.1  977.8    4.0  164.0   68.9  444.0
2018 103  4 13 1800  -40.2  977.6    4.6  126.0   69.0  444.0
2018 103  4 13 2100  -40.6  977.6    1.7  167.0   68.0  444.0
2018 104  4 14 0000  -41.3  977.2    3.5  213.0   67.0  444.0
2018 104  4 14 0300  -30.9  974.3    9.7  194.0   74.2  444.0
2018 104  4 14 0600  -31.8  974.9   13.0  179.0   73.0  444.0
2018 104  4 14 0900  -31.2  976.0   11.9  178.0   74.0  444.0
2018 104  4 14 1200  -30.6  976.9   11.8  178.0   74.0  444.0
2018 104  4 14 1500  -29.3  977.4   10.8  188.0   74.8  444.0
2018 104  4 14 1800  -28.7  977.5   16.7  177.0   75.0  444.0
2018 104  4 14 2100  -29.1  978.1   13.0  169.0   75.0  444.0
2018 105  4 15 0000  -29.8  977.2   11.7  198.0   74.0  444.0
2018 105  4 15 0300  -30.6  976.1   14.1  190.0   73.5  444.0
2018 105  4 15 0600  -30.2  976.0   11.0  203.0   72.0  444.0
2018 105  4 15 0900  -29.9  975.9   11.7  201.0   74.4  444.0
2018 105  4 15 1200  -26.6  976.7   15.9  190.0   76.0  444.0
2018 105  4 15 1500  -25.7  977.1   16.0  188.0   77.0  444.0
2018 105  4 15 1800  -24.6  977.9   15.3  187.0   77.0  444.0
2018 105  4 15 2100  -23.6  980.4   15.6  185.0   78.2  444.0
2018 106  4 16 0000  -23.9  983.3   17.1  183.0   77.0  444.0
2018 106  4 16 0300  -22.8  986.6   16.5  175.0   77.0  444.0
2018 106  4 16 0600  -23.8  988.1   17.5  185.0   77.0  444.0
2018 106  4 16 0900  -24.2  991.9   12.7  178.0   73.9  444.0
2018 106  4 16 1200  -24.4  992.6   12.8  198.0   75.3  444.0
2018 106  4 16 1500  -23.0  992.8   18.2  178.0   77.0  444.0
2018 106  4 16 1800  -24.9  994.1   12.7  179.0   73.0  444.0
2018 106  4 16 2100  -23.6  993.5   13.4  177.0   76.0  444.0
2018 107  4 17 0000  -26.1  993.6    6.8  212.0   71.0  444.0
2018 107  4 17 0300  -23.1  992.0   15.0  193.0   76.0  444.0
2018 107  4 17 0600  -22.0  990.1   24.0  178.0   79.7  444.0
2018 107  4 17 0900  -24.4  989.4   23.8  178.0   78.0  444.0
2018 107  4 17 1200  -24.6  988.2   22.0  177.0   78.0  444.0
2018 107  4 17 1500  -24.0  987.6   21.6  171.0   78.6  444.0
2018 107  4 17 1800  -25.2  989.4   19.6  172.0   77.0  444.0
2018 107  4 17 2100  -24.5  987.6   17.6  179.0   78.0  444.0
2018 108  4 18 0000  -23.1  988.1   14.1  185.0   78.0  444.0
2018 108  4 18 0300  -21.9  985.3   15.0  184.0   78.4  444.0
2018 108  4 18 0600  -22.4  983.3   16.9  177.0   78.0  444.0
2018 108  4 18 0900  -24.4  984.0   14.8  176.0   75.9  444.0
2018 108  4 18 1200  -29.2  986.6    8.0  170.0   74.0  444.0
2018 108  4 18 1500  -30.8  990.1    7.8  142.0   70.0  444.0
2018 108  4 18 1800  -35.7  992.8    8.4  130.0   71.0  444.0
2018 108  4 18 2100  -37.8  995.8    5.3  132.0   70.0  444.0
2018 109  4 19 0000  -37.5  997.8    5.9  151.0   70.0  444.0
2018 109  4 19 0300  -33.9  999.2    6.7  159.0   71.0  444.0
2018 109  4 19 0600  -31.5  999.3    8.1  170.0   70.0  444.0
2018 109  4 19 0900  -30.6  999.2    7.8  176.0   69.0  444.0
2018 109  4 19 1200  -31.2  998.7    7.3  180.0   69.0  444.0
2018 109  4 19 1500  -32.3  998.2    5.9  194.0   69.0  444.0
2018 109  4 19 1800  -32.8  996.9    5.7  191.0   70.0  444.0
2018 109  4 19 2100  -31.5  996.5    5.7  178.0   70.0  444.0
2018 110  4 20 0000  -32.4  994.9    6.3  194.0   69.0  444.0
2018 110  4 20 0300  -30.9  994.4    4.6  164.0   67.3  444.0
2018 110  4 20 0600  -28.1  993.3    9.2  186.0   66.6  444.0
2018 110  4 20 0900  -30.8  991.8    7.8  191.0   66.0  444.0
2018 110  4 20 1200  -28.5  990.5   10.6  189.0   67.0  444.0
2018 110  4 20 1500  -29.1  989.8   10.2  198.0   63.0  444.0
2018 110  4 20 1800  -30.9  988.9    6.9  208.0   66.0  444.0
2018 110  4 20 2100  -33.1  988.6    4.6  198.0   66.0  444.0
2018 111  4 21 0000  -37.4  988.2    3.8  202.0   70.0  444.0
2018 111  4 21 0300  -33.0  987.6    6.0  192.0   67.0  444.0
2018 111  4 21 0600  -36.3  987.6    4.6  182.0   69.0  444.0
2018 111  4 21 0900  -31.5  987.3    9.4  180.0   71.0  444.0
2018 111  4 21 1200  -31.2  986.7    8.5  197.0   66.0  444.0
2018 111  4 21 1500  -31.1  986.0    8.1  194.0   66.0  444.0
2018 111  4 21 1800  -34.7  985.0    8.7  194.0   71.0  444.0
2018 111  4 21 2100  -35.1  985.2    5.7  216.0   71.0  444.0
2018 112  4 22 0000  -35.4  985.0    6.8  318.0   71.1  444.0
2018 112  4 22 0300  -34.5  985.6    6.6  243.0   66.0  444.0
2018 112  4 22 0600  -34.5  986.6    5.2  237.0   66.0  444.0
2018 112  4 22 0900  -32.6  988.0    8.1  223.0   71.0  444.0
2018 112  4 22 1200  -31.5  989.4    8.0  218.0   70.0  444.0
2018 112  4 22 1500  -33.5  990.3    6.4  211.0   67.6  444.0
2018 112  4 22 1800  -34.1  991.4    6.4  179.0   72.0  444.0
2018 112  4 22 2100  -39.3  992.3    5.8  152.0   69.0  444.0
2018 113  4 23 0000  -41.9  993.0    5.5  151.0   67.0  444.0
2018 113  4 23 0300  -42.8  993.2    4.2  150.0   66.7  444.0
2018 113  4 23 0600  -41.1  993.2    5.2  170.0   68.0  444.0
2018 113  4 23 0900  -37.1  992.1    4.6  195.0   70.0  444.0
2018 113  4 23 1200  -35.6  990.1    5.4  182.0   71.0  444.0
2018 113  4 23 1500  -33.1  988.2    5.9  164.0   72.1  444.0
2018 113  4 23 1800  -32.0  986.1    7.1  176.0   73.0  444.0
2018 113  4 23 2100  -31.5  984.0   10.1  178.0   73.0  444.0
2018 114  4 24 0000  -30.2  980.8   11.4  180.0   74.2  444.0
2018 114  4 24 0300  -28.3  978.3   10.2  182.0   74.8  444.0
2018 114  4 24 0600  -29.8  975.2   12.2  175.0   74.0  444.0
2018 114  4 24 0900  -28.1  972.0   12.1  191.0   75.0  444.0
2018 114  4 24 1200  -25.7  968.1   12.3  180.0   77.0  444.0
2018 114  4 24 1500  -23.3  964.0   13.7  169.0   79.0  444.0
2018 114  4 24 1800  -17.6  960.5   10.1  155.0   83.7  444.0
2018 114  4 24 2100  -13.5  959.6    6.6  153.0   87.0  444.0
2018 115  4 25 0000  -13.8  957.6    9.9  155.0   88.0  444.0
2018 115  4 25 0300  -14.5  954.9   10.8  164.0   86.0  444.0
2018 115  4 25 0600  -13.8  954.2    9.3  166.0   87.8  444.0
2018 115  4 25 0900  -13.9  953.2   15.6  160.0   87.4  444.0
2018 115  4 25 1200  -10.8  955.9   11.9  119.0   91.0  444.0
2018 115  4 25 1500  -10.7  957.9   11.4  107.0   90.6  444.0
2018 115  4 25 1800  -10.3  959.3   12.0  111.0   91.0  444.0
2018 115  4 25 2100  -10.2  960.6   12.7  104.0   91.0  444.0
2018 116  4 26 0000  -11.7  962.5   13.5  106.0   88.9  444.0
2018 116  4 26 0300  -18.0  968.0   12.1   84.0   84.0  444.0
2018 116  4 26 0600  -18.0  976.2    8.8   96.0   84.0  444.0
2018 116  4 26 0900  -18.8  980.0    7.0  102.0   84.0  444.0
2018 116  4 26 1200  -21.5  981.7    3.7  137.0   82.2  444.0
2018 116  4 26 1500  -25.9  981.9    3.3  158.0   79.0  444.0
2018 116  4 26 1800  -25.4  981.6    3.8  163.0   78.0  444.0
2018 116  4 26 2100  -28.9  980.8    2.9  157.0   76.0  444.0
2018 117  4 27 0000  -29.6  980.2    3.3  174.0   76.0  444.0
2018 117  4 27 0300  -27.1  979.4    8.1  217.0   76.3  444.0
2018 117  4 27 0600  -30.6  978.9    4.3  203.0   75.0  444.0
2018 117  4 27 0900  -28.6  979.1    5.6  202.0   76.0  444.0
2018 117  4 27 1200  -26.9  978.0    6.5  188.0   78.0  444.0
2018 117  4 27 1500  -25.0  976.8    8.1  173.0   79.0  444.0
2018 117  4 27 1800  -24.7  975.7   10.2  177.0   79.0  444.0
2018 117  4 27 2100  -25.8  974.5   10.2  179.0   78.2  444.0
2018 118  4 28 0000  -25.8  973.0   11.2  191.0   78.0  444.0
2018 118  4 28 0300  -25.8  971.5    8.8  174.0   78.0  444.0
2018 118  4 28 0600  -23.7  970.4   11.3  166.0   79.4  444.0
2018 118  4 28 0900  -22.9  969.4   10.8  162.0   80.2  444.0
2018 118  4 28 1200  -23.5  969.5   10.8  162.0   80.0  444.0
2018 118  4 28 1500  -24.0  968.5    9.5  164.0   79.0  444.0
2018 118  4 28 1800  -25.4  967.8   10.1  169.0   77.5  444.0
2018 118  4 28 2100  -26.2  967.1    8.1  173.0   77.0  444.0
2018 119  4 29 0000  -25.4  967.0   11.1  175.0   77.0  444.0
2018 119  4 29 0300  -26.5  966.4    8.5  169.0   77.0  444.0
2018 119  4 29 0600  -26.3  967.1    8.3  159.0   76.0  444.0
2018 119  4 29 0900  -26.2  967.3    9.5  159.0   77.0  444.0
2018 119  4 29 1200  -25.7  968.6    9.6  163.0   77.7  444.0
2018 119  4 29 1500  -26.0  970.0   10.3  163.0   78.0  444.0
2018 119  4 29 1800  -27.0  972.0   10.5  162.0   77.0  444.0
2018 119  4 29 2100  -27.3  973.5    9.7  169.0   76.4  444.0
2018 120  4 30 0000  -27.3  975.2   11.2  171.0   76.0  444.0
2018 120  4 30 0300  -27.2  976.7    8.0  166.0   77.0  444.0
2018 120  4 30 0600  -27.6  978.0    6.9  184.0   76.3  444.0
2018 120  4 30 0900  -27.3  978.6   10.8  182.0   76.0  444.0
2018 120  4 30 1200  -27.5  978.8   10.3  196.0   73.0  444.0
2018 120  4 30 1500  -27.8  979.1   11.0  194.0   73.0  444.0
2018 120  4 30 1800  -27.1  978.7   11.2  186.0   73.0  444.0
2018 120  4 30 2100  -26.6  979.0    9.0  196.0   74.0  444.0
