Year: 2018  Month: 03  ID: MLN  ARGOS:  8934  Name: Marilyn             
Lat: 79.93S  Lon: 165.56E  Elev:   62m
2018  60  3  1 0000  -16.7  978.6    5.8  136.0   81.0  444.0
2018  60  3  1 0300  -17.1  979.4    4.2  154.0   79.0  444.0
2018  60  3  1 0600  -22.3  979.8    2.3  172.0   80.0  444.0
2018  60  3  1 0900  -22.3  980.3    3.0  157.0   77.2  444.0
2018  60  3  1 1200  -21.6  981.1    2.2  155.0   81.0  444.0
2018  60  3  1 1500  444.0  981.0    0.2  227.0   79.0  444.0
2018  60  3  1 1800  444.0  980.8    1.6  206.0   77.0  444.0
2018  60  3  1 2100  -21.5  980.7    2.5  206.0   79.0  444.0
2018  61  3  2 0000  -18.7  980.9    2.5  172.0   81.0  444.0
2018  61  3  2 0300  -19.1  980.5    3.0  194.0   78.0  444.0
2018  61  3  2 0600  -18.7  980.2    4.9  192.0   71.0  444.0
2018  61  3  2 0900  -20.4  980.5    4.6  213.0   71.0  444.0
2018  61  3  2 1200  -21.1  980.7    5.1  207.0   70.0  444.0
2018  61  3  2 1500  -25.3  981.0    5.0  184.0   73.0  444.0
2018  61  3  2 1800  -23.0  981.5    3.9  152.0   81.0  444.0
2018  61  3  2 2100  -19.8  982.1    4.5  156.0   82.3  444.0
2018  62  3  3 0000  -18.9  982.8    5.9  152.0   81.0  444.0
2018  62  3  3 0300  -18.6  983.1    4.8  145.0   78.5  444.0
2018  62  3  3 0600  -18.4  983.5    3.4  183.0   80.0  444.0
2018  62  3  3 0900  -19.0  983.6    5.1  184.0   76.0  444.0
2018  62  3  3 1200  444.0  983.8    4.5  208.0   71.0  444.0
2018  62  3  3 1500  -29.0  983.8    4.0  208.0   77.0  444.0
2018  62  3  3 1800  -29.1  983.0    4.6  209.0   75.0  444.0
2018  62  3  3 2100  -28.2  982.7    5.2  218.0   73.0  444.0
2018  63  3  4 0000  -22.8  982.7    8.6  222.0   72.0  444.0
2018  63  3  4 0300  -25.8  983.1    3.1  254.0   71.0  444.0
2018  63  3  4 0600  -27.0  983.4    3.5  301.0   70.1  444.0
2018  63  3  4 0900  -29.6  984.1    4.2  274.0   72.4  444.0
2018  63  3  4 1200  -31.6  985.4    1.6  205.0   75.7  444.0
2018  63  3  4 1500  -28.6  986.4    4.2  207.0   71.0  444.0
2018  63  3  4 1800  -27.2  987.9    2.9  242.0   71.0  444.0
2018  63  3  4 2100  -23.7  988.7    3.4  202.0   63.0  444.0
2018  64  3  5 0000  -23.5  989.3    1.8  203.0   69.4  444.0
2018  64  3  5 0300  -21.2  988.4    3.8  197.0   78.0  444.0
2018  64  3  5 0600  -20.4  988.0    2.8  136.0   79.0  444.0
2018  64  3  5 0900  -28.9  989.1    3.6  209.0   76.0  444.0
2018  64  3  5 1200  -30.6  990.1    4.1  224.0   77.3  444.0
2018  64  3  5 1500  -24.4  990.3    4.9  188.0   79.1  444.0
2018  64  3  5 1800  -25.2  990.5    4.9  176.0   78.0  444.0
2018  64  3  5 2100  -25.4  990.4    5.6  174.0   78.0  444.0
2018  65  3  6 0000  -25.7  990.0    4.2  163.0   76.0  444.0
2018  65  3  6 0300  -26.3  988.7    3.6  152.0   74.4  444.0
2018  65  3  6 0600  -27.4  987.6    3.0  158.0   73.0  444.0
2018  65  3  6 0900  -24.4  986.3    4.4  122.0   79.0  444.0
2018  65  3  6 1200  -31.1  985.3    2.9  181.0   75.0  444.0
2018  65  3  6 1500  -32.4  983.8    3.1  189.0   74.3  444.0
2018  65  3  6 1800  -34.8  982.7    2.3  192.0   72.4  444.0
2018  65  3  6 2100  -29.6  981.5    1.9  176.0   76.0  444.0
2018  66  3  7 0000  -24.7  979.9    1.9  153.0   78.0  444.0
2018  66  3  7 0300  -25.8  978.6    3.7  152.0   76.0  444.0
2018  66  3  7 0600  -26.2  977.0    4.9  140.0   77.2  444.0
2018  66  3  7 0900  -26.0  976.0    3.4  131.0   78.0  444.0
2018  66  3  7 1200  -27.5  974.3    2.0  163.0   77.0  444.0
2018  66  3  7 1500  -31.1  971.9    7.2  184.0   75.0  444.0
2018  66  3  7 1800  -34.0  971.0    5.4  205.0   72.5  444.0
2018  66  3  7 2100  -31.5  969.8    7.4  200.0   71.0  444.0
2018  67  3  8 0000  -29.4  968.8    6.6  204.0   72.0  444.0
2018  67  3  8 0300  -27.2  968.0    5.9  215.0   73.0  444.0
2018  67  3  8 0600  -27.4  967.3    6.1  220.0   75.0  444.0
2018  67  3  8 0900  -32.0  967.7    4.7  244.0   73.0  444.0
2018  67  3  8 1200  -33.0  967.6    4.6  232.0   73.0  444.0
2018  67  3  8 1500  -34.9  967.5    4.8  229.0   72.0  444.0
2018  67  3  8 1800  -31.4  967.7    6.3  231.0   73.0  444.0
2018  67  3  8 2100  -27.2  968.4    6.7  259.0   74.3  444.0
2018  68  3  9 0000  -24.1  969.9    6.2  256.0   72.2  444.0
2018  68  3  9 0300  -26.4  971.7    2.8  224.0   74.0  444.0
2018  68  3  9 0600  -19.4  974.0    3.3  177.0   81.2  444.0
2018  68  3  9 0900  -23.8  976.5    2.8  134.0   79.0  444.0
2018  68  3  9 1200  -24.2  979.0    5.9  114.0   79.0  444.0
2018  68  3  9 1500  -26.5  980.3    3.3  139.0   77.0  444.0
2018  68  3  9 1800  -26.7  980.8    4.1  172.0   76.9  444.0
2018  68  3  9 2100  -19.5  981.2    4.8  145.0   82.0  444.0
2018  69  3 10 0000  -21.7  981.0    5.6  161.0   74.0  444.0
2018  69  3 10 0300  -20.7  980.4    5.5  176.0   76.6  444.0
2018  69  3 10 0600  -19.6  980.4    1.7  166.0   61.0  444.0
2018  69  3 10 0900  -20.4  980.5    3.0  198.0   75.0  444.0
2018  69  3 10 1200  -24.3  980.5    2.7  184.0   82.0  444.0
2018  69  3 10 1500  -31.3  981.6    2.2  149.0   73.9  444.0
2018  69  3 10 1800  -25.0  983.2    8.2  158.0   78.0  444.0
2018  69  3 10 2100  -22.7  984.3    8.5  154.0   72.3  444.0
2018  70  3 11 0000  -22.4  984.9   10.1  161.0   79.0  444.0
2018  70  3 11 0300  -22.2  984.2   10.9  174.0   76.0  444.0
2018  70  3 11 0600  -20.8  984.5   10.7  185.0   77.0  444.0
2018  70  3 11 0900  -19.5  984.2   10.8  190.0   83.0  444.0
2018  70  3 11 1200  -18.1  984.0    6.2  192.0   84.2  444.0
2018  70  3 11 1500  -13.3  982.7    6.0  126.0   89.0  444.0
2018  70  3 11 1800  444.0  983.9    7.7  103.0   87.0  444.0
2018  70  3 11 2100  -18.2  985.1    5.9  106.0   82.0  444.0
2018  71  3 12 0000  -10.9  984.0   10.7  118.0   83.8  444.0
2018  71  3 12 0300  -12.5  984.4    8.6   87.0   82.0  444.0
2018  71  3 12 0600  444.0  985.1    7.7  117.0   85.0  444.0
2018  71  3 12 0900  444.0  984.6   12.3  116.0   84.8  444.0
2018  71  3 12 1200  444.0  985.3   12.0  108.0   85.0  444.0
2018  71  3 12 1500  444.0  985.5   12.8  120.0   83.0  444.0
2018  71  3 12 1800  444.0  986.5    9.4  132.0   78.0  444.0
2018  71  3 12 2100  -13.5  986.3   10.6  156.0   82.0  444.0
2018  72  3 13 0000  444.0  986.5   10.3  160.0   81.0  444.0
2018  72  3 13 0300  444.0  986.8    9.3  114.0   79.0  444.0
2018  72  3 13 0600  -17.4  988.2    6.0   92.0   78.0  444.0
2018  72  3 13 0900  -19.8  988.3    3.5  144.0   82.0  444.0
2018  72  3 13 1200  -19.2  987.7    5.7  145.0   78.0  444.0
2018  72  3 13 1500  -18.3  987.0    7.3  145.0   77.0  444.0
2018  72  3 13 1800  -18.5  986.5    8.0  152.0   78.0  444.0
2018  72  3 13 2100  -19.2  986.8    6.7  149.0   74.0  444.0
2018  73  3 14 0000  -19.4  986.3    6.5  150.0   73.0  444.0
2018  73  3 14 0300  -17.3  986.0    6.9  133.0   73.0  444.0
2018  73  3 14 0600  -19.7  986.4    5.7  142.0   72.0  444.0
2018  73  3 14 0900  -21.4  986.5    5.9  143.0   74.0  444.0
2018  73  3 14 1200  -26.5  986.2    4.1  161.0   74.0  444.0
2018  73  3 14 1500  -25.8  985.8    5.4  141.0   71.0  444.0
2018  73  3 14 1800  -24.9  985.3    6.0  139.0   72.0  444.0
2018  73  3 14 2100  -26.1  984.6    6.9  161.0   70.6  444.0
2018  74  3 15 0000  -22.8  983.0    9.0  163.0   69.0  444.0
2018  74  3 15 0300  -21.1  980.7   10.2  156.0   70.8  444.0
2018  74  3 15 0600  -25.5  978.4    5.0  164.0   71.0  444.0
2018  74  3 15 0900  444.0  976.2    6.3  165.0   70.7  444.0
2018  74  3 15 1200  -24.7  973.8    8.5  182.0   71.0  444.0
2018  74  3 15 1500  -23.2  971.4   10.6  180.0   74.0  444.0
2018  74  3 15 1800  -26.1  969.1   10.2  194.0   74.0  444.0
2018  74  3 15 2100  -27.3  967.9    5.4  198.0   71.0  444.0
2018  75  3 16 0000  -26.9  967.6    6.9  204.0   69.0  444.0
2018  75  3 16 0300  -26.9  967.6    5.9  218.0   70.8  444.0
2018  75  3 16 0600  -26.8  968.0    7.1  216.0   72.5  444.0
2018  75  3 16 0900  -28.5  968.6    6.3  214.0   73.0  444.0
2018  75  3 16 1200  -28.7  969.5    5.7  214.0   70.0  444.0
2018  75  3 16 1500  -30.2  969.7    4.3  228.0   72.0  444.0
2018  75  3 16 1800  -31.2  969.7    4.3  206.0   73.0  444.0
2018  75  3 16 2100  -25.5  968.4    3.8  181.0   66.0  444.0
2018  76  3 17 0000  -26.0  966.7    5.3  154.0   72.0  444.0
2018  76  3 17 0300  -20.4  964.1    8.5  153.0   68.0  444.0
2018  76  3 17 0600  -19.5  962.1   11.7  105.0   82.0  444.0
2018  76  3 17 0900  -19.3  962.6   10.9  118.0   83.0  444.0
2018  76  3 17 1200  -16.7  959.9    9.3  138.0   85.0  444.0
2018  76  3 17 1500  -12.0  957.3   11.7  141.0   90.0  444.0
2018  76  3 17 1800  -10.7  955.7    9.3  145.0   90.0  444.0
2018  76  3 17 2100  444.0  955.9    7.9  162.0   83.0  444.0
2018  77  3 18 0000  444.0  957.8    9.3  185.0   76.0  444.0
2018  77  3 18 0300  444.0  960.2    7.6  199.0   82.0  444.0
2018  77  3 18 0600  -14.5  964.2    7.8  180.0   85.0  444.0
2018  77  3 18 0900  -12.7  968.2    7.8  187.0   88.9  444.0
2018  77  3 18 1200  -12.9  973.1    5.5  197.0   89.0  444.0
2018  77  3 18 1500  -16.3  977.7    7.5  215.0   86.0  444.0
2018  77  3 18 1800  -16.7  981.7   12.0  194.0   83.0  444.0
2018  77  3 18 2100  -20.0  986.6    9.4  209.0   81.0  444.0
2018  78  3 19 0000  -21.1  990.9    8.0  202.0   75.0  444.0
2018  78  3 19 0300  -22.8  993.2    7.5  198.0   74.0  444.0
2018  78  3 19 0600  -22.5  994.6    5.4  193.0   71.6  444.0
2018  78  3 19 0900  -20.0  995.4    6.0  196.0   75.0  444.0
2018  78  3 19 1200  -18.2  995.8    7.0  192.0   75.0  444.0
2018  78  3 19 1500  -19.1  995.2    5.5  227.0   78.0  444.0
2018  78  3 19 1800  -20.4  994.5    3.6  211.0   82.0  444.0
2018  78  3 19 2100  -23.9  993.5    2.6  227.0   82.1  444.0
2018  79  3 20 0000  -19.9  991.9    4.1  176.0   75.0  444.0
2018  79  3 20 0300  -23.5  990.8    2.3  237.0   79.0  444.0
2018  79  3 20 0600  -26.8  989.5    3.3  217.0   78.0  444.0
2018  79  3 20 0900  -27.6  987.9    3.6  156.0   76.1  444.0
2018  79  3 20 1200  -30.0  985.9    4.3  176.0   76.0  444.0
2018  79  3 20 1500  -27.3  984.2    3.2  199.0   75.0  444.0
2018  79  3 20 1800  -21.8  982.8    2.4  158.0   79.0  444.0
2018  79  3 20 2100  -20.5  981.8    5.3  181.0   77.0  444.0
2018  80  3 21 0000  -20.2  980.6    6.4  154.0   78.0  444.0
2018  80  3 21 0300  -20.0  979.0    5.6  163.0   78.0  444.0
2018  80  3 21 0600  -22.6  977.9    4.1  181.0   72.0  444.0
2018  80  3 21 0900  -23.2  977.1    7.0  199.0   67.0  444.0
2018  80  3 21 1200  -28.9  976.8    3.9  177.0   73.5  444.0
2018  80  3 21 1500  -23.0  977.1    2.6  152.0   81.0  444.0
2018  80  3 21 1800  -22.3  977.5    3.7  137.0   81.0  444.0
2018  80  3 21 2100  -23.1  978.4    3.3  123.0   79.0  444.0
2018  81  3 22 0000  -24.1  979.3    3.8  168.0   78.0  444.0
2018  81  3 22 0300  -23.8  979.0    2.6  197.0   76.0  444.0
2018  81  3 22 0600  -23.3  978.7    6.1  197.0   74.8  444.0
2018  81  3 22 0900  -25.1  978.3    6.8  203.0   73.0  444.0
2018  81  3 22 1200  -23.7  976.9    9.5  205.0   77.0  444.0
2018  81  3 22 1500  -23.0  975.1    9.6  200.0   77.8  444.0
2018  81  3 22 1800  -19.4  973.3    4.2  199.0   84.0  444.0
2018  81  3 22 2100  -23.3  971.5    3.5  142.0   80.0  444.0
2018  82  3 23 0000  -19.4  970.8    6.0  142.0   72.0  444.0
2018  82  3 23 0300  -21.8  971.2    5.5  139.0   73.6  444.0
2018  82  3 23 0600  -23.9  973.4    4.7  161.0   78.0  444.0
2018  82  3 23 0900  -23.6  976.2    4.7  154.0   73.4  444.0
2018  82  3 23 1200  -21.6  978.1    8.6  133.0   74.0  444.0
2018  82  3 23 1500  -19.9  978.9    6.5  167.0   72.0  444.0
2018  82  3 23 1800  -14.7  977.6   11.6  158.0   69.0  444.0
2018  82  3 23 2100  444.0  978.7    6.8  150.0   74.0  444.0
2018  83  3 24 0000  444.0  979.9    7.7  123.0   67.0  444.0
2018  83  3 24 0300  444.0  981.8    7.8  147.0   69.0  444.0
2018  83  3 24 0600  -14.2  982.8    6.8  146.0   71.0  444.0
2018  83  3 24 0900  -11.9  985.0    9.6  133.0   75.0  444.0
2018  83  3 24 1200  -10.6  983.3   10.4  141.0   66.0  444.0
2018  83  3 24 1500   -9.5  980.7   13.9  150.0   84.0  444.0
2018  83  3 24 1800  -12.1  981.7   13.5   95.0   84.0  444.0
2018  83  3 24 2100  444.0  982.6   12.0  112.0   84.0  444.0
2018  84  3 25 0000  -14.4  983.2   10.2  115.0   78.3  444.0
2018  84  3 25 0300  -14.8  983.8    7.3  133.0   72.2  444.0
2018  84  3 25 0600  -18.0  984.5    8.8  165.0   75.0  444.0
2018  84  3 25 0900  -16.9  984.0   11.0  163.0   64.0  444.0
2018  84  3 25 1200  -19.1  983.0    9.0  185.0   70.0  444.0
2018  84  3 25 1500  -19.6  981.8   12.2  196.0   70.6  444.0
2018  84  3 25 1800  -22.4  980.4   11.1  212.0   77.3  444.0
2018  84  3 25 2100  -23.1  980.5    8.6  212.0   77.0  444.0
2018  85  3 26 0000  -23.4  980.9    5.4  212.0   74.8  444.0
2018  85  3 26 0300  -25.6  982.4    5.5  134.0   76.0  444.0
2018  85  3 26 0600  -23.5  984.3    5.5  143.0   72.7  444.0
2018  85  3 26 0900  -25.2  986.2    5.4  152.0   71.0  444.0
2018  85  3 26 1200  -27.8  987.9    5.8  152.0   72.0  444.0
2018  85  3 26 1500  -24.7  989.7    6.3  156.0   72.0  444.0
2018  85  3 26 1800  -26.2  991.0    4.4  142.0   70.3  444.0
2018  85  3 26 2100  -24.6  991.8    5.9  154.0   66.7  444.0
2018  86  3 27 0000  -23.4  992.4    7.8  167.0   67.0  444.0
2018  86  3 27 0300  -22.4  993.0    9.2  181.0   65.0  444.0
2018  86  3 27 0600  -23.8  992.8    7.5  190.0   70.1  444.0
2018  86  3 27 0900  -22.2  992.1   12.6  176.0   67.9  444.0
2018  86  3 27 1200  -20.7  992.0   14.0  176.0   64.0  444.0
2018  86  3 27 1500  -20.9  991.7   14.5  182.0   71.0  444.0
2018  86  3 27 1800  -21.5  992.4   11.4  195.0   73.0  444.0
2018  86  3 27 2100  -24.9  992.8    6.9  151.0   72.4  444.0
2018  87  3 28 0000  -24.4  995.0    6.8  151.0   69.0  444.0
2018  87  3 28 0300  -21.8  996.0   10.9  162.0   69.0  444.0
2018  87  3 28 0600  -21.1  995.0   14.0  182.0   65.0  444.0
2018  87  3 28 0900  -21.8  995.5   11.1  196.0   65.2  444.0
2018  87  3 28 1200  -21.9  995.2   14.3  186.0   73.0  444.0
2018  87  3 28 1500  -22.2  995.1   13.2  184.0   65.0  444.0
2018  87  3 28 1800  -23.8  996.1    9.5  190.0   69.0  444.0
2018  87  3 28 2100  -23.2  996.7   10.5  195.0   68.0  444.0
2018  88  3 29 0000  -21.9  997.2   13.0  186.0   63.1  444.0
2018  88  3 29 0300  -22.0  997.7    9.0  191.0   67.7  444.0
2018  88  3 29 0600  -23.3  998.2    7.8  196.0   70.0  444.0
2018  88  3 29 0900  -22.4  998.6    9.4  191.0   65.0  444.0
2018  88  3 29 1200  -22.4  998.5   10.3  190.0   64.2  444.0
2018  88  3 29 1500  -20.8  998.2   11.6  189.0   65.0  444.0
2018  88  3 29 1800  -19.7  997.6   11.2  186.0   66.0  444.0
2018  88  3 29 2100  -18.5  997.1    9.5  185.0   65.0  444.0
2018  89  3 30 0000  -18.3  996.3   11.1  187.0   61.0  444.0
2018  89  3 30 0300  -18.2  995.0   10.7  185.0   66.0  444.0
2018  89  3 30 0600  -18.6  994.3    9.6  186.0   64.0  444.0
2018  89  3 30 0900  -19.9  994.6    7.4  171.0   70.0  444.0
2018  89  3 30 1200  -20.1  994.0    9.9  172.0   66.0  444.0
2018  89  3 30 1500  -21.9  993.6    4.5  211.0   69.0  444.0
2018  89  3 30 1800  -28.2  995.0    1.8  126.0   74.0  444.0
2018  89  3 30 2100  -27.9  995.8    3.2  194.0   74.0  444.0
2018  90  3 31 0000  -25.8  996.7    5.0  154.0   70.0  444.0
2018  90  3 31 0300  -23.0  997.2    6.8  162.0   69.0  444.0
2018  90  3 31 0600  -21.5  997.1   10.0  160.0   70.0  444.0
2018  90  3 31 0900  -21.0  997.3   12.0  162.0   77.0  444.0
2018  90  3 31 1200  -21.2  997.4   11.0  158.0   76.7  444.0
2018  90  3 31 1500  -20.8  997.1   11.3  160.0   78.0  444.0
2018  90  3 31 1800  -21.3  996.3   10.8  159.0   77.0  444.0
2018  90  3 31 2100  -20.9  996.3    8.4  140.0   76.7  444.0
