Year: 2018  Month: 08  ID: MNB  ARGOS: 99501  Name: Minna Bluff         
Lat: 78.56S  Lon: 166.70E  Elev:  895m
2018 213  8  1 0000  444.0  893.0    1.1   69.4  444.0  444.0
2018 213  8  1 0300  444.0  892.3    0.5   12.5  444.0  444.0
2018 213  8  1 0600  444.0  890.9    2.5   18.3  444.0  444.0
2018 213  8  1 0900  444.0  890.1    2.4   35.3  444.0  444.0
2018 213  8  1 1200  444.0  888.9    2.8   20.1  444.0  444.0
2018 213  8  1 1500  444.0  888.1    2.2   54.8  444.0  444.0
2018 213  8  1 1800  444.0  888.0    0.5  141.1  444.0  444.0
2018 213  8  1 2100  444.0  887.9    0.3  189.0  444.0  444.0
2018 214  8  2 0000  444.0  888.6    1.2  132.1  444.0  444.0
2018 214  8  2 0300  444.0  889.4    3.5  186.8  444.0  444.0
2018 214  8  2 0600  444.0  889.2    4.7  182.6  444.0  444.0
2018 214  8  2 0900  444.0  888.4    4.0  184.6  444.0  444.0
2018 214  8  2 1200  444.0  887.9    0.9  138.9  444.0  444.0
2018 214  8  2 1500  444.0  887.6    0.1  173.9  444.0  444.0
2018 214  8  2 1800  444.0  887.0    6.1  313.1  444.0  444.0
2018 214  8  2 2100  444.0  887.0    5.7  314.7  444.0  444.0
2018 215  8  3 0000  444.0  887.3    7.9  314.2  444.0  444.0
2018 215  8  3 0300  444.0  888.4    5.5  311.3  444.0  444.0
2018 215  8  3 0600  444.0  890.4    0.0  291.3  444.0  444.0
2018 215  8  3 0900  444.0  891.8    0.6  240.2  444.0  444.0
2018 215  8  3 1200  444.0  892.4    0.9  157.7  444.0  444.0
2018 215  8  3 1500  444.0  893.2    1.6    0.2  444.0  444.0
2018 215  8  3 1800  444.0  892.9    0.9  127.8  444.0  444.0
2018 215  8  3 2100  444.0  892.9    2.3  151.1  444.0  444.0
2018 216  8  4 0000  444.0  891.2    4.3  179.1  444.0  444.0
2018 216  8  4 0300  444.0  890.5    5.0  186.2  444.0  444.0
2018 216  8  4 0600  444.0  889.6    6.9  187.2  444.0  444.0
2018 216  8  4 0900  444.0  888.7    6.4  188.6  444.0  444.0
2018 216  8  4 1200  444.0  888.3    7.7  185.9  444.0  444.0
2018 216  8  4 1500  444.0  888.2    8.7  189.6  444.0  444.0
2018 216  8  4 1800  444.0  887.8    9.2  190.0  444.0  444.0
2018 216  8  4 2100  444.0  887.4    8.8  183.7  444.0  444.0
2018 217  8  5 0000  444.0  885.9    5.9  191.6  444.0  444.0
2018 217  8  5 0300  444.0  884.8    1.5  186.1  444.0  444.0
2018 217  8  5 0600  444.0  882.7    0.0  173.2  444.0  444.0
2018 217  8  5 0900  444.0  881.3    1.3  317.2  444.0  444.0
2018 217  8  5 1200  444.0  877.8    6.5  311.6  444.0  444.0
2018 217  8  5 1500  444.0  875.6    7.1  324.2  444.0  444.0
2018 217  8  5 1800  444.0  874.6    4.0  183.8  444.0  444.0
2018 217  8  5 2100  444.0  874.4   10.0  218.8  444.0  444.0
2018 218  8  6 0000  444.0  874.6   15.8  194.2  444.0  444.0
2018 218  8  6 0300  444.0  874.6   14.5  193.4  444.0  444.0
2018 218  8  6 0600  444.0  875.3   12.7  190.1  444.0  444.0
2018 218  8  6 0900  444.0  876.7   11.4  187.5  444.0  444.0
2018 218  8  6 1200  444.0  877.5    5.2  190.5  444.0  444.0
2018 218  8  6 1500  444.0  878.7    6.6  189.9  444.0  444.0
2018 218  8  6 1800  444.0  879.7    9.9  196.6  444.0  444.0
2018 218  8  6 2100  444.0  879.2   15.7  195.9  444.0  444.0
2018 219  8  7 0000  444.0  877.8   16.9  188.1  444.0  444.0
2018 219  8  7 0300  444.0  877.2   16.4  190.4  444.0  444.0
2018 219  8  7 0600  444.0  877.4   13.8  190.4  444.0  444.0
2018 219  8  7 0900  444.0  877.9    8.3  189.3  444.0  444.0
2018 219  8  7 1200  444.0  875.7   16.5  187.9  444.0  444.0
2018 219  8  7 1500  444.0  875.7   14.9  193.6  444.0  444.0
2018 219  8  7 1800  444.0  875.2   13.8  211.8  444.0  444.0
2018 219  8  7 2100  444.0  870.2   26.0  193.0  444.0  444.0
2018 220  8  8 0000  444.0  870.3   29.5  191.2  444.0  444.0
2018 220  8  8 0300  444.0  868.3   35.4  194.4  444.0  444.0
2018 220  8  8 0600  444.0  869.9   34.3  210.5  444.0  444.0
2018 220  8  8 0900  444.0  876.7   20.2  191.3  444.0  444.0
2018 220  8  8 1200  444.0  877.9   19.8  195.0  444.0  444.0
2018 220  8  8 1500  444.0  878.8   24.6  193.7  444.0  444.0
2018 220  8  8 1800  444.0  879.0   24.4  189.4    0.1  444.0
2018 220  8  8 2100  444.0  880.1   19.0  191.0  444.0  444.0
2018 221  8  9 0000  444.0  881.1   16.1  191.6  444.0  444.0
2018 221  8  9 0300  444.0  882.0   11.1  195.2  444.0  444.0
2018 221  8  9 0600  444.0  883.1   10.2  193.3  444.0  444.0
2018 221  8  9 0900  444.0  884.0   18.0  194.7  444.0  444.0
2018 221  8  9 1200  444.0  886.0    9.7  187.5  444.0  444.0
2018 221  8  9 1500  444.0  887.2   11.4  187.4  444.0  444.0
2018 221  8  9 1800  444.0  885.4   13.4  201.8  444.0  444.0
2018 221  8  9 2100  444.0  884.7   16.4  195.5  444.0  444.0
2018 222  8 10 0000  444.0  884.4    8.6  189.2  444.0  444.0
2018 222  8 10 0300  444.0  882.9   16.3  190.7  444.0  444.0
2018 222  8 10 0600  444.0  880.7   16.5  187.8  444.0  444.0
2018 222  8 10 0900  444.0  881.3   17.2  191.8  444.0  444.0
2018 222  8 10 1200  444.0  878.7   20.0  195.1  444.0  444.0
2018 222  8 10 1500  444.0  874.6   24.1  193.8  444.0  444.0
2018 222  8 10 1800  444.0  873.1   28.4  188.7  444.0  444.0
2018 222  8 10 2100  444.0  873.4   24.6  189.5  444.0  444.0
2018 223  8 11 0000  444.0  877.6   17.3  190.1  444.0  444.0
2018 223  8 11 0300  444.0  878.2   15.6  187.4  444.0  444.0
2018 223  8 11 0600  444.0  878.5   15.2  188.3  444.0  444.0
2018 223  8 11 0900  444.0  880.9   10.1  181.7  444.0  444.0
2018 223  8 11 1200  444.0  881.5    9.9  185.1  444.0  444.0
2018 223  8 11 1500  444.0  882.2  444.0  444.0  444.0  444.0
2018 223  8 11 1800  444.0  880.7  444.0  444.0  444.0  444.0
2018 223  8 11 2100  444.0  879.6  444.0  444.0  444.0  444.0
2018 224  8 12 0000  444.0  877.2  444.0  444.0  444.0  444.0
2018 224  8 12 0300  444.0  876.7  444.0  444.0  444.0  444.0
2018 224  8 12 0600  444.0  875.2  444.0  444.0  444.0  444.0
2018 224  8 12 0900  444.0  875.8  444.0  444.0  444.0  444.0
2018 224  8 12 1200  444.0  876.0  444.0  444.0  444.0  444.0
2018 224  8 12 1500  444.0  876.7  444.0  444.0  444.0  444.0
2018 224  8 12 1800  444.0  876.2  444.0  444.0  444.0  444.0
2018 224  8 12 2100  444.0  876.2  444.0  444.0  444.0  444.0
2018 225  8 13 0000  444.0  877.1  444.0  444.0  444.0  444.0
2018 225  8 13 0300  444.0  876.8  444.0  444.0  444.0  444.0
2018 225  8 13 0600  444.0  876.4  444.0  444.0  444.0  444.0
2018 225  8 13 0900  444.0  876.6  444.0  444.0  444.0  444.0
2018 225  8 13 1200  444.0  875.9   24.5  199.0  444.0  444.0
2018 225  8 13 1500  444.0  876.8   20.9  201.3  444.0  444.0
2018 225  8 13 1800  444.0  876.5   22.2  200.7  444.0  444.0
2018 225  8 13 2100  444.0  875.4   26.0  191.0  444.0  444.0
2018 226  8 14 0000  444.0  876.9   25.1  199.2  444.0  444.0
2018 226  8 14 0300  444.0  873.7   22.5  193.5  444.0  444.0
2018 226  8 14 0600  444.0  875.0   21.6  194.2  444.0  444.0
2018 226  8 14 0900  444.0  876.6   21.1  195.9  444.0  444.0
2018 226  8 14 1200  444.0  879.8   13.8  192.4  444.0  444.0
2018 226  8 14 1500  444.0  882.5    9.1  194.9  444.0  444.0
2018 226  8 14 1800  444.0  883.1   10.1  189.2  444.0  444.0
2018 226  8 14 2100  444.0  884.4   10.2  179.4  444.0  444.0
2018 227  8 15 0000  444.0  887.7    8.4  184.5  444.0  444.0
2018 227  8 15 0300  444.0  889.0    4.2  190.1  444.0  444.0
2018 227  8 15 0600  444.0  891.0    3.3  194.6  444.0  444.0
2018 227  8 15 0900  444.0  891.3    2.7  194.7  444.0  444.0
2018 227  8 15 1200  444.0  892.1    2.7  120.0  444.0  444.0
2018 227  8 15 1500  444.0  893.0    0.6  167.7  444.0  444.0
2018 227  8 15 1800  444.0  894.0    1.3  113.3  444.0  444.0
2018 227  8 15 2100  444.0  894.0    0.4  181.7  444.0  444.0
2018 228  8 16 0000  444.0  895.3    0.6    3.3  444.0  444.0
2018 228  8 16 0300  444.0  896.1    0.1  129.7  444.0  444.0
2018 228  8 16 0600  444.0  895.7    0.0   97.1  444.0  444.0
2018 228  8 16 0900  444.0  895.3    2.0   29.1  444.0  444.0
2018 228  8 16 1200  444.0  894.7    1.8   15.8  444.0  444.0
2018 228  8 16 1500  444.0  893.0    1.7   34.1  444.0  444.0
2018 228  8 16 1800  444.0  892.6    1.2  340.6  444.0  444.0
2018 228  8 16 2100  444.0  891.2    0.5   43.1  444.0  444.0
2018 229  8 17 0000  444.0  889.6    0.2  102.9  444.0  444.0
2018 229  8 17 0300  444.0  888.4    0.4  116.1  444.0  444.0
2018 229  8 17 0600  444.0  887.9    0.0  116.6  444.0  444.0
2018 229  8 17 0900  444.0  888.3    0.0    0.0  444.0  444.0
2018 229  8 17 1200  444.0  888.3    1.5  139.4  444.0  444.0
2018 229  8 17 1500  444.0  887.9    2.4  132.9  444.0  444.0
2018 229  8 17 1800  444.0  889.1    1.6  153.5  444.0  444.0
2018 229  8 17 2100  444.0  889.9    2.2  134.4  444.0  444.0
2018 230  8 18 0000  444.0  891.1    4.1  145.5  444.0  444.0
2018 230  8 18 0300  444.0  890.7    4.8  183.0  444.0  444.0
2018 230  8 18 0600  444.0  890.7    6.3  175.0  444.0  444.0
2018 230  8 18 0900  444.0  890.7   10.5  188.0  444.0  444.0
2018 230  8 18 1200  444.0  890.3    7.5  197.0  444.0  444.0
2018 230  8 18 1500  444.0  889.0    5.4  201.1  444.0  444.0
2018 230  8 18 1800  444.0  887.7    5.6  181.0  444.0  444.0
2018 230  8 18 2100  444.0  887.6    5.3  175.4  444.0  444.0
2018 231  8 19 0000  444.0  886.3    3.2  161.7  444.0  444.0
2018 231  8 19 0300  444.0  884.6    1.5  153.5  444.0  444.0
2018 231  8 19 0600  444.0  882.6    0.9  330.0  444.0  444.0
2018 231  8 19 0900  444.0  879.3    8.2  328.1  444.0  444.0
2018 231  8 19 1200  444.0  878.7    5.6  295.1  444.0  444.0
2018 231  8 19 1500  444.0  877.9    4.2   18.4  444.0  444.0
2018 231  8 19 1800  444.0  877.1    0.3   66.7  444.0  444.0
2018 231  8 19 2100  444.0  876.0    4.6  354.4  444.0  444.0
2018 232  8 20 0000  444.0  875.2    7.3  316.9  444.0  444.0
2018 232  8 20 0300  444.0  872.9    4.5    3.2  444.0  444.0
2018 232  8 20 0600  444.0  871.9    7.7   13.7  444.0  444.0
2018 232  8 20 0900  444.0  870.4    8.8    5.3  444.0  444.0
2018 232  8 20 1200  444.0  872.1    4.5  352.9  444.0  444.0
2018 232  8 20 1500  444.0  872.2    6.5  317.3  444.0  444.0
2018 232  8 20 1800  444.0  872.3    0.5  185.2  444.0  444.0
2018 232  8 20 2100  444.0  873.1    7.6  194.4  444.0  444.0
2018 233  8 21 0000  444.0  873.4    7.5  187.2  444.0  444.0
2018 233  8 21 0300  444.0  874.0    4.1  187.5  444.0  444.0
2018 233  8 21 0600  444.0  875.0    4.1  181.1  444.0  444.0
2018 233  8 21 0900  444.0  876.3    7.8  197.1  444.0  444.0
2018 233  8 21 1200  444.0  877.5   12.5  194.4  444.0  444.0
2018 233  8 21 1500  444.0  878.5   15.4  210.0  444.0  444.0
2018 233  8 21 1800  444.0  878.7   13.2  196.7  444.0  444.0
2018 233  8 21 2100  444.0  879.1   10.2  191.8  444.0  444.0
2018 234  8 22 0000  444.0  880.3    8.5  190.3  444.0  444.0
2018 234  8 22 0300  444.0  879.9   10.2  189.0  444.0  444.0
2018 234  8 22 0600  444.0  880.5    9.2  187.4  444.0  444.0
2018 234  8 22 0900  444.0  881.8    9.4  187.7  444.0  444.0
2018 234  8 22 1200  444.0  882.2    9.8  191.9  444.0  444.0
2018 234  8 22 1500  444.0  882.5    5.7  183.7  444.0  444.0
2018 234  8 22 1800  444.0  882.5    7.8  192.6  444.0  444.0
2018 234  8 22 2100  444.0  883.9    7.7  190.3  444.0  444.0
2018 235  8 23 0000  444.0  884.0    6.8  188.5  444.0  444.0
2018 235  8 23 0300  444.0  883.9    4.8  174.3  444.0  444.0
2018 235  8 23 0600  444.0  883.7    6.5  183.8  444.0  444.0
2018 235  8 23 0900  444.0  883.1    5.7  184.4  444.0  444.0
2018 235  8 23 1200  444.0  883.1    4.7  180.2  444.0  444.0
2018 235  8 23 1500  444.0  882.8    5.8  189.0  444.0  444.0
2018 235  8 23 1800  444.0  882.5    4.6  192.6  444.0  444.0
2018 235  8 23 2100  444.0  882.0    4.4  193.0  444.0  444.0
2018 236  8 24 0000  444.0  881.8    0.9  176.6  444.0  444.0
2018 236  8 24 0300  444.0  882.2    0.5  318.9  444.0  444.0
2018 236  8 24 0600  444.0  881.7    1.7  324.8  444.0  444.0
2018 236  8 24 0900  444.0  880.5    2.6  345.7  444.0  444.0
2018 236  8 24 1200  444.0  880.0    3.8  353.0  444.0  444.0
2018 236  8 24 1500  444.0  880.7    2.9  357.9  444.0  444.0
2018 236  8 24 1800  444.0  879.8    1.2   48.8  444.0  444.0
2018 236  8 24 2100  444.0  880.3    0.3  135.6  444.0  444.0
2018 237  8 25 0000  444.0  881.5    0.3  113.1  444.0  444.0
2018 237  8 25 0300  444.0  881.8    0.9   62.3  444.0  444.0
2018 237  8 25 0600  444.0  882.1    0.0   91.8  444.0  444.0
2018 237  8 25 0900  444.0  883.1    0.8  121.6  444.0  444.0
2018 237  8 25 1200  444.0  884.0    0.7  137.6  444.0  444.0
2018 237  8 25 1500  444.0  884.8    1.2  144.3  444.0  444.0
2018 237  8 25 1800  444.0  885.6    4.9  174.3  444.0  444.0
2018 237  8 25 2100  444.0  885.6    6.7  180.0  444.0  444.0
2018 238  8 26 0000  444.0  886.5   10.6  187.6  444.0  444.0
2018 238  8 26 0300  444.0  885.7   10.6  184.0  444.0  444.0
2018 238  8 26 0600  444.0  885.9   13.2  189.4  444.0  444.0
2018 238  8 26 0900  444.0  884.9   14.7  189.6  444.0  444.0
2018 238  8 26 1200  444.0  883.5   13.7  188.3  444.0  444.0
2018 238  8 26 1500  444.0  882.2   18.6  195.0  444.0  444.0
2018 238  8 26 1800  444.0  881.7   15.3  190.3  444.0  444.0
2018 238  8 26 2100  444.0  880.5   17.0  191.0  444.0  444.0
2018 239  8 27 0000  444.0  879.7   17.2  191.8  444.0  444.0
2018 239  8 27 0300  444.0  879.3   16.5  202.3  444.0  444.0
2018 239  8 27 0600  444.0  877.9   16.3  194.1  444.0  444.0
2018 239  8 27 0900  444.0  876.9    9.5  188.8  444.0  444.0
2018 239  8 27 1200  444.0  875.4    9.4  185.2  444.0  444.0
2018 239  8 27 1500  444.0  873.9    6.0  181.7  444.0  444.0
2018 239  8 27 1800  444.0  871.9    1.9  167.6  444.0  444.0
2018 239  8 27 2100  444.0  870.0    0.8  144.6  444.0  444.0
2018 240  8 28 0000  444.0  867.4    0.0  164.6  444.0  444.0
2018 240  8 28 0300  444.0  865.4    0.1   62.3  444.0  444.0
2018 240  8 28 0600  444.0  863.7    0.1  116.7  444.0  444.0
2018 240  8 28 0900  444.0  862.6    3.7  175.0  444.0  444.0
2018 240  8 28 1200  444.0  861.6    2.8  167.6  444.0  444.0
2018 240  8 28 1500  444.0  861.4    2.8  184.7  444.0  444.0
2018 240  8 28 1800  444.0  861.8    6.0  191.7  444.0  444.0
2018 240  8 28 2100  444.0  862.5    7.9  191.7  444.0  444.0
2018 241  8 29 0000  444.0  862.8    9.5  197.0  444.0  444.0
2018 241  8 29 0300  444.0  863.1    9.5  195.8  444.0  444.0
2018 241  8 29 0600  444.0  864.4   11.2  195.1  444.0  444.0
2018 241  8 29 0900  444.0  865.4   10.2  195.2  444.0  444.0
2018 241  8 29 1200  444.0  866.6    9.1  192.1  444.0  444.0
2018 241  8 29 1500  444.0  867.6    6.3  187.6  444.0  444.0
2018 241  8 29 1800  444.0  868.0    9.9  192.3  444.0  444.0
2018 241  8 29 2100  444.0  868.9    9.2  191.8  444.0  444.0
2018 242  8 30 0000  444.0  869.6   12.9  197.3  444.0  444.0
2018 242  8 30 0300  444.0  870.5   13.3  192.6  444.0  444.0
2018 242  8 30 0600  444.0  871.0   12.7  192.3  444.0  444.0
2018 242  8 30 0900  444.0  871.5   16.5  194.9  444.0  444.0
2018 242  8 30 1200  444.0  871.5   14.0  194.3  444.0  444.0
2018 242  8 30 1500  444.0  872.2   16.2  193.7  444.0  444.0
2018 242  8 30 1800  444.0  871.2   14.8  194.0  444.0  444.0
2018 242  8 30 2100  444.0  871.3   11.3  188.5  444.0  444.0
2018 243  8 31 0000  444.0  871.4    4.9  183.9  444.0  444.0
2018 243  8 31 0300  444.0  871.7    6.8  201.1  444.0  444.0
2018 243  8 31 0600  444.0  870.4    4.0  187.3  444.0  444.0
2018 243  8 31 0900  444.0  869.7    0.8  169.6  444.0  444.0
2018 243  8 31 1200  444.0  868.9    7.2  315.5  444.0  444.0
2018 243  8 31 1500  444.0  867.5    7.6  313.1  444.0  444.0
2018 243  8 31 1800  444.0  865.6    9.9  332.2  444.0  444.0
2018 243  8 31 2100  444.0  864.0    5.8  345.5  444.0  444.0
