Year: 2018  Month: 03  ID: MNB  ARGOS: 99501  Name: Minna Bluff         
Lat: 78.56S  Lon: 166.70E  Elev:  895m
2018  60  3  1 0000  -17.0  876.4    2.9  180.4   98.0  444.0
2018  60  3  1 0300  -18.0  876.3    2.7  173.2   96.9  444.0
2018  60  3  1 0600  -18.9  877.1    6.8  188.0   96.3  444.0
2018  60  3  1 0900  -19.0  877.5    7.4  192.7   96.3  444.0
2018  60  3  1 1200  -19.1  878.3    6.7  195.3   96.3  444.0
2018  60  3  1 1500  -19.4  878.5    3.3  180.3   96.0  444.0
2018  60  3  1 1800  -18.9  878.3    4.3  183.7   96.4  444.0
2018  60  3  1 2100  -18.4  877.9    3.6  185.6   96.7  444.0
2018  61  3  2 0000  -17.7  877.6    2.6  172.3   97.4  444.0
2018  61  3  2 0300  -16.1  877.4    0.9  170.5   99.4  444.0
2018  61  3  2 0600  -17.3  877.4    1.1  159.5   97.2  444.0
2018  61  3  2 0900  -18.8  878.1    0.7  136.7   96.5  444.0
2018  61  3  2 1200  -18.9  878.2    0.3  140.1   96.2  444.0
2018  61  3  2 1500  -18.2  878.3    0.7  131.2   96.5  444.0
2018  61  3  2 1800  -18.7  878.4  444.0  444.0   96.6  444.0
2018  61  3  2 2100  -17.6  878.9  444.0  444.0   96.8  444.0
2018  62  3  3 0000  -20.2  879.5  444.0  444.0   96.2  444.0
2018  62  3  3 0300  -19.6  879.8  444.0  444.0   97.2  444.0
2018  62  3  3 0600  -20.3  880.0  444.0  444.0   94.7  444.0
2018  62  3  3 0900  -22.2  880.1  444.0  444.0   93.5  444.0
2018  62  3  3 1200  -22.3  880.4  444.0  444.0   92.7  444.0
2018  62  3  3 1500  -21.2  879.7  444.0  444.0   93.8  444.0
2018  62  3  3 1800  -22.4  879.1  444.0  444.0   93.3  444.0
2018  62  3  3 2100  -20.8  879.1    3.3  342.5   94.1  444.0
2018  63  3  4 0000  -20.9  878.8    4.0  334.0   95.3  444.0
2018  63  3  4 0300  -19.3  878.8    4.1  346.3   96.2  444.0
2018  63  3  4 0600  -18.0  879.0    3.4  357.8   97.0  444.0
2018  63  3  4 0900  -17.2  880.2    2.3   79.6   97.3  444.0
2018  63  3  4 1200  -16.9  881.0    0.7  126.0   97.1  444.0
2018  63  3  4 1500  -16.8  881.5    1.7  143.4   97.3  444.0
2018  63  3  4 1800  -16.4  882.0    2.1  143.4   98.0  444.0
2018  63  3  4 2100  -23.6  882.5    1.1  143.4   92.2  444.0
2018  64  3  5 0000  -23.2  883.5    3.0  154.7   92.9  444.0
2018  64  3  5 0300  -22.0  883.9    3.3  161.2   95.7  444.0
2018  64  3  5 0600  -21.4  884.8    2.0  151.6   95.3  444.0
2018  64  3  5 0900  -22.3  885.7    2.9  160.4   93.2  444.0
2018  64  3  5 1200  -22.1  886.4    2.9  159.9   93.0  444.0
2018  64  3  5 1500  -21.9  886.1    2.9  169.1   93.3  444.0
2018  64  3  5 1800  -21.5  885.7    5.3  192.9   93.7  444.0
2018  64  3  5 2100  -21.8  885.6    5.3  189.2   94.1  444.0
2018  65  3  6 0000  -23.3  885.0    5.1  180.8   93.2  444.0
2018  65  3  6 0300  -22.2  883.6    5.5  182.2   94.5  444.0
2018  65  3  6 0600  -22.1  882.5    8.9  189.7   93.7  444.0
2018  65  3  6 0900  -23.0  880.9    7.7  186.7   91.8  444.0
2018  65  3  6 1200  -23.7  879.8    5.6  185.0   90.5  444.0
2018  65  3  6 1500  -23.9  878.6    6.6  198.1   86.4  444.0
2018  65  3  6 1800  -23.7  877.6    0.2  138.2   82.5  444.0
2018  65  3  6 2100  -24.2  876.2    3.8  156.0   79.9  444.0
2018  66  3  7 0000  -23.0  875.1    1.7  146.2   75.1  444.0
2018  66  3  7 0300  -25.3  873.6    2.0  149.2   71.3  444.0
2018  66  3  7 0600  -27.4  872.3    3.3  139.2   79.9  444.0
2018  66  3  7 0900  -27.9  870.6    3.0  142.8   84.0  444.0
2018  66  3  7 1200  -30.2  869.2    2.8  136.9   84.6  444.0
2018  66  3  7 1500  -29.3  866.3    2.9  357.1   88.8  444.0
2018  66  3  7 1800  -29.3  865.7    5.6   22.0   86.5  444.0
2018  66  3  7 2100  -27.8  864.8    4.1   10.8   87.4  444.0
2018  67  3  8 0000  -27.2  864.7    2.7  357.0   88.1  444.0
2018  67  3  8 0300  -25.3  864.7    2.0  346.6   92.9  444.0
2018  67  3  8 0600  -24.2  864.4  444.0  444.0   71.5  444.0
2018  67  3  8 0900  -23.7  864.7  444.0  444.0   74.5  444.0
2018  67  3  8 1200  444.0  444.0  444.0  444.0  444.0  444.0
2018  67  3  8 1500  -25.2  865.4    0.4  113.9   60.9  444.0
2018  67  3  8 1800  -24.9  865.8    0.1  149.8   62.1  444.0
2018  67  3  8 2100  -22.7  867.1    0.2  162.3   48.6  444.0
2018  68  3  9 0000  -22.4  868.7    1.0  174.6   56.2  444.0
2018  68  3  9 0300  -20.7  869.8    5.7  184.2   94.4  444.0
2018  68  3  9 0600  -20.5  870.9    8.8  189.1   94.3  444.0
2018  68  3  9 0900  -23.2  873.3    9.6  197.6   91.4  444.0
2018  68  3  9 1200  -23.7  875.1    9.6  194.6   91.1  444.0
2018  68  3  9 1500  -24.5  876.6   10.0  202.9   90.3  444.0
2018  68  3  9 1800  -22.5  878.0    8.3  193.0   92.7  444.0
2018  68  3  9 2100  -20.8  877.3   10.0  194.0   94.5  444.0
2018  69  3 10 0000  -20.0  876.4    9.9  195.2   96.0  444.0
2018  69  3 10 0300  -21.0  876.2    7.1  192.9   94.1  444.0
2018  69  3 10 0600  -19.1  878.0    3.3  181.6   95.3  444.0
2018  69  3 10 0900  -17.4  877.6    2.3  189.0   88.3  444.0
2018  69  3 10 1200  -21.5  878.1    0.7  191.8   94.3  444.0
2018  69  3 10 1500  -24.0  878.5    2.2  159.4   86.9  444.0
2018  69  3 10 1800  -24.0  879.7    7.7  196.2   93.6  444.0
2018  69  3 10 2100  -23.6  881.2    6.9  191.2   77.4  444.0
2018  70  3 11 0000  -22.2  881.8    5.8  198.4   81.7  444.0
2018  70  3 11 0300  -22.2  881.9    2.5  156.9   63.4  444.0
2018  70  3 11 0600  -19.7  881.6    0.0    0.0   68.8  444.0
2018  70  3 11 0900  -19.1  880.5    9.2  202.3   62.0  444.0
2018  70  3 11 1200  -19.9  879.5   16.8  200.8   87.0  444.0
2018  70  3 11 1500  -18.7  877.7   20.1  196.3   95.4  444.0
2018  70  3 11 1800  -18.5  875.4   26.0  200.8   96.2  444.0
2018  70  3 11 2100  -17.8  877.4   23.7  193.1   96.5  444.0
2018  71  3 12 0000  -19.8  878.6   22.1  199.9   95.4  444.0
2018  71  3 12 0300  -17.4  877.6   24.1  191.8   97.1  444.0
2018  71  3 12 0600  -18.9  877.1   22.5  195.7   96.2  444.0
2018  71  3 12 0900  -15.9  876.9   27.6  199.5   97.8  444.0
2018  71  3 12 1200  -15.4  874.6   31.2  199.0   98.1  444.0
2018  71  3 12 1500  -15.9  875.5   29.3  198.2   97.3  444.0
2018  71  3 12 1800  444.0  873.2   32.1  194.7   97.5  444.0
2018  71  3 12 2100  -14.9  873.3   34.6  200.6   98.2  444.0
2018  72  3 13 0000  -19.0  869.6   33.4  207.5   97.5  444.0
2018  72  3 13 0300  -20.0  872.9   27.6  196.3  444.0  444.0
2018  72  3 13 0600  -21.6  873.5   22.0  209.1  444.0  444.0
2018  72  3 13 0900  -22.8  879.4  444.0  444.0  444.0  444.0
2018  72  3 13 1200  -23.2  880.9  444.0  444.0  444.0  444.0
2018  72  3 13 1500  -22.5  878.3  444.0  444.0  444.0  444.0
2018  72  3 13 1800  -21.5  877.3  444.0  444.0  444.0  444.0
2018  72  3 13 2100  -19.7  879.8  444.0  444.0  444.0  444.0
2018  73  3 14 0000  -21.3  879.9  444.0  444.0  444.0  444.0
2018  73  3 14 0300  -21.5  879.8  444.0  444.0  444.0  444.0
2018  73  3 14 0600  -19.4  879.2  444.0  444.0  444.0  444.0
2018  73  3 14 0900  -20.7  878.8  444.0  444.0  444.0  444.0
2018  73  3 14 1200  -23.5  877.5  444.0  444.0  444.0  444.0
2018  73  3 14 1500  -21.6  877.2  444.0  444.0  444.0  444.0
2018  73  3 14 1800  -23.7  877.8  444.0  444.0  444.0  444.0
2018  73  3 14 2100  -24.1  877.7  444.0  444.0  444.0  444.0
2018  74  3 15 0000  -24.9  877.6  444.0  444.0  444.0  444.0
2018  74  3 15 0300  -22.6  875.1  444.0  444.0  444.0  444.0
2018  74  3 15 0600  -23.9  873.3  444.0  444.0  444.0  444.0
2018  74  3 15 0900  -24.2  872.4  444.0  444.0  444.0  444.0
2018  74  3 15 1200  -23.3  871.0  444.0  444.0  444.0  444.0
2018  74  3 15 1500  -22.5  868.9  444.0  444.0  444.0  444.0
2018  74  3 15 1800  -20.8  867.1  444.0  444.0  444.0  444.0
2018  74  3 15 2100  -21.6  865.2  444.0  444.0  444.0  444.0
2018  75  3 16 0000  -20.4  864.7  444.0  444.0  444.0  444.0
2018  75  3 16 0300  -22.5  864.3  444.0  444.0  444.0  444.0
2018  75  3 16 0600  -23.4  864.8  444.0  444.0  444.0  444.0
2018  75  3 16 0900  -23.4  865.5  444.0  444.0  444.0  444.0
2018  75  3 16 1200  -24.0  866.6  444.0  444.0  444.0  444.0
2018  75  3 16 1500  -20.3  866.9  444.0  444.0  444.0  444.0
2018  75  3 16 1800  -21.6  867.0  444.0  444.0  444.0  444.0
2018  75  3 16 2100  -22.3  866.4  444.0  444.0  444.0  444.0
2018  76  3 17 0000  -22.1  864.1    2.6  195.5  444.0  444.0
2018  76  3 17 0300  -20.2  861.3    8.2  201.6  444.0  444.0
2018  76  3 17 0600  -18.9  858.0   20.4  199.9  444.0  444.0
2018  76  3 17 0900  -25.4  859.0   17.9  191.7  444.0  444.0
2018  76  3 17 1200  -24.2  859.1   17.1  194.9  444.0  444.0
2018  76  3 17 1500  -19.4  857.7   17.9  197.6  444.0  444.0
2018  76  3 17 1800  -17.0  857.9   10.9  198.7  444.0  444.0
2018  76  3 17 2100  -15.0  858.0   10.4  196.8  444.0  444.0
2018  77  3 18 0000  -13.5  860.4    3.1  194.9  444.0  444.0
2018  77  3 18 0300  -12.0  863.3    0.5  263.6  444.0  444.0
2018  77  3 18 0600  -14.7  866.9    0.1  170.7  444.0  444.0
2018  77  3 18 0900  -16.6  870.7    2.5  172.9  444.0  444.0
2018  77  3 18 1200  -16.0  874.5    1.9  152.5  444.0  444.0
2018  77  3 18 1500  -16.3  877.6    1.6  161.3  444.0  444.0
2018  77  3 18 1800  -16.1  881.7    2.2   59.1  444.0  444.0
2018  77  3 18 2100  -16.6  884.2    6.5   11.2  444.0  444.0
2018  78  3 19 0000  -17.2  886.2   10.1    5.4  444.0  444.0
2018  78  3 19 0300  -17.6  888.5    9.8    4.0  444.0  444.0
2018  78  3 19 0600  -18.5  889.6    3.8   22.5  444.0  444.0
2018  78  3 19 0900  -18.5  890.9    4.9   39.3  444.0  444.0
2018  78  3 19 1200  -18.9  891.1    1.7  127.9  444.0  444.0
2018  78  3 19 1500  -17.9  890.5    0.5  125.2  444.0  444.0
2018  78  3 19 1800  -18.5  889.8    0.3  132.7  444.0  444.0
2018  78  3 19 2100  -17.2  889.3    0.0  174.6  444.0  444.0
2018  79  3 20 0000  -16.6  887.8    1.1  168.4  444.0  444.0
2018  79  3 20 0300  -18.4  886.5    1.9  152.4  444.0  444.0
2018  79  3 20 0600  -18.0  885.2    2.6  113.4  444.0  444.0
2018  79  3 20 0900  -19.9  884.4    0.9  155.2  444.0  444.0
2018  79  3 20 1200  -19.7  882.1    2.8  180.6  444.0  444.0
2018  79  3 20 1500  -21.2  880.8    4.4  164.6  444.0  444.0
2018  79  3 20 1800  -21.4  880.0    5.5  172.9  444.0  444.0
2018  79  3 20 2100  -21.2  878.7    4.2  168.9  444.0  444.0
2018  80  3 21 0000  -19.9  877.9    4.8  176.5  444.0  444.0
2018  80  3 21 0300  -22.5  876.5    2.9  126.2  444.0  444.0
2018  80  3 21 0600  -22.1  874.7    8.2  348.1  444.0  444.0
2018  80  3 21 0900  -21.1  874.0    5.3  332.6  444.0  444.0
2018  80  3 21 1200  -22.3  873.6    3.6   21.1  444.0  444.0
2018  80  3 21 1500  -22.2  873.6    0.0    0.0  444.0  444.0
2018  80  3 21 1800  -26.3  873.2    7.5  186.9  444.0  444.0
2018  80  3 21 2100  -26.4  873.1   11.3  193.8  444.0  444.0
2018  81  3 22 0000  -26.2  873.6    4.3  189.6  444.0  444.0
2018  81  3 22 0300  -27.2  873.6    5.8  178.2  444.0  444.0
2018  81  3 22 0600  -26.6  873.8    5.0  176.0  444.0  444.0
2018  81  3 22 0900  -26.1  874.1    5.7  184.2  444.0  444.0
2018  81  3 22 1200  -25.3  873.7    8.7  194.9  444.0  444.0
2018  81  3 22 1500  -23.8  873.5    9.3  199.5  444.0  444.0
2018  81  3 22 1800  -21.5  871.5   15.2  222.3  444.0  444.0
2018  81  3 22 2100  -17.9  868.6   17.5  199.5  444.0  444.0
2018  82  3 23 0000  -18.1  867.2   19.0  194.1  444.0  444.0
2018  82  3 23 0300  -19.0  868.3   16.5  194.2  444.0  444.0
2018  82  3 23 0600  -19.9  868.8   19.0  191.5  444.0  444.0
2018  82  3 23 0900  -22.8  869.8   20.6  196.2  444.0  444.0
2018  82  3 23 1200  -22.0  872.6   22.2  196.3  444.0  444.0
2018  82  3 23 1500  -21.2  875.0   19.6  197.9  444.0  444.0
2018  82  3 23 1800  -15.9  874.6   19.5  200.4  444.0  444.0
2018  82  3 23 2100  -14.3  872.7   25.4  198.5  444.0  444.0
2018  83  3 24 0000  -14.4  873.2   16.8  192.2  444.0  444.0
2018  83  3 24 0300  -15.0  876.9    9.4  203.3  444.0  444.0
2018  83  3 24 0600  -14.9  876.5    9.2  194.4  444.0  444.0
2018  83  3 24 0900  -17.5  877.9    1.3  185.5  444.0  444.0
2018  83  3 24 1200  -16.1  877.6   12.1  194.1  444.0  444.0
2018  83  3 24 1500  -16.0  873.6    2.3  212.0  444.0  444.0
2018  83  3 24 1800  -17.0  869.9   12.9  211.5  444.0  444.0
2018  83  3 24 2100  -19.2  872.7   14.1  206.1  444.0  444.0
2018  84  3 25 0000  -17.8  873.2   10.8  210.8  444.0  444.0
2018  84  3 25 0300  -19.1  876.2    6.3  187.2  444.0  444.0
2018  84  3 25 0600  -19.8  876.9    7.4  191.7  444.0  444.0
2018  84  3 25 0900  -19.6  879.1    7.1  184.3  444.0  444.0
2018  84  3 25 1200  -15.6  880.0    6.2  171.2  444.0  444.0
2018  84  3 25 1500  -13.9  880.2    1.6  178.0  444.0  444.0
2018  84  3 25 1800  -13.4  879.4    0.3  118.2  444.0  444.0
2018  84  3 25 2100  -12.3  879.2    0.0    0.0  444.0  444.0
2018  85  3 26 0000  -10.6  880.2    0.0    0.0  444.0  444.0
2018  85  3 26 0300  -16.6  880.9    1.9  162.1  444.0  444.0
2018  85  3 26 0600  -20.3  881.8    3.4  193.9  444.0  444.0
2018  85  3 26 0900  -19.3  883.9    4.5  187.8  444.0  444.0
2018  85  3 26 1200  -19.3  885.2    5.2  183.6  444.0  444.0
2018  85  3 26 1500  -22.3  886.7    3.9  174.3  444.0  444.0
2018  85  3 26 1800  -22.2  887.6    2.5  168.2  444.0  444.0
2018  85  3 26 2100  -20.2  888.0    1.5  138.2  444.0  444.0
2018  86  3 27 0000  -19.4  888.6    2.1  142.9  444.0  444.0
2018  86  3 27 0300  -19.2  889.1    2.2  151.1  444.0  444.0
2018  86  3 27 0600  -19.6  889.8    1.6  161.1  444.0  444.0
2018  86  3 27 0900  -19.0  889.6    1.7  201.5  444.0  444.0
2018  86  3 27 1200  -17.0  889.6    3.0  350.4  444.0  444.0
2018  86  3 27 1500  -17.3  889.4    4.5    6.9  444.0  444.0
2018  86  3 27 1800  -17.7  889.6    5.3  317.0  444.0  444.0
2018  86  3 27 2100  -16.5  890.8    0.8  200.8  444.0  444.0
2018  87  3 28 0000  444.0  891.5    0.0    0.0  444.0  444.0
2018  87  3 28 0300  -15.9  891.3    6.8  191.4  444.0  444.0
2018  87  3 28 0600  -16.3  891.5    4.6  173.6  444.0  444.0
2018  87  3 28 0900  -17.1  891.8    2.9   56.2  444.0  444.0
2018  87  3 28 1200  -18.6  891.5    4.7  348.3  444.0  444.0
2018  87  3 28 1500  -18.3  891.5    3.5  334.6  444.0  444.0
2018  87  3 28 1800  -18.7  891.9    2.0  352.9  444.0  444.0
2018  87  3 28 2100  -17.4  892.1    1.6   87.6  444.0  444.0
2018  88  3 29 0000  -18.1  891.6    3.1  173.2  444.0  444.0
2018  88  3 29 0300  -19.7  892.8    8.2  190.4  444.0  444.0
2018  88  3 29 0600  -19.1  894.3    8.7  190.9  444.0  444.0
2018  88  3 29 0900  -18.3  894.3    7.9  194.0  444.0  444.0
2018  88  3 29 1200  -17.7  894.5    6.4  185.6  444.0  444.0
2018  88  3 29 1500  -16.7  894.0    9.7  195.2  444.0  444.0
2018  88  3 29 1800  -17.1  893.7    9.8  193.8  444.0  444.0
2018  88  3 29 2100  -16.4  893.2    8.9  194.8  444.0  444.0
2018  89  3 30 0000  -15.1  893.3    6.2  193.1  444.0  444.0
2018  89  3 30 0300  -13.3  893.0    4.7  201.6  444.0  444.0
2018  89  3 30 0600  -12.4  892.4    4.1  188.4  444.0  444.0
2018  89  3 30 0900  -12.0  892.1    0.0  178.1  444.0  444.0
2018  89  3 30 1200  444.0  891.2    0.0  118.3  444.0  444.0
2018  89  3 30 1500  444.0  891.0    0.0    0.0  444.0  444.0
2018  89  3 30 1800  444.0  890.8    1.6   29.8  444.0  444.0
2018  89  3 30 2100  -21.2  892.4    2.1  156.7  444.0  444.0
2018  90  3 31 0000  -19.9  893.0    5.9  180.9  444.0  444.0
2018  90  3 31 0300  -19.4  893.5    8.3  189.3  444.0  444.0
2018  90  3 31 0600  -18.3  893.8    9.1  188.3  444.0  444.0
2018  90  3 31 0900  -18.4  894.3    8.7  188.3  444.0  444.0
2018  90  3 31 1200  -18.0  894.4    9.4  195.7  444.0  444.0
2018  90  3 31 1500  -17.4  894.0    9.8  192.1  444.0  444.0
2018  90  3 31 1800  -17.0  893.0    8.8  191.7  444.0  444.0
2018  90  3 31 2100  -16.0  893.0    8.2  190.2  444.0  444.0
