Year: 2018  Month: 10  ID: MP2  ARGOS: 99503  Name: Marble Point II     
Lat: 77.44S  Lon: 163.76E  Elev:  111m
2018 274 10  1 0000  444.0  444.0  444.0  444.0  444.0  444.0
2018 274 10  1 0300  444.0  444.0  444.0  444.0  444.0  444.0
2018 274 10  1 0600  444.0  444.0  444.0  444.0  444.0  444.0
2018 274 10  1 0900  444.0  444.0  444.0  444.0  444.0  444.0
2018 274 10  1 1200  444.0  444.0  444.0  444.0  444.0  444.0
2018 274 10  1 1500  444.0  444.0  444.0  444.0  444.0  444.0
2018 274 10  1 1800  444.0  444.0  444.0  444.0  444.0  444.0
2018 274 10  1 2100  444.0  444.0  444.0  444.0  444.0  444.0
2018 275 10  2 0000  444.0  444.0  444.0  444.0  444.0  444.0
2018 275 10  2 0300  444.0  444.0  444.0  444.0  444.0  444.0
2018 275 10  2 0600  444.0  444.0  444.0  444.0  444.0  444.0
2018 275 10  2 0900  444.0  444.0  444.0  444.0  444.0  444.0
2018 275 10  2 1200  444.0  444.0  444.0  444.0  444.0  444.0
2018 275 10  2 1500  444.0  444.0  444.0  444.0  444.0  444.0
2018 275 10  2 1800  444.0  444.0  444.0  444.0  444.0  444.0
2018 275 10  2 2100  444.0  444.0  444.0  444.0  444.0  444.0
2018 276 10  3 0000  444.0  444.0  444.0  444.0  444.0  444.0
2018 276 10  3 0300  444.0  444.0  444.0  444.0  444.0  444.0
2018 276 10  3 0600  444.0  444.0  444.0  444.0  444.0  444.0
2018 276 10  3 0900  444.0  444.0  444.0  444.0  444.0  444.0
2018 276 10  3 1200  444.0  444.0  444.0  444.0  444.0  444.0
2018 276 10  3 1500  444.0  444.0  444.0  444.0  444.0  444.0
2018 276 10  3 1800  444.0  444.0  444.0  444.0  444.0  444.0
2018 276 10  3 2100  444.0  444.0  444.0  444.0  444.0  444.0
2018 277 10  4 0000  444.0  444.0  444.0  444.0  444.0  444.0
2018 277 10  4 0300  444.0  444.0  444.0  444.0  444.0  444.0
2018 277 10  4 0600  444.0  444.0  444.0  444.0  444.0  444.0
2018 277 10  4 0900  444.0  444.0  444.0  444.0  444.0  444.0
2018 277 10  4 1200  444.0  444.0  444.0  444.0  444.0  444.0
2018 277 10  4 1500  444.0  444.0  444.0  444.0  444.0  444.0
2018 277 10  4 1800  444.0  444.0  444.0  444.0  444.0  444.0
2018 277 10  4 2100  444.0  444.0  444.0  444.0  444.0  444.0
2018 278 10  5 0000  444.0  444.0  444.0  444.0  444.0  444.0
2018 278 10  5 0300  444.0  444.0  444.0  444.0  444.0  444.0
2018 278 10  5 0600  444.0  444.0  444.0  444.0  444.0  444.0
2018 278 10  5 0900  444.0  444.0  444.0  444.0  444.0  444.0
2018 278 10  5 1200  444.0  444.0  444.0  444.0  444.0  444.0
2018 278 10  5 1500  444.0  444.0  444.0  444.0  444.0  444.0
2018 278 10  5 1800  444.0  444.0  444.0  444.0  444.0  444.0
2018 278 10  5 2100  444.0  444.0  444.0  444.0  444.0  444.0
2018 279 10  6 0000  444.0  444.0  444.0  444.0  444.0  444.0
2018 279 10  6 0300  444.0  444.0  444.0  444.0  444.0  444.0
2018 279 10  6 0600  444.0  444.0  444.0  444.0  444.0  444.0
2018 279 10  6 0900  444.0  444.0  444.0  444.0  444.0  444.0
2018 279 10  6 1200  444.0  444.0  444.0  444.0  444.0  444.0
2018 279 10  6 1500  444.0  444.0  444.0  444.0  444.0  444.0
2018 279 10  6 1800  444.0  444.0  444.0  444.0  444.0  444.0
2018 279 10  6 2100  444.0  444.0  444.0  444.0  444.0  444.0
2018 280 10  7 0000  444.0  444.0  444.0  444.0  444.0  444.0
2018 280 10  7 0300  444.0  444.0  444.0  444.0  444.0  444.0
2018 280 10  7 0600  444.0  444.0  444.0  444.0  444.0  444.0
2018 280 10  7 0900  444.0  444.0  444.0  444.0  444.0  444.0
2018 280 10  7 1200  444.0  444.0  444.0  444.0  444.0  444.0
2018 280 10  7 1500  444.0  444.0  444.0  444.0  444.0  444.0
2018 280 10  7 1800  444.0  444.0  444.0  444.0  444.0  444.0
2018 280 10  7 2100  444.0  444.0  444.0  444.0  444.0  444.0
2018 281 10  8 0000  444.0  444.0  444.0  444.0  444.0  444.0
2018 281 10  8 0300  444.0  444.0  444.0  444.0  444.0  444.0
2018 281 10  8 0600  444.0  444.0  444.0  444.0  444.0  444.0
2018 281 10  8 0900  444.0  444.0  444.0  444.0  444.0  444.0
2018 281 10  8 1200  444.0  444.0  444.0  444.0  444.0  444.0
2018 281 10  8 1500  444.0  444.0  444.0  444.0  444.0  444.0
2018 281 10  8 1800  444.0  444.0  444.0  444.0  444.0  444.0
2018 281 10  8 2100  444.0  444.0  444.0  444.0  444.0  444.0
2018 282 10  9 0000  444.0  444.0  444.0  444.0  444.0  444.0
2018 282 10  9 0300  444.0  444.0  444.0  444.0  444.0  444.0
2018 282 10  9 0600  444.0  444.0  444.0  444.0  444.0  444.0
2018 282 10  9 0900  444.0  444.0  444.0  444.0  444.0  444.0
2018 282 10  9 1200  444.0  444.0  444.0  444.0  444.0  444.0
2018 282 10  9 1500  444.0  444.0  444.0  444.0  444.0  444.0
2018 282 10  9 1800  444.0  444.0  444.0  444.0  444.0  444.0
2018 282 10  9 2100  444.0  444.0  444.0  444.0  444.0  444.0
2018 283 10 10 0000  444.0  444.0  444.0  444.0  444.0  444.0
2018 283 10 10 0300  444.0  444.0  444.0  444.0  444.0  444.0
2018 283 10 10 0600  444.0  444.0  444.0  444.0  444.0  444.0
2018 283 10 10 0900  444.0  444.0  444.0  444.0  444.0  444.0
2018 283 10 10 1200  444.0  444.0  444.0  444.0  444.0  444.0
2018 283 10 10 1500  444.0  444.0  444.0  444.0  444.0  444.0
2018 283 10 10 1800  444.0  444.0  444.0  444.0  444.0  444.0
2018 283 10 10 2100  444.0  444.0  444.0  444.0  444.0  444.0
2018 284 10 11 0000  444.0  444.0  444.0  444.0  444.0  444.0
2018 284 10 11 0300  444.0  444.0  444.0  444.0  444.0  444.0
2018 284 10 11 0600  444.0  444.0  444.0  444.0  444.0  444.0
2018 284 10 11 0900  444.0  444.0  444.0  444.0  444.0  444.0
2018 284 10 11 1200  444.0  444.0  444.0  444.0  444.0  444.0
2018 284 10 11 1500  444.0  444.0  444.0  444.0  444.0  444.0
2018 284 10 11 1800  444.0  444.0  444.0  444.0  444.0  444.0
2018 284 10 11 2100  444.0  444.0  444.0  444.0  444.0  444.0
2018 285 10 12 0000  444.0  444.0  444.0  444.0  444.0  444.0
2018 285 10 12 0300  444.0  444.0  444.0  444.0  444.0  444.0
2018 285 10 12 0600  444.0  444.0  444.0  444.0  444.0  444.0
2018 285 10 12 0900  444.0  444.0  444.0  444.0  444.0  444.0
2018 285 10 12 1200  444.0  444.0  444.0  444.0  444.0  444.0
2018 285 10 12 1500  444.0  444.0  444.0  444.0  444.0  444.0
2018 285 10 12 1800  444.0  444.0  444.0  444.0  444.0  444.0
2018 285 10 12 2100  444.0  444.0  444.0  444.0  444.0  444.0
2018 286 10 13 0000  444.0  444.0  444.0  444.0  444.0  444.0
2018 286 10 13 0300  444.0  444.0  444.0  444.0  444.0  444.0
2018 286 10 13 0600  444.0  444.0  444.0  444.0  444.0  444.0
2018 286 10 13 0900  444.0  444.0  444.0  444.0  444.0  444.0
2018 286 10 13 1200  444.0  444.0  444.0  444.0  444.0  444.0
2018 286 10 13 1500  444.0  444.0  444.0  444.0  444.0  444.0
2018 286 10 13 1800  444.0  444.0  444.0  444.0  444.0  444.0
2018 286 10 13 2100  444.0  444.0  444.0  444.0  444.0  444.0
2018 287 10 14 0000  444.0  444.0  444.0  444.0  444.0  444.0
2018 287 10 14 0300  444.0  444.0  444.0  444.0  444.0  444.0
2018 287 10 14 0600  444.0  444.0  444.0  444.0  444.0  444.0
2018 287 10 14 0900  444.0  444.0  444.0  444.0  444.0  444.0
2018 287 10 14 1200  444.0  444.0  444.0  444.0  444.0  444.0
2018 287 10 14 1500  444.0  444.0  444.0  444.0  444.0  444.0
2018 287 10 14 1800  444.0  444.0  444.0  444.0  444.0  444.0
2018 287 10 14 2100  444.0  444.0  444.0  444.0  444.0  444.0
2018 288 10 15 0000  444.0  444.0  444.0  444.0  444.0  444.0
2018 288 10 15 0300  444.0  444.0  444.0  444.0  444.0  444.0
2018 288 10 15 0600  444.0  444.0  444.0  444.0  444.0  444.0
2018 288 10 15 0900  444.0  444.0  444.0  444.0  444.0  444.0
2018 288 10 15 1200  444.0  444.0  444.0  444.0  444.0  444.0
2018 288 10 15 1500  444.0  444.0  444.0  444.0  444.0  444.0
2018 288 10 15 1800  444.0  444.0  444.0  444.0  444.0  444.0
2018 288 10 15 2100  444.0  444.0  444.0  444.0  444.0  444.0
2018 289 10 16 0000  444.0  444.0  444.0  444.0  444.0  444.0
2018 289 10 16 0300  444.0  444.0  444.0  444.0  444.0  444.0
2018 289 10 16 0600  444.0  444.0  444.0  444.0  444.0  444.0
2018 289 10 16 0900  444.0  444.0  444.0  444.0  444.0  444.0
2018 289 10 16 1200  444.0  444.0  444.0  444.0  444.0  444.0
2018 289 10 16 1500  444.0  444.0  444.0  444.0  444.0  444.0
2018 289 10 16 1800  444.0  444.0  444.0  444.0  444.0  444.0
2018 289 10 16 2100  444.0  444.0  444.0  444.0  444.0  444.0
2018 290 10 17 0000  444.0  444.0  444.0  444.0  444.0  444.0
2018 290 10 17 0300  444.0  444.0  444.0  444.0  444.0  444.0
2018 290 10 17 0600  444.0  444.0  444.0  444.0  444.0  444.0
2018 290 10 17 0900  444.0  444.0  444.0  444.0  444.0  444.0
2018 290 10 17 1200  444.0  444.0  444.0  444.0  444.0  444.0
2018 290 10 17 1500  444.0  444.0  444.0  444.0  444.0  444.0
2018 290 10 17 1800  444.0  444.0  444.0  444.0  444.0  444.0
2018 290 10 17 2100  444.0  444.0  444.0  444.0  444.0  444.0
2018 291 10 18 0000  444.0  444.0  444.0  444.0  444.0  444.0
2018 291 10 18 0300  444.0  444.0  444.0  444.0  444.0  444.0
2018 291 10 18 0600  444.0  444.0  444.0  444.0  444.0  444.0
2018 291 10 18 0900  444.0  444.0  444.0  444.0  444.0  444.0
2018 291 10 18 1200  444.0  444.0  444.0  444.0  444.0  444.0
2018 291 10 18 1500  444.0  444.0  444.0  444.0  444.0  444.0
2018 291 10 18 1800  444.0  444.0  444.0  444.0  444.0  444.0
2018 291 10 18 2100  444.0  444.0  444.0  444.0  444.0  444.0
2018 292 10 19 0000  444.0  444.0  444.0  444.0  444.0  444.0
2018 292 10 19 0300  444.0  444.0  444.0  444.0  444.0  444.0
2018 292 10 19 0600  444.0  444.0  444.0  444.0  444.0  444.0
2018 292 10 19 0900  444.0  444.0  444.0  444.0  444.0  444.0
2018 292 10 19 1200  444.0  444.0  444.0  444.0  444.0  444.0
2018 292 10 19 1500  444.0  444.0  444.0  444.0  444.0  444.0
2018 292 10 19 1800  444.0  444.0  444.0  444.0  444.0  444.0
2018 292 10 19 2100  444.0  444.0  444.0  444.0  444.0  444.0
2018 293 10 20 0000  444.0  444.0  444.0  444.0  444.0  444.0
2018 293 10 20 0300  444.0  444.0  444.0  444.0  444.0  444.0
2018 293 10 20 0600  444.0  444.0  444.0  444.0  444.0  444.0
2018 293 10 20 0900  444.0  444.0  444.0  444.0  444.0  444.0
2018 293 10 20 1200  444.0  444.0  444.0  444.0  444.0  444.0
2018 293 10 20 1500  444.0  444.0  444.0  444.0  444.0  444.0
2018 293 10 20 1800  444.0  444.0  444.0  444.0  444.0  444.0
2018 293 10 20 2100  444.0  444.0  444.0  444.0  444.0  444.0
2018 294 10 21 0000  444.0  444.0  444.0  444.0  444.0  444.0
2018 294 10 21 0300  444.0  444.0  444.0  444.0  444.0  444.0
2018 294 10 21 0600  444.0  444.0  444.0  444.0  444.0  444.0
2018 294 10 21 0900  444.0  444.0  444.0  444.0  444.0  444.0
2018 294 10 21 1200  444.0  444.0  444.0  444.0  444.0  444.0
2018 294 10 21 1500  444.0  444.0  444.0  444.0  444.0  444.0
2018 294 10 21 1800  444.0  444.0  444.0  444.0  444.0  444.0
2018 294 10 21 2100  444.0  444.0  444.0  444.0  444.0  444.0
2018 295 10 22 0000  444.0  444.0  444.0  444.0  444.0  444.0
2018 295 10 22 0300  444.0  444.0  444.0  444.0  444.0  444.0
2018 295 10 22 0600  444.0  444.0  444.0  444.0  444.0  444.0
2018 295 10 22 0900  444.0  444.0  444.0  444.0  444.0  444.0
2018 295 10 22 1200  444.0  444.0  444.0  444.0  444.0  444.0
2018 295 10 22 1500  444.0  444.0  444.0  444.0  444.0  444.0
2018 295 10 22 1800  444.0  444.0  444.0  444.0  444.0  444.0
2018 295 10 22 2100  444.0  444.0  444.0  444.0  444.0  444.0
2018 296 10 23 0000  444.0  444.0  444.0  444.0  444.0  444.0
2018 296 10 23 0300  444.0  444.0  444.0  444.0  444.0  444.0
2018 296 10 23 0600  444.0  444.0  444.0  444.0  444.0  444.0
2018 296 10 23 0900  444.0  444.0  444.0  444.0  444.0  444.0
2018 296 10 23 1200  444.0  444.0  444.0  444.0  444.0  444.0
2018 296 10 23 1500  444.0  444.0  444.0  444.0  444.0  444.0
2018 296 10 23 1800  444.0  444.0  444.0  444.0  444.0  444.0
2018 296 10 23 2100  444.0  444.0  444.0  444.0  444.0  444.0
2018 297 10 24 0000  444.0  444.0  444.0  444.0  444.0  444.0
2018 297 10 24 0300  444.0  444.0  444.0  444.0  444.0  444.0
2018 297 10 24 0600  444.0  444.0  444.0  444.0  444.0  444.0
2018 297 10 24 0900  444.0  444.0  444.0  444.0  444.0  444.0
2018 297 10 24 1200  444.0  444.0  444.0  444.0  444.0  444.0
2018 297 10 24 1500  444.0  444.0  444.0  444.0  444.0  444.0
2018 297 10 24 1800  -14.2  965.2    1.5  228.3   32.4    0.8
2018 297 10 24 2100  -14.0  964.6    2.0  157.3   33.8    0.6
2018 298 10 25 0000  -13.2  963.3    1.8  272.2   35.4    0.4
2018 298 10 25 0300   -9.2  961.9    0.9  315.3   30.8    1.1
2018 298 10 25 0600   -7.8  960.2    1.2  298.7   25.8    0.8
2018 298 10 25 0900   -8.2  958.5    7.2  215.3   34.3    0.8
2018 298 10 25 1200   -7.9  956.8   10.4  209.5   32.6    0.8
2018 298 10 25 1500  -10.0  956.4    7.6  151.3   35.7    0.9
2018 298 10 25 1800  -10.2  957.6    3.3  182.1   51.4    0.8
2018 298 10 25 2100   -8.8  957.5    4.7  249.8   46.9    0.6
2018 299 10 26 0000   -6.6  957.7    3.5  265.3   44.7    0.7
2018 299 10 26 0300   -4.9  958.8    1.2  263.2   49.8    0.5
2018 299 10 26 0600   -5.9  959.2    5.8  282.3   52.8    0.8
2018 299 10 26 0900   -5.2  961.6    4.3  321.7   51.5    0.9
2018 299 10 26 1200   -6.1  964.0   14.4  141.9   73.0    0.6
2018 299 10 26 1500  -13.1  970.3   15.7  137.5   84.2    0.3
2018 299 10 26 1800  -11.2  971.7   15.2  176.7   78.6    0.3
2018 299 10 26 2100  -10.5  973.1    7.8  164.0   75.4    0.3
2018 300 10 27 0000   -9.3  971.6    3.4  284.2   65.3    0.6
2018 300 10 27 0300   -8.2  969.3    3.6  299.8   59.6    0.6
2018 300 10 27 0600   -7.4  967.1    0.9  292.3   49.4    1.1
2018 300 10 27 0900   -9.5  964.5    1.4  175.5   47.9    0.8
2018 300 10 27 1200   -8.2  963.9    2.4  218.7   39.6    1.6
2018 300 10 27 1500   -8.1  963.2    1.9  214.0   34.8    0.8
2018 300 10 27 1800   -9.6  962.1    6.9  242.0   36.6    0.7
2018 300 10 27 2100   -5.9  961.6    5.4  253.0   29.1    0.7
2018 301 10 28 0000   -8.1  962.0    3.1  147.2   42.7    0.4
2018 301 10 28 0300   -5.6  962.7    1.4  151.0   56.1    0.5
2018 301 10 28 0600   -6.4  962.9    1.8  149.5   60.1    0.5
2018 301 10 28 0900   -5.4  963.7    4.0  313.8   48.9    1.4
2018 301 10 28 1200   -7.3  965.1    1.0  353.0   74.6    0.5
2018 301 10 28 1500  -11.4  967.6    9.9  170.2   81.8    0.3
2018 301 10 28 1800  -12.3  969.4   10.9  170.9   80.0    0.2
2018 301 10 28 2100  -11.0  970.9   10.3  171.8   71.6    0.2
2018 302 10 29 0000   -9.3  971.5    1.2  221.7   64.6    0.3
2018 302 10 29 0300   -6.4  971.1    0.7  255.9   52.5   -0.1
2018 302 10 29 0600   -4.4  970.0    4.7  243.8   51.7    0.5
2018 302 10 29 0900   -4.3  970.5    1.5  162.0   54.6    0.9
2018 302 10 29 1200   -3.5  970.2    1.5  139.3   55.3    0.6
2018 302 10 29 1500   -1.2  968.9    3.4  160.6   41.5    0.6
2018 302 10 29 1800   -2.7  968.4    1.4  300.2   49.8    0.9
2018 302 10 29 2100   -6.1  968.2    6.9  158.2   66.7    0.5
2018 303 10 30 0000   -4.7  968.3    6.3  164.7   55.6    0.4
2018 303 10 30 0300   -3.8  967.3    6.3  170.3   43.4    0.5
2018 303 10 30 0600   -3.0  966.6    4.0  172.5   36.9    0.5
2018 303 10 30 0900   -4.7  966.1    2.0  153.3   42.2    0.6
2018 303 10 30 1200   -5.5  965.4    0.3  157.4   45.0    0.7
2018 303 10 30 1500   -7.9  964.7    2.8  165.6   62.3    0.6
2018 303 10 30 1800   -7.5  964.5    2.3  176.1   63.2    0.5
2018 303 10 30 2100   -6.1  964.6    0.2   87.2   55.9    0.6
2018 304 10 31 0000   -6.8  964.1    4.3  334.7   66.7    0.3
2018 304 10 31 0300   -6.5  963.3    5.2  327.5   61.0    0.2
2018 304 10 31 0600   -7.1  963.0    2.7  314.6   62.6    0.0
2018 304 10 31 0900   -7.9  963.2    3.5  332.8   72.3    0.3
2018 304 10 31 1200   -8.8  963.3    2.1  284.5   76.4    0.3
2018 304 10 31 1500   -9.8  963.0    4.5  255.2   77.1    0.5
2018 304 10 31 1800  -12.0  963.5    4.7  140.5   69.8   -0.1
2018 304 10 31 2100  -10.9  964.1    5.5  159.7   66.8    0.0
