Year: 2018  Month: 12  ID: MP2  ARGOS:  9503  Name: MARBLE POINT II     
Lat: 77.44S  Lon: 163.76E  Elev:  111m
2018 335 12  1 0000   -4.5  970.7    3.8  357.8   64.8   -0.1
2018 335 12  1 0300   -3.3  970.1    3.6  341.4   61.7    0.0
2018 335 12  1 0600   -3.1  970.0    2.3  355.8   62.1    0.0
2018 335 12  1 0900   -2.9  970.0    0.4   18.1   43.6    0.7
2018 335 12  1 1200   -4.7  969.3    2.3  260.3   40.3    0.1
2018 335 12  1 1500   -4.3  968.4    2.9  305.0   34.4    0.7
2018 335 12  1 1800   -4.7  967.2    5.9  340.8   44.1    0.2
2018 335 12  1 2100   -5.9  966.5    3.2  347.2   63.6    0.1
2018 336 12  2 0000   -4.6  966.3    3.0  357.7   67.6    0.1
2018 336 12  2 0300   -3.5  966.0    2.9    3.9   62.8    0.0
2018 336 12  2 0600   -3.9  966.5    4.5    4.9   64.9   -0.3
2018 336 12  2 0900   -3.5  967.3    3.3  323.8   66.1    0.3
2018 336 12  2 1200   -3.9  968.7    1.7  298.4   49.9    0.2
2018 336 12  2 1500   -3.3  970.0    0.6  267.1   66.8    0.6
2018 336 12  2 1800   -3.4  971.7    0.9  160.6   62.4    0.5
2018 336 12  2 2100   -4.1  973.4    3.5  147.7   73.6    0.2
2018 337 12  3 0000   -3.3  975.8    3.4  153.1   53.4    0.2
2018 337 12  3 0300   -1.5  977.5    1.7  154.2   50.8    0.4
2018 337 12  3 0600   -3.6  979.4    5.0  142.4   71.0   -0.3
2018 337 12  3 0900   -3.5  981.0    4.7  153.2   71.5    0.0
2018 337 12  3 1200   -5.3  981.5    6.3  157.4   57.1   -0.1
2018 337 12  3 1500   -6.4  981.3    7.6  160.3   62.9   -0.1
2018 337 12  3 1800   -5.6  980.5    9.6  155.9   64.6   -0.1
2018 337 12  3 2100   -4.5  978.8   15.8  158.9   59.7   -0.0
2018 338 12  4 0000   -4.8  977.3   17.9  149.5   65.6   -0.0
2018 338 12  4 0300   -4.4  976.7   19.2  163.9   70.0   -0.0
2018 338 12  4 0600   -4.1  977.3   18.6  163.2   72.7    0.1
2018 338 12  4 0900   -4.0  978.8   10.8  179.6   73.4    0.1
2018 338 12  4 1200   -4.5  978.9    7.5  162.2   68.2    0.1
2018 338 12  4 1500   -6.0  977.9    4.1  174.6   77.0    0.1
2018 338 12  4 1800   -5.1  976.5    2.9  152.6   75.4    0.1
2018 338 12  4 2100   -4.2  974.9    4.3  314.3   63.3   -0.2
2018 339 12  5 0000   -2.2  973.2    1.2  351.6   57.7    0.2
2018 339 12  5 0300   -0.5  971.3    1.6  357.4   62.0    0.1
2018 339 12  5 0600    0.2  969.9    2.7  315.4   36.2   -0.1
2018 339 12  5 0900   -0.2  968.3    2.9  327.8   32.8    0.1
2018 339 12  5 1200    0.2  966.7    2.2  273.7   27.8   -0.0
2018 339 12  5 1500    0.0  964.9    0.9  312.7   32.8    0.5
2018 339 12  5 1800   -0.3  963.1    1.6  197.3   34.1    0.0
2018 339 12  5 2100    0.3  961.6    0.9   86.6   26.5    0.0
2018 340 12  6 0000    0.1  960.9    4.6  330.1   27.8   -0.1
2018 340 12  6 0300   -2.3  960.6    4.1    4.0   59.5   -0.5
2018 340 12  6 0600   -2.5  960.5    6.2    0.3   78.4   -0.5
2018 340 12  6 0900   -2.2  960.8    3.3  314.5   65.6    0.1
2018 340 12  6 1200   -3.1  961.3    3.7  303.8   55.7   -0.1
2018 340 12  6 1500   -2.7  961.6    2.1  234.5   43.5   -0.1
2018 340 12  6 1800   -4.0  962.6    4.3  148.6   48.9    0.1
2018 340 12  6 2100   -3.9  964.0    4.1  154.0   51.3    0.0
2018 341 12  7 0000   -2.3  965.4    6.7  152.8   49.2   -0.4
2018 341 12  7 0300   -3.2  966.9    7.5  159.5   53.7   -0.5
2018 341 12  7 0600   -3.1  968.2    6.7  165.7   54.9   -0.3
2018 341 12  7 0900   -2.6  969.6    4.8  161.9   47.0   -0.0
2018 341 12  7 1200   -2.3  970.4    0.8  115.5   37.0   -0.4
2018 341 12  7 1500   -0.4  970.3    2.4  137.0   33.5    0.2
2018 341 12  7 1800   -2.5  971.5    2.2  115.4   37.7   -0.0
2018 341 12  7 2100   -0.2  971.8    1.8   18.7   32.9   -0.0
2018 342 12  8 0000    0.5  971.4    4.9  354.5   39.7   -0.3
2018 342 12  8 0300    1.7  971.3    1.8    8.8   43.2   -0.1
2018 342 12  8 0600    2.2  971.1    2.4   76.3   28.6   -0.3
2018 342 12  8 0900    1.1  970.5    1.0  137.6   31.8    0.1
2018 342 12  8 1200    0.4  969.6    3.1  246.9   38.0    0.2
2018 342 12  8 1500   -0.4  968.8    1.2  182.5   41.4    0.3
2018 342 12  8 1800   -2.6  968.5    3.0  149.3   64.2    0.1
2018 342 12  8 2100   -2.4  968.3    5.8  150.9   72.3   -0.2
2018 343 12  9 0000   -2.4  968.7    4.2  131.9   62.5   -0.3
2018 343 12  9 0300   -0.7  968.7    1.7  131.5   53.0   -0.0
2018 343 12  9 0600   -2.6  968.8    2.9  149.5   67.8   -0.1
2018 343 12  9 0900   -3.0  968.6    2.0  142.6   68.3    0.0
2018 343 12  9 1200   -4.3  969.0    2.6  154.2   68.2   -0.0
2018 343 12  9 1500   -4.8  968.8    3.2  133.6   85.3   -0.0
2018 343 12  9 1800   -4.9  968.9    2.8  147.2   73.8   -0.0
2018 343 12  9 2100   -5.4  969.0    3.1  147.0   79.4   -0.1
2018 344 12 10 0000   -4.5  969.3    4.1  145.3   78.6   -0.2
2018 344 12 10 0300   -4.2  969.6    3.6  141.8   82.6   -0.2
2018 344 12 10 0600   -4.7  970.1    3.3  144.7   83.1   -0.2
2018 344 12 10 0900   -4.9  970.4    4.5  142.3   82.7   -0.2
2018 344 12 10 1200   -4.6  971.1    3.5  159.3   73.2   -0.1
2018 344 12 10 1500   -5.2  972.2    3.5  149.8   72.1    0.0
2018 344 12 10 1800   -6.9  973.8    7.5  152.0   86.0   -0.2
2018 344 12 10 2100   -6.8  975.3    7.6  147.3   79.6   -0.4
2018 345 12 11 0000   -6.6  976.8    4.9  139.8   72.3   -0.3
2018 345 12 11 0300  444.0  444.0  444.0  444.0  444.0  444.0
2018 345 12 11 0600  444.0  444.0  444.0  444.0  444.0  444.0
2018 345 12 11 0900  444.0  444.0  444.0  444.0  444.0  444.0
2018 345 12 11 1200   -3.9  975.8    4.9  349.2   48.0    0.0
2018 345 12 11 1500   -3.1  975.0    2.3  351.5   46.5    0.3
2018 345 12 11 1800   -3.7  975.0    3.0  152.2   60.8   -0.0
2018 345 12 11 2100   -2.9  974.7    0.9   98.7   65.8    0.0
2018 346 12 12 0000   -1.9  974.3    1.5   18.9   61.7   -0.0
2018 346 12 12 0300   -3.1  973.5    4.4    1.9   68.8   -0.6
2018 346 12 12 0600   -3.1  972.9    4.9    4.3   72.3   -0.6
2018 346 12 12 0900   -3.5  972.8    3.4    7.8   70.4   -0.2
2018 346 12 12 1200   -3.4  973.1    1.9  300.6   63.4   -0.1
2018 346 12 12 1500   -2.5  973.2    0.4  293.1   60.5    0.4
2018 346 12 12 1800   -4.4  973.9    1.9  167.1   74.0    0.1
2018 346 12 12 2100   -3.1  974.9    4.0  142.7   76.3   -0.2
2018 347 12 13 0000   -3.5  975.6    8.0  154.0   65.9   -0.5
2018 347 12 13 0300   -4.2  975.9    6.0  165.2   73.6   -0.4
2018 347 12 13 0600   -3.8  975.3    3.8  157.4   65.0   -0.2
2018 347 12 13 0900   -3.5  973.9    3.0  279.3   57.8    0.1
2018 347 12 13 1200   -4.2  972.0    3.8  268.9   54.6   -0.0
2018 347 12 13 1500   -5.1  969.8    2.7  323.4   58.8    0.0
2018 347 12 13 1800   -5.1  967.8    1.4  251.8   58.4   -0.0
2018 347 12 13 2100   -1.8  966.0    2.4  354.2   53.7   -0.1
2018 348 12 14 0000   -3.4  966.0    2.7  149.1   65.1   -0.2
2018 348 12 14 0300   -6.1  966.6    9.9  154.0   71.4   -0.6
2018 348 12 14 0600   -8.1  967.6   12.1  151.8   72.7   -0.4
2018 348 12 14 0900   -6.8  968.9    8.7  156.5   68.0   -0.3
2018 348 12 14 1200   -6.3  968.9    0.9  308.2   65.2    0.1
2018 348 12 14 1500   -5.5  968.1    4.5  281.6   64.7    0.0
2018 348 12 14 1800   -5.9  967.2    2.3  126.0   71.2   -0.1
2018 348 12 14 2100   -1.0  965.7    2.2  129.0   42.3    0.0
2018 349 12 15 0000   -3.2  965.1    8.9  138.0   60.5   -0.6
2018 349 12 15 0300   -4.9  965.2    8.0  158.0   70.4   -0.5
2018 349 12 15 0600   -5.9  965.6    7.5  155.4   73.9   -0.4
2018 349 12 15 0900   -6.8  965.9    8.7  149.9   76.5   -0.3
2018 349 12 15 1200   -8.5  966.9    9.7  153.5   77.0   -0.3
2018 349 12 15 1500   -8.9  968.9    9.1  165.1   80.0   -0.1
2018 349 12 15 1800   -7.7  970.5    8.6  159.6   76.9   -0.3
2018 349 12 15 2100   -6.4  971.8    7.2  165.2   67.2   -0.2
2018 350 12 16 0000   -4.6  971.9    3.7  136.6   58.4   -0.2
2018 350 12 16 0300   -3.4  971.3    3.1  343.5   59.0   -0.2
2018 350 12 16 0600   -1.6  970.9    2.6  315.1   48.1    0.0
2018 350 12 16 0900   -0.9  970.2    2.8  328.1   43.9    0.0
2018 350 12 16 1200   -3.1  970.1    1.3  126.3   63.1    0.1
2018 350 12 16 1500   -3.4  970.3    4.3  144.3   59.3    0.0
2018 350 12 16 1800   -5.1  971.0    4.8  146.2   68.2   -0.2
2018 350 12 16 2100   -3.5  971.3    4.2  149.9   51.4   -0.1
2018 351 12 17 0000   -1.0  970.4    1.1    2.9   41.1    0.0
2018 351 12 17 0300    2.4  967.5    2.2  314.1   34.8    0.0
2018 351 12 17 0600    2.9  967.6    4.6  139.6   37.7   -0.3
2018 351 12 17 0900    0.6  968.2    7.8  161.5   53.4   -0.2
2018 351 12 17 1200   -0.9  967.7   14.8  169.7   52.4   -0.1
2018 351 12 17 1500   -1.3  968.1   13.7  165.1   48.3   -0.0
2018 351 12 17 1800   -2.5  969.8   12.9  152.9   50.6   -0.1
2018 351 12 17 2100   -0.2  971.9    8.7  161.0   40.2   -0.2
2018 352 12 18 0000    0.6  973.1    7.0  148.7   43.7   -0.3
2018 352 12 18 0300    2.0  971.8   11.3  165.0   45.0   -0.4
2018 352 12 18 0600    2.3  972.5   14.4  165.1   30.5   -0.3
2018 352 12 18 0900    1.5  972.7   15.6  157.6   33.9   -0.1
2018 352 12 18 1200   -0.4  974.3   11.8  157.6   39.5   -0.1
2018 352 12 18 1500   -3.1  975.1   10.5  168.4   69.3   -0.1
2018 352 12 18 1800   -3.0  974.9   18.5  134.7   73.1   -0.3
2018 352 12 18 2100   -4.4  980.6   10.1  168.0   75.9   -0.4
2018 353 12 19 0000   -4.7  982.6    6.7  139.7   72.9   -0.5
2018 353 12 19 0300   -2.4  983.4    3.0  159.5   55.5   -0.2
2018 353 12 19 0600   -0.9  983.1    5.2  266.2   54.6   -0.5
2018 353 12 19 0900    0.3  982.6    3.8  270.3   45.6   -0.1
2018 353 12 19 1200   -0.2  982.2    3.6  263.0   41.5   -0.2
2018 353 12 19 1500    0.2  981.7    1.6  210.0   45.0    0.0
2018 353 12 19 1800   -0.8  981.8    3.3  166.7   56.5    0.1
2018 353 12 19 2100    0.8  981.7    4.1  157.4   40.0   -0.1
2018 354 12 20 0000    0.8  981.3    4.8  157.8   34.2   -0.2
2018 354 12 20 0300    0.9  980.7    2.1  148.8   35.8   -0.1
2018 354 12 20 0600    2.3  979.1    1.8  343.1   38.1   -0.2
2018 354 12 20 0900    1.0  977.4    1.2  359.3   40.0   -0.0
2018 354 12 20 1200    2.1  974.5    1.6  275.6   35.0   -0.0
2018 354 12 20 1500    4.3  973.9    7.6  162.7   39.9    0.1
2018 354 12 20 1800    5.6  971.0   20.2  181.5   38.3   -0.3
2018 354 12 20 2100    5.6  971.1   21.8  178.9   33.2   -0.7
2018 355 12 21 0000    4.5  970.7   20.5  175.9   31.8   -0.3
2018 355 12 21 0300    3.7  971.8   21.3  161.0   41.3   -0.6
2018 355 12 21 0600   -0.9  972.9   24.4  141.1   69.7   -0.6
2018 355 12 21 0900   -3.7  978.1   16.9  126.6   77.1   -0.6
2018 355 12 21 1200   -4.2  981.4    9.3  174.7   75.8   -0.3
2018 355 12 21 1500   -2.9  980.9    3.5  178.4   73.4   -0.3
2018 355 12 21 1800   -1.8  979.4    1.9  140.4   62.5   -0.2
2018 355 12 21 2100   -0.3  978.4    3.8  153.3   56.2   -0.5
2018 356 12 22 0000    0.5  977.8    1.0  103.4   61.4   -0.6
2018 356 12 22 0300    0.1  977.2    4.4  139.4   50.9   -0.6
2018 356 12 22 0600   -1.4  976.9    4.5  161.1   59.3   -0.6
2018 356 12 22 0900   -1.5  977.1    2.7  178.0   45.2   -0.3
2018 356 12 22 1200   -2.3  976.9    3.3  155.1   65.1   -0.3
2018 356 12 22 1500   -3.6  976.8    6.9  152.2   69.8   -0.5
2018 356 12 22 1800   -3.9  977.8    9.4  154.1   77.7   -0.5
2018 356 12 22 2100   -4.6  979.2    5.6  148.0   83.3   -0.5
2018 357 12 23 0000   -2.5  979.1    2.8  136.5   68.4   -0.4
2018 357 12 23 0300   -1.0  977.6    0.8  140.9   54.4   -0.2
2018 357 12 23 0600   -0.9  976.3    2.3   19.0   46.2   -0.4
2018 357 12 23 0900    0.0  975.2    1.3  310.9   45.3   -0.2
2018 357 12 23 1200    0.4  973.5    1.5   80.0   46.9   -0.3
2018 357 12 23 1500   -1.6  972.5    3.8  109.0   67.0   -0.3
2018 357 12 23 1800   -3.6  973.9   11.0  161.9   78.9   -0.4
2018 357 12 23 2100   -4.2  975.1    7.0  150.3   90.2   -0.4
2018 358 12 24 0000   -2.8  974.6    5.5  147.4   74.4   -0.5
2018 358 12 24 0300   -2.7  973.4    9.2  160.4   71.3   -0.7
2018 358 12 24 0600   -3.4  973.1    6.6  133.4   75.1   -0.5
2018 358 12 24 0900   -4.2  972.3    1.4  161.6   92.3   -0.2
2018 358 12 24 1200   -3.2  971.3    6.5  168.9   85.6   -0.2
2018 358 12 24 1500   -4.0  970.8    9.3  160.7   80.5   -0.2
2018 358 12 24 1800   -3.7  971.0    4.8  154.2   77.4   -0.2
2018 358 12 24 2100   -3.1  970.7    3.5  136.9   73.2   -0.3
2018 359 12 25 0000    0.7  970.1    4.2  144.5   45.4   -0.6
2018 359 12 25 0300    0.3  969.0    2.1   24.9   56.1   -0.3
2018 359 12 25 0600   -3.1  969.3    9.9  150.8   80.7   -0.6
2018 359 12 25 0900   -3.9  969.8    5.7  143.9   77.6   -0.4
2018 359 12 25 1200   -3.8  969.1    3.9  174.4   73.7   -0.2
2018 359 12 25 1500   -3.3  968.0    1.3  340.4   74.2   -0.1
2018 359 12 25 1800   -1.7  967.9    1.2   16.4   61.5   -0.1
2018 359 12 25 2100   -0.6  967.2    4.1  302.1   58.9   -0.3
2018 360 12 26 0000   -0.8  966.1   13.5  159.2   69.7   -0.5
2018 360 12 26 0300   -0.4  966.7   13.0  142.0   62.9   -0.8
2018 360 12 26 0600   -2.8  969.7    5.7  165.4   72.5   -0.5
2018 360 12 26 0900   -1.7  969.8    4.7  148.9   66.3   -0.4
2018 360 12 26 1200    0.4  970.2    2.3  284.5   51.2   -0.2
2018 360 12 26 1500   -0.4  970.3    3.3  321.9   59.3   -0.2
2018 360 12 26 1800    1.1  971.0    1.8   39.2   50.2   -0.3
2018 360 12 26 2100    1.3  971.4    2.9  298.4   47.1   -0.3
2018 361 12 27 0000   -1.9  973.4    6.5   87.0   74.8   -0.8
2018 361 12 27 0300   -3.8  973.5   14.0  124.0   77.9   -1.0
2018 361 12 27 0600   -3.4  975.3   11.8  156.2   73.3   -0.6
2018 361 12 27 0900   -4.3  976.6   10.2  159.5   76.2   -0.5
2018 361 12 27 1200   -4.4  977.1    8.1  161.3   73.5   -0.6
2018 361 12 27 1500   -5.5  978.0    1.6  137.5   81.4   -0.3
2018 361 12 27 1800   -4.5  978.2    4.0  234.6   73.2   -0.4
2018 361 12 27 2100   -5.1  978.3    4.5  148.1   86.8   -0.4
2018 362 12 28 0000   -4.0  978.2    4.8  141.3   78.6   -0.6
2018 362 12 28 0300   -3.4  977.6    3.3  124.0   74.6   -0.5
2018 362 12 28 0600   -3.9  977.4    3.2  136.5   76.2   -0.4
2018 362 12 28 0900   -4.4  977.1    5.4  144.0   83.8   -0.5
2018 362 12 28 1200   -5.4  976.9    5.0  150.4   91.3   -0.3
2018 362 12 28 1500   -5.5  976.2    4.6  158.6   85.6   -0.2
2018 362 12 28 1800   -5.1  975.9    4.3  148.6   76.4   -0.3
2018 362 12 28 2100   -5.6  975.5    4.0  137.9   85.4   -0.3
2018 363 12 29 0000   -4.6  975.4    2.5  139.9   76.8   -0.3
2018 363 12 29 0300   -3.5  974.7    3.1   28.3   70.3   -0.5
2018 363 12 29 0600   -3.7  974.5    2.8   95.0   72.1   -0.5
2018 363 12 29 0900   -3.5  974.4    1.8   26.2   72.4   -0.3
2018 363 12 29 1200   -3.9  974.5    0.5   46.9   74.1   -0.6
2018 363 12 29 1500   -4.1  974.3    0.8   92.6   75.2   -0.3
2018 363 12 29 1800   -4.0  974.8    1.0   12.4   73.1   -0.3
2018 363 12 29 2100   -3.2  974.8    3.2   23.1   62.7   -0.5
2018 364 12 30 0000   -3.0  974.9    4.5    9.2   72.1   -0.7
2018 364 12 30 0300   -2.3  974.8    4.8   13.5   65.7   -0.8
2018 364 12 30 0600   -2.5  974.9    4.0    6.0   66.9   -0.7
2018 364 12 30 0900   -2.8  974.9    3.2    1.7   67.1   -0.4
2018 364 12 30 1200   -3.5  975.2    1.6  355.2   60.1   -0.4
2018 364 12 30 1500   -1.8  975.2    0.9  249.9   46.3   -0.2
2018 364 12 30 1800   -2.0  975.1    0.7  323.1   44.8   -0.1
2018 364 12 30 2100   -2.5  975.1    2.0  343.3   59.5   -0.3
2018 365 12 31 0000   -1.2  975.1    2.9    2.7   62.5   -0.5
2018 365 12 31 0300   -1.5  974.6    3.3    6.4   69.7   -0.7
2018 365 12 31 0600   -1.0  974.6    3.7    6.5   69.9   -0.7
2018 365 12 31 0900   -1.7  974.6    2.2    3.2   76.4   -0.3
2018 365 12 31 1200   -0.4  975.0    1.7  162.2   69.6   -0.5
2018 365 12 31 1500   -1.0  975.0    0.7  358.2   71.9   -0.1
2018 365 12 31 1800   -0.0  974.3    2.1  337.2   51.5   -0.2
2018 365 12 31 2100   -0.3  974.2    2.1    2.0   50.3   -0.3
