Year: 2018  Month: 03  ID: MP2  ARGOS: 99503  Name: Marble Point II     
Lat: 77.44S  Lon: 163.76E  Elev:  111m
2018  60  3  1 0000  -11.0  969.3    9.2  171.9   72.0   -0.2
2018  60  3  1 0300  -10.0  969.4   13.1  158.5   72.0   -0.2
2018  60  3  1 0600  -11.4  969.8   12.2  168.5   84.3   -0.2
2018  60  3  1 0900  -12.7  970.9   12.4  181.1   84.8   -0.2
2018  60  3  1 1200  -12.7  971.4   11.7  170.1   84.9   -0.2
2018  60  3  1 1500  -13.1  971.8   10.8  174.4   84.7   -0.2
2018  60  3  1 1800  -14.0  971.9   10.8  175.5   83.5   -0.2
2018  60  3  1 2100  -14.2  971.5   11.8  174.6   82.8   -0.2
2018  61  3  2 0000  -13.8  971.9   10.7  178.6   81.7   -0.2
2018  61  3  2 0300  -14.0  971.3   11.7  169.0   82.8   -0.3
2018  61  3  2 0600  -14.1  971.3   11.1  178.8   82.5   -0.2
2018  61  3  2 0900  -13.4  971.7   10.5  168.8   83.0   -0.2
2018  61  3  2 1200  -13.6  972.4    9.6  172.0   82.4   -0.2
2018  61  3  2 1500  -13.3  972.9    9.9  172.3   83.0   -0.2
2018  61  3  2 1800  -14.4  973.7    7.8  167.6   83.5   -0.2
2018  61  3  2 2100  -14.7  974.2    8.5  173.5   81.3   -0.2
2018  62  3  3 0000  -15.3  975.0    9.5  172.7   80.2   -0.2
2018  62  3  3 0300  -15.5  975.2    9.2  170.0   80.9   -0.1
2018  62  3  3 0600  -16.1  976.2    7.7  168.0   79.1   -0.2
2018  62  3  3 0900  -17.1  976.5    8.0  163.2   81.2   -0.2
2018  62  3  3 1200  -17.1  977.2    7.4  160.0   80.4   -0.1
2018  62  3  3 1500  -16.3  976.9    7.7  169.2   70.2   -0.1
2018  62  3  3 1800  -16.5  976.8    7.8  163.7   73.5   -0.1
2018  62  3  3 2100  -16.4  976.7    6.9  160.3   76.0   -0.2
2018  63  3  4 0000  -16.3  976.5    7.2  156.6   77.8   -0.3
2018  63  3  4 0300  -16.5  976.0    7.3  154.5   80.5   -0.2
2018  63  3  4 0600  -15.9  975.9    6.2  154.4   81.7   -0.2
2018  63  3  4 0900  -15.9  976.1    5.8  151.5   82.0   -0.2
2018  63  3  4 1200  -14.9  976.7    6.7  156.9   83.0   -0.1
2018  63  3  4 1500  -15.2  976.8    5.2  160.9   82.8   -0.2
2018  63  3  4 1800  -15.2  976.9    9.7  166.1   82.8   -0.2
2018  63  3  4 2100  -14.1  977.4    9.2  146.7   83.3   -0.2
2018  64  3  5 0000  -14.2  978.8    9.8  150.6   82.0   -0.2
2018  64  3  5 0300  -14.8  979.7   11.0  177.1   81.7   -0.2
2018  64  3  5 0600  -15.5  980.4   12.1  168.0   76.8   -0.2
2018  64  3  5 0900  -16.0  981.3   11.0  173.4   80.3   -0.2
2018  64  3  5 1200  -17.1  981.7   10.5  171.4   78.3   -0.1
2018  64  3  5 1500  -16.9  981.4    9.8  158.0   81.2   -0.2
2018  64  3  5 1800  -16.6  980.7   12.9  169.4   79.9   -0.1
2018  64  3  5 2100  -16.9  980.9   11.1  168.2   78.1   -0.2
2018  65  3  6 0000  -16.5  980.6    9.3  181.7   76.0   -0.2
2018  65  3  6 0300  -16.2  978.9   11.2  177.8   73.3   -0.1
2018  65  3  6 0600  -16.2  978.6    9.2  185.6   70.6   -0.1
2018  65  3  6 0900  -16.6  977.4    8.7  169.7   65.2   -0.0
2018  65  3  6 1200  -17.2  976.0    8.8  162.7   66.7   -0.1
2018  65  3  6 1500  -17.5  974.8    7.0  173.7   60.5    0.1
2018  65  3  6 1800  -17.1  973.4    9.3  174.7   56.7    0.0
2018  65  3  6 2100  -18.0  972.6    8.8  174.5   58.3   -0.0
2018  66  3  7 0000  -17.5  971.9    8.1  168.2   61.7   -0.0
2018  66  3  7 0300  -19.4  970.6    7.8  158.9   71.9   -0.1
2018  66  3  7 0600  -20.5  969.3    6.4  163.2   67.2   -0.1
2018  66  3  7 0900  -21.1  968.1    6.4  155.7   73.1    0.0
2018  66  3  7 1200  -22.4  967.0    6.5  159.4   70.0    0.1
2018  66  3  7 1500  -23.5  965.4    7.5  174.0   66.7    0.1
2018  66  3  7 1800  -24.9  964.0    8.4  174.1   67.0   -0.1
2018  66  3  7 2100  -24.1  963.5    8.7  172.8   74.3   -0.3
2018  67  3  8 0000  -24.8  962.9    9.4  170.0   71.5   -0.3
2018  67  3  8 0300  -24.2  962.5    6.9  163.7   73.8   -0.3
2018  67  3  8 0600  -23.3  962.0    7.5  149.0   69.3   -0.3
2018  67  3  8 0900  -23.6  962.9    5.9  175.7   69.6   -0.2
2018  67  3  8 1200  444.0  444.0  444.0  444.0  444.0  444.0
2018  67  3  8 1500  -22.7  962.5    4.7  153.9   64.8   -0.1
2018  67  3  8 1800  -22.7  963.0    6.0  172.5   68.2    0.1
2018  67  3  8 2100  -21.8  962.2    6.5  160.6   56.5   -0.1
2018  68  3  9 0000  -20.5  961.1   11.3  163.3   70.4   -0.2
2018  68  3  9 0300  -19.2  960.5   14.0  171.8   78.0   -0.2
2018  68  3  9 0600  -18.9  959.8   18.6  170.7   78.9   -0.2
2018  68  3  9 0900  -14.9  960.9   19.4  167.6   82.4   -0.1
2018  68  3  9 1200  -11.4  962.1   17.2  162.3   79.5    0.0
2018  68  3  9 1500  -10.6  963.8   20.6  155.7   70.3    0.1
2018  68  3  9 1800  -12.2  966.7   18.1  150.7   81.6   -0.0
2018  68  3  9 2100  -10.9  971.0    8.8  158.6   80.1   -0.1
2018  69  3 10 0000  -11.3  972.4    9.4  142.9   72.3   -0.2
2018  69  3 10 0300  -11.4  972.4    7.5  170.2   69.0   -0.1
2018  69  3 10 0600  -12.6  973.0    9.8  176.8   61.3   -0.0
2018  69  3 10 0900  -12.6  973.5    8.4  182.1   53.1    0.0
2018  69  3 10 1200  -12.7  973.9    5.6  152.3   48.9    0.4
2018  69  3 10 1500  -13.8  974.7    3.8  189.1   61.2    0.5
2018  69  3 10 1800  -16.7  975.7    8.3  181.3   66.7    0.1
2018  69  3 10 2100  -16.5  977.6    6.4  166.5   60.6    0.0
2018  70  3 11 0000  -14.9  978.6    1.2  199.1   62.6   -0.0
2018  70  3 11 0300  444.0  978.8    0.2  181.1   46.7    0.3
2018  70  3 11 0600  -12.7  978.7    1.5  295.9   45.0    0.2
2018  70  3 11 0900  -13.9  979.5    1.6  238.3   49.4    1.0
2018  70  3 11 1200  -16.3  978.2   10.2  252.5   48.3    0.3
2018  70  3 11 1500  -15.5  977.1   10.9  260.0   48.5    0.2
2018  70  3 11 1800  -11.3  977.4   10.0  202.3   43.4    0.1
2018  70  3 11 2100  -10.2  977.8    1.2  303.3   46.5    0.4
2018  71  3 12 0000  -10.0  978.2    0.4  292.8   58.8    0.0
2018  71  3 12 0300  -11.2  977.4    4.8  269.8   61.7    0.0
2018  71  3 12 0600  -10.9  977.0    4.1  294.5   74.1    0.4
2018  71  3 12 0900  -10.4  977.6    4.7  271.9   56.0    0.4
2018  71  3 12 1200   -9.4  977.3    1.7  203.5   65.0    0.1
2018  71  3 12 1500   -8.8  976.7    4.0  304.7   60.9    0.6
2018  71  3 12 1800   -7.9  977.8    2.5  324.6   58.8    0.3
2018  71  3 12 2100   -6.2  977.6    7.3  165.6   55.4    0.2
2018  72  3 13 0000   -5.8  977.8   12.0  189.0   49.3   -0.0
2018  72  3 13 0300   -6.1  977.1    9.2  195.2   42.5   -0.1
2018  72  3 13 0600  -10.3  977.1   13.5  126.2   79.6   -0.2
2018  72  3 13 0900  -12.5  978.3   12.4  145.0   75.5   -0.2
2018  72  3 13 1200  -13.5  979.8   10.7  152.9   76.8   -0.2
2018  72  3 13 1500  -15.1  979.7   10.7  170.9   76.7   -0.2
2018  72  3 13 1800  -14.2  979.4    1.9  227.4   66.1    0.1
2018  72  3 13 2100  -12.2  978.8    2.4  196.1   64.6    0.0
2018  73  3 14 0000  -11.8  977.9    3.4  188.8   67.4   -0.1
2018  73  3 14 0300  -11.0  977.1    7.0  148.3   71.6   -0.3
2018  73  3 14 0600  -11.1  976.9    2.9  212.2   69.4   -0.1
2018  73  3 14 0900  -10.7  976.7    5.2  147.5   57.0    0.1
2018  73  3 14 1200  -10.4  976.3    5.3  168.5   59.1    0.1
2018  73  3 14 1500  -11.7  975.7    8.3  155.6   62.9   -0.0
2018  73  3 14 1800  -12.5  975.0    9.1  174.6   61.9   -0.0
2018  73  3 14 2100  -12.7  974.1   10.5  138.3   57.1   -0.1
2018  74  3 15 0000  -13.4  972.8    8.6  151.7   60.4   -0.2
2018  74  3 15 0300  -13.6  971.6   10.3  157.3   59.4   -0.3
2018  74  3 15 0600  -13.9  970.1    4.1  219.7   51.4   -0.2
2018  74  3 15 0900  -15.2  968.2    3.7  174.3   57.4    0.0
2018  74  3 15 1200  -16.0  966.4    6.1  191.0   56.6    0.2
2018  74  3 15 1500  -16.7  964.5    3.7  188.9   55.0    0.5
2018  74  3 15 1800  -15.9  962.8    2.3  224.4   55.6    0.6
2018  74  3 15 2100  -14.3  961.3    0.3  329.1   35.7    0.1
2018  75  3 16 0000  444.0  960.7    0.9  102.3   41.9   -0.1
2018  75  3 16 0300  -15.5  960.8    0.8  196.3   60.1    0.4
2018  75  3 16 0600  -19.4  961.4    5.0  153.2   74.6   -0.4
2018  75  3 16 0900  -19.9  962.3    6.8  155.8   73.6   -0.3
2018  75  3 16 1200  -20.0  962.9    5.5  146.0   74.6   -0.1
2018  75  3 16 1500  -20.0  962.8    4.1  157.3   75.7    0.0
2018  75  3 16 1800  -19.2  962.6    2.2  181.0   60.0    0.2
2018  75  3 16 2100  -18.6  961.7    1.3  162.5   52.7   -0.0
2018  76  3 17 0000  -17.9  959.9    2.4  311.3   51.8    0.0
2018  76  3 17 0300  -13.8  957.8    1.0   37.9   40.8   -0.0
2018  76  3 17 0600  -13.6  956.1    1.1  250.0   37.4    0.1
2018  76  3 17 0900  -13.9  954.4    3.2  319.0   40.1    0.4
2018  76  3 17 1200  -12.4  955.5    1.2  227.1   48.8    0.4
2018  76  3 17 1500  -13.1  954.8    3.6  276.5   54.6    0.7
2018  76  3 17 1800  -13.4  954.4    3.7  274.1   66.1    0.7
2018  76  3 17 2100  -12.2  953.6    2.9  317.3   41.0    0.3
2018  77  3 18 0000  -12.5  954.7    3.5  347.7   40.2   -0.1
2018  77  3 18 0300  -11.5  956.6    4.0  334.5   49.9   -0.1
2018  77  3 18 0600  -10.0  959.9    2.0  328.6   45.6   -0.1
2018  77  3 18 0900  -11.7  964.0    1.3  185.1   48.2    0.0
2018  77  3 18 1200  -11.1  968.4    2.7  166.8   58.6    0.4
2018  77  3 18 1500  -12.9  972.1    5.9  172.8   67.4    0.7
2018  77  3 18 1800  -11.7  976.6    2.9  197.0   69.2    0.6
2018  77  3 18 2100  -12.0  980.2    4.1  210.0   73.4    0.5
2018  78  3 19 0000  -11.6  983.6    2.3  180.4   74.4    0.3
2018  78  3 19 0300  -14.7  986.6    5.8  158.3   81.0   -0.3
2018  78  3 19 0600  -15.0  986.3   10.7  160.1   66.6   -0.2
2018  78  3 19 0900  -14.7  987.8    9.0  165.0   76.4   -0.1
2018  78  3 19 1200  -14.8  987.5    8.9  155.4   82.7   -0.1
2018  78  3 19 1500  -15.0  988.6    8.3  164.6   80.9   -0.2
2018  78  3 19 1800  -14.7  987.1    9.2  173.4   78.0   -0.1
2018  78  3 19 2100  -14.6  986.5    6.4  166.6   73.4    0.1
2018  79  3 20 0000  -14.9  985.0    6.3  158.5   74.7    0.0
2018  79  3 20 0300  -14.8  983.9    5.4  173.5   72.5    0.0
2018  79  3 20 0600  -15.3  982.3    7.4  165.0   77.1   -0.1
2018  79  3 20 0900  -17.0  980.6    1.1  167.9   78.5   -0.2
2018  79  3 20 1200  -14.3  978.3    6.2  170.3   69.2   -0.1
2018  79  3 20 1500  -15.4  976.4    8.6  170.4   76.2   -0.2
2018  79  3 20 1800  -15.7  975.6    6.3  181.1   73.6   -0.1
2018  79  3 20 2100  -15.5  974.9    8.0  170.3   75.8   -0.1
2018  80  3 21 0000  -14.2  974.1    6.4  170.7   62.5   -0.1
2018  80  3 21 0300  -14.4  973.0    4.2  150.1   62.8   -0.1
2018  80  3 21 0600  -15.1  972.0    4.0  147.0   70.0   -0.2
2018  80  3 21 0900  -15.6  970.7    2.7  147.9   74.1   -0.2
2018  80  3 21 1200  -16.7  969.4    6.3  155.1   74.3   -0.2
2018  80  3 21 1500  -17.8  969.3   10.0  165.3   67.8   -0.2
2018  80  3 21 1800  -17.3  969.7    8.7  163.0   66.9   -0.2
2018  80  3 21 2100  -18.1  970.5    6.3  166.1   79.7   -0.2
2018  81  3 22 0000  -17.8  970.7    6.0  171.5   73.0   -0.3
2018  81  3 22 0300  -18.1  971.0    7.4  166.8   65.8   -0.2
2018  81  3 22 0600  -19.1  971.5    8.7  172.0   57.1   -0.2
2018  81  3 22 0900  -20.0  972.6    4.2  194.8   63.4   -0.1
2018  81  3 22 1200  -19.9  972.4    9.3  206.2   38.8    0.0
2018  81  3 22 1500  -19.6  971.9    4.4  248.3   36.9    1.0
2018  81  3 22 1800  -19.3  970.1    7.3  251.6   40.1    0.2
2018  81  3 22 2100  -16.8  968.3    3.9  257.6   32.6    0.9
2018  82  3 23 0000  -14.2  965.0    9.2  250.9   45.5   -0.0
2018  82  3 23 0300  -11.8  964.4    4.4  245.2   40.5    0.2
2018  82  3 23 0600  -12.0  965.1    2.7  139.9   46.1    0.1
2018  82  3 23 0900  -13.4  967.9    3.7  187.1   63.8    0.3
2018  82  3 23 1200  -13.7  970.2    6.8  179.3   64.7    0.6
2018  82  3 23 1500  -13.6  972.0    3.6  224.2   55.5    0.3
2018  82  3 23 1800  -12.8  973.3    3.6  208.3   60.0    0.6
2018  82  3 23 2100   -8.4  972.5    2.5  235.5   37.0    0.4
2018  83  3 24 0000   -5.1  971.7    9.5  192.9   46.6    0.1
2018  83  3 24 0300   -5.1  972.4    4.9  154.9   51.3    0.2
2018  83  3 24 0600   -7.0  973.4    5.1  177.7   69.9    0.2
2018  83  3 24 0900   -4.9  974.0    8.7  166.4   54.2    0.3
2018  83  3 24 1200   -6.8  975.2    7.9  168.7   65.0    0.1
2018  83  3 24 1500   -5.2  973.2   13.7  205.3   41.6    0.0
2018  83  3 24 1800   -4.9  971.3   16.5  206.6   47.9    0.0
2018  83  3 24 2100   -7.3  972.5   10.9  150.2   70.3   -0.1
2018  84  3 25 0000   -5.6  973.5    7.1  178.5   59.6    0.2
2018  84  3 25 0300   -7.3  972.1   20.4  149.3   60.4    0.1
2018  84  3 25 0600   -9.3  976.1   10.5  161.3   64.5   -0.0
2018  84  3 25 0900   -9.0  976.3    8.6  150.7   65.4    0.1
2018  84  3 25 1200   -8.7  975.8    6.6  141.9   59.4    0.0
2018  84  3 25 1500   -7.8  974.9    5.4  337.2   44.8    0.4
2018  84  3 25 1800   -7.7  974.1    2.0  213.4   35.2    1.0
2018  84  3 25 2100   -7.1  973.3    0.2  275.7   44.2    0.2
2018  85  3 26 0000   -6.8  973.8    1.2  292.4   47.5    0.8
2018  85  3 26 0300   -7.6  974.5    1.8  304.6   53.7    0.4
2018  85  3 26 0600  -11.4  976.1    5.6  187.4   66.7    0.2
2018  85  3 26 0900  -12.6  978.2    2.7  185.3   67.9    0.2
2018  85  3 26 1200  -10.5  979.7    2.0  274.5   49.8    0.9
2018  85  3 26 1500  -12.0  981.3    1.3  260.1   59.5    0.5
2018  85  3 26 1800  -12.3  982.5    2.6  170.4   56.7    0.7
2018  85  3 26 2100  -13.3  983.5    7.6  194.9   46.4    0.3
2018  86  3 27 0000  -11.7  985.0    4.6  164.1   44.0    0.1
2018  86  3 27 0300  -13.2  985.4    6.8  167.0   59.6   -0.1
2018  86  3 27 0600  -13.4  986.2    2.1  173.1   47.3    0.1
2018  86  3 27 0900  -14.2  986.6    0.2  235.3   44.6   -0.1
2018  86  3 27 1200  -13.8  986.8    0.5  348.9   50.9    0.0
2018  86  3 27 1500  -13.0  986.7    1.3  315.5   50.2    0.2
2018  86  3 27 1800  -13.6  987.1    1.4  281.4   50.9   -0.0
2018  86  3 27 2100  -15.0  987.9    2.2  151.6   64.1    0.1
2018  87  3 28 0000  -15.4  989.5    1.3  162.5   64.1    0.0
2018  87  3 28 0300  -15.8  989.8    2.5  161.3   67.3    0.1
2018  87  3 28 0600  -16.2  990.3    1.1  174.1   67.3    0.1
2018  87  3 28 0900  444.0  989.8    0.5  202.9   48.4   -0.0
2018  87  3 28 1200  444.0  989.7    0.1  223.7   56.6   -0.0
2018  87  3 28 1500  -16.5  989.6    0.9  232.0   69.1    0.8
2018  87  3 28 1800  -16.8  989.8    0.5  163.3   77.3   -0.1
2018  87  3 28 2100  -17.8  990.0    2.5  156.5   80.9    0.1
2018  88  3 29 0000  -17.0  990.5    3.3  171.1   80.3    0.1
2018  88  3 29 0300  -17.5  991.4    2.4  154.6   80.1   -0.0
2018  88  3 29 0600  -16.0  992.2    0.1  224.7   80.4    0.3
2018  88  3 29 0900  -13.8  992.1    0.5  346.7   52.4    0.3
2018  88  3 29 1200  -11.5  991.6    0.5   23.3   25.2   -0.0
2018  88  3 29 1500  -12.6  990.9    2.6  325.3   26.5    0.1
2018  88  3 29 1800  -11.0  990.3    1.2  310.6   25.0    0.1
2018  88  3 29 2100  -11.8  989.7    4.2  147.5   35.1    0.4
2018  89  3 30 0000   -7.3  989.2    1.3  123.2   25.4    0.4
2018  89  3 30 0300   -6.3  988.4    2.9  212.0   27.1    0.2
2018  89  3 30 0600   -9.4  987.7    1.4  349.7   45.9    0.3
2018  89  3 30 0900   -9.7  987.6    1.7  324.8   38.6    0.1
2018  89  3 30 1200  -12.3  987.0    1.6  180.1   64.2    0.3
2018  89  3 30 1500  -12.7  987.1    1.4  151.2   46.9    0.0
2018  89  3 30 1800  -15.3  987.3    3.1  171.8   55.2    0.2
2018  89  3 30 2100  -14.2  987.9    2.4  164.9   54.0    0.2
2018  90  3 31 0000  -15.7  988.6    7.0  162.3   69.3   -0.0
2018  90  3 31 0300  -14.8  989.5    2.8  186.2   61.2   -0.1
2018  90  3 31 0600  -13.2  990.1    1.0  148.5   53.8    0.1
2018  90  3 31 0900  -13.9  990.6    2.4  243.1   58.1    0.6
2018  90  3 31 1200  -13.4  990.6    1.9  150.2   50.0    0.1
2018  90  3 31 1500  -11.8  990.1    0.3   91.2   42.1   -0.0
2018  90  3 31 1800  -11.5  989.9    1.4  189.2   38.5    0.4
2018  90  3 31 2100  -10.1  990.0    1.0  302.3   33.4    0.4
