Year: 2018  Month: 01  ID: MTS  ARGOS:  8981  Name: Mount Siple         
Lat: 73.20S  Lon: 127.06W  Elev:  230m
2018   1  1  1 0000  444.0  444.0  444.0  444.0  444.0  444.0
2018   1  1  1 0300  444.0  444.0  444.0  444.0  444.0  444.0
2018   1  1  1 0600  444.0  444.0  444.0  444.0  444.0  444.0
2018   1  1  1 0900  444.0  444.0  444.0  444.0  444.0  444.0
2018   1  1  1 1200  444.0  444.0  444.0  444.0  444.0  444.0
2018   1  1  1 1500  444.0  444.0  444.0  444.0  444.0  444.0
2018   1  1  1 1800  444.0  444.0  444.0  444.0  444.0  444.0
2018   1  1  1 2100  444.0  444.0  444.0  444.0  444.0  444.0
2018   2  1  2 0000  444.0  444.0  444.0  444.0  444.0  444.0
2018   2  1  2 0300  444.0  444.0  444.0  444.0  444.0  444.0
2018   2  1  2 0600  444.0  444.0  444.0  444.0  444.0  444.0
2018   2  1  2 0900  444.0  444.0  444.0  444.0  444.0  444.0
2018   2  1  2 1200  444.0  444.0  444.0  444.0  444.0  444.0
2018   2  1  2 1500  444.0  444.0  444.0  444.0  444.0  444.0
2018   2  1  2 1800  -12.1  953.8  444.0  444.0  444.0  444.0
2018   2  1  2 2100  444.0  444.0  444.0  444.0  444.0  444.0
2018   3  1  3 0000  444.0  444.0  444.0  444.0  444.0  444.0
2018   3  1  3 0300  444.0  444.0  444.0  444.0  444.0  444.0
2018   3  1  3 0600  444.0  444.0  444.0  444.0  444.0  444.0
2018   3  1  3 0900  444.0  444.0  444.0  444.0  444.0  444.0
2018   3  1  3 1200  444.0  444.0  444.0  444.0  444.0  444.0
2018   3  1  3 1500  444.0  444.0  444.0  444.0  444.0  444.0
2018   3  1  3 1800  -10.8  948.4  444.0  444.0  444.0  444.0
2018   3  1  3 2100  444.0  444.0  444.0  444.0  444.0  444.0
2018   4  1  4 0000   -9.8  947.3  444.0  444.0  444.0  444.0
2018   4  1  4 0300  444.0  444.0  444.0  444.0  444.0  444.0
2018   4  1  4 0600  444.0  444.0  444.0  444.0  444.0  444.0
2018   4  1  4 0900  444.0  444.0  444.0  444.0  444.0  444.0
2018   4  1  4 1200  444.0  444.0  444.0  444.0  444.0  444.0
2018   4  1  4 1500  444.0  444.0  444.0  444.0  444.0  444.0
2018   4  1  4 1800  444.0  444.0  444.0  444.0  444.0  444.0
2018   4  1  4 2100  444.0  444.0  444.0  444.0  444.0  444.0
2018   5  1  5 0000  444.0  444.0  444.0  444.0  444.0  444.0
2018   5  1  5 0300  444.0  444.0  444.0  444.0  444.0  444.0
2018   5  1  5 0600  444.0  444.0  444.0  444.0  444.0  444.0
2018   5  1  5 0900  444.0  444.0  444.0  444.0  444.0  444.0
2018   5  1  5 1200  444.0  444.0  444.0  444.0  444.0  444.0
2018   5  1  5 1500  444.0  444.0  444.0  444.0  444.0  444.0
2018   5  1  5 1800   -9.6  960.4  444.0  444.0  444.0  444.0
2018   5  1  5 2100   -9.8  959.2  444.0  444.0  444.0  444.0
2018   6  1  6 0000   -9.4  959.3  444.0  444.0  444.0  444.0
2018   6  1  6 0300  444.0  444.0  444.0  444.0  444.0  444.0
2018   6  1  6 0600  444.0  444.0  444.0  444.0  444.0  444.0
2018   6  1  6 0900  444.0  444.0  444.0  444.0  444.0  444.0
2018   6  1  6 1200  444.0  444.0  444.0  444.0  444.0  444.0
2018   6  1  6 1500  444.0  444.0  444.0  444.0  444.0  444.0
2018   6  1  6 1800  444.0  444.0  444.0  444.0  444.0  444.0
2018   6  1  6 2100  444.0  444.0  444.0  444.0  444.0  444.0
2018   7  1  7 0000   -9.4  959.3  444.0  444.0  444.0  444.0
2018   7  1  7 0300  444.0  444.0  444.0  444.0  444.0  444.0
2018   7  1  7 0600  444.0  444.0  444.0  444.0  444.0  444.0
2018   7  1  7 0900  444.0  444.0  444.0  444.0  444.0  444.0
2018   7  1  7 1200  444.0  444.0  444.0  444.0  444.0  444.0
2018   7  1  7 1500  444.0  444.0  444.0  444.0  444.0  444.0
2018   7  1  7 1800  444.0  444.0  444.0  444.0  444.0  444.0
2018   7  1  7 2100   -8.1  960.3  444.0  444.0  444.0  444.0
2018   8  1  8 0000   -8.2  962.2  444.0  444.0  444.0  444.0
2018   8  1  8 0300  444.0  444.0  444.0  444.0  444.0  444.0
2018   8  1  8 0600  444.0  444.0  444.0  444.0  444.0  444.0
2018   8  1  8 0900  444.0  444.0  444.0  444.0  444.0  444.0
2018   8  1  8 1200  444.0  444.0  444.0  444.0  444.0  444.0
2018   8  1  8 1500  444.0  444.0  444.0  444.0  444.0  444.0
2018   8  1  8 1800   -9.1  970.3  444.0  444.0  444.0  444.0
2018   8  1  8 2100   -9.0  970.2  444.0  444.0  444.0  444.0
2018   9  1  9 0000   -7.8  971.1  444.0  444.0  444.0  444.0
2018   9  1  9 0300  444.0  444.0  444.0  444.0  444.0  444.0
2018   9  1  9 0600  444.0  444.0  444.0  444.0  444.0  444.0
2018   9  1  9 0900  444.0  444.0  444.0  444.0  444.0  444.0
2018   9  1  9 1200  444.0  444.0  444.0  444.0  444.0  444.0
2018   9  1  9 1500  444.0  444.0  444.0  444.0  444.0  444.0
2018   9  1  9 1800   -8.4  968.7  444.0  444.0  444.0  444.0
2018   9  1  9 2100   -7.8  967.4  444.0  444.0  444.0  444.0
2018  10  1 10 0000   -8.8  965.7  444.0  444.0  444.0  444.0
2018  10  1 10 0300  444.0  444.0  444.0  444.0  444.0  444.0
2018  10  1 10 0600  444.0  444.0  444.0  444.0  444.0  444.0
2018  10  1 10 0900  444.0  444.0  444.0  444.0  444.0  444.0
2018  10  1 10 1200  444.0  444.0  444.0  444.0  444.0  444.0
2018  10  1 10 1500  444.0  444.0  444.0  444.0  444.0  444.0
2018  10  1 10 1800   -9.5  957.3  444.0  444.0  444.0  444.0
2018  10  1 10 2100   -9.5  956.9  444.0  444.0  444.0  444.0
2018  11  1 11 0000   -9.4  957.6  444.0  444.0  444.0  444.0
2018  11  1 11 0300  444.0  444.0  444.0  444.0  444.0  444.0
2018  11  1 11 0600  444.0  444.0  444.0  444.0  444.0  444.0
2018  11  1 11 0900  444.0  444.0  444.0  444.0  444.0  444.0
2018  11  1 11 1200  444.0  444.0  444.0  444.0  444.0  444.0
2018  11  1 11 1500  444.0  444.0  444.0  444.0  444.0  444.0
2018  11  1 11 1800   -9.2  960.0  444.0  444.0  444.0  444.0
2018  11  1 11 2100   -8.6  960.8  444.0  444.0  444.0  444.0
2018  12  1 12 0000  444.0  444.0  444.0  444.0  444.0  444.0
2018  12  1 12 0300  444.0  444.0  444.0  444.0  444.0  444.0
2018  12  1 12 0600  444.0  444.0  444.0  444.0  444.0  444.0
2018  12  1 12 0900  444.0  444.0  444.0  444.0  444.0  444.0
2018  12  1 12 1200  444.0  444.0  444.0  444.0  444.0  444.0
2018  12  1 12 1500  444.0  444.0  444.0  444.0  444.0  444.0
2018  12  1 12 1800   -9.6  965.4  444.0  444.0  444.0  444.0
2018  12  1 12 2100   -8.5  966.5  444.0  444.0  444.0  444.0
2018  13  1 13 0000   -7.4  967.4  444.0  444.0  444.0  444.0
2018  13  1 13 0300  444.0  444.0  444.0  444.0  444.0  444.0
2018  13  1 13 0600  444.0  444.0  444.0  444.0  444.0  444.0
2018  13  1 13 0900  444.0  444.0  444.0  444.0  444.0  444.0
2018  13  1 13 1200  444.0  444.0  444.0  444.0  444.0  444.0
2018  13  1 13 1500  444.0  444.0  444.0  444.0  444.0  444.0
2018  13  1 13 1800   -9.1  969.4  444.0  444.0  444.0  444.0
2018  13  1 13 2100   -8.2  969.6  444.0  444.0  444.0  444.0
2018  14  1 14 0000   -8.1  969.4  444.0  444.0  444.0  444.0
2018  14  1 14 0300  444.0  444.0  444.0  444.0  444.0  444.0
2018  14  1 14 0600  444.0  444.0  444.0  444.0  444.0  444.0
2018  14  1 14 0900  444.0  444.0  444.0  444.0  444.0  444.0
2018  14  1 14 1200  444.0  444.0  444.0  444.0  444.0  444.0
2018  14  1 14 1500  444.0  444.0  444.0  444.0  444.0  444.0
2018  14  1 14 1800   -7.8  961.5  444.0  444.0  444.0  444.0
2018  14  1 14 2100   -6.6  960.0  444.0  444.0  444.0  444.0
2018  15  1 15 0000   -8.5  444.0  444.0  444.0  444.0  444.0
2018  15  1 15 0300  444.0  444.0  444.0  444.0  444.0  444.0
2018  15  1 15 0600  444.0  444.0  444.0  444.0  444.0  444.0
2018  15  1 15 0900  444.0  444.0  444.0  444.0  444.0  444.0
2018  15  1 15 1200  444.0  444.0  444.0  444.0  444.0  444.0
2018  15  1 15 1500  444.0  444.0  444.0  444.0  444.0  444.0
2018  15  1 15 1800  444.0  444.0  444.0  444.0  444.0  444.0
2018  15  1 15 2100  444.0  444.0  444.0  444.0  444.0  444.0
2018  16  1 16 0000  444.0  444.0  444.0  444.0  444.0  444.0
2018  16  1 16 0300  444.0  444.0  444.0  444.0  444.0  444.0
2018  16  1 16 0600  444.0  444.0  444.0  444.0  444.0  444.0
2018  16  1 16 0900  444.0  444.0  444.0  444.0  444.0  444.0
2018  16  1 16 1200  444.0  444.0  444.0  444.0  444.0  444.0
2018  16  1 16 1500  444.0  444.0  444.0  444.0  444.0  444.0
2018  16  1 16 1800   -9.6  944.9  444.0  444.0  444.0  444.0
2018  16  1 16 2100   -9.4  944.7  444.0  444.0  444.0  444.0
2018  17  1 17 0000   -9.1  944.4  444.0  444.0  444.0  444.0
2018  17  1 17 0300  444.0  444.0  444.0  444.0  444.0  444.0
2018  17  1 17 0600  444.0  444.0  444.0  444.0  444.0  444.0
2018  17  1 17 0900  444.0  444.0  444.0  444.0  444.0  444.0
2018  17  1 17 1200  444.0  444.0  444.0  444.0  444.0  444.0
2018  17  1 17 1500  444.0  444.0  444.0  444.0  444.0  444.0
2018  17  1 17 1800  -10.2  941.5  444.0  444.0  444.0  444.0
2018  17  1 17 2100   -9.1  940.6  444.0  444.0  444.0  444.0
2018  18  1 18 0000   -8.1  940.6  444.0  444.0  444.0  444.0
2018  18  1 18 0300  444.0  444.0  444.0  444.0  444.0  444.0
2018  18  1 18 0600  444.0  444.0  444.0  444.0  444.0  444.0
2018  18  1 18 0900  444.0  444.0  444.0  444.0  444.0  444.0
2018  18  1 18 1200  444.0  444.0  444.0  444.0  444.0  444.0
2018  18  1 18 1500  444.0  444.0  444.0  444.0  444.0  444.0
2018  18  1 18 1800   -7.8  935.9  444.0  444.0  444.0  444.0
2018  18  1 18 2100   -8.0  935.6  444.0  444.0  444.0  444.0
2018  19  1 19 0000   -8.2  933.2  444.0  444.0  444.0  444.0
2018  19  1 19 0300  444.0  444.0  444.0  444.0  444.0  444.0
2018  19  1 19 0600  444.0  444.0  444.0  444.0  444.0  444.0
2018  19  1 19 0900  444.0  444.0  444.0  444.0  444.0  444.0
2018  19  1 19 1200  444.0  444.0  444.0  444.0  444.0  444.0
2018  19  1 19 1500  444.0  444.0  444.0  444.0  444.0  444.0
2018  19  1 19 1800  444.0  444.0  444.0  444.0  444.0  444.0
2018  19  1 19 2100  444.0  444.0  444.0  444.0  444.0  444.0
2018  20  1 20 0000  444.0  444.0  444.0  444.0  444.0  444.0
2018  20  1 20 0300  444.0  444.0  444.0  444.0  444.0  444.0
2018  20  1 20 0600  444.0  444.0  444.0  444.0  444.0  444.0
2018  20  1 20 0900  444.0  444.0  444.0  444.0  444.0  444.0
2018  20  1 20 1200  444.0  444.0  444.0  444.0  444.0  444.0
2018  20  1 20 1500  444.0  444.0  444.0  444.0  444.0  444.0
2018  20  1 20 1800  444.0  444.0  444.0  444.0  444.0  444.0
2018  20  1 20 2100  444.0  444.0  444.0  444.0  444.0  444.0
2018  21  1 21 0000  444.0  444.0  444.0  444.0  444.0  444.0
2018  21  1 21 0300  444.0  444.0  444.0  444.0  444.0  444.0
2018  21  1 21 0600  444.0  444.0  444.0  444.0  444.0  444.0
2018  21  1 21 0900  444.0  444.0  444.0  444.0  444.0  444.0
2018  21  1 21 1200  444.0  444.0  444.0  444.0  444.0  444.0
2018  21  1 21 1500  444.0  444.0  444.0  444.0  444.0  444.0
2018  21  1 21 1800   -8.5  953.4  444.0  444.0  444.0  444.0
2018  21  1 21 2100   -8.1  954.6  444.0  444.0  444.0  444.0
2018  22  1 22 0000   -7.4  955.9  444.0  444.0  444.0  444.0
2018  22  1 22 0300  444.0  444.0  444.0  444.0  444.0  444.0
2018  22  1 22 0600  444.0  444.0  444.0  444.0  444.0  444.0
2018  22  1 22 0900  444.0  444.0  444.0  444.0  444.0  444.0
2018  22  1 22 1200  444.0  444.0  444.0  444.0  444.0  444.0
2018  22  1 22 1500  444.0  444.0  444.0  444.0  444.0  444.0
2018  22  1 22 1800  444.0  444.0  444.0  444.0  444.0  444.0
2018  22  1 22 2100   -8.0  954.7  444.0  444.0  444.0  444.0
2018  23  1 23 0000  444.0  444.0  444.0  444.0  444.0  444.0
2018  23  1 23 0300  444.0  444.0  444.0  444.0  444.0  444.0
2018  23  1 23 0600  444.0  444.0  444.0  444.0  444.0  444.0
2018  23  1 23 0900  444.0  444.0  444.0  444.0  444.0  444.0
2018  23  1 23 1200  444.0  444.0  444.0  444.0  444.0  444.0
2018  23  1 23 1500  444.0  444.0  444.0  444.0  444.0  444.0
2018  23  1 23 1800  444.0  444.0  444.0  444.0  444.0  444.0
2018  23  1 23 2100  444.0  444.0  444.0  444.0  444.0  444.0
2018  24  1 24 0000  444.0  444.0  444.0  444.0  444.0  444.0
2018  24  1 24 0300  444.0  444.0  444.0  444.0  444.0  444.0
2018  24  1 24 0600  444.0  444.0  444.0  444.0  444.0  444.0
2018  24  1 24 0900  444.0  444.0  444.0  444.0  444.0  444.0
2018  24  1 24 1200  444.0  444.0  444.0  444.0  444.0  444.0
2018  24  1 24 1500  444.0  444.0  444.0  444.0  444.0  444.0
2018  24  1 24 1800  444.0  444.0  444.0  444.0  444.0  444.0
2018  24  1 24 2100  444.0  444.0  444.0  444.0  444.0  444.0
2018  25  1 25 0000  444.0  444.0  444.0  444.0  444.0  444.0
2018  25  1 25 0300  444.0  444.0  444.0  444.0  444.0  444.0
2018  25  1 25 0600  444.0  444.0  444.0  444.0  444.0  444.0
2018  25  1 25 0900  444.0  444.0  444.0  444.0  444.0  444.0
2018  25  1 25 1200  444.0  444.0  444.0  444.0  444.0  444.0
2018  25  1 25 1500  444.0  444.0  444.0  444.0  444.0  444.0
2018  25  1 25 1800   -8.9  958.2  444.0  444.0  444.0  444.0
2018  25  1 25 2100   -8.9  958.0  444.0  444.0  444.0  444.0
2018  26  1 26 0000  444.0  444.0  444.0  444.0  444.0  444.0
2018  26  1 26 0300  444.0  444.0  444.0  444.0  444.0  444.0
2018  26  1 26 0600  444.0  444.0  444.0  444.0  444.0  444.0
2018  26  1 26 0900  444.0  444.0  444.0  444.0  444.0  444.0
2018  26  1 26 1200  444.0  444.0  444.0  444.0  444.0  444.0
2018  26  1 26 1500  444.0  444.0  444.0  444.0  444.0  444.0
2018  26  1 26 1800  444.0  444.0  444.0  444.0  444.0  444.0
2018  26  1 26 2100  444.0  444.0  444.0  444.0  444.0  444.0
2018  27  1 27 0000  444.0  444.0  444.0  444.0  444.0  444.0
2018  27  1 27 0300  444.0  444.0  444.0  444.0  444.0  444.0
2018  27  1 27 0600  444.0  444.0  444.0  444.0  444.0  444.0
2018  27  1 27 0900  444.0  444.0  444.0  444.0  444.0  444.0
2018  27  1 27 1200  444.0  444.0  444.0  444.0  444.0  444.0
2018  27  1 27 1500  444.0  444.0  444.0  444.0  444.0  444.0
2018  27  1 27 1800  444.0  444.0  444.0  444.0  444.0  444.0
2018  27  1 27 2100  444.0  444.0  444.0  444.0  444.0  444.0
2018  28  1 28 0000  444.0  444.0  444.0  444.0  444.0  444.0
2018  28  1 28 0300  444.0  444.0  444.0  444.0  444.0  444.0
2018  28  1 28 0600  444.0  444.0  444.0  444.0  444.0  444.0
2018  28  1 28 0900  444.0  444.0  444.0  444.0  444.0  444.0
2018  28  1 28 1200  444.0  444.0  444.0  444.0  444.0  444.0
2018  28  1 28 1500  444.0  444.0  444.0  444.0  444.0  444.0
2018  28  1 28 1800  444.0  444.0  444.0  444.0  444.0  444.0
2018  28  1 28 2100  444.0  444.0  444.0  444.0  444.0  444.0
2018  29  1 29 0000  444.0  444.0  444.0  444.0  444.0  444.0
2018  29  1 29 0300  444.0  444.0  444.0  444.0  444.0  444.0
2018  29  1 29 0600  444.0  444.0  444.0  444.0  444.0  444.0
2018  29  1 29 0900  444.0  444.0  444.0  444.0  444.0  444.0
2018  29  1 29 1200  444.0  444.0  444.0  444.0  444.0  444.0
2018  29  1 29 1500  444.0  444.0  444.0  444.0  444.0  444.0
2018  29  1 29 1800  444.0  444.0  444.0  444.0  444.0  444.0
2018  29  1 29 2100  444.0  444.0  444.0  444.0  444.0  444.0
2018  30  1 30 0000  444.0  444.0  444.0  444.0  444.0  444.0
2018  30  1 30 0300  444.0  444.0  444.0  444.0  444.0  444.0
2018  30  1 30 0600  444.0  444.0  444.0  444.0  444.0  444.0
2018  30  1 30 0900  444.0  444.0  444.0  444.0  444.0  444.0
2018  30  1 30 1200  444.0  444.0  444.0  444.0  444.0  444.0
2018  30  1 30 1500  444.0  444.0  444.0  444.0  444.0  444.0
2018  30  1 30 1800  444.0  444.0  444.0  444.0  444.0  444.0
2018  30  1 30 2100  444.0  444.0  444.0  444.0  444.0  444.0
2018  31  1 31 0000  444.0  444.0  444.0  444.0  444.0  444.0
2018  31  1 31 0300  444.0  444.0  444.0  444.0  444.0  444.0
2018  31  1 31 0600  444.0  444.0  444.0  444.0  444.0  444.0
2018  31  1 31 0900  444.0  444.0  444.0  444.0  444.0  444.0
2018  31  1 31 1200  444.0  444.0  444.0  444.0  444.0  444.0
2018  31  1 31 1500  444.0  444.0  444.0  444.0  444.0  444.0
2018  31  1 31 1800  444.0  444.0  444.0  444.0  444.0  444.0
2018  31  1 31 2100  444.0  444.0  444.0  444.0  444.0  444.0
