Year: 2018  Month: 12  ID: PDA  ARGOS: 30416  Name: PANDA-South         
Lat: 82.33S  Lon:  75.99E  Elev: 4027m
2018 335 12  1 0000  -36.8  590.4    3.9  342.0   49.5  444.0
2018 335 12  1 0300  -34.3  590.3    4.5  342.0   42.1  444.0
2018 335 12  1 0600  -31.6  590.2    4.1  318.0   38.4  444.0
2018 335 12  1 0900  -29.4  589.9    4.3  308.0   42.1  444.0
2018 335 12  1 1200  -31.1  589.6    3.9  293.0   49.5  444.0
2018 335 12  1 1500  -35.5  589.5    4.7  277.0   51.1  444.0
2018 335 12  1 1800  -39.4  589.6    5.1  269.0   49.1  444.0
2018 335 12  1 2100  -39.9  589.9    5.1  256.0   39.3  444.0
2018 336 12  2 0000  -39.3  589.9    5.3  249.0   30.6  444.0
2018 336 12  2 0300  -35.5  589.9    5.5  236.0   24.1  444.0
2018 336 12  2 0600  -34.1  590.1    5.8  229.0   28.2  444.0
2018 336 12  2 0900  -32.1  590.5    6.2  229.0   31.1  444.0
2018 336 12  2 1200  -31.4  590.5    5.3  226.0   35.2  444.0
2018 336 12  2 1500  -34.0  590.6    5.5  222.0   43.0  444.0
2018 336 12  2 1800  -36.5  591.1    3.7  225.0   41.7  444.0
2018 336 12  2 2100  -37.0  591.4    3.9  212.0   37.6  444.0
2018 337 12  3 0000  -36.4  591.7    4.1  195.0   32.3  444.0
2018 337 12  3 0300  -33.1  591.7    3.9  179.0   24.9  444.0
2018 337 12  3 0600  -32.5  591.8    5.7  173.0   27.8  444.0
2018 337 12  3 0900  -29.9  591.6    6.8  165.0   36.0  444.0
2018 337 12  3 1200  -29.9  591.8    4.3  158.0   33.1  444.0
2018 337 12  3 1500  -34.4  591.6    4.1  159.0   40.5  444.0
2018 337 12  3 1800  -37.6  591.4    4.5  153.0   48.7  444.0
2018 337 12  3 2100  -38.5  591.3    4.1  142.0   46.2  444.0
2018 338 12  4 0000  -37.0  591.2    3.5  159.0   29.0  444.0
2018 338 12  4 0300  -33.8  590.9    3.7  152.0   25.3  444.0
2018 338 12  4 0600  -32.9  590.4    5.1  139.0   25.7  444.0
2018 338 12  4 0900  -31.0  589.9    5.1  131.0   26.5  444.0
2018 338 12  4 1200  -28.1  589.5    2.1  156.0   20.8  444.0
2018 338 12  4 1500  -34.1  588.9    3.3  155.0   34.8  444.0
2018 338 12  4 1800  -35.8  588.5    2.3  169.0   37.2  444.0
2018 338 12  4 2100  -38.8  588.4    3.1  186.0   33.5  444.0
2018 339 12  5 0000  -36.0  588.0    2.7  174.0   26.1  444.0
2018 339 12  5 0300  -31.6  587.7    1.0  210.0   15.1  444.0
2018 339 12  5 0600  -30.1  587.4    1.9  200.0   14.3  444.0
2018 339 12  5 0900  -27.6  587.3    2.9  210.0   18.3  444.0
2018 339 12  5 1200  -30.8  587.1    2.9  238.0   17.5  444.0
2018 339 12  5 1500  -35.1  587.0    4.3  257.0   28.2  444.0
2018 339 12  5 1800  -37.9  586.9    4.9  232.0   41.3  444.0
2018 339 12  5 2100  -37.1  587.1    6.4  218.0   42.5  444.0
2018 340 12  6 0000  -35.9  587.0    6.4  205.0   35.6  444.0
2018 340 12  6 0300  -33.4  586.9    7.8  203.0   31.9  444.0
2018 340 12  6 0600  -32.3  586.9    8.2  195.0   31.9  444.0
2018 340 12  6 0900  -30.4  587.0    9.2  184.0   33.9  444.0
2018 340 12  6 1200  -30.6  586.9    7.8  183.0   36.8  444.0
2018 340 12  6 1500  -32.9  587.1    6.2  187.0   39.7  444.0
2018 340 12  6 1800  -36.1  586.9    5.8  172.0   46.2  444.0
2018 340 12  6 2100  -36.4  587.1    6.0  172.0   47.0  444.0
2018 341 12  7 0000  -34.4  587.3    5.3  165.0   38.0  444.0
2018 341 12  7 0300  -32.3  587.1    6.6  150.0   34.8  444.0
2018 341 12  7 0600  -30.3  587.1    5.1  136.0   31.5  444.0
2018 341 12  7 0900  -28.3  587.2    5.8  148.0   31.9  444.0
2018 341 12  7 1200  -27.8  587.3    3.7  159.0   32.3  444.0
2018 341 12  7 1500  -31.6  587.0    4.5  166.0   42.1  444.0
2018 341 12  7 1800  -34.3  587.1    3.5  169.0   42.1  444.0
2018 341 12  7 2100  -36.0  587.2    4.3  167.0   41.7  444.0
2018 342 12  8 0000  -33.0  587.3    3.7  170.0   33.1  444.0
2018 342 12  8 0300  -31.1  587.4    3.9  167.0   32.7  444.0
2018 342 12  8 0600  -30.0  587.1    5.3  160.0   30.2  444.0
2018 342 12  8 0900  -28.3  587.3    6.4  155.0   33.5  444.0
2018 342 12  8 1200  -27.6  587.4    4.5  155.0   35.2  444.0
2018 342 12  8 1500  -32.0  587.6    4.3  177.0   35.6  444.0
2018 342 12  8 1800  -35.5  588.0    4.1  179.0   42.5  444.0
2018 342 12  8 2100  -36.6  588.1    4.5  181.0   42.5  444.0
2018 343 12  9 0000  -35.1  588.4    4.5  184.0   30.2  444.0
2018 343 12  9 0300  -32.0  588.4    4.1  183.0   22.9  444.0
2018 343 12  9 0600  -29.3  588.8    3.7  174.0   23.7  444.0
2018 343 12  9 0900  -26.0  588.8    4.5  170.0   29.0  444.0
2018 343 12  9 1200  -27.0  589.1    4.7  166.0   36.0  444.0
2018 343 12  9 1500  -30.0  589.3    4.7  162.0   45.0  444.0
2018 343 12  9 1800  -33.3  589.7    4.9  159.0   58.5  444.0
2018 343 12  9 2100  -34.4  590.3    4.3  158.0   48.3  444.0
2018 344 12 10 0000  -31.8  590.8    2.9  156.0   33.9  444.0
2018 344 12 10 0300  -27.0  591.4    1.6  172.0   18.3  444.0
2018 344 12 10 0600  -26.9  591.7    3.1  145.0   23.7  444.0
2018 344 12 10 0900  -24.5  592.0    4.5  134.0   27.4  444.0
2018 344 12 10 1200  -25.1  592.5    3.9  145.0   33.5  444.0
2018 344 12 10 1500  -28.4  593.2    3.7  159.0   39.7  444.0
2018 344 12 10 1800  -31.9  593.7    3.3  177.0   45.8  444.0
2018 344 12 10 2100  -32.9  594.4    3.5  186.0   44.6  444.0
2018 345 12 11 0000  -30.9  594.9    3.3  201.0   33.1  444.0
2018 345 12 11 0300  -27.6  595.0    3.9  204.0   29.0  444.0
2018 345 12 11 0600  -28.1  595.0    6.0  186.0   29.4  444.0
2018 345 12 11 0900  -26.4  595.0    5.1  180.0   31.5  444.0
2018 345 12 11 1200  -27.0  595.2    4.1  179.0   31.5  444.0
2018 345 12 11 1500  -30.4  595.5    4.7  186.0   40.1  444.0
2018 345 12 11 1800  -33.6  596.0    3.9  188.0   41.3  444.0
2018 345 12 11 2100  -34.6  596.2    5.5  181.0   45.0  444.0
2018 346 12 12 0000  -33.0  596.3    4.9  188.0   33.5  444.0
2018 346 12 12 0300  -30.0  596.3    5.3  183.0   26.5  444.0
2018 346 12 12 0600  -27.3  596.0    4.9  184.0   27.8  444.0
2018 346 12 12 0900  -24.1  595.6    6.8  183.0   34.8  444.0
2018 346 12 12 1200  -23.4  595.2    8.4  169.0   49.1  444.0
2018 346 12 12 1500  -26.5  595.1    4.7  190.0   42.1  444.0
2018 346 12 12 1800  -27.5  594.1    7.0  200.0   60.2  444.0
2018 346 12 12 2100  -28.1  593.4    6.8  183.0   56.9  444.0
2018 347 12 13 0000  -25.9  593.1    6.6  165.0   51.1  444.0
2018 347 12 13 0300  -24.8  592.4    6.0  173.0   45.0  444.0
2018 347 12 13 0600  -25.0  591.9    7.4  179.0   42.1  444.0
2018 347 12 13 0900  -23.4  591.5    7.8  165.0   45.8  444.0
2018 347 12 13 1200  -23.0  590.9    6.2  158.0   46.2  444.0
2018 347 12 13 1500  -25.6  590.7    6.0  158.0   49.9  444.0
2018 347 12 13 1800  -28.6  590.9    5.8  148.0   60.6  444.0
2018 347 12 13 2100  -31.6  591.8    4.9  132.0   43.8  444.0
2018 348 12 14 0000  -31.1  592.5    3.7  156.0   38.0  444.0
2018 348 12 14 0300  -28.0  592.7    2.9  173.0   29.0  444.0
2018 348 12 14 0600  -26.5  592.2    5.3  198.0   32.3  444.0
2018 348 12 14 0900  -24.3  591.6    6.4  214.0   45.4  444.0
2018 348 12 14 1200  -22.6  590.7    7.0  190.0   49.9  444.0
2018 348 12 14 1500  -25.6  590.1    7.2  179.0   47.5  444.0
2018 348 12 14 1800  -28.1  590.3    7.4  166.0   57.7  444.0
2018 348 12 14 2100  -29.5  590.5    6.0  162.0   51.6  444.0
2018 349 12 15 0000  -29.0  590.8    3.1  190.0   30.2  444.0
2018 349 12 15 0300  -26.4  590.6    6.2  166.0   41.3  444.0
2018 349 12 15 0600  -25.1  590.6    6.8  156.0   42.5  444.0
2018 349 12 15 0900  -22.8  590.9    7.6  163.0   43.4  444.0
2018 349 12 15 1200  -23.3  591.0    7.4  156.0   47.9  444.0
2018 349 12 15 1500  -24.0  591.3    5.7  153.0   60.2  444.0
2018 349 12 15 1800  -26.5  591.7    4.5  156.0   52.8  444.0
2018 349 12 15 2100  -27.3  592.2    5.3  162.0   54.8  444.0
2018 350 12 16 0000  -26.9  591.9    8.0  163.0   54.4  444.0
2018 350 12 16 0300  -25.4  591.2    7.4  167.0   41.7  444.0
2018 350 12 16 0600  -25.1  590.5   11.7  159.0   47.5  444.0
2018 350 12 16 0900  -25.1  590.5   10.3  139.0   48.7  444.0
2018 350 12 16 1200  -26.9  590.8   10.5  122.0   45.4  444.0
2018 350 12 16 1500  -29.0  591.4    5.8  124.0   41.3  444.0
2018 350 12 16 1800  -32.6  591.8    4.5  128.0   46.2  444.0
2018 350 12 16 2100  -33.0  592.6    3.9  129.0   41.7  444.0
2018 351 12 17 0000  -31.6  592.9    4.1  122.0   34.3  444.0
2018 351 12 17 0300  -29.9  592.8    5.1  110.0   29.8  444.0
2018 351 12 17 0600  -30.0  593.0    5.1   90.0   50.3  444.0
2018 351 12 17 0900  -27.8  593.3    4.5   69.0   49.9  444.0
2018 351 12 17 1200  -26.5  593.3    3.9   35.0   43.0  444.0
2018 351 12 17 1500  -29.0  593.6    3.1   30.0   44.2  444.0
2018 351 12 17 1800  -33.1  593.8    3.5    1.0   50.3  444.0
2018 351 12 17 2100  -34.0  594.3    2.1    7.0   37.2  444.0
2018 352 12 18 0000  -31.1  594.7    1.9  343.0   31.5  444.0
2018 352 12 18 0300  -26.0  594.6    1.2  357.0   18.8  444.0
2018 352 12 18 0600  -27.8  594.8    2.7   44.0   33.5  444.0
2018 352 12 18 0900  -26.4  595.1    3.3   42.0   38.8  444.0
2018 352 12 18 1200  -27.3  595.3    2.7   77.0   46.2  444.0
2018 352 12 18 1500  -27.4  595.7    2.3  110.0   29.0  444.0
2018 352 12 18 1800  -33.0  596.4    3.1  117.0   39.3  444.0
2018 352 12 18 2100  -34.0  597.1    3.1  129.0   43.0  444.0
2018 353 12 19 0000  -33.6  597.9    3.9  143.0   37.2  444.0
2018 353 12 19 0300  -30.9  598.5    5.1  125.0   31.1  444.0
2018 353 12 19 0600  -30.6  599.5    8.2  125.0   33.5  444.0
2018 353 12 19 0900  -29.4  600.1    9.6  125.0   36.0  444.0
2018 353 12 19 1200  -29.6  601.0    9.4  125.0   40.5  444.0
2018 353 12 19 1500  -31.4  601.8    8.4  125.0   44.6  444.0
2018 353 12 19 1800  -33.3  602.8    8.4  108.0   52.4  444.0
2018 353 12 19 2100  -34.8  604.1    8.0  103.0   43.8  444.0
2018 354 12 20 0000  -34.3  604.8    8.2  103.0   40.9  444.0
2018 354 12 20 0300  -32.4  605.4    9.6  105.0   37.2  444.0
2018 354 12 20 0600  -30.4  605.8    9.2   98.0   52.4  444.0
2018 354 12 20 0900  -28.5  606.1    8.4   91.0   56.9  444.0
2018 354 12 20 1200  -28.8  606.2    8.8   93.0   58.1  444.0
2018 354 12 20 1500  -30.5  606.2    7.8   84.0   60.6  444.0
2018 354 12 20 1800  -32.6  606.2    7.8   91.0   60.6  444.0
2018 354 12 20 2100  -32.5  606.1    6.2   72.0   60.2  444.0
2018 355 12 21 0000  -31.0  606.1    7.0   58.0   54.8  444.0
2018 355 12 21 0300  -28.0  606.1    7.0   52.0   56.5  444.0
2018 355 12 21 0600  -24.8  606.2    7.0   32.0   53.2  444.0
2018 355 12 21 0900  -22.5  605.9    8.6   31.0   56.9  444.0
2018 355 12 21 1200  -22.5  605.9    6.0   31.0   48.3  444.0
2018 355 12 21 1500  -25.1  605.7    3.9   41.0   49.5  444.0
2018 355 12 21 1800  -29.3  605.1    3.5   53.0   52.0  444.0
2018 355 12 21 2100  -25.1  605.1    4.3   25.0   66.3  444.0
2018 356 12 22 0000  -23.5  604.8    3.1   82.0   72.1  444.0
2018 356 12 22 0300  -21.0  604.4    6.0   30.0   58.1  444.0
2018 356 12 22 0600  -18.0  604.2    6.2  346.0   54.8  444.0
2018 356 12 22 0900  -14.9  603.9    7.2  359.0   61.4  444.0
2018 356 12 22 1200  -16.5  603.6    7.2  350.0   63.5  444.0
2018 356 12 22 1500  -18.6  603.3    8.8  339.0   74.5  444.0
2018 356 12 22 1800  -20.9  603.1    7.2  321.0   73.7  444.0
2018 356 12 22 2100  -21.1  603.3    6.6  328.0   72.5  444.0
2018 357 12 23 0000  -20.9  603.3    6.6  312.0   71.7  444.0
2018 357 12 23 0300  -19.5  602.9    8.8  280.0   69.2  444.0
2018 357 12 23 0600  -20.0  603.0    8.0  294.0   64.7  444.0
2018 357 12 23 0900  -18.1  602.7    8.8  276.0   61.0  444.0
2018 357 12 23 1200  -17.6  602.3    9.0  283.0   70.0  444.0
2018 357 12 23 1500  -17.6  602.4    6.6  278.0   74.9  444.0
2018 357 12 23 1800  -20.9  602.3    4.7  283.0   80.3  444.0
2018 357 12 23 2100  -22.4  602.3    4.9  278.0   64.3  444.0
2018 358 12 24 0000  -20.6  602.0    2.9  301.0   62.2  444.0
2018 358 12 24 0300  -19.6  601.1    4.9  295.0   64.3  444.0
2018 358 12 24 0600  -19.0  600.5    6.4  290.0   60.6  444.0
2018 358 12 24 0900  -18.1  599.8    6.8  285.0   61.4  444.0
2018 358 12 24 1200  -18.5  598.8    7.6  285.0   68.0  444.0
2018 358 12 24 1500  -20.6  598.0    8.6  281.0   72.1  444.0
2018 358 12 24 1800  -22.4  597.7    7.8  271.0   68.8  444.0
2018 358 12 24 2100  -25.1  597.5    5.3  269.0   62.6  444.0
2018 359 12 25 0000  -22.9  597.1    6.4  264.0   51.1  444.0
2018 359 12 25 0300  -20.9  596.5   10.7  246.0   53.2  444.0
2018 359 12 25 0600  -20.3  596.5    7.4  242.0   47.5  444.0
2018 359 12 25 0900  -18.9  595.7    7.6  233.0   50.7  444.0
2018 359 12 25 1200  -20.3  595.1   10.3  240.0   56.1  444.0
2018 359 12 25 1500  -21.9  594.8    3.9  240.0   51.6  444.0
2018 359 12 25 1800  -22.1  594.3    6.0  240.0   63.0  444.0
2018 359 12 25 2100  -22.4  594.0    6.8  242.0   63.9  444.0
2018 360 12 26 0000  -25.6  593.6    5.1  256.0   43.4  444.0
2018 360 12 26 0300  -21.6  593.0    4.7  219.0   47.9  444.0
2018 360 12 26 0600  -21.0  592.4    9.8  235.0   42.5  444.0
2018 360 12 26 0900  -21.9  592.1    9.0  219.0   50.7  444.0
2018 360 12 26 1200  -22.9  592.4    6.6  214.0   52.0  444.0
2018 360 12 26 1500  -25.4  592.7    4.1  225.0   49.9  444.0
2018 360 12 26 1800  -28.0  592.9    3.3  218.0   62.6  444.0
2018 360 12 26 2100  -30.5  593.1    3.9  242.0   63.0  444.0
2018 361 12 27 0000  -30.5  592.9    4.7  257.0   44.2  444.0
2018 361 12 27 0300  -27.8  592.4    5.5  249.0   36.4  444.0
2018 361 12 27 0600  -25.6  592.1    4.5  248.0   36.8  444.0
2018 361 12 27 0900  -23.0  591.8    7.4  246.0   41.7  444.0
2018 361 12 27 1200  -23.0  591.3    6.2  269.0   35.6  444.0
2018 361 12 27 1500  -25.4  590.7    5.8  284.0   63.0  444.0
2018 361 12 27 1800  -28.3  590.2    6.2  283.0   65.9  444.0
2018 361 12 27 2100  -30.1  589.9    5.7  259.0   45.8  444.0
2018 362 12 28 0000  -30.0  589.6    4.5  262.0   34.8  444.0
2018 362 12 28 0300  -29.5  589.3    6.8  245.0   38.8  444.0
2018 362 12 28 0600  -27.6  589.5    5.1  215.0   36.4  444.0
2018 362 12 28 0900  -26.3  589.5    5.3  219.0   38.0  444.0
2018 362 12 28 1200  -25.9  589.4    5.1  232.0   38.4  444.0
2018 362 12 28 1500  -27.8  589.0    2.7  263.0   28.6  444.0
2018 362 12 28 1800  -31.3  588.8    3.3  271.0   50.7  444.0
2018 362 12 28 2100  -34.1  588.3    4.1  270.0   43.0  444.0
2018 363 12 29 0000  -32.0  587.8    5.7  266.0   36.0  444.0
2018 363 12 29 0300  -30.1  587.3    6.0  262.0   32.3  444.0
2018 363 12 29 0600  -28.6  587.5    6.2  228.0   37.2  444.0
2018 363 12 29 0900  -25.6  587.6    5.7  204.0   36.4  444.0
2018 363 12 29 1200  -26.6  588.1    6.6  186.0   34.8  444.0
2018 363 12 29 1500  -27.0  588.4    2.7  214.0   37.2  444.0
2018 363 12 29 1800  -31.9  588.7    3.5  211.0   49.9  444.0
2018 363 12 29 2100  -35.3  588.9    3.3  226.0   46.6  444.0
2018 364 12 30 0000  -33.1  589.1    2.1  236.0   30.6  444.0
2018 364 12 30 0300  -29.3  589.1    1.6  257.0   13.8  444.0
2018 364 12 30 0600  -29.3  588.6    2.5  226.0   26.1  444.0
2018 364 12 30 0900  -27.8  588.5    3.9  246.0   22.9  444.0
2018 364 12 30 1200  -26.9  588.3    2.7  259.0   20.4  444.0
2018 364 12 30 1500  -28.8  588.1    2.9  295.0   51.6  444.0
2018 364 12 30 1800  -34.5  587.9    3.7  270.0   48.3  444.0
2018 364 12 30 2100  -34.9  588.1    3.3  228.0   46.6  444.0
2018 365 12 31 0000  -35.4  588.0    3.3  225.0   32.7  444.0
2018 365 12 31 0300  -30.8  587.9    2.5  201.0   23.3  444.0
2018 365 12 31 0600  -29.6  588.1    1.9  200.0   17.5  444.0
2018 365 12 31 0900  444.0  588.1    1.4  198.0   15.9  444.0
2018 365 12 31 1200  444.0  588.1    1.0  253.0   13.0  444.0
2018 365 12 31 1500  -28.8  587.7    2.5  274.0   44.2  444.0
2018 365 12 31 1800  -34.0  587.5    3.5  291.0   59.3  444.0
2018 365 12 31 2100  -35.9  587.3    4.3  287.0   60.6  444.0
