Year: 2018  Month: 03  ID: PDA  ARGOS: 30416  Name: PANDA-South         
Lat: 82.33S  Lon:  75.99E  Elev: 4027m
2018  60  3  1 0000  444.0  444.0  444.0  444.0  444.0  444.0
2018  60  3  1 0300  444.0  444.0  444.0  444.0  444.0  444.0
2018  60  3  1 0600  444.0  444.0  444.0  444.0  444.0  444.0
2018  60  3  1 0900  444.0  444.0  444.0  444.0  444.0  444.0
2018  60  3  1 1200  444.0  444.0  444.0  444.0  444.0  444.0
2018  60  3  1 1500  444.0  444.0  444.0  444.0  444.0  444.0
2018  60  3  1 1800  444.0  444.0  444.0  444.0  444.0  444.0
2018  60  3  1 2100  444.0  444.0  444.0  444.0  444.0  444.0
2018  61  3  2 0000  444.0  444.0  444.0  444.0  444.0  444.0
2018  61  3  2 0300  444.0  444.0  444.0  444.0  444.0  444.0
2018  61  3  2 0600  444.0  444.0  444.0  444.0  444.0  444.0
2018  61  3  2 0900  444.0  444.0  444.0  444.0  444.0  444.0
2018  61  3  2 1200  444.0  444.0  444.0  444.0  444.0  444.0
2018  61  3  2 1500  444.0  444.0  444.0  444.0  444.0  444.0
2018  61  3  2 1800  444.0  444.0  444.0  444.0  444.0  444.0
2018  61  3  2 2100  444.0  444.0  444.0  444.0  444.0  444.0
2018  62  3  3 0000  444.0  444.0  444.0  444.0  444.0  444.0
2018  62  3  3 0300  444.0  444.0  444.0  444.0  444.0  444.0
2018  62  3  3 0600  444.0  444.0  444.0  444.0  444.0  444.0
2018  62  3  3 0900  444.0  444.0  444.0  444.0  444.0  444.0
2018  62  3  3 1200  444.0  444.0  444.0  444.0  444.0  444.0
2018  62  3  3 1500  444.0  444.0  444.0  444.0  444.0  444.0
2018  62  3  3 1800  444.0  444.0  444.0  444.0  444.0  444.0
2018  62  3  3 2100  444.0  444.0  444.0  444.0  444.0  444.0
2018  63  3  4 0000  444.0  444.0  444.0  444.0  444.0  444.0
2018  63  3  4 0300  444.0  444.0  444.0  444.0  444.0  444.0
2018  63  3  4 0600  444.0  444.0  444.0  444.0  444.0  444.0
2018  63  3  4 0900  444.0  444.0  444.0  444.0  444.0  444.0
2018  63  3  4 1200  444.0  444.0  444.0  444.0  444.0  444.0
2018  63  3  4 1500  444.0  444.0  444.0  444.0  444.0  444.0
2018  63  3  4 1800  444.0  444.0  444.0  444.0  444.0  444.0
2018  63  3  4 2100  444.0  444.0  444.0  444.0  444.0  444.0
2018  64  3  5 0000  444.0  444.0  444.0  444.0  444.0  444.0
2018  64  3  5 0300  444.0  444.0  444.0  444.0  444.0  444.0
2018  64  3  5 0600  444.0  444.0  444.0  444.0  444.0  444.0
2018  64  3  5 0900  444.0  444.0  444.0  444.0  444.0  444.0
2018  64  3  5 1200  444.0  444.0  444.0  444.0  444.0  444.0
2018  64  3  5 1500  444.0  444.0  444.0  444.0  444.0  444.0
2018  64  3  5 1800  444.0  444.0  444.0  444.0  444.0  444.0
2018  64  3  5 2100  444.0  444.0  444.0  444.0  444.0  444.0
2018  65  3  6 0000  444.0  444.0  444.0  444.0  444.0  444.0
2018  65  3  6 0300  444.0  444.0  444.0  444.0  444.0  444.0
2018  65  3  6 0600  444.0  444.0  444.0  444.0  444.0  444.0
2018  65  3  6 0900  444.0  444.0  444.0  444.0  444.0  444.0
2018  65  3  6 1200  444.0  444.0  444.0  444.0  444.0  444.0
2018  65  3  6 1500  444.0  444.0  444.0  444.0  444.0  444.0
2018  65  3  6 1800  444.0  444.0  444.0  444.0  444.0  444.0
2018  65  3  6 2100  444.0  444.0  444.0  444.0  444.0  444.0
2018  66  3  7 0000  444.0  444.0  444.0  444.0  444.0  444.0
2018  66  3  7 0300  444.0  444.0  444.0  444.0  444.0  444.0
2018  66  3  7 0600  444.0  444.0  444.0  444.0  444.0  444.0
2018  66  3  7 0900  444.0  444.0  444.0  444.0  444.0  444.0
2018  66  3  7 1200  444.0  444.0  444.0  444.0  444.0  444.0
2018  66  3  7 1500  444.0  444.0  444.0  444.0  444.0  444.0
2018  66  3  7 1800  444.0  444.0  444.0  444.0  444.0  444.0
2018  66  3  7 2100  444.0  444.0  444.0  444.0  444.0  444.0
2018  67  3  8 0000  444.0  444.0  444.0  444.0  444.0  444.0
2018  67  3  8 0300  444.0  444.0  444.0  444.0  444.0  444.0
2018  67  3  8 0600  444.0  444.0  444.0  444.0  444.0  444.0
2018  67  3  8 0900  444.0  444.0  444.0  444.0  444.0  444.0
2018  67  3  8 1200  444.0  444.0  444.0  444.0  444.0  444.0
2018  67  3  8 1500  444.0  444.0  444.0  444.0  444.0  444.0
2018  67  3  8 1800  444.0  444.0  444.0  444.0  444.0  444.0
2018  67  3  8 2100  444.0  444.0  444.0  444.0  444.0  444.0
2018  68  3  9 0000  444.0  444.0  444.0  444.0  444.0  444.0
2018  68  3  9 0300  -53.2  580.2    5.1  176.0   45.0  444.0
2018  68  3  9 0600  -52.5  580.4    4.1  172.0   44.6  444.0
2018  68  3  9 0900  -50.1  580.9    3.7  179.0   45.8  444.0
2018  68  3  9 1200  -51.5  581.2    4.3  180.0   43.0  444.0
2018  68  3  9 1500  444.0  444.0  444.0  444.0  444.0  444.0
2018  68  3  9 1800  444.0  444.0  444.0  444.0  444.0  444.0
2018  68  3  9 2100  444.0  444.0  444.0  444.0  444.0  444.0
2018  69  3 10 0000  444.0  444.0  444.0  444.0  444.0  444.0
2018  69  3 10 0300  444.0  444.0  444.0  444.0  444.0  444.0
2018  69  3 10 0600  -52.1  582.7    3.7  186.0   48.3  444.0
2018  69  3 10 0900  -50.9  582.8    3.7  187.0   46.2  444.0
2018  69  3 10 1200  -50.4  583.4    3.7  187.0   46.2  444.0
2018  69  3 10 1500  444.0  444.0  444.0  444.0  444.0  444.0
2018  69  3 10 1800  444.0  444.0  444.0  444.0  444.0  444.0
2018  69  3 10 2100  444.0  444.0  444.0  444.0  444.0  444.0
2018  70  3 11 0000  444.0  444.0  444.0  444.0  444.0  444.0
2018  70  3 11 0300  444.0  444.0  444.0  444.0  444.0  444.0
2018  70  3 11 0600  444.0  444.0  444.0  444.0  444.0  444.0
2018  70  3 11 0900  444.0  444.0  444.0  444.0  444.0  444.0
2018  70  3 11 1200  444.0  444.0  444.0  444.0  444.0  444.0
2018  70  3 11 1500  444.0  444.0  444.0  444.0  444.0  444.0
2018  70  3 11 1800  444.0  444.0  444.0  444.0  444.0  444.0
2018  70  3 11 2100  444.0  444.0  444.0  444.0  444.0  444.0
2018  71  3 12 0000  444.0  444.0  444.0  444.0  444.0  444.0
2018  71  3 12 0300  444.0  444.0  444.0  444.0  444.0  444.0
2018  71  3 12 0600  444.0  444.0  444.0  444.0  444.0  444.0
2018  71  3 12 0900  444.0  444.0  444.0  444.0  444.0  444.0
2018  71  3 12 1200  444.0  444.0  444.0  444.0  444.0  444.0
2018  71  3 12 1500  444.0  444.0  444.0  444.0  444.0  444.0
2018  71  3 12 1800  444.0  444.0  444.0  444.0  444.0  444.0
2018  71  3 12 2100  444.0  444.0  444.0  444.0  444.0  444.0
2018  72  3 13 0000  444.0  444.0  444.0  444.0  444.0  444.0
2018  72  3 13 0300  444.0  444.0  444.0  444.0  444.0  444.0
2018  72  3 13 0600  444.0  444.0  444.0  444.0  444.0  444.0
2018  72  3 13 0900  444.0  444.0  444.0  444.0  444.0  444.0
2018  72  3 13 1200  444.0  444.0  444.0  444.0  444.0  444.0
2018  72  3 13 1500  444.0  444.0  444.0  444.0  444.0  444.0
2018  72  3 13 1800  444.0  444.0  444.0  444.0  444.0  444.0
2018  72  3 13 2100  444.0  444.0  444.0  444.0  444.0  444.0
2018  73  3 14 0000  444.0  444.0  444.0  444.0  444.0  444.0
2018  73  3 14 0300  444.0  444.0  444.0  444.0  444.0  444.0
2018  73  3 14 0600  444.0  444.0  444.0  444.0  444.0  444.0
2018  73  3 14 0900  444.0  444.0  444.0  444.0  444.0  444.0
2018  73  3 14 1200  444.0  444.0  444.0  444.0  444.0  444.0
2018  73  3 14 1500  444.0  444.0  444.0  444.0  444.0  444.0
2018  73  3 14 1800  444.0  444.0  444.0  444.0  444.0  444.0
2018  73  3 14 2100  444.0  444.0  444.0  444.0  444.0  444.0
2018  74  3 15 0000  444.0  444.0  444.0  444.0  444.0  444.0
2018  74  3 15 0300  -54.0  585.1    8.6  328.0   41.3  444.0
2018  74  3 15 0600  -51.9  585.4    7.8  335.0   42.5  444.0
2018  74  3 15 0900  -50.9  585.6    9.0  322.0   43.4  444.0
2018  74  3 15 1200  -51.4  585.3    9.0  319.0   45.0  444.0
2018  74  3 15 1500  -53.4  584.6    8.4  308.0   43.4  444.0
2018  74  3 15 1800  444.0  444.0  444.0  444.0  444.0  444.0
2018  74  3 15 2100  444.0  444.0  444.0  444.0  444.0  444.0
2018  75  3 16 0000  444.0  444.0  444.0  444.0  444.0  444.0
2018  75  3 16 0300  444.0  444.0  444.0  444.0  444.0  444.0
2018  75  3 16 0600  -55.4  581.9    7.8  283.0   39.7  444.0
2018  75  3 16 0900  -53.9  581.5    6.4  287.0   40.5  444.0
2018  75  3 16 1200  -55.6  581.0    6.8  277.0   39.3  444.0
2018  75  3 16 1500  444.0  444.0  444.0  444.0  444.0  444.0
2018  75  3 16 1800  444.0  444.0  444.0  444.0  444.0  444.0
2018  75  3 16 2100  444.0  444.0  444.0  444.0  444.0  444.0
2018  76  3 17 0000  444.0  444.0  444.0  444.0  444.0  444.0
2018  76  3 17 0300  444.0  444.0  444.0  444.0  444.0  444.0
2018  76  3 17 0600  444.0  444.0  444.0  444.0  444.0  444.0
2018  76  3 17 0900  -57.0  575.7    4.5  246.0   44.2  444.0
2018  76  3 17 1200  -56.5  575.2    4.5  221.0   41.3  444.0
2018  76  3 17 1500  444.0  444.0  444.0  444.0  444.0  444.0
2018  76  3 17 1800  444.0  444.0  444.0  444.0  444.0  444.0
2018  76  3 17 2100  444.0  444.0  444.0  444.0  444.0  444.0
2018  77  3 18 0000  444.0  444.0  444.0  444.0  444.0  444.0
2018  77  3 18 0300  444.0  444.0  444.0  444.0  444.0  444.0
2018  77  3 18 0600  444.0  444.0  444.0  444.0  444.0  444.0
2018  77  3 18 0900  444.0  444.0  444.0  444.0  444.0  444.0
2018  77  3 18 1200  444.0  444.0  444.0  444.0  444.0  444.0
2018  77  3 18 1500  444.0  444.0  444.0  444.0  444.0  444.0
2018  77  3 18 1800  444.0  444.0  444.0  444.0  444.0  444.0
2018  77  3 18 2100  444.0  444.0  444.0  444.0  444.0  444.0
2018  78  3 19 0000  444.0  444.0  444.0  444.0  444.0  444.0
2018  78  3 19 0300  444.0  444.0  444.0  444.0  444.0  444.0
2018  78  3 19 0600  -53.6  580.2    5.1  132.0   43.8  444.0
2018  78  3 19 0900  -53.0  580.2    1.4  143.0   44.6  444.0
2018  78  3 19 1200  -57.1  579.8    0.6   91.0   39.3  444.0
2018  78  3 19 1500  444.0  444.0  444.0  444.0  444.0  444.0
2018  78  3 19 1800  444.0  444.0  444.0  444.0  444.0  444.0
2018  78  3 19 2100  444.0  444.0  444.0  444.0  444.0  444.0
2018  79  3 20 0000  444.0  444.0  444.0  444.0  444.0  444.0
2018  79  3 20 0300  444.0  444.0  444.0  444.0  444.0  444.0
2018  79  3 20 0600  444.0  444.0  444.0  444.0  444.0  444.0
2018  79  3 20 0900  444.0  444.0  444.0  444.0  444.0  444.0
2018  79  3 20 1200  444.0  444.0  444.0  444.0  444.0  444.0
2018  79  3 20 1500  444.0  444.0  444.0  444.0  444.0  444.0
2018  79  3 20 1800  444.0  444.0  444.0  444.0  444.0  444.0
2018  79  3 20 2100  444.0  444.0  444.0  444.0  444.0  444.0
2018  80  3 21 0000  444.0  444.0  444.0  444.0  444.0  444.0
2018  80  3 21 0300  444.0  444.0  444.0  444.0  444.0  444.0
2018  80  3 21 0600  444.0  444.0  444.0  444.0  444.0  444.0
2018  80  3 21 0900  444.0  444.0  444.0  444.0  444.0  444.0
2018  80  3 21 1200  444.0  444.0  444.0  444.0  444.0  444.0
2018  80  3 21 1500  444.0  444.0  444.0  444.0  444.0  444.0
2018  80  3 21 1800  444.0  444.0  444.0  444.0  444.0  444.0
2018  80  3 21 2100  444.0  444.0  444.0  444.0  444.0  444.0
2018  81  3 22 0000  444.0  444.0  444.0  444.0  444.0  444.0
2018  81  3 22 0300  444.0  444.0  444.0  444.0  444.0  444.0
2018  81  3 22 0600  -48.6  585.7    3.3  162.0   52.0  444.0
2018  81  3 22 0900  -49.1  587.0    4.5  179.0   49.5  444.0
2018  81  3 22 1200  -52.2  587.8    5.7  170.0   44.2  444.0
2018  81  3 22 1500  444.0  444.0  444.0  444.0  444.0  444.0
2018  81  3 22 1800  444.0  444.0  444.0  444.0  444.0  444.0
2018  81  3 22 2100  444.0  444.0  444.0  444.0  444.0  444.0
2018  82  3 23 0000  444.0  444.0  444.0  444.0  444.0  444.0
2018  82  3 23 0300  444.0  444.0  444.0  444.0  444.0  444.0
2018  82  3 23 0600  -52.2  599.3    3.9  225.0   44.2  444.0
2018  82  3 23 0900  -50.0  600.6    4.7  214.0   47.0  444.0
2018  82  3 23 1200  -46.0  601.3    3.9  219.0   52.0  444.0
2018  82  3 23 1500  -44.6  602.5    5.1  212.0   53.6  444.0
2018  82  3 23 1800  -44.9  603.0    5.7  207.0   53.2  444.0
2018  82  3 23 2100  -46.8  603.4    4.9  204.0   51.1  444.0
2018  83  3 24 0000  -47.8  603.8    5.1  197.0   49.9  444.0
2018  83  3 24 0300  -43.0  603.7    5.5  170.0   56.1  444.0
2018  83  3 24 0600  -43.9  604.0    4.5  165.0   56.1  444.0
2018  83  3 24 0900  -42.2  604.1    2.5  131.0   56.9  444.0
2018  83  3 24 1200  -40.0  603.7    3.5  107.0   59.3  444.0
2018  83  3 24 1500  -40.1  602.9    1.8   60.0   59.3  444.0
2018  83  3 24 1800  -40.5  601.8    4.5    1.0   59.3  444.0
2018  83  3 24 2100  -47.4  601.0    4.1    3.0   51.1  444.0
2018  84  3 25 0000  -45.9  599.7    6.4  338.0   53.2  444.0
2018  84  3 25 0300  -42.9  598.9    6.4  338.0   56.9  444.0
2018  84  3 25 0600  -38.5  597.7    7.4  333.0   61.8  444.0
2018  84  3 25 0900  -40.1  596.6    7.2  309.0   59.3  444.0
2018  84  3 25 1200  -41.1  595.5    7.2  319.0   58.5  444.0
2018  84  3 25 1500  -43.6  594.5    7.6  294.0   55.2  444.0
2018  84  3 25 1800  -50.2  594.4    6.4  271.0   47.9  444.0
2018  84  3 25 2100  -52.0  594.1    6.2  274.0   45.4  444.0
2018  85  3 26 0000  444.0  444.0  444.0  444.0  444.0  444.0
2018  85  3 26 0300  -48.9  593.3    6.2  274.0  444.0  444.0
2018  85  3 26 0600  -47.6  592.3    4.3  269.0   51.6  444.0
2018  85  3 26 0900  -47.9  591.5    4.5  284.0   51.1  444.0
2018  85  3 26 1200  -50.6  591.1    2.9  212.0   47.5  444.0
2018  85  3 26 1500  444.0  444.0  444.0  444.0  444.0  444.0
2018  85  3 26 1800  444.0  444.0  444.0  444.0  444.0  444.0
2018  85  3 26 2100  444.0  444.0  444.0  444.0  444.0  444.0
2018  86  3 27 0000  444.0  444.0  444.0  444.0  444.0  444.0
2018  86  3 27 0300  444.0  444.0  444.0  444.0  444.0  444.0
2018  86  3 27 0600  444.0  444.0  444.0  444.0  444.0  444.0
2018  86  3 27 0900  -55.8  589.4    6.0  201.0   39.7  444.0
2018  86  3 27 1200  -57.2  588.7    6.0  194.0   38.8  444.0
2018  86  3 27 1500  -59.9  587.8    5.8  193.0   36.8  444.0
2018  86  3 27 1800  444.0  444.0  444.0  444.0  444.0  444.0
2018  86  3 27 2100  444.0  444.0  444.0  444.0  444.0  444.0
2018  87  3 28 0000  444.0  444.0  444.0  444.0  444.0  444.0
2018  87  3 28 0300  444.0  444.0  444.0  444.0  444.0  444.0
2018  87  3 28 0600  444.0  444.0  444.0  444.0  444.0  444.0
2018  87  3 28 0900  444.0  444.0  444.0  444.0  444.0  444.0
2018  87  3 28 1200  444.0  444.0  444.0  444.0  444.0  444.0
2018  87  3 28 1500  444.0  444.0  444.0  444.0  444.0  444.0
2018  87  3 28 1800  444.0  444.0  444.0  444.0  444.0  444.0
2018  87  3 28 2100  444.0  444.0  444.0  444.0  444.0  444.0
2018  88  3 29 0000  444.0  444.0  444.0  444.0  444.0  444.0
2018  88  3 29 0300  444.0  444.0  444.0  444.0  444.0  444.0
2018  88  3 29 0600  444.0  444.0  444.0  444.0  444.0  444.0
2018  88  3 29 0900  444.0  444.0  444.0  444.0  444.0  444.0
2018  88  3 29 1200  444.0  444.0  444.0  444.0  444.0  444.0
2018  88  3 29 1500  444.0  444.0  444.0  444.0  444.0  444.0
2018  88  3 29 1800  444.0  444.0  444.0  444.0  444.0  444.0
2018  88  3 29 2100  444.0  444.0  444.0  444.0  444.0  444.0
2018  89  3 30 0000  444.0  444.0  444.0  444.0  444.0  444.0
2018  89  3 30 0300  444.0  444.0  444.0  444.0  444.0  444.0
2018  89  3 30 0600  -55.4  596.0    3.5   13.0   43.0  444.0
2018  89  3 30 0900  -49.6  596.0    3.7   59.0   48.3  444.0
2018  89  3 30 1200  -54.4  596.0    3.3   11.0   42.1  444.0
2018  89  3 30 1500  -55.1  595.8    6.6  318.0   41.3  444.0
2018  89  3 30 1800  -53.6  596.3    6.0  350.0   49.9  444.0
2018  89  3 30 2100  -54.4  596.4    2.1  359.0   42.1  444.0
2018  90  3 31 0000  -52.2  595.8    4.1   60.0   45.0  444.0
2018  90  3 31 0300  -54.4  595.3    3.7   79.0   42.1  444.0
2018  90  3 31 0600  -50.9  594.7    3.7   79.0   42.1  444.0
2018  90  3 31 0900  -52.2  594.2    3.3   13.0   45.8  444.0
2018  90  3 31 1200  -53.4  594.0    2.9   11.0   44.2  444.0
2018  90  3 31 1500  444.0  444.0  444.0  444.0  444.0  444.0
2018  90  3 31 1800  444.0  444.0  444.0  444.0  444.0  444.0
2018  90  3 31 2100  444.0  444.0  444.0  444.0  444.0  444.0
