Year: 2018  Month: 02  ID: PDA  ARGOS: 30416  Name: PANDA-South         
Lat: 82.33S  Lon:  75.99E  Elev: 4027m
2018  32  2  1 0000  444.0  444.0  444.0  444.0  444.0  444.0
2018  32  2  1 0300  444.0  444.0  444.0  444.0  444.0  444.0
2018  32  2  1 0600  444.0  444.0  444.0  444.0  444.0  444.0
2018  32  2  1 0900  444.0  444.0  444.0  444.0  444.0  444.0
2018  32  2  1 1200  444.0  444.0  444.0  444.0  444.0  444.0
2018  32  2  1 1500  444.0  444.0  444.0  444.0  444.0  444.0
2018  32  2  1 1800  444.0  444.0  444.0  444.0  444.0  444.0
2018  32  2  1 2100  444.0  444.0  444.0  444.0  444.0  444.0
2018  33  2  2 0000  444.0  444.0  444.0  444.0  444.0  444.0
2018  33  2  2 0300  444.0  444.0  444.0  444.0  444.0  444.0
2018  33  2  2 0600  444.0  444.0  444.0  444.0  444.0  444.0
2018  33  2  2 0900  444.0  444.0  444.0  444.0  444.0  444.0
2018  33  2  2 1200  444.0  444.0  444.0  444.0  444.0  444.0
2018  33  2  2 1500  444.0  444.0  444.0  444.0  444.0  444.0
2018  33  2  2 1800  444.0  444.0  444.0  444.0  444.0  444.0
2018  33  2  2 2100  444.0  444.0  444.0  444.0  444.0  444.0
2018  34  2  3 0000  444.0  444.0  444.0  444.0  444.0  444.0
2018  34  2  3 0300  444.0  444.0  444.0  444.0  444.0  444.0
2018  34  2  3 0600  444.0  444.0  444.0  444.0  444.0  444.0
2018  34  2  3 0900  444.0  444.0  444.0  444.0  444.0  444.0
2018  34  2  3 1200  444.0  444.0  444.0  444.0  444.0  444.0
2018  34  2  3 1500  444.0  444.0  444.0  444.0  444.0  444.0
2018  34  2  3 1800  444.0  444.0  444.0  444.0  444.0  444.0
2018  34  2  3 2100  444.0  444.0  444.0  444.0  444.0  444.0
2018  35  2  4 0000  444.0  444.0  444.0  444.0  444.0  444.0
2018  35  2  4 0300  444.0  444.0  444.0  444.0  444.0  444.0
2018  35  2  4 0600  444.0  444.0  444.0  444.0  444.0  444.0
2018  35  2  4 0900  444.0  444.0  444.0  444.0  444.0  444.0
2018  35  2  4 1200  444.0  444.0  444.0  444.0  444.0  444.0
2018  35  2  4 1500  444.0  444.0  444.0  444.0  444.0  444.0
2018  35  2  4 1800  444.0  444.0  444.0  444.0  444.0  444.0
2018  35  2  4 2100  444.0  444.0  444.0  444.0  444.0  444.0
2018  36  2  5 0000  444.0  444.0  444.0  444.0  444.0  444.0
2018  36  2  5 0300  444.0  444.0  444.0  444.0  444.0  444.0
2018  36  2  5 0600  444.0  444.0  444.0  444.0  444.0  444.0
2018  36  2  5 0900  444.0  444.0  444.0  444.0  444.0  444.0
2018  36  2  5 1200  444.0  444.0  444.0  444.0  444.0  444.0
2018  36  2  5 1500  444.0  444.0  444.0  444.0  444.0  444.0
2018  36  2  5 1800  444.0  444.0  444.0  444.0  444.0  444.0
2018  36  2  5 2100  444.0  444.0  444.0  444.0  444.0  444.0
2018  37  2  6 0000  444.0  444.0  444.0  444.0  444.0  444.0
2018  37  2  6 0300  444.0  444.0  444.0  444.0  444.0  444.0
2018  37  2  6 0600  444.0  444.0  444.0  444.0  444.0  444.0
2018  37  2  6 0900  444.0  444.0  444.0  444.0  444.0  444.0
2018  37  2  6 1200  444.0  444.0  444.0  444.0  444.0  444.0
2018  37  2  6 1500  444.0  444.0  444.0  444.0  444.0  444.0
2018  37  2  6 1800  444.0  444.0  444.0  444.0  444.0  444.0
2018  37  2  6 2100  444.0  444.0  444.0  444.0  444.0  444.0
2018  38  2  7 0000  444.0  444.0  444.0  444.0  444.0  444.0
2018  38  2  7 0300  444.0  444.0  444.0  444.0  444.0  444.0
2018  38  2  7 0600  444.0  444.0  444.0  444.0  444.0  444.0
2018  38  2  7 0900  444.0  444.0  444.0  444.0  444.0  444.0
2018  38  2  7 1200  444.0  444.0  444.0  444.0  444.0  444.0
2018  38  2  7 1500  444.0  444.0  444.0  444.0  444.0  444.0
2018  38  2  7 1800  444.0  444.0  444.0  444.0  444.0  444.0
2018  38  2  7 2100  444.0  444.0  444.0  444.0  444.0  444.0
2018  39  2  8 0000  444.0  444.0  444.0  444.0  444.0  444.0
2018  39  2  8 0300  444.0  444.0  444.0  444.0  444.0  444.0
2018  39  2  8 0600  444.0  444.0  444.0  444.0  444.0  444.0
2018  39  2  8 0900  444.0  444.0  444.0  444.0  444.0  444.0
2018  39  2  8 1200  444.0  444.0  444.0  444.0  444.0  444.0
2018  39  2  8 1500  444.0  444.0  444.0  444.0  444.0  444.0
2018  39  2  8 1800  444.0  444.0  444.0  444.0  444.0  444.0
2018  39  2  8 2100  444.0  444.0  444.0  444.0  444.0  444.0
2018  40  2  9 0000  444.0  444.0  444.0  444.0  444.0  444.0
2018  40  2  9 0300  444.0  444.0  444.0  444.0  444.0  444.0
2018  40  2  9 0600  444.0  444.0  444.0  444.0  444.0  444.0
2018  40  2  9 0900  444.0  444.0  444.0  444.0  444.0  444.0
2018  40  2  9 1200  444.0  444.0  444.0  444.0  444.0  444.0
2018  40  2  9 1500  444.0  444.0  444.0  444.0  444.0  444.0
2018  40  2  9 1800  444.0  444.0  444.0  444.0  444.0  444.0
2018  40  2  9 2100  444.0  444.0  444.0  444.0  444.0  444.0
2018  41  2 10 0000  444.0  444.0  444.0  444.0  444.0  444.0
2018  41  2 10 0300  444.0  444.0  444.0  444.0  444.0  444.0
2018  41  2 10 0600  444.0  444.0  444.0  444.0  444.0  444.0
2018  41  2 10 0900  444.0  444.0  444.0  444.0  444.0  444.0
2018  41  2 10 1200  444.0  444.0  444.0  444.0  444.0  444.0
2018  41  2 10 1500  444.0  444.0  444.0  444.0  444.0  444.0
2018  41  2 10 1800  444.0  444.0  444.0  444.0  444.0  444.0
2018  41  2 10 2100  444.0  444.0  444.0  444.0  444.0  444.0
2018  42  2 11 0000  444.0  444.0  444.0  444.0  444.0  444.0
2018  42  2 11 0300  444.0  444.0  444.0  444.0  444.0  444.0
2018  42  2 11 0600  444.0  444.0  444.0  444.0  444.0  444.0
2018  42  2 11 0900  444.0  444.0  444.0  444.0  444.0  444.0
2018  42  2 11 1200  444.0  444.0  444.0  444.0  444.0  444.0
2018  42  2 11 1500  444.0  444.0  444.0  444.0  444.0  444.0
2018  42  2 11 1800  444.0  444.0  444.0  444.0  444.0  444.0
2018  42  2 11 2100  444.0  444.0  444.0  444.0  444.0  444.0
2018  43  2 12 0000  444.0  444.0  444.0  444.0  444.0  444.0
2018  43  2 12 0300  444.0  444.0  444.0  444.0  444.0  444.0
2018  43  2 12 0600  444.0  444.0  444.0  444.0  444.0  444.0
2018  43  2 12 0900  444.0  444.0  444.0  444.0  444.0  444.0
2018  43  2 12 1200  444.0  444.0  444.0  444.0  444.0  444.0
2018  43  2 12 1500  444.0  444.0  444.0  444.0  444.0  444.0
2018  43  2 12 1800  444.0  444.0  444.0  444.0  444.0  444.0
2018  43  2 12 2100  444.0  444.0  444.0  444.0  444.0  444.0
2018  44  2 13 0000  444.0  444.0  444.0  444.0  444.0  444.0
2018  44  2 13 0300  444.0  444.0  444.0  444.0  444.0  444.0
2018  44  2 13 0600  444.0  444.0  444.0  444.0  444.0  444.0
2018  44  2 13 0900  444.0  444.0  444.0  444.0  444.0  444.0
2018  44  2 13 1200  444.0  444.0  444.0  444.0  444.0  444.0
2018  44  2 13 1500  444.0  444.0  444.0  444.0  444.0  444.0
2018  44  2 13 1800  444.0  444.0  444.0  444.0  444.0  444.0
2018  44  2 13 2100  444.0  444.0  444.0  444.0  444.0  444.0
2018  45  2 14 0000  444.0  444.0  444.0  444.0  444.0  444.0
2018  45  2 14 0300  444.0  444.0  444.0  444.0  444.0  444.0
2018  45  2 14 0600  444.0  444.0  444.0  444.0  444.0  444.0
2018  45  2 14 0900  444.0  444.0  444.0  444.0  444.0  444.0
2018  45  2 14 1200  444.0  444.0  444.0  444.0  444.0  444.0
2018  45  2 14 1500  444.0  444.0  444.0  444.0  444.0  444.0
2018  45  2 14 1800  444.0  444.0  444.0  444.0  444.0  444.0
2018  45  2 14 2100  444.0  444.0  444.0  444.0  444.0  444.0
2018  46  2 15 0000  444.0  444.0  444.0  444.0  444.0  444.0
2018  46  2 15 0300  444.0  444.0  444.0  444.0  444.0  444.0
2018  46  2 15 0600  444.0  444.0  444.0  444.0  444.0  444.0
2018  46  2 15 0900  444.0  444.0  444.0  444.0  444.0  444.0
2018  46  2 15 1200  444.0  444.0  444.0  444.0  444.0  444.0
2018  46  2 15 1500  444.0  444.0  444.0  444.0  444.0  444.0
2018  46  2 15 1800  444.0  444.0  444.0  444.0  444.0  444.0
2018  46  2 15 2100  444.0  444.0  444.0  444.0  444.0  444.0
2018  47  2 16 0000  444.0  444.0  444.0  444.0  444.0  444.0
2018  47  2 16 0300  444.0  444.0  444.0  444.0  444.0  444.0
2018  47  2 16 0600  444.0  444.0  444.0  444.0  444.0  444.0
2018  47  2 16 0900  444.0  444.0  444.0  444.0  444.0  444.0
2018  47  2 16 1200  444.0  444.0  444.0  444.0  444.0  444.0
2018  47  2 16 1500  444.0  444.0  444.0  444.0  444.0  444.0
2018  47  2 16 1800  444.0  444.0  444.0  444.0  444.0  444.0
2018  47  2 16 2100  444.0  444.0  444.0  444.0  444.0  444.0
2018  48  2 17 0000  444.0  444.0  444.0  444.0  444.0  444.0
2018  48  2 17 0300  444.0  444.0  444.0  444.0  444.0  444.0
2018  48  2 17 0600  444.0  444.0  444.0  444.0  444.0  444.0
2018  48  2 17 0900  444.0  444.0  444.0  444.0  444.0  444.0
2018  48  2 17 1200  444.0  444.0  444.0  444.0  444.0  444.0
2018  48  2 17 1500  444.0  444.0  444.0  444.0  444.0  444.0
2018  48  2 17 1800  444.0  444.0  444.0  444.0  444.0  444.0
2018  48  2 17 2100  444.0  444.0  444.0  444.0  444.0  444.0
2018  49  2 18 0000  444.0  444.0  444.0  444.0  444.0  444.0
2018  49  2 18 0300  444.0  444.0  444.0  444.0  444.0  444.0
2018  49  2 18 0600  444.0  444.0  444.0  444.0  444.0  444.0
2018  49  2 18 0900  444.0  444.0  444.0  444.0  444.0  444.0
2018  49  2 18 1200  444.0  444.0  444.0  444.0  444.0  444.0
2018  49  2 18 1500  444.0  444.0  444.0  444.0  444.0  444.0
2018  49  2 18 1800  444.0  444.0  444.0  444.0  444.0  444.0
2018  49  2 18 2100  444.0  444.0  444.0  444.0  444.0  444.0
2018  50  2 19 0000  444.0  444.0  444.0  444.0  444.0  444.0
2018  50  2 19 0300  444.0  444.0  444.0  444.0  444.0  444.0
2018  50  2 19 0600  444.0  444.0  444.0  444.0  444.0  444.0
2018  50  2 19 0900  -41.5  580.6    5.8  314.0   42.1  444.0
2018  50  2 19 1200  -42.6  580.0    5.5  314.0   46.2  444.0
2018  50  2 19 1500  -47.0  579.6    5.8  314.0   52.0  444.0
2018  50  2 19 1800  -50.4  579.5    5.8  321.0   48.3  444.0
2018  50  2 19 2100  444.0  444.0  444.0  444.0  444.0  444.0
2018  51  2 20 0000  444.0  444.0    5.5  316.0   46.2  444.0
2018  51  2 20 0300  -46.2  580.5    5.8  319.0   44.6  444.0
2018  51  2 20 0600  -44.4  581.1    6.4  305.0   40.5  444.0
2018  51  2 20 0900  -42.5  581.8    6.8  307.0   43.0  444.0
2018  51  2 20 1200  -44.6  582.5    6.4  301.0   43.8  444.0
2018  51  2 20 1500  -48.2  583.3    5.5  304.0   45.0  444.0
2018  51  2 20 1800  -51.8  583.8    5.8  295.0   44.6  444.0
2018  51  2 20 2100  444.0  444.0  444.0  444.0  444.0  444.0
2018  52  2 21 0000  444.0  444.0  444.0  444.0  444.0  444.0
2018  52  2 21 0300  444.0  444.0  444.0  444.0  444.0  444.0
2018  52  2 21 0600  444.0  444.0  444.0  444.0  444.0  444.0
2018  52  2 21 0900  444.0  444.0  444.0  444.0  444.0  444.0
2018  52  2 21 1200  444.0  444.0  444.0  444.0  444.0  444.0
2018  52  2 21 1500  444.0  444.0  444.0  444.0  444.0  444.0
2018  52  2 21 1800  444.0  444.0  444.0  444.0  444.0  444.0
2018  52  2 21 2100  444.0  444.0  444.0  444.0  444.0  444.0
2018  53  2 22 0000  444.0  444.0  444.0  444.0  444.0  444.0
2018  53  2 22 0300  444.0  444.0  444.0  444.0  444.0  444.0
2018  53  2 22 0600  444.0  444.0  444.0  444.0  444.0  444.0
2018  53  2 22 0900  444.0  444.0  444.0  444.0  444.0  444.0
2018  53  2 22 1200  444.0  444.0  444.0  444.0  444.0  444.0
2018  53  2 22 1500  444.0  444.0  444.0  444.0  444.0  444.0
2018  53  2 22 1800  444.0  444.0  444.0  444.0  444.0  444.0
2018  53  2 22 2100  444.0  444.0  444.0  444.0  444.0  444.0
2018  54  2 23 0000  444.0  444.0  444.0  444.0  444.0  444.0
2018  54  2 23 0300  444.0  444.0  444.0  444.0  444.0  444.0
2018  54  2 23 0600  444.0  444.0  444.0  444.0  444.0  444.0
2018  54  2 23 0900  444.0  444.0  444.0  444.0  444.0  444.0
2018  54  2 23 1200  444.0  444.0  444.0  444.0  444.0  444.0
2018  54  2 23 1500  444.0  444.0  444.0  444.0  444.0  444.0
2018  54  2 23 1800  444.0  444.0  444.0  444.0  444.0  444.0
2018  54  2 23 2100  444.0  444.0  444.0  444.0  444.0  444.0
2018  55  2 24 0000  444.0  444.0  444.0  444.0  444.0  444.0
2018  55  2 24 0300  444.0  444.0  444.0  444.0  444.0  444.0
2018  55  2 24 0600  444.0  444.0  444.0  444.0  444.0  444.0
2018  55  2 24 0900  444.0  444.0  444.0  444.0  444.0  444.0
2018  55  2 24 1200  444.0  444.0  444.0  444.0  444.0  444.0
2018  55  2 24 1500  444.0  444.0  444.0  444.0  444.0  444.0
2018  55  2 24 1800  444.0  444.0  444.0  444.0  444.0  444.0
2018  55  2 24 2100  444.0  444.0  444.0  444.0  444.0  444.0
2018  56  2 25 0000  444.0  444.0  444.0  444.0  444.0  444.0
2018  56  2 25 0300  444.0  444.0  444.0  444.0  444.0  444.0
2018  56  2 25 0600  444.0  444.0  444.0  444.0  444.0  444.0
2018  56  2 25 0900  444.0  444.0  444.0  444.0  444.0  444.0
2018  56  2 25 1200  444.0  444.0  444.0  444.0  444.0  444.0
2018  56  2 25 1500  444.0  444.0  444.0  444.0  444.0  444.0
2018  56  2 25 1800  444.0  444.0  444.0  444.0  444.0  444.0
2018  56  2 25 2100  444.0  444.0  444.0  444.0  444.0  444.0
2018  57  2 26 0000  444.0  444.0  444.0  444.0  444.0  444.0
2018  57  2 26 0300  444.0  444.0  444.0  444.0  444.0  444.0
2018  57  2 26 0600  444.0  444.0  444.0  444.0  444.0  444.0
2018  57  2 26 0900  444.0  444.0  444.0  444.0  444.0  444.0
2018  57  2 26 1200  444.0  444.0  444.0  444.0  444.0  444.0
2018  57  2 26 1500  444.0  444.0  444.0  444.0  444.0  444.0
2018  57  2 26 1800  444.0  444.0  444.0  444.0  444.0  444.0
2018  57  2 26 2100  444.0  444.0  444.0  444.0  444.0  444.0
2018  58  2 27 0000  444.0  444.0  444.0  444.0  444.0  444.0
2018  58  2 27 0300  444.0  444.0  444.0  444.0  444.0  444.0
2018  58  2 27 0600  444.0  444.0  444.0  444.0  444.0  444.0
2018  58  2 27 0900  444.0  444.0  444.0  444.0  444.0  444.0
2018  58  2 27 1200  444.0  444.0  444.0  444.0  444.0  444.0
2018  58  2 27 1500  444.0  444.0  444.0  444.0  444.0  444.0
2018  58  2 27 1800  444.0  444.0  444.0  444.0  444.0  444.0
2018  58  2 27 2100  444.0  444.0  444.0  444.0  444.0  444.0
2018  59  2 28 0000  444.0  444.0  444.0  444.0  444.0  444.0
2018  59  2 28 0300  444.0  444.0  444.0  444.0  444.0  444.0
2018  59  2 28 0600  444.0  444.0  444.0  444.0  444.0  444.0
2018  59  2 28 0900  444.0  444.0  444.0  444.0  444.0  444.0
2018  59  2 28 1200  444.0  444.0  444.0  444.0  444.0  444.0
2018  59  2 28 1500  444.0  444.0  444.0  444.0  444.0  444.0
2018  59  2 28 1800  444.0  444.0  444.0  444.0  444.0  444.0
2018  59  2 28 2100  444.0  444.0  444.0  444.0  444.0  444.0
