Year: 2018  Month: 02  ID: PHX  ARGOS:  8908  Name: Phoenix             
Lat: 77.95S  Lon: 166.76E  Elev:    8m
2018  32  2  1 0000   -8.5  993.6    4.4   85.0   66.4  444.0
2018  32  2  1 0300   -8.1  993.3    4.7   90.0   70.7  444.0
2018  32  2  1 0600   -8.3  993.1    4.3   87.0   73.0  444.0
2018  32  2  1 0900   -9.2  993.1    4.2   92.0   82.0  444.0
2018  32  2  1 1200  -10.6  993.1    3.5   92.0   82.0  444.0
2018  32  2  1 1500  -16.3  992.8    2.3  100.0   82.0  444.0
2018  32  2  1 1800  -13.8  993.3    0.9  131.0   81.0  444.0
2018  32  2  1 2100   -9.2  993.5    2.1  223.0   77.8  444.0
2018  33  2  2 0000   -9.3  992.8    6.6  179.0   82.0  444.0
2018  33  2  2 0300  -10.8  992.3   11.2  183.0   83.0  444.0
2018  33  2  2 0600  -10.9  992.8    6.6  178.0   83.4  444.0
2018  33  2  2 0900   -9.7  993.3    4.4  173.0   84.3  444.0
2018  33  2  2 1200  -10.1  993.5    2.3  333.0   85.0  444.0
2018  33  2  2 1500  -11.4  993.2    0.2  309.0   83.0  444.0
2018  33  2  2 1800  -10.8  993.7    4.8  161.0   77.5  444.0
2018  33  2  2 2100   -8.8  993.7    0.0    0.0   69.0  444.0
2018  34  2  3 0000   -9.0  993.6    2.4   32.0   79.0  444.0
2018  34  2  3 0300   -7.8  993.3    3.4   56.0   73.0  444.0
2018  34  2  3 0600   -8.3  993.1    3.7   56.0   70.7  444.0
2018  34  2  3 0900  -11.9  993.2    5.5   62.0   67.0  444.0
2018  34  2  3 1200  -15.1  992.9    3.0   78.0   69.0  444.0
2018  34  2  3 1500  -17.2  992.5    1.9   59.0   73.0  444.0
2018  34  2  3 1800  -16.6  992.1    2.9   40.0   77.0  444.0
2018  34  2  3 2100  -13.0  992.0    1.3   32.0   75.5  444.0
2018  35  2  4 0000  -10.3  990.6    1.9  158.0   72.0  444.0
2018  35  2  4 0300   -9.3  989.8    1.8   36.0   72.7  444.0
2018  35  2  4 0600   -9.1  989.2    2.3   89.0   70.0  444.0
2018  35  2  4 0900  -11.2  988.7    3.3   76.0   71.8  444.0
2018  35  2  4 1200  -11.1  989.1    0.6  145.0   74.0  444.0
2018  35  2  4 1500  -13.4  988.8    2.8   57.0   77.0  444.0
2018  35  2  4 1800  -13.2  989.7    2.6  113.0   66.0  444.0
2018  35  2  4 2100   -8.8  990.7    5.9  156.0   72.0  444.0
2018  36  2  5 0000   -8.8  990.5    6.8  166.0   71.1  444.0
2018  36  2  5 0300   -8.9  990.5    3.5   96.0   76.0  444.0
2018  36  2  5 0600   -8.8  990.2    2.6   60.0   80.7  444.0
2018  36  2  5 0900   -8.1  990.1    3.1   83.0   73.0  444.0
2018  36  2  5 1200   -6.3  989.4    8.4  177.0   72.9  444.0
2018  36  2  5 1500   -7.1  989.4    6.0  146.0   71.0  444.0
2018  36  2  5 1800  -10.8  989.6    5.1  103.0   71.3  444.0
2018  36  2  5 2100  -12.9  990.1    3.6   42.0   72.0  444.0
2018  37  2  6 0000   -7.3  989.6    3.3   84.0   57.0  444.0
2018  37  2  6 0300   -5.5  989.3    1.7   80.0   49.5  444.0
2018  37  2  6 0600   -9.4  988.3    4.8   66.0   64.9  444.0
2018  37  2  6 0900  -11.6  987.1    5.0   84.0   63.0  444.0
2018  37  2  6 1200  -14.1  986.1    3.5   20.0   60.0  444.0
2018  37  2  6 1500  -13.8  984.9    2.5   91.0   61.7  444.0
2018  37  2  6 1800  -12.0  984.4    5.4   48.0   67.0  444.0
2018  37  2  6 2100  -12.1  984.3    4.2   71.0   64.9  444.0
2018  38  2  7 0000  -11.6  984.2    5.1   59.0   68.7  444.0
2018  38  2  7 0300  -10.6  984.1    4.7   83.0   66.0  444.0
2018  38  2  7 0600  -10.3  983.9    3.1   63.0   66.0  444.0
2018  38  2  7 0900  -11.2  983.4    1.7  157.0   75.0  444.0
2018  38  2  7 1200  -11.0  983.3    1.2  168.0   74.6  444.0
2018  38  2  7 1500  -12.5  982.5    1.8  358.0   63.0  444.0
2018  38  2  7 1800  -11.4  982.3    2.1  302.0   68.0  444.0
2018  38  2  7 2100   -9.9  981.6    2.3  307.0   73.0  444.0
2018  39  2  8 0000   -7.5  980.9    2.3  317.0   61.0  444.0
2018  39  2  8 0300   -7.1  979.8    2.4  302.0   68.0  444.0
2018  39  2  8 0600   -5.6  978.4    0.7  346.0   61.0  444.0
2018  39  2  8 0900   -7.8  977.0    1.2  236.0   72.0  444.0
2018  39  2  8 1200   -8.1  975.8    0.7  312.0   77.0  444.0
2018  39  2  8 1500   -9.8  974.6    2.9  299.0   70.4  444.0
2018  39  2  8 1800  -10.0  973.6    0.9  128.0   67.0  444.0
2018  39  2  8 2100   -9.2  972.9    7.7  168.0   58.0  444.0
2018  40  2  9 0000   -8.4  972.0    2.8   33.0   57.0  444.0
2018  40  2  9 0300   -8.3  970.8    2.2   83.0   64.4  444.0
2018  40  2  9 0600  -10.1  969.7    3.4   49.0   69.0  444.0
2018  40  2  9 0900  -10.6  969.2    0.8  138.0   70.0  444.0
2018  40  2  9 1200   -8.2  969.1    1.7   46.0   66.0  444.0
2018  40  2  9 1500   -9.1  969.5    2.0   23.0   80.0  444.0
2018  40  2  9 1800  -10.2  970.1    1.1   95.0   85.8  444.0
2018  40  2  9 2100  -11.8  971.6    2.6   42.0   72.0  444.0
2018  41  2 10 0000  -10.3  972.9    2.2   36.0   67.0  444.0
2018  41  2 10 0300   -8.8  974.2    1.8   56.0   67.0  444.0
2018  41  2 10 0600  -10.9  975.6    2.3   76.0   72.5  444.0
2018  41  2 10 0900  -13.7  977.0    3.1   41.0   71.0  444.0
2018  41  2 10 1200  -16.4  978.1    3.4  114.0   85.0  444.0
2018  41  2 10 1500  -14.2  978.9    2.3   48.0   82.0  444.0
2018  41  2 10 1800  -16.3  980.3    1.1   70.0   78.9  444.0
2018  41  2 10 2100  -13.2  982.6    0.8  353.0   75.1  444.0
2018  42  2 11 0000  -10.4  983.8    0.7   47.0   70.0  444.0
2018  42  2 11 0300   -8.0  984.9    4.3   91.0   76.0  444.0
2018  42  2 11 0600   -6.3  986.0   11.4  178.0   70.0  444.0
2018  42  2 11 0900   -7.7  986.7   12.1  181.0   80.0  444.0
2018  42  2 11 1200   -9.5  990.1   10.5  167.0   80.0  444.0
2018  42  2 11 1500  -10.1  991.4    7.3  155.0   79.0  444.0
2018  42  2 11 1800  -10.1  993.3    5.9  155.0   79.0  444.0
2018  42  2 11 2100   -9.0  994.3    5.8  164.0   78.0  444.0
2018  43  2 12 0000   -7.0  993.6    3.3   84.0   73.0  444.0
2018  43  2 12 0300   -7.0  992.5    4.3   28.0   75.4  444.0
2018  43  2 12 0600   -8.0  990.1    3.7   51.0   74.0  444.0
2018  43  2 12 0900  -11.0  988.0    3.7   63.0   78.9  444.0
2018  43  2 12 1200  -16.8  986.3    3.2  109.0   85.0  444.0
2018  43  2 12 1500  -12.1  984.5    2.0   58.0   82.0  444.0
2018  43  2 12 1800  -10.4  982.9    2.2   51.0   75.0  444.0
2018  43  2 12 2100  -12.2  981.7    2.8   49.0   75.0  444.0
2018  44  2 13 0000  -10.6  979.0    2.9   58.0   79.6  444.0
2018  44  2 13 0300  -10.6  976.6    2.9  151.0   79.0  444.0
2018  44  2 13 0600  -10.6  975.6    8.2  172.0   79.0  444.0
2018  44  2 13 0900   -9.7  976.4    7.0  156.0   72.0  444.0
2018  44  2 13 1200  -11.2  977.6    2.9   47.0   76.8  444.0
2018  44  2 13 1500  -11.7  977.6    2.9   62.0   77.0  444.0
2018  44  2 13 1800  -13.2  978.2    3.0   86.0   70.0  444.0
2018  44  2 13 2100  -12.1  979.7    3.0   59.0   54.9  444.0
2018  45  2 14 0000  -11.0  980.9    1.9   66.0   58.0  444.0
2018  45  2 14 0300  -14.0  982.6    3.0   88.0   70.0  444.0
2018  45  2 14 0600  -10.2  984.4    2.5   59.0   50.0  444.0
2018  45  2 14 0900  -11.8  986.1    0.9   40.0   53.0  444.0
2018  45  2 14 1200  -20.0  987.4    4.4   48.0   68.0  444.0
2018  45  2 14 1500  -19.4  988.1    5.8   43.0   68.2  444.0
2018  45  2 14 1800  -14.9  987.4    4.8   66.0   69.3  444.0
2018  45  2 14 2100  -12.9  986.2    4.8   80.0   64.0  444.0
2018  46  2 15 0000  -13.3  983.9    6.1   91.0   62.3  444.0
2018  46  2 15 0300  -12.2  982.4    1.7  160.0   61.0  444.0
2018  46  2 15 0600  -12.2  982.1    2.6  130.0   81.0  444.0
2018  46  2 15 0900  -13.0  982.9    4.0  109.0   61.0  444.0
2018  46  2 15 1200  -12.6  983.3    4.6   74.0   57.0  444.0
2018  46  2 15 1500  -15.4  983.3    4.5  148.0   51.0  444.0
2018  46  2 15 1800  -13.9  984.0    1.8  350.0   46.0  444.0
2018  46  2 15 2100  -13.0  984.7    1.6  285.0   63.3  444.0
2018  47  2 16 0000  -12.2  984.7    2.1  103.0   68.0  444.0
2018  47  2 16 0300  -10.7  983.9    2.0   51.0   66.1  444.0
2018  47  2 16 0600  -13.9  983.8    3.3   79.0   71.0  444.0
2018  47  2 16 0900  -16.8  983.5    4.2   88.0   69.0  444.0
2018  47  2 16 1200  -18.2  983.3    4.7   88.0   68.0  444.0
2018  47  2 16 1500  -18.0  983.5    4.0  101.0   65.0  444.0
2018  47  2 16 1800  -18.0  984.0    3.4  136.0   65.0  444.0
2018  47  2 16 2100  -15.6  985.4    3.7  136.0   60.4  444.0
2018  48  2 17 0000  -15.3  987.1    2.9   66.0   70.0  444.0
2018  48  2 17 0300  -12.8  988.0    0.4  135.0   67.0  444.0
2018  48  2 17 0600  -12.8  989.2    5.1   64.0   68.0  444.0
2018  48  2 17 0900  -15.9  990.2    4.0   42.0   67.0  444.0
2018  48  2 17 1200  -16.4  991.6    2.1   42.0   66.0  444.0
2018  48  2 17 1500  -15.7  992.9    4.0   44.0   69.0  444.0
2018  48  2 17 1800  -14.7  994.5    5.0   46.0   70.0  444.0
2018  48  2 17 2100  -13.8  996.2    4.6   58.0   68.0  444.0
2018  49  2 18 0000  -13.4  997.2    6.2   56.0   70.3  444.0
2018  49  2 18 0300  -13.7  997.7    9.2   78.0   66.3  444.0
2018  49  2 18 0600  -13.3  998.4    8.2   77.0   66.1  444.0
2018  49  2 18 0900  -14.7  998.9    5.8   65.0   75.0  444.0
2018  49  2 18 1200  -15.1  998.3    6.0   73.0   79.0  444.0
2018  49  2 18 1500  -15.6  997.5    6.7   78.0   79.0  444.0
2018  49  2 18 1800  -15.8  997.1    5.9   79.0   78.0  444.0
2018  49  2 18 2100  -14.8  997.4    2.3   90.0   74.3  444.0
2018  50  2 19 0000  -14.7  997.2    2.7  168.0   78.0  444.0
2018  50  2 19 0300  -14.7  997.0    1.5  194.0   75.0  444.0
2018  50  2 19 0600  -15.0  996.6    2.4   99.0   76.9  444.0
2018  50  2 19 0900  -16.2  996.2    3.7   76.0   76.5  444.0
2018  50  2 19 1200  -17.4  995.8    4.0   93.0   79.0  444.0
2018  50  2 19 1500  -18.4  995.2    2.3   84.0   78.0  444.0
2018  50  2 19 1800  -18.1  994.6    3.0  100.0   72.3  444.0
2018  50  2 19 2100  -17.2  993.7    3.7   95.0   68.0  444.0
2018  51  2 20 0000  -16.5  993.6    3.4   92.0   66.0  444.0
2018  51  2 20 0300  -15.7  993.7    4.5   88.0   64.0  444.0
2018  51  2 20 0600  -15.0  994.5    4.4   98.0   68.0  444.0
2018  51  2 20 0900  -17.2  995.0    5.7   72.0   76.0  444.0
2018  51  2 20 1200  -16.6  995.0    4.1   70.0   76.0  444.0
2018  51  2 20 1500  -18.3  994.5    5.2   70.0   75.0  444.0
2018  51  2 20 1800  -21.9  994.1    4.9   76.0   74.0  444.0
2018  51  2 20 2100  -19.4  993.4    6.3   66.0   70.3  444.0
2018  52  2 21 0000  -18.2  993.1    7.3   78.0   60.0  444.0
2018  52  2 21 0300  -18.2  991.7    4.7   80.0   58.5  444.0
2018  52  2 21 0600  -20.2  990.6    5.0   85.0   62.0  444.0
2018  52  2 21 0900  -24.2  990.3    6.7   52.0   69.0  444.0
2018  52  2 21 1200  -24.0  990.7    6.2   53.0   73.0  444.0
2018  52  2 21 1500  -21.9  990.2    5.2   52.0   67.0  444.0
2018  52  2 21 1800  -22.1  990.0    4.2   46.0   67.0  444.0
2018  52  2 21 2100  -19.8  990.0    5.7   38.0   68.0  444.0
2018  53  2 22 0000  -18.2  990.4    6.3   42.0   70.0  444.0
2018  53  2 22 0300  -17.8  990.3    8.0   52.0   74.0  444.0
2018  53  2 22 0600  -16.3  990.2    8.6   55.0   77.0  444.0
2018  53  2 22 0900  -16.0  990.6    7.0   56.0   79.5  444.0
2018  53  2 22 1200  -15.8  990.8    8.7   69.0   80.0  444.0
2018  53  2 22 1500  -15.7  991.0    6.8   61.0   81.0  444.0
2018  53  2 22 1800  -13.8  992.2    5.5   49.0   83.1  444.0
2018  53  2 22 2100  -12.8  993.0    3.9   48.0   83.0  444.0
2018  54  2 23 0000  -13.2  993.2    8.3   65.0   78.4  444.0
2018  54  2 23 0300  -12.3  993.5    7.0   63.0   79.0  444.0
2018  54  2 23 0600  -12.1  993.5    7.4   67.0   78.3  444.0
2018  54  2 23 0900  -12.3  993.5    6.2   65.0   73.0  444.0
2018  54  2 23 1200  -13.0  993.4    3.5   73.0   63.3  444.0
2018  54  2 23 1500  -14.5  992.5    4.2  115.0   57.0  444.0
2018  54  2 23 1800  -15.1  991.8    2.4   30.0   57.0  444.0
2018  54  2 23 2100  -13.3  991.9    2.3  162.0   59.0  444.0
2018  55  2 24 0000  -13.4  991.7    7.4   73.0   65.0  444.0
2018  55  2 24 0300  -13.7  990.7    5.6   51.0   65.6  444.0
2018  55  2 24 0600  -13.0  990.1    3.1   17.0   67.0  444.0
2018  55  2 24 0900  -14.7  989.2    2.3  326.0   72.0  444.0
2018  55  2 24 1200  -16.8  987.9    1.1   99.0   65.7  444.0
2018  55  2 24 1500  -16.7  986.6    1.7  130.0   60.0  444.0
2018  55  2 24 1800  -15.3  986.1    6.3   75.0   64.0  444.0
2018  55  2 24 2100  -15.9  985.8    4.7   75.0   71.0  444.0
2018  56  2 25 0000  -15.0  985.2    4.5   64.0   70.0  444.0
2018  56  2 25 0300  -15.3  984.0    4.7   61.0   73.0  444.0
2018  56  2 25 0600  -14.7  983.2    4.0   56.0   71.0  444.0
2018  56  2 25 0900  -16.3  982.7    2.4   99.0   79.0  444.0
2018  56  2 25 1200  -17.0  982.2    2.7  147.0   78.0  444.0
2018  56  2 25 1500  -17.0  981.7    2.5   44.0   80.0  444.0
2018  56  2 25 1800  -21.0  982.2    4.5   83.0   74.0  444.0
2018  56  2 25 2100  -17.4  982.4    2.4   28.0   73.0  444.0
2018  57  2 26 0000  -13.0  982.3    5.3  120.0   69.0  444.0
2018  57  2 26 0300  -12.8  981.8    5.8  166.0   69.0  444.0
2018  57  2 26 0600  -13.3  981.8    7.9  159.0   66.8  444.0
2018  57  2 26 0900  -13.9  981.9    2.8   63.0   63.0  444.0
2018  57  2 26 1200  -17.0  981.3    4.1   31.0   69.0  444.0
2018  57  2 26 1500  -17.3  980.7    3.7   40.0   66.3  444.0
2018  57  2 26 1800  -18.0  980.7    0.8  161.0   68.0  444.0
2018  57  2 26 2100  -16.8  980.9    3.1   38.0   71.0  444.0
2018  58  2 27 0000  -13.5  980.9    1.0  352.0   59.8  444.0
2018  58  2 27 0300  444.0  980.2    0.2  218.0   57.0  444.0
2018  58  2 27 0600  -13.7  979.0    2.4   16.0   68.0  444.0
2018  58  2 27 0900  -17.8  978.3    2.0  154.0   74.0  444.0
2018  58  2 27 1200  444.0  977.6    1.1   54.0   63.6  444.0
2018  58  2 27 1500  -13.6  977.6    2.6   64.0   71.0  444.0
2018  58  2 27 1800  -11.7  978.5    2.0  132.0   74.0  444.0
2018  58  2 27 2100  -11.6  979.5    2.0   51.0   74.0  444.0
2018  59  2 28 0000  -11.0  980.2    2.9   36.0   61.6  444.0
2018  59  2 28 0300  -10.6  981.0    3.6  119.0   80.0  444.0
2018  59  2 28 0600  -11.0  981.9    2.2   72.0   78.0  444.0
2018  59  2 28 0900  -13.3  982.2    1.5   98.0   76.8  444.0
2018  59  2 28 1200  -16.4  982.2    3.3  146.0   81.0  444.0
2018  59  2 28 1500  -16.7  982.5    4.2   68.0   88.0  444.0
2018  59  2 28 1800  -15.1  982.9    2.3  137.0   83.0  444.0
2018  59  2 28 2100  -18.9  983.2    3.4   58.0   77.7  444.0
