Year: 2018  Month: 11  ID: PHX  ARGOS:  8908  Name: Phoenix             
Lat: 77.95S  Lon: 166.76E  Elev:   15m
2018 305 11  1 0000  -13.1  978.5    4.8   62.0   65.0  444.0
2018 305 11  1 0300  -12.7  979.1    4.8   50.0   61.8  444.0
2018 305 11  1 0600  -12.6  979.6    2.9   60.0   65.0  444.0
2018 305 11  1 0900  -13.5  980.5    2.1   52.0   73.0  444.0
2018 305 11  1 1200  -13.9  980.8    2.5  131.0   76.0  444.0
2018 305 11  1 1500  -14.0  981.2    2.0  113.0   73.0  444.0
2018 305 11  1 1800  -14.8  981.5    4.1   51.0   71.0  444.0
2018 305 11  1 2100  -14.1  981.8    3.9   40.0   67.0  444.0
2018 306 11  2 0000  -13.1  981.7    2.7   88.0   60.0  444.0
2018 306 11  2 0300  -14.7  981.6    5.6   47.0   69.0  444.0
2018 306 11  2 0600  -15.8  981.5    6.8   49.0   70.0  444.0
2018 306 11  2 0900  -16.7  980.9    4.9   43.0   69.7  444.0
2018 306 11  2 1200  -19.8  980.9    3.4   37.0   72.0  444.0
2018 306 11  2 1500  -20.5  981.1    5.0   32.0   73.0  444.0
2018 306 11  2 1800  -17.4  981.3    2.3   28.0   58.0  444.0
2018 306 11  2 2100  -15.6  982.8    4.4   48.0   66.0  444.0
2018 307 11  3 0000  -15.2  983.4    5.3   42.0   76.0  444.0
2018 307 11  3 0300  -13.2  983.9    3.6   37.0   73.0  444.0
2018 307 11  3 0600  -15.5  983.9    5.2   49.0   72.0  444.0
2018 307 11  3 0900  -15.4  983.8    4.6   47.0   69.0  444.0
2018 307 11  3 1200  -15.6  983.8    5.6   46.0   67.0  444.0
2018 307 11  3 1500  -16.1  984.0    5.5   61.0   67.0  444.0
2018 307 11  3 1800  -16.3  984.1    5.5   57.0   65.0  444.0
2018 307 11  3 2100  -15.2  984.9    6.2   57.0   60.0  444.0
2018 308 11  4 0000  -15.2  985.5    7.1   67.0   53.0  444.0
2018 308 11  4 0300  -15.6  985.5    6.0   86.0   54.6  444.0
2018 308 11  4 0600  444.0  444.0  444.0  444.0  444.0  444.0
2018 308 11  4 0900  444.0  444.0  444.0  444.0  444.0  444.0
2018 308 11  4 1200  444.0  444.0  444.0  444.0  444.0  444.0
2018 308 11  4 1500  444.0  444.0  444.0  444.0  444.0  444.0
2018 308 11  4 1800  444.0  444.0  444.0  444.0  444.0  444.0
2018 308 11  4 2100  444.0  444.0  444.0  444.0  444.0  444.0
2018 309 11  5 0000  444.0  444.0  444.0  444.0  444.0  444.0
2018 309 11  5 0300  444.0  444.0  444.0  444.0  444.0  444.0
2018 309 11  5 0600  444.0  444.0  444.0  444.0  444.0  444.0
2018 309 11  5 0900  444.0  444.0  444.0  444.0  444.0  444.0
2018 309 11  5 1200  444.0  444.0  444.0  444.0  444.0  444.0
2018 309 11  5 1500  444.0  444.0  444.0  444.0  444.0  444.0
2018 309 11  5 1800  444.0  444.0  444.0  444.0  444.0  444.0
2018 309 11  5 2100  444.0  444.0  444.0  444.0  444.0  444.0
2018 310 11  6 0000  444.0  444.0  444.0  444.0  444.0  444.0
2018 310 11  6 0300  444.0  444.0  444.0  444.0  444.0  444.0
2018 310 11  6 0600  444.0  444.0  444.0  444.0  444.0  444.0
2018 310 11  6 0900  444.0  444.0  444.0  444.0  444.0  444.0
2018 310 11  6 1200  444.0  444.0  444.0  444.0  444.0  444.0
2018 310 11  6 1500  444.0  444.0  444.0  444.0  444.0  444.0
2018 310 11  6 1800  444.0  444.0  444.0  444.0  444.0  444.0
2018 310 11  6 2100  444.0  444.0  444.0  444.0  444.0  444.0
2018 311 11  7 0000  444.0  444.0  444.0  444.0  444.0  444.0
2018 311 11  7 0300  444.0  444.0  444.0  444.0  444.0  444.0
2018 311 11  7 0600  444.0  444.0  444.0  444.0  444.0  444.0
2018 311 11  7 0900  444.0  444.0  444.0  444.0  444.0  444.0
2018 311 11  7 1200  444.0  444.0  444.0  444.0  444.0  444.0
2018 311 11  7 1500  444.0  444.0  444.0  444.0  444.0  444.0
2018 311 11  7 1800  444.0  444.0  444.0  444.0  444.0  444.0
2018 311 11  7 2100  444.0  444.0  444.0  444.0  444.0  444.0
2018 312 11  8 0000  444.0  444.0  444.0  444.0  444.0  444.0
2018 312 11  8 0300  444.0  444.0  444.0  444.0  444.0  444.0
2018 312 11  8 0600  444.0  444.0  444.0  444.0  444.0  444.0
2018 312 11  8 0900  444.0  444.0  444.0  444.0  444.0  444.0
2018 312 11  8 1200  444.0  444.0  444.0  444.0  444.0  444.0
2018 312 11  8 1500  444.0  444.0  444.0  444.0  444.0  444.0
2018 312 11  8 1800  444.0  444.0  444.0  444.0  444.0  444.0
2018 312 11  8 2100  444.0  444.0  444.0  444.0  444.0  444.0
2018 313 11  9 0000  444.0  444.0  444.0  444.0  444.0  444.0
2018 313 11  9 0300  444.0  444.0  444.0  444.0  444.0  444.0
2018 313 11  9 0600  444.0  444.0  444.0  444.0  444.0  444.0
2018 313 11  9 0900  444.0  444.0  444.0  444.0  444.0  444.0
2018 313 11  9 1200  444.0  444.0  444.0  444.0  444.0  444.0
2018 313 11  9 1500  444.0  444.0  444.0  444.0  444.0  444.0
2018 313 11  9 1800  444.0  444.0  444.0  444.0  444.0  444.0
2018 313 11  9 2100  444.0  444.0  444.0  444.0  444.0  444.0
2018 314 11 10 0000  444.0  444.0  444.0  444.0  444.0  444.0
2018 314 11 10 0300  444.0  444.0  444.0  444.0  444.0  444.0
2018 314 11 10 0600  444.0  444.0  444.0  444.0  444.0  444.0
2018 314 11 10 0900  444.0  444.0  444.0  444.0  444.0  444.0
2018 314 11 10 1200  444.0  444.0  444.0  444.0  444.0  444.0
2018 314 11 10 1500  444.0  444.0  444.0  444.0  444.0  444.0
2018 314 11 10 1800  444.0  444.0  444.0  444.0  444.0  444.0
2018 314 11 10 2100  444.0  444.0  444.0  444.0  444.0  444.0
2018 315 11 11 0000  444.0  444.0  444.0  444.0  444.0  444.0
2018 315 11 11 0300  444.0  444.0  444.0  444.0  444.0  444.0
2018 315 11 11 0600  444.0  444.0  444.0  444.0  444.0  444.0
2018 315 11 11 0900  444.0  444.0  444.0  444.0  444.0  444.0
2018 315 11 11 1200  444.0  444.0  444.0  444.0  444.0  444.0
2018 315 11 11 1500  444.0  444.0  444.0  444.0  444.0  444.0
2018 315 11 11 1800  444.0  444.0  444.0  444.0  444.0  444.0
2018 315 11 11 2100  444.0  444.0  444.0  444.0  444.0  444.0
2018 316 11 12 0000  444.0  444.0  444.0  444.0  444.0  444.0
2018 316 11 12 0300  444.0  444.0  444.0  444.0  444.0  444.0
2018 316 11 12 0600  444.0  444.0  444.0  444.0  444.0  444.0
2018 316 11 12 0900  444.0  444.0  444.0  444.0  444.0  444.0
2018 316 11 12 1200  444.0  444.0  444.0  444.0  444.0  444.0
2018 316 11 12 1500  444.0  444.0  444.0  444.0  444.0  444.0
2018 316 11 12 1800  444.0  444.0  444.0  444.0  444.0  444.0
2018 316 11 12 2100  444.0  444.0  444.0  444.0  444.0  444.0
2018 317 11 13 0000  444.0  444.0  444.0  444.0  444.0  444.0
2018 317 11 13 0300  444.0  444.0  444.0  444.0  444.0  444.0
2018 317 11 13 0600  444.0  444.0  444.0  444.0  444.0  444.0
2018 317 11 13 0900  444.0  444.0  444.0  444.0  444.0  444.0
2018 317 11 13 1200  444.0  444.0  444.0  444.0  444.0  444.0
2018 317 11 13 1500  444.0  444.0  444.0  444.0  444.0  444.0
2018 317 11 13 1800  444.0  444.0  444.0  444.0  444.0  444.0
2018 317 11 13 2100  444.0  444.0  444.0  444.0  444.0  444.0
2018 318 11 14 0000  444.0  444.0  444.0  444.0  444.0  444.0
2018 318 11 14 0300  444.0  444.0  444.0  444.0  444.0  444.0
2018 318 11 14 0600  444.0  444.0  444.0  444.0  444.0  444.0
2018 318 11 14 0900  444.0  444.0  444.0  444.0  444.0  444.0
2018 318 11 14 1200  444.0  444.0  444.0  444.0  444.0  444.0
2018 318 11 14 1500  444.0  444.0  444.0  444.0  444.0  444.0
2018 318 11 14 1800  444.0  444.0  444.0  444.0  444.0  444.0
2018 318 11 14 2100  444.0  444.0  444.0  444.0  444.0  444.0
2018 319 11 15 0000  444.0  444.0  444.0  444.0  444.0  444.0
2018 319 11 15 0300  444.0  444.0  444.0  444.0  444.0  444.0
2018 319 11 15 0600  444.0  444.0  444.0  444.0  444.0  444.0
2018 319 11 15 0900  444.0  444.0  444.0  444.0  444.0  444.0
2018 319 11 15 1200  444.0  444.0  444.0  444.0  444.0  444.0
2018 319 11 15 1500  444.0  444.0  444.0  444.0  444.0  444.0
2018 319 11 15 1800  444.0  444.0  444.0  444.0  444.0  444.0
2018 319 11 15 2100  444.0  444.0  444.0  444.0  444.0  444.0
2018 320 11 16 0000  444.0  444.0  444.0  444.0  444.0  444.0
2018 320 11 16 0300  444.0  444.0  444.0  444.0  444.0  444.0
2018 320 11 16 0600  444.0  444.0  444.0  444.0  444.0  444.0
2018 320 11 16 0900  444.0  444.0  444.0  444.0  444.0  444.0
2018 320 11 16 1200  444.0  444.0  444.0  444.0  444.0  444.0
2018 320 11 16 1500  444.0  444.0  444.0  444.0  444.0  444.0
2018 320 11 16 1800  444.0  444.0  444.0  444.0  444.0  444.0
2018 320 11 16 2100  444.0  444.0  444.0  444.0  444.0  444.0
2018 321 11 17 0000  444.0  444.0  444.0  444.0  444.0  444.0
2018 321 11 17 0300  444.0  444.0  444.0  444.0  444.0  444.0
2018 321 11 17 0600  444.0  444.0  444.0  444.0  444.0  444.0
2018 321 11 17 0900  444.0  444.0  444.0  444.0  444.0  444.0
2018 321 11 17 1200  444.0  444.0  444.0  444.0  444.0  444.0
2018 321 11 17 1500  444.0  444.0  444.0  444.0  444.0  444.0
2018 321 11 17 1800  444.0  444.0  444.0  444.0  444.0  444.0
2018 321 11 17 2100  444.0  444.0  444.0  444.0  444.0  444.0
2018 322 11 18 0000  444.0  444.0  444.0  444.0  444.0  444.0
2018 322 11 18 0300  444.0  444.0  444.0  444.0  444.0  444.0
2018 322 11 18 0600  444.0  444.0  444.0  444.0  444.0  444.0
2018 322 11 18 0900  444.0  444.0  444.0  444.0  444.0  444.0
2018 322 11 18 1200  444.0  444.0  444.0  444.0  444.0  444.0
2018 322 11 18 1500  444.0  444.0  444.0  444.0  444.0  444.0
2018 322 11 18 1800  444.0  444.0  444.0  444.0  444.0  444.0
2018 322 11 18 2100  444.0  444.0  444.0  444.0  444.0  444.0
2018 323 11 19 0000  444.0  444.0  444.0  444.0  444.0  444.0
2018 323 11 19 0300  444.0  444.0  444.0  444.0  444.0  444.0
2018 323 11 19 0600  444.0  444.0  444.0  444.0  444.0  444.0
2018 323 11 19 0900  444.0  444.0  444.0  444.0  444.0  444.0
2018 323 11 19 1200  444.0  444.0  444.0  444.0  444.0  444.0
2018 323 11 19 1500  444.0  444.0  444.0  444.0  444.0  444.0
2018 323 11 19 1800  444.0  444.0  444.0  444.0  444.0  444.0
2018 323 11 19 2100  444.0  444.0  444.0  444.0  444.0  444.0
2018 324 11 20 0000  444.0  444.0  444.0  444.0  444.0  444.0
2018 324 11 20 0300  444.0  444.0  444.0  444.0  444.0  444.0
2018 324 11 20 0600  444.0  444.0  444.0  444.0  444.0  444.0
2018 324 11 20 0900  444.0  444.0  444.0  444.0  444.0  444.0
2018 324 11 20 1200  444.0  444.0  444.0  444.0  444.0  444.0
2018 324 11 20 1500  444.0  444.0  444.0  444.0  444.0  444.0
2018 324 11 20 1800  444.0  444.0  444.0  444.0  444.0  444.0
2018 324 11 20 2100  444.0  444.0  444.0  444.0  444.0  444.0
2018 325 11 21 0000  444.0  444.0  444.0  444.0  444.0  444.0
2018 325 11 21 0300  444.0  444.0  444.0  444.0  444.0  444.0
2018 325 11 21 0600  444.0  444.0  444.0  444.0  444.0  444.0
2018 325 11 21 0900  444.0  444.0  444.0  444.0  444.0  444.0
2018 325 11 21 1200  444.0  444.0  444.0  444.0  444.0  444.0
2018 325 11 21 1500  444.0  444.0  444.0  444.0  444.0  444.0
2018 325 11 21 1800  444.0  444.0  444.0  444.0  444.0  444.0
2018 325 11 21 2100  444.0  444.0  444.0  444.0  444.0  444.0
2018 326 11 22 0000  444.0  444.0  444.0  444.0  444.0  444.0
2018 326 11 22 0300  444.0  444.0  444.0  444.0  444.0  444.0
2018 326 11 22 0600  444.0  444.0  444.0  444.0  444.0  444.0
2018 326 11 22 0900  444.0  444.0  444.0  444.0  444.0  444.0
2018 326 11 22 1200  444.0  444.0  444.0  444.0  444.0  444.0
2018 326 11 22 1500  444.0  444.0  444.0  444.0  444.0  444.0
2018 326 11 22 1800  444.0  444.0  444.0  444.0  444.0  444.0
2018 326 11 22 2100  444.0  444.0  444.0  444.0  444.0  444.0
2018 327 11 23 0000  444.0  444.0  444.0  444.0  444.0  444.0
2018 327 11 23 0300  444.0  444.0  444.0  444.0  444.0  444.0
2018 327 11 23 0600  444.0  444.0  444.0  444.0  444.0  444.0
2018 327 11 23 0900  444.0  444.0  444.0  444.0  444.0  444.0
2018 327 11 23 1200  444.0  444.0  444.0  444.0  444.0  444.0
2018 327 11 23 1500  444.0  444.0  444.0  444.0  444.0  444.0
2018 327 11 23 1800  444.0  444.0  444.0  444.0  444.0  444.0
2018 327 11 23 2100  444.0  444.0  444.0  444.0  444.0  444.0
2018 328 11 24 0000  444.0  444.0  444.0  444.0  444.0  444.0
2018 328 11 24 0300  444.0  444.0  444.0  444.0  444.0  444.0
2018 328 11 24 0600  444.0  444.0  444.0  444.0  444.0  444.0
2018 328 11 24 0900  444.0  444.0  444.0  444.0  444.0  444.0
2018 328 11 24 1200  444.0  444.0  444.0  444.0  444.0  444.0
2018 328 11 24 1500  444.0  444.0  444.0  444.0  444.0  444.0
2018 328 11 24 1800  444.0  444.0  444.0  444.0  444.0  444.0
2018 328 11 24 2100  444.0  444.0  444.0  444.0  444.0  444.0
2018 329 11 25 0000  444.0  444.0  444.0  444.0  444.0  444.0
2018 329 11 25 0300  444.0  444.0  444.0  444.0  444.0  444.0
2018 329 11 25 0600  444.0  444.0  444.0  444.0  444.0  444.0
2018 329 11 25 0900  444.0  444.0  444.0  444.0  444.0  444.0
2018 329 11 25 1200  444.0  444.0  444.0  444.0  444.0  444.0
2018 329 11 25 1500  444.0  444.0  444.0  444.0  444.0  444.0
2018 329 11 25 1800  444.0  444.0  444.0  444.0  444.0  444.0
2018 329 11 25 2100  444.0  444.0  444.0  444.0  444.0  444.0
2018 330 11 26 0000  444.0  444.0  444.0  444.0  444.0  444.0
2018 330 11 26 0300  444.0  444.0  444.0  444.0  444.0  444.0
2018 330 11 26 0600  444.0  444.0  444.0  444.0  444.0  444.0
2018 330 11 26 0900  444.0  444.0  444.0  444.0  444.0  444.0
2018 330 11 26 1200  444.0  444.0  444.0  444.0  444.0  444.0
2018 330 11 26 1500  444.0  444.0  444.0  444.0  444.0  444.0
2018 330 11 26 1800  444.0  444.0  444.0  444.0  444.0  444.0
2018 330 11 26 2100  444.0  444.0  444.0  444.0  444.0  444.0
2018 331 11 27 0000  444.0  444.0  444.0  444.0  444.0  444.0
2018 331 11 27 0300  444.0  444.0  444.0  444.0  444.0  444.0
2018 331 11 27 0600  444.0  444.0  444.0  444.0  444.0  444.0
2018 331 11 27 0900  444.0  444.0  444.0  444.0  444.0  444.0
2018 331 11 27 1200  444.0  444.0  444.0  444.0  444.0  444.0
2018 331 11 27 1500  444.0  444.0  444.0  444.0  444.0  444.0
2018 331 11 27 1800  444.0  444.0  444.0  444.0  444.0  444.0
2018 331 11 27 2100  444.0  444.0  444.0  444.0  444.0  444.0
2018 332 11 28 0000  444.0  444.0  444.0  444.0  444.0  444.0
2018 332 11 28 0300  444.0  444.0  444.0  444.0  444.0  444.0
2018 332 11 28 0600  444.0  444.0  444.0  444.0  444.0  444.0
2018 332 11 28 0900  444.0  444.0  444.0  444.0  444.0  444.0
2018 332 11 28 1200  444.0  444.0  444.0  444.0  444.0  444.0
2018 332 11 28 1500  444.0  444.0  444.0  444.0  444.0  444.0
2018 332 11 28 1800  444.0  444.0  444.0  444.0  444.0  444.0
2018 332 11 28 2100  444.0  444.0  444.0  444.0  444.0  444.0
2018 333 11 29 0000  444.0  444.0  444.0  444.0  444.0  444.0
2018 333 11 29 0300  444.0  444.0  444.0  444.0  444.0  444.0
2018 333 11 29 0600  444.0  444.0  444.0  444.0  444.0  444.0
2018 333 11 29 0900  444.0  444.0  444.0  444.0  444.0  444.0
2018 333 11 29 1200  444.0  444.0  444.0  444.0  444.0  444.0
2018 333 11 29 1500  444.0  444.0  444.0  444.0  444.0  444.0
2018 333 11 29 1800  444.0  444.0  444.0  444.0  444.0  444.0
2018 333 11 29 2100  444.0  444.0  444.0  444.0  444.0  444.0
2018 334 11 30 0000  444.0  444.0  444.0  444.0  444.0  444.0
2018 334 11 30 0300  444.0  444.0  444.0  444.0  444.0  444.0
2018 334 11 30 0600  444.0  444.0  444.0  444.0  444.0  444.0
2018 334 11 30 0900  444.0  444.0  444.0  444.0  444.0  444.0
2018 334 11 30 1200  444.0  444.0  444.0  444.0  444.0  444.0
2018 334 11 30 1500  444.0  444.0  444.0  444.0  444.0  444.0
2018 334 11 30 1800  444.0  444.0  444.0  444.0  444.0  444.0
2018 334 11 30 2100  444.0  444.0  444.0  444.0  444.0  444.0
