Year: 2018  Month: 03  ID: PHX  ARGOS:  8908  Name: Phoenix             
Lat: 77.95S  Lon: 166.76E  Elev:    8m
2018  60  3  1 0000  -15.0  984.0    7.6   73.0   78.7  444.0
2018  60  3  1 0300  -13.8  984.4    5.9   64.0   81.0  444.0
2018  60  3  1 0600  -13.6  985.0    7.2   68.0   82.6  444.0
2018  60  3  1 0900  -15.1  985.6    8.5   69.0   82.0  444.0
2018  60  3  1 1200  -15.6  986.1    6.3   60.0   81.0  444.0
2018  60  3  1 1500  -16.0  985.8    8.6   62.0   82.0  444.0
2018  60  3  1 1800  -15.9  986.3    7.9   62.0   80.0  444.0
2018  60  3  1 2100  -14.2  986.0    2.2  113.0   82.0  444.0
2018  61  3  2 0000  -14.2  986.1    2.2   75.0   80.2  444.0
2018  61  3  2 0300  -14.5  986.1    6.0   72.0   80.4  444.0
2018  61  3  2 0600  -12.7  985.8    0.7   70.0   83.0  444.0
2018  61  3  2 0900  -13.4  985.8    8.7  175.0   79.2  444.0
2018  61  3  2 1200  -14.1  986.4    6.8  186.0   79.0  444.0
2018  61  3  2 1500  -14.4  987.0    2.1  141.0   84.0  444.0
2018  61  3  2 1800  -15.9  987.3    3.0  304.0   80.0  444.0
2018  61  3  2 2100  -15.2  987.9    3.8   62.0   80.0  444.0
2018  62  3  3 0000  -18.0  988.7    8.3   83.0   77.0  444.0
2018  62  3  3 0300  -18.6  989.3    7.1   76.0   75.0  444.0
2018  62  3  3 0600  -18.2  989.8    5.9   62.0   76.0  444.0
2018  62  3  3 0900  -18.8  990.1    4.2   65.0   75.9  444.0
2018  62  3  3 1200  -18.6  990.7    5.0   61.0   76.8  444.0
2018  62  3  3 1500  -18.7  990.5    5.5   64.0   71.0  444.0
2018  62  3  3 1800  -19.4  990.3    5.7   64.0   66.6  444.0
2018  62  3  3 2100  -21.2  990.5    5.0   67.0   68.0  444.0
2018  63  3  4 0000  -20.3  990.2    6.3   88.0   66.0  444.0
2018  63  3  4 0300  -20.1  989.9    4.3   94.0   73.0  444.0
2018  63  3  4 0600  -20.9  989.5    3.7   76.0   77.0  444.0
2018  63  3  4 0900  -21.9  989.6    2.7   52.0   77.0  444.0
2018  63  3  4 1200  -21.5  989.8    1.2  264.0   76.9  444.0
2018  63  3  4 1500  -19.8  990.5    2.9  320.0   80.0  444.0
2018  63  3  4 1800  -18.2  990.2    8.5  178.0   81.0  444.0
2018  63  3  4 2100  -17.8  990.0   12.4  174.0   81.1  444.0
2018  64  3  5 0000  -14.7  992.7    3.6  152.0   77.4  444.0
2018  64  3  5 0300  -17.3  994.1    6.1   21.0   75.3  444.0
2018  64  3  5 0600  -17.9  994.7    7.0   60.0   77.0  444.0
2018  64  3  5 0900  -18.4  995.9    7.2   64.0   79.0  444.0
2018  64  3  5 1200  -18.8  996.0    5.1   63.0   78.0  444.0
2018  64  3  5 1500  -17.2  996.1    6.3   64.0   79.7  444.0
2018  64  3  5 1800  -19.1  995.9    7.7   74.0   77.0  444.0
2018  64  3  5 2100  -18.9  995.4    6.0   63.0   76.0  444.0
2018  65  3  6 0000  -18.2  994.4    6.5   61.0   75.0  444.0
2018  65  3  6 0300  -17.8  993.7    3.7   78.0   76.3  444.0
2018  65  3  6 0600  -20.6  992.1    7.9   62.0   72.0  444.0
2018  65  3  6 0900  -24.4  990.9    5.5   43.0   72.0  444.0
2018  65  3  6 1200  -25.2  989.6    5.8   29.0   72.0  444.0
2018  65  3  6 1500  -27.7  988.3    4.2   51.0   75.0  444.0
2018  65  3  6 1800  -25.3  987.7    6.0   40.0   73.7  444.0
2018  65  3  6 2100  -24.5  986.6    6.0   55.0   70.0  444.0
2018  66  3  7 0000  -23.9  985.8    3.5   63.0   66.0  444.0
2018  66  3  7 0300  -23.1  984.0    2.7   74.0   61.5  444.0
2018  66  3  7 0600  -23.3  983.0    5.3   73.0   64.6  444.0
2018  66  3  7 0900  -24.8  981.7    5.0   78.0   64.0  444.0
2018  66  3  7 1200  -25.2  980.5    6.3   67.0   65.0  444.0
2018  66  3  7 1500  -26.1  979.2    7.1   59.0   65.0  444.0
2018  66  3  7 1800  -26.4  977.9    7.8   64.0   67.0  444.0
2018  66  3  7 2100  -27.4  977.2    7.1   84.0   70.0  444.0
2018  67  3  8 0000  -26.4  977.0    5.6  118.0   67.9  444.0
2018  67  3  8 0300  -25.6  976.3    5.6  101.0   64.0  444.0
2018  67  3  8 0600  -26.1  975.7    7.0  101.0   66.0  444.0
2018  67  3  8 0900  -26.7  975.9    4.9  106.0   67.0  444.0
2018  67  3  8 1200  -26.0  976.1    5.2  118.0   66.0  444.0
2018  67  3  8 1500  -32.8  976.2    2.6   64.0   71.0  444.0
2018  67  3  8 1800  -33.1  976.5    3.7   57.0   72.0  444.0
2018  67  3  8 2100  -30.8  976.7    2.3   66.0   70.4  444.0
2018  68  3  9 0000  -25.7  976.7    4.8   93.0   73.0  444.0
2018  68  3  9 0300  -22.0  976.7    8.1   68.0   74.0  444.0
2018  68  3  9 0600  -19.5  977.3    8.9   84.0   77.9  444.0
2018  68  3  9 0900  -13.7  978.9   10.5  163.0   83.0  444.0
2018  68  3  9 1200  -14.0  979.6    9.6  163.0   87.0  444.0
2018  68  3  9 1500  -14.7  981.6   12.1  155.0   84.3  444.0
2018  68  3  9 1800  -14.5  983.7   14.8  174.0   83.0  444.0
2018  68  3  9 2100  -13.6  984.9   13.6  160.0   79.0  444.0
2018  69  3 10 0000  -15.2  986.6    6.3   61.0   75.0  444.0
2018  69  3 10 0300  -16.1  986.7    6.8   82.0   75.1  444.0
2018  69  3 10 0600  -18.4  986.7    5.0   82.0   69.0  444.0
2018  69  3 10 0900  -18.6  986.5    5.6   76.0   63.0  444.0
2018  69  3 10 1200  -22.2  986.7    3.1   64.0   72.0  444.0
2018  69  3 10 1500  -27.2  987.8    4.1   37.0   75.0  444.0
2018  69  3 10 1800  -24.2  989.2    4.3   18.0   70.0  444.0
2018  69  3 10 2100  -20.8  990.5    3.3   38.0   66.0  444.0
2018  70  3 11 0000  -19.2  991.8    1.3   30.0   55.8  444.0
2018  70  3 11 0300  -14.2  991.7    1.2  187.0   48.0  444.0
2018  70  3 11 0600  -20.8  991.2    4.0   98.0   69.0  444.0
2018  70  3 11 0900  -23.2  991.5    3.3   19.0   67.0  444.0
2018  70  3 11 1200  -20.9  991.1    1.4  118.0   70.5  444.0
2018  70  3 11 1500  -20.4  990.3    1.3   63.0   68.0  444.0
2018  70  3 11 1800  -11.7  991.4    7.8  225.0   65.0  444.0
2018  70  3 11 2100   -9.4  989.9    9.0  193.0   63.0  444.0
2018  71  3 12 0000  -12.1  991.1    7.8  179.0   82.0  444.0
2018  71  3 12 0300   -9.3  989.4   17.7  198.0   83.0  444.0
2018  71  3 12 0600  -10.0  988.8   16.8  182.0   87.0  444.0
2018  71  3 12 0900   -9.7  990.1   15.6  187.0   83.0  444.0
2018  71  3 12 1200   -8.5  989.1   16.3  180.0   89.0  444.0
2018  71  3 12 1500   -9.6  988.8   19.5  188.0   86.1  444.0
2018  71  3 12 1800   -9.6  992.4    9.1  164.0   74.0  444.0
2018  71  3 12 2100   -9.8  991.2   12.7  167.0   73.0  444.0
2018  72  3 13 0000   -7.1  990.9   11.4  170.0   61.8  444.0
2018  72  3 13 0300  -10.5  991.0    8.5  235.0   85.4  444.0
2018  72  3 13 0600  -12.8  993.3   14.0  165.0   83.0  444.0
2018  72  3 13 0900  -18.3  993.5    7.4   79.0   77.0  444.0
2018  72  3 13 1200  -19.8  993.7    8.4   85.0   74.0  444.0
2018  72  3 13 1500  -18.9  992.6    9.5   75.0   74.0  444.0
2018  72  3 13 1800  -16.2  992.4    4.1   55.0   70.0  444.0
2018  72  3 13 2100  -13.3  991.9    5.0   76.0   74.0  444.0
2018  73  3 14 0000  -12.2  992.0    8.5  155.0   68.0  444.0
2018  73  3 14 0300  -13.3  990.7    5.6  128.0   69.0  444.0
2018  73  3 14 0600  -11.7  990.9    8.6  119.0   60.0  444.0
2018  73  3 14 0900  -12.2  990.7    7.2  140.0   64.0  444.0
2018  73  3 14 1200  -13.2  990.6    8.1  141.0   70.0  444.0
2018  73  3 14 1500  -13.6  989.6    7.9  120.0   63.0  444.0
2018  73  3 14 1800  -14.3  989.0    7.3  148.0   69.0  444.0
2018  73  3 14 2100  -15.4  988.9    9.8  190.0   63.0  444.0
2018  74  3 15 0000  -16.0  988.2    7.5  145.0   61.0  444.0
2018  74  3 15 0300  -16.1  985.8    5.7  107.0   56.0  444.0
2018  74  3 15 0600  -16.2  982.8    5.5  102.0   52.0  444.0
2018  74  3 15 0900  -24.0  981.9    6.6   41.0   69.6  444.0
2018  74  3 15 1200  -22.2  979.2    4.5   41.0   60.0  444.0
2018  74  3 15 1500  -26.0  977.0    2.9   58.0   59.0  444.0
2018  74  3 15 1800  -27.3  975.3    0.4   52.0   50.1  444.0
2018  74  3 15 2100  -30.3  974.2    4.0   42.0   70.0  444.0
2018  75  3 16 0000  -25.1  974.0    8.7   51.0   68.6  444.0
2018  75  3 16 0300  -24.0  974.2    7.3   51.0   67.0  444.0
2018  75  3 16 0600  -22.5  974.7    6.2   59.0   65.0  444.0
2018  75  3 16 0900  -23.1  975.8    6.0   70.0   66.0  444.0
2018  75  3 16 1200  -26.4  976.2    2.9  108.0   67.0  444.0
2018  75  3 16 1500  -26.4  976.1    3.6   84.0   69.0  444.0
2018  75  3 16 1800  -25.8  975.8    2.1   78.0   67.0  444.0
2018  75  3 16 2100  -25.3  974.4    3.7   92.0   70.8  444.0
2018  76  3 17 0000  -24.6  972.3    0.2   47.0   68.0  444.0
2018  76  3 17 0300  -20.5  970.2    2.4  329.0   65.0  444.0
2018  76  3 17 0600  -17.8  968.4    5.2  294.0   71.1  444.0
2018  76  3 17 0900  -13.2  968.2   12.4  203.0   73.0  444.0
2018  76  3 17 1200  -13.8  966.2   17.7  211.0   76.0  444.0
2018  76  3 17 1500  -15.0  966.7    8.6   27.0   81.0  444.0
2018  76  3 17 1800  -13.0  966.0    6.3  318.0   72.0  444.0
2018  76  3 17 2100  -11.1  965.9    8.4  319.0   77.3  444.0
2018  77  3 18 0000  -10.5  967.8    5.3  302.0   70.0  444.0
2018  77  3 18 0300  -11.4  969.8    5.1  288.0   67.0  444.0
2018  77  3 18 0600  -13.3  972.8    3.6  239.0   69.0  444.0
2018  77  3 18 0900  -11.3  977.0    1.9    2.0   78.2  444.0
2018  77  3 18 1200  -17.8  981.1    3.5   50.0   76.0  444.0
2018  77  3 18 1500  -15.2  985.1    2.5   82.0   85.0  444.0
2018  77  3 18 1800  -25.8  988.9    2.1   43.0   74.0  444.0
2018  77  3 18 2100  -25.5  993.1    2.5   71.0   74.0  444.0
2018  78  3 19 0000  -25.5  996.8    5.9   98.0   75.0  444.0
2018  78  3 19 0300  -22.8  999.2    8.2   46.0   76.9  444.0
2018  78  3 19 0600  -17.5 1000.9    7.7   95.0   74.0  444.0
2018  78  3 19 0900  -17.0 1002.7    2.4  174.0   69.0  444.0
2018  78  3 19 1200  -17.7 1001.9    1.4  176.0   79.7  444.0
2018  78  3 19 1500  -18.6 1002.0    4.2   45.0   79.0  444.0
2018  78  3 19 1800  -18.8 1001.1    4.9   51.0   78.0  444.0
2018  78  3 19 2100  -19.4  999.9    2.9   53.0   76.1  444.0
2018  79  3 20 0000  -20.8  998.3    2.1   84.0   75.0  444.0
2018  79  3 20 0300  -18.9  997.2    1.9  132.0   77.0  444.0
2018  79  3 20 0600  -18.5  995.9    3.7   95.0   80.0  444.0
2018  79  3 20 0900  -18.4  993.9    2.5   72.0   80.5  444.0
2018  79  3 20 1200  -18.2  992.3    1.9   96.0   80.0  444.0
2018  79  3 20 1500  -17.4  990.2    4.3   79.0   70.0  444.0
2018  79  3 20 1800  -17.8  989.2    6.3   94.0   74.5  444.0
2018  79  3 20 2100  -17.6  988.7    3.4   63.0   79.0  444.0
2018  80  3 21 0000  -17.4  987.6    5.3   70.0   72.0  444.0
2018  80  3 21 0300  -18.3  986.4    5.2   70.0   74.0  444.0
2018  80  3 21 0600  -19.9  985.1    7.1   54.0   71.0  444.0
2018  80  3 21 0900  -18.4  984.1    7.4   49.0   60.0  444.0
2018  80  3 21 1200  -19.5  983.5    6.9   60.0   61.8  444.0
2018  80  3 21 1500  -20.1  983.7    5.8   70.0   65.0  444.0
2018  80  3 21 1800  -20.0  983.8    3.5   74.0   67.0  444.0
2018  80  3 21 2100  -20.4  983.7    4.6   55.0   71.3  444.0
2018  81  3 22 0000  -20.5  984.0    3.7   73.0   66.0  444.0
2018  81  3 22 0300  -21.2  984.8    6.9   36.0   74.1  444.0
2018  81  3 22 0600  -21.1  985.3    0.9  178.0   69.0  444.0
2018  81  3 22 0900  -21.4  985.6    5.3   56.0   65.0  444.0
2018  81  3 22 1200  -21.5  985.3    2.1   41.0   62.0  444.0
2018  81  3 22 1500  -21.7  984.5    1.5  272.0   63.7  444.0
2018  81  3 22 1800  -23.1  982.7    0.3  346.0   67.0  444.0
2018  81  3 22 2100  -20.0  979.9    3.4  275.0   62.9  444.0
2018  82  3 23 0000  -15.3  977.6    9.4  332.0   68.0  444.0
2018  82  3 23 0300  -14.1  977.4    7.4  328.0   63.0  444.0
2018  82  3 23 0600  -15.1  978.5    2.3  199.0   70.0  444.0
2018  82  3 23 0900  -17.0  980.7    0.9   56.0   69.0  444.0
2018  82  3 23 1200  -17.5  982.8    5.9   87.0   60.0  444.0
2018  82  3 23 1500  -15.3  984.6   11.8  161.0   69.0  444.0
2018  82  3 23 1800  -13.6  985.3    3.8   40.0   49.0  444.0
2018  82  3 23 2100  -11.0  985.2    4.4  308.0   49.0  444.0
2018  83  3 24 0000   -5.4  983.7    7.2  173.0   71.2  444.0
2018  83  3 24 0300   -7.9  986.0   11.2  179.0   75.0  444.0
2018  83  3 24 0600   -7.9  986.5    9.3  177.0   70.0  444.0
2018  83  3 24 0900   -8.8  988.0   12.5  179.0   70.0  444.0
2018  83  3 24 1200   -8.7  989.1    9.5  197.0   56.0  444.0
2018  83  3 24 1500   -6.5  987.0   11.4  190.0   69.1  444.0
2018  83  3 24 1800   -9.2  984.8   15.0  202.0   88.0  444.0
2018  83  3 24 2100  -12.7  988.8    5.5  147.0   79.0  444.0
2018  84  3 25 0000  -11.3  989.2    7.0  178.0   76.0  444.0
2018  84  3 25 0300  -11.2  990.2    9.8  179.0   76.0  444.0
2018  84  3 25 0600  -12.7  990.6    7.0  150.0   69.3  444.0
2018  84  3 25 0900  -10.4  990.5    4.3   56.0   50.0  444.0
2018  84  3 25 1200  -10.2  989.0    3.2   55.0   47.0  444.0
2018  84  3 25 1500  -19.0  987.0    3.0  187.0   66.0  444.0
2018  84  3 25 1800  -22.8  986.5    4.4  328.0   76.2  444.0
2018  84  3 25 2100  -24.6  986.1    5.4   55.0   76.0  444.0
2018  85  3 26 0000  -23.1  986.6    4.9   53.0   74.0  444.0
2018  85  3 26 0300  -20.7  987.9    6.0   51.0   73.0  444.0
2018  85  3 26 0600  -20.7  988.9    1.8  104.0   73.4  444.0
2018  85  3 26 0900  -16.6  990.0    3.5  176.0   61.4  444.0
2018  85  3 26 1200  -18.1  992.5    2.6  164.0   58.0  444.0
2018  85  3 26 1500  -15.9  993.9    5.7  149.0   54.0  444.0
2018  85  3 26 1800  -23.1  995.5    6.3   36.0   66.0  444.0
2018  85  3 26 2100  -22.8  997.2    2.1   50.0   64.8  444.0
2018  86  3 27 0000  -21.1  998.3    5.3   36.0   61.0  444.0
2018  86  3 27 0300  -21.5  998.9    2.7   35.0   55.0  444.0
2018  86  3 27 0600  -24.6  999.3    2.2   59.0   62.0  444.0
2018  86  3 27 0900  -21.7  999.0    2.6  158.0   55.8  444.0
2018  86  3 27 1200  -20.9  999.6    4.6   42.0   56.0  444.0
2018  86  3 27 1500  -28.9  999.9    5.1   87.0   65.0  444.0
2018  86  3 27 1800  -29.8 1000.4    4.5   91.0   69.0  444.0
2018  86  3 27 2100  -24.8 1001.4    4.7   52.0   64.0  444.0
2018  87  3 28 0000  -24.5 1003.1    4.4   49.0   62.3  444.0
2018  87  3 28 0300  -24.2 1002.9    4.8   47.0   62.0  444.0
2018  87  3 28 0600  -27.7 1002.9    4.7  134.0   66.0  444.0
2018  87  3 28 0900  -29.6 1003.1    3.1   46.0   68.2  444.0
2018  87  3 28 1200  -24.4 1002.8    5.7   42.0   65.9  444.0
2018  87  3 28 1500  -24.6 1002.6    4.3   75.0   67.0  444.0
2018  87  3 28 1800  -25.6 1003.0    4.7   57.0   71.0  444.0
2018  87  3 28 2100  -24.4 1003.4    5.1   65.0   76.0  444.0
2018  88  3 29 0000  -23.0 1004.1    3.3   59.0   75.7  444.0
2018  88  3 29 0300  -24.7 1004.5    3.5  149.0   73.0  444.0
2018  88  3 29 0600  -25.0 1004.8    1.5   37.0   74.0  444.0
2018  88  3 29 0900  -25.6 1004.6    0.5  308.0   74.0  444.0
2018  88  3 29 1200  -23.9 1004.4    0.5  229.0   75.0  444.0
2018  88  3 29 1500  -20.1 1003.4    2.4  306.0   78.0  444.0
2018  88  3 29 1800  -24.6 1003.0    1.5   64.0   77.0  444.0
2018  88  3 29 2100  -15.7 1002.6    1.1  336.0   72.0  444.0
2018  89  3 30 0000  -12.9 1002.0    2.1   25.0   38.3  444.0
2018  89  3 30 0300  -16.6 1001.8    0.8  206.0   44.0  444.0
2018  89  3 30 0600  -25.1 1000.7    3.8   50.0   70.7  444.0
2018  89  3 30 0900  -24.4 1000.4    6.0   52.0   72.0  444.0
2018  89  3 30 1200  -24.4 1000.4    6.1   44.0   70.0  444.0
2018  89  3 30 1500  -25.5 1000.4    4.8   53.0   68.0  444.0
2018  89  3 30 1800  -26.6 1000.7    3.7   49.0   69.0  444.0
2018  89  3 30 2100  -26.1 1001.6    4.2  132.0   73.0  444.0
2018  90  3 31 0000  -21.7 1002.5    0.2  198.0   61.4  444.0
2018  90  3 31 0300  -21.7 1002.1    1.1   86.0   63.5  444.0
2018  90  3 31 0600  -21.0 1002.4    4.9   64.0   63.0  444.0
2018  90  3 31 0900  -18.4 1003.2    2.2   32.0   53.3  444.0
2018  90  3 31 1200  -18.6 1002.9    1.8    1.0   49.0  444.0
2018  90  3 31 1500  -15.2 1002.4    2.7   27.0   44.0  444.0
2018  90  3 31 1800  -20.9 1002.2    2.4   86.0   57.0  444.0
2018  90  3 31 2100  -16.0 1002.3    2.2   14.0   47.0  444.0
