Year: 2018  Month: 09  ID: PHX  ARGOS:  8908  Name: Phoenix             
Lat: 77.95S  Lon: 166.76E  Elev:    8m
2018 244  9  1 0000  444.0  444.0  444.0  444.0  444.0  444.0
2018 244  9  1 0300  444.0  444.0  444.0  444.0  444.0  444.0
2018 244  9  1 0600  444.0  444.0  444.0  444.0  444.0  444.0
2018 244  9  1 0900  444.0  444.0  444.0  444.0  444.0  444.0
2018 244  9  1 1200  444.0  444.0  444.0  444.0  444.0  444.0
2018 244  9  1 1500  444.0  444.0  444.0  444.0  444.0  444.0
2018 244  9  1 1800  444.0  444.0  444.0  444.0  444.0  444.0
2018 244  9  1 2100  444.0  444.0  444.0  444.0  444.0  444.0
2018 245  9  2 0000  444.0  444.0  444.0  444.0  444.0  444.0
2018 245  9  2 0300  444.0  444.0  444.0  444.0  444.0  444.0
2018 245  9  2 0600  444.0  444.0  444.0  444.0  444.0  444.0
2018 245  9  2 0900  444.0  444.0  444.0  444.0  444.0  444.0
2018 245  9  2 1200  444.0  444.0  444.0  444.0  444.0  444.0
2018 245  9  2 1500  444.0  444.0  444.0  444.0  444.0  444.0
2018 245  9  2 1800  444.0  444.0  444.0  444.0  444.0  444.0
2018 245  9  2 2100  444.0  444.0  444.0  444.0  444.0  444.0
2018 246  9  3 0000  444.0  444.0  444.0  444.0  444.0  444.0
2018 246  9  3 0300  444.0  444.0  444.0  444.0  444.0  444.0
2018 246  9  3 0600  444.0  444.0  444.0  444.0  444.0  444.0
2018 246  9  3 0900  444.0  444.0  444.0  444.0  444.0  444.0
2018 246  9  3 1200  444.0  444.0  444.0  444.0  444.0  444.0
2018 246  9  3 1500  444.0  444.0  444.0  444.0  444.0  444.0
2018 246  9  3 1800  444.0  444.0  444.0  444.0  444.0  444.0
2018 246  9  3 2100  444.0  444.0  444.0  444.0  444.0  444.0
2018 247  9  4 0000  444.0  444.0  444.0  444.0  444.0  444.0
2018 247  9  4 0300  444.0  444.0  444.0  444.0  444.0  444.0
2018 247  9  4 0600  444.0  444.0  444.0  444.0  444.0  444.0
2018 247  9  4 0900  444.0  444.0  444.0  444.0  444.0  444.0
2018 247  9  4 1200  444.0  444.0  444.0  444.0  444.0  444.0
2018 247  9  4 1500  444.0  444.0  444.0  444.0  444.0  444.0
2018 247  9  4 1800  444.0  444.0  444.0  444.0  444.0  444.0
2018 247  9  4 2100  444.0  444.0  444.0  444.0  444.0  444.0
2018 248  9  5 0000  444.0  444.0  444.0  444.0  444.0  444.0
2018 248  9  5 0300  444.0  444.0  444.0  444.0  444.0  444.0
2018 248  9  5 0600  444.0  444.0  444.0  444.0  444.0  444.0
2018 248  9  5 0900  444.0  444.0  444.0  444.0  444.0  444.0
2018 248  9  5 1200  444.0  444.0  444.0  444.0  444.0  444.0
2018 248  9  5 1500  444.0  444.0  444.0  444.0  444.0  444.0
2018 248  9  5 1800  444.0  444.0  444.0  444.0  444.0  444.0
2018 248  9  5 2100  444.0  444.0  444.0  444.0  444.0  444.0
2018 249  9  6 0000  -33.5  974.3    5.6   53.0   62.0  444.0
2018 249  9  6 0300  -33.8  974.8    5.6   60.0   58.0  444.0
2018 249  9  6 0600  444.0  444.0  444.0  444.0  444.0  444.0
2018 249  9  6 0900  444.0  444.0  444.0  444.0  444.0  444.0
2018 249  9  6 1200  444.0  444.0  444.0  444.0  444.0  444.0
2018 249  9  6 1500  444.0  444.0  444.0  444.0  444.0  444.0
2018 249  9  6 1800  444.0  444.0  444.0  444.0  444.0  444.0
2018 249  9  6 2100  444.0  444.0  444.0  444.0  444.0  444.0
2018 250  9  7 0000  444.0  444.0  444.0  444.0  444.0  444.0
2018 250  9  7 0300  444.0  444.0  444.0  444.0  444.0  444.0
2018 250  9  7 0600  444.0  444.0  444.0  444.0  444.0  444.0
2018 250  9  7 0900  444.0  444.0  444.0  444.0  444.0  444.0
2018 250  9  7 1200  444.0  444.0  444.0  444.0  444.0  444.0
2018 250  9  7 1500  444.0  444.0  444.0  444.0  444.0  444.0
2018 250  9  7 1800  444.0  444.0  444.0  444.0  444.0  444.0
2018 250  9  7 2100  444.0  444.0  444.0  444.0  444.0  444.0
2018 251  9  8 0000  -31.3  973.6  444.0  444.0   71.0  444.0
2018 251  9  8 0300  -31.8  974.6  444.0  444.0   70.0  444.0
2018 251  9  8 0600  -31.9  975.4  444.0  444.0   69.0  444.0
2018 251  9  8 0900  444.0  444.0  444.0  444.0  444.0  444.0
2018 251  9  8 1200  444.0  444.0  444.0  444.0  444.0  444.0
2018 251  9  8 1500  444.0  444.0  444.0  444.0  444.0  444.0
2018 251  9  8 1800  444.0  444.0  444.0  444.0  444.0  444.0
2018 251  9  8 2100  444.0  444.0  444.0  444.0  444.0  444.0
2018 252  9  9 0000  -35.7  986.5  444.0  444.0   68.0  444.0
2018 252  9  9 0300  -35.6  988.6  444.0  444.0   67.3  444.0
2018 252  9  9 0600  -35.4  990.1  444.0  444.0   69.0  444.0
2018 252  9  9 0900  444.0  444.0  444.0  444.0  444.0  444.0
2018 252  9  9 1200  444.0  444.0  444.0  444.0  444.0  444.0
2018 252  9  9 1500  444.0  444.0  444.0  444.0  444.0  444.0
2018 252  9  9 1800  444.0  444.0  444.0  444.0  444.0  444.0
2018 252  9  9 2100  444.0  444.0  444.0  444.0  444.0  444.0
2018 253  9 10 0000  -38.4  994.4  444.0  444.0   63.0  444.0
2018 253  9 10 0300  -38.2  995.8  444.0  444.0   64.0  444.0
2018 253  9 10 0600  -35.5  995.7  444.0  444.0   66.2  444.0
2018 253  9 10 0900  444.0  444.0  444.0  444.0  444.0  444.0
2018 253  9 10 1200  444.0  444.0  444.0  444.0  444.0  444.0
2018 253  9 10 1500  444.0  444.0  444.0  444.0  444.0  444.0
2018 253  9 10 1800  444.0  444.0  444.0  444.0  444.0  444.0
2018 253  9 10 2100  444.0  444.0  444.0  444.0  444.0  444.0
2018 254  9 11 0000  -31.1 1000.0  444.0  444.0   69.2  444.0
2018 254  9 11 0300  -33.6  999.5  444.0  444.0   67.0  444.0
2018 254  9 11 0600  444.0  999.0  444.0  444.0   71.0  444.0
2018 254  9 11 0900  444.0  444.0  444.0  444.0  444.0  444.0
2018 254  9 11 1200  444.0  444.0  444.0  444.0  444.0  444.0
2018 254  9 11 1500  444.0  444.0  444.0  444.0  444.0  444.0
2018 254  9 11 1800  444.0  444.0  444.0  444.0  444.0  444.0
2018 254  9 11 2100  444.0  444.0  444.0  444.0  444.0  444.0
2018 255  9 12 0000  444.0  444.0  444.0  444.0  444.0  444.0
2018 255  9 12 0300  444.0  444.0  444.0  444.0  444.0  444.0
2018 255  9 12 0600  444.0  444.0  444.0  444.0  444.0  444.0
2018 255  9 12 0900  444.0  444.0  444.0  444.0  444.0  444.0
2018 255  9 12 1200  444.0  444.0  444.0  444.0  444.0  444.0
2018 255  9 12 1500  444.0  444.0  444.0  444.0  444.0  444.0
2018 255  9 12 1800  444.0  444.0  444.0  444.0  444.0  444.0
2018 255  9 12 2100  444.0  444.0  444.0  444.0  444.0  444.0
2018 256  9 13 0000  -32.7  989.2  444.0  444.0   67.0  444.0
2018 256  9 13 0300  -36.0  988.6  444.0  444.0   66.0  444.0
2018 256  9 13 0600  -35.8  988.5  444.0  444.0  444.0  444.0
2018 256  9 13 0900  444.0  444.0  444.0  444.0  444.0  444.0
2018 256  9 13 1200  444.0  444.0  444.0  444.0  444.0  444.0
2018 256  9 13 1500  444.0  444.0  444.0  444.0  444.0  444.0
2018 256  9 13 1800  444.0  444.0  444.0  444.0  444.0  444.0
2018 256  9 13 2100  444.0  444.0  444.0  444.0  444.0  444.0
2018 257  9 14 0000  444.0  444.0  444.0  444.0  444.0  444.0
2018 257  9 14 0300  -35.0  991.8  444.0  444.0   67.2  444.0
2018 257  9 14 0600  444.0  444.0  444.0  444.0  444.0  444.0
2018 257  9 14 0900  444.0  444.0  444.0  444.0  444.0  444.0
2018 257  9 14 1200  444.0  444.0  444.0  444.0  444.0  444.0
2018 257  9 14 1500  444.0  444.0  444.0  444.0  444.0  444.0
2018 257  9 14 1800  444.0  444.0  444.0  444.0  444.0  444.0
2018 257  9 14 2100  444.0  444.0  444.0  444.0  444.0  444.0
2018 258  9 15 0000  -34.4  989.1  444.0  444.0   66.3  444.0
2018 258  9 15 0300  -36.2  988.5  444.0  444.0   66.0  444.0
2018 258  9 15 0600  -37.6  988.7  444.0  444.0   65.0  444.0
2018 258  9 15 0900  444.0  444.0  444.0  444.0  444.0  444.0
2018 258  9 15 1200  444.0  444.0  444.0  444.0  444.0  444.0
2018 258  9 15 1500  444.0  444.0  444.0  444.0  444.0  444.0
2018 258  9 15 1800  444.0  444.0  444.0  444.0  444.0  444.0
2018 258  9 15 2100  444.0  444.0  444.0  444.0  444.0  444.0
2018 259  9 16 0000  -37.9  987.1  444.0  444.0   65.0  444.0
2018 259  9 16 0300  -32.7  986.0  444.0  444.0   68.0  444.0
2018 259  9 16 0600  -28.1  985.2  444.0  444.0  444.0  444.0
2018 259  9 16 0900  444.0  444.0  444.0  444.0  444.0  444.0
2018 259  9 16 1200  444.0  444.0  444.0  444.0  444.0  444.0
2018 259  9 16 1500  444.0  444.0  444.0  444.0  444.0  444.0
2018 259  9 16 1800  444.0  444.0  444.0  444.0  444.0  444.0
2018 259  9 16 2100  444.0  444.0  444.0  444.0  444.0  444.0
2018 260  9 17 0000  444.0  444.0  444.0  444.0  444.0  444.0
2018 260  9 17 0300  444.0  444.0  444.0  444.0  444.0  444.0
2018 260  9 17 0600  444.0  444.0  444.0  444.0  444.0  444.0
2018 260  9 17 0900  444.0  444.0  444.0  444.0  444.0  444.0
2018 260  9 17 1200  444.0  444.0  444.0  444.0  444.0  444.0
2018 260  9 17 1500  444.0  444.0  444.0  444.0  444.0  444.0
2018 260  9 17 1800  444.0  444.0  444.0  444.0  444.0  444.0
2018 260  9 17 2100  444.0  444.0  444.0  444.0  444.0  444.0
2018 261  9 18 0000  444.0  444.0  444.0  444.0  444.0  444.0
2018 261  9 18 0300  444.0  444.0  444.0  444.0  444.0  444.0
2018 261  9 18 0600  444.0  444.0  444.0  444.0  444.0  444.0
2018 261  9 18 0900  444.0  444.0  444.0  444.0  444.0  444.0
2018 261  9 18 1200  444.0  444.0  444.0  444.0  444.0  444.0
2018 261  9 18 1500  444.0  444.0  444.0  444.0  444.0  444.0
2018 261  9 18 1800  444.0  444.0  444.0  444.0  444.0  444.0
2018 261  9 18 2100  444.0  444.0  444.0  444.0  444.0  444.0
2018 262  9 19 0000  444.0  444.0  444.0  444.0  444.0  444.0
2018 262  9 19 0300  -27.6  970.0    7.1   45.0   69.0  444.0
2018 262  9 19 0600  -27.1  969.7    4.7   38.0  444.0  444.0
2018 262  9 19 0900  444.0  444.0  444.0  444.0  444.0  444.0
2018 262  9 19 1200  444.0  444.0  444.0  444.0  444.0  444.0
2018 262  9 19 1500  444.0  444.0  444.0  444.0  444.0  444.0
2018 262  9 19 1800  444.0  444.0  444.0  444.0  444.0  444.0
2018 262  9 19 2100  444.0  444.0  444.0  444.0  444.0  444.0
2018 263  9 20 0000  444.0  444.0  444.0  444.0  444.0  444.0
2018 263  9 20 0300  444.0  444.0  444.0  444.0  444.0  444.0
2018 263  9 20 0600  444.0  444.0  444.0  444.0  444.0  444.0
2018 263  9 20 0900  444.0  444.0  444.0  444.0  444.0  444.0
2018 263  9 20 1200  444.0  444.0  444.0  444.0  444.0  444.0
2018 263  9 20 1500  444.0  444.0  444.0  444.0  444.0  444.0
2018 263  9 20 1800  444.0  444.0  444.0  444.0  444.0  444.0
2018 263  9 20 2100  444.0  444.0  444.0  444.0  444.0  444.0
2018 264  9 21 0000  -22.8  981.3    5.9   32.0   58.0  444.0
2018 264  9 21 0300  -20.4  979.5    3.8   39.0   53.9  444.0
2018 264  9 21 0600  -17.9  979.1    6.1  288.0   62.1  444.0
2018 264  9 21 0900  444.0  444.0  444.0  444.0  444.0  444.0
2018 264  9 21 1200  444.0  444.0  444.0  444.0  444.0  444.0
2018 264  9 21 1500  444.0  444.0  444.0  444.0  444.0  444.0
2018 264  9 21 1800  444.0  444.0  444.0  444.0  444.0  444.0
2018 264  9 21 2100  444.0  444.0    3.3  286.0  444.0  444.0
2018 265  9 22 0000  -29.5  989.1    3.6   63.0   61.0  444.0
2018 265  9 22 0300  -27.1  990.0    3.5   84.0   55.9  444.0
2018 265  9 22 0600  -27.3  990.2    3.7   79.0  444.0  444.0
2018 265  9 22 0900  444.0  444.0  444.0  444.0  444.0  444.0
2018 265  9 22 1200  444.0  444.0  444.0  444.0  444.0  444.0
2018 265  9 22 1500  444.0  444.0  444.0  444.0  444.0  444.0
2018 265  9 22 1800  444.0  444.0  444.0  444.0  444.0  444.0
2018 265  9 22 2100  444.0  444.0  444.0  444.0  444.0  444.0
2018 266  9 23 0000  -27.7  991.2    3.6   51.0   63.1  444.0
2018 266  9 23 0300  -28.6  991.1    5.3   90.0   57.0  444.0
2018 266  9 23 0600  -30.6  991.1    3.3   64.0   60.3  444.0
2018 266  9 23 0900  444.0  444.0  444.0  444.0  444.0  444.0
2018 266  9 23 1200  444.0  444.0  444.0  444.0  444.0  444.0
2018 266  9 23 1500  444.0  444.0  444.0  444.0  444.0  444.0
2018 266  9 23 1800  444.0  444.0  444.0  444.0  444.0  444.0
2018 266  9 23 2100  -34.9  989.9    5.4   98.0   60.0  444.0
2018 267  9 24 0000  -31.2  989.3    6.1   98.0   57.5  444.0
2018 267  9 24 0300  -30.7  988.6    5.8   83.0   57.9  444.0
2018 267  9 24 0600  -29.3  988.1    6.3   74.0  444.0  444.0
2018 267  9 24 0900  444.0  444.0  444.0  444.0  444.0  444.0
2018 267  9 24 1200  444.0  444.0  444.0  444.0  444.0  444.0
2018 267  9 24 1500  444.0  444.0  444.0  444.0  444.0  444.0
2018 267  9 24 1800  444.0  444.0  444.0  444.0  444.0  444.0
2018 267  9 24 2100  444.0  985.8    3.9   47.0   59.0  444.0
2018 268  9 25 0000  -37.9  985.1    1.6  104.0   58.0  444.0
2018 268  9 25 0300  -36.6  983.4    0.8  265.0   57.8  444.0
2018 268  9 25 0600  -34.2  982.3    5.9  360.0   65.5  444.0
2018 268  9 25 0900  444.0  982.2    2.4   53.0   73.0  444.0
2018 268  9 25 1200  -37.0  982.4    4.6   71.0   67.7  444.0
2018 268  9 25 1500  444.0  444.0  444.0  444.0  444.0  444.0
2018 268  9 25 1800  444.0  444.0  444.0  444.0  444.0  444.0
2018 268  9 25 2100  -33.5  982.2    3.0   64.0   67.7  444.0
2018 269  9 26 0000  -33.4  982.5    3.0  109.0   64.0  444.0
2018 269  9 26 0300  -35.6  982.4    3.6  115.0   64.0  444.0
2018 269  9 26 0600  -35.9  982.7    3.4  107.0   65.0  444.0
2018 269  9 26 0900  -38.3  982.8    1.8   96.0   65.5  444.0
2018 269  9 26 1200  -34.6  982.5    3.6   80.0   67.8  444.0
2018 269  9 26 1500  444.0  444.0  444.0  444.0  444.0  444.0
2018 269  9 26 1800  -34.6  982.5    4.0   71.0   67.9  444.0
2018 269  9 26 2100  -41.5  982.1    2.2   53.0   63.0  444.0
2018 270  9 27 0000  -38.5  981.3    1.4   50.0   64.0  444.0
2018 270  9 27 0300  -28.3  980.0    3.9  145.0   70.0  444.0
2018 270  9 27 0600  -23.1  976.3   15.7  213.0   72.6  444.0
2018 270  9 27 0900  -23.7  972.9    3.7  226.0   63.0  444.0
2018 270  9 27 1200  -20.9  970.4    2.5  189.0  444.0  444.0
2018 270  9 27 1500  444.0  444.0  444.0  444.0  444.0  444.0
2018 270  9 27 1800  444.0  444.0  444.0  444.0  444.0  444.0
2018 270  9 27 2100  -23.0  444.0    3.9  137.0  444.0  444.0
2018 271  9 28 0000  -15.1  949.5   10.8  334.0  444.0  444.0
2018 271  9 28 0300  -14.4  948.2   12.5  330.0  444.0  444.0
2018 271  9 28 0600  444.0  444.0  444.0  444.0  444.0  444.0
2018 271  9 28 0900  444.0  444.0  444.0  444.0  444.0  444.0
2018 271  9 28 1200  444.0  444.0  444.0  444.0  444.0  444.0
2018 271  9 28 1500  444.0  444.0  444.0  444.0  444.0  444.0
2018 271  9 28 1800  444.0  444.0  444.0  444.0  444.0  444.0
2018 271  9 28 2100  444.0  444.0  444.0  444.0  444.0  444.0
2018 272  9 29 0000  -24.8  964.3    8.5  178.0   71.0  444.0
2018 272  9 29 0300  -24.6  964.3    3.0   20.0   64.0  444.0
2018 272  9 29 0600  -25.0  963.6    4.2   48.0   69.0  444.0
2018 272  9 29 0900  -25.9  963.1    1.4   39.0   74.0  444.0
2018 272  9 29 1200  444.0  444.0  444.0  444.0  444.0  444.0
2018 272  9 29 1500  444.0  444.0  444.0  444.0  444.0  444.0
2018 272  9 29 1800  444.0  444.0  444.0  444.0  444.0  444.0
2018 272  9 29 2100  -25.5  962.3    0.8   21.0   72.0  444.0
2018 273  9 30 0000  -22.6  964.6    0.4  271.0   73.0  444.0
2018 273  9 30 0300  -23.5  965.4    0.9  205.0   71.0  444.0
2018 273  9 30 0600  -24.1  966.3    2.4  195.0   74.0  444.0
2018 273  9 30 0900  -25.2  966.3    0.0  332.0   76.0  444.0
2018 273  9 30 1200  -27.6  966.8    1.3   16.0   75.0  444.0
2018 273  9 30 1500  -29.3  966.3    2.9   27.0   70.5  444.0
2018 273  9 30 1800  444.0  444.0  444.0  444.0  444.0  444.0
2018 273  9 30 2100  -29.9  971.8    2.9   27.0   73.8  444.0
