Year: 2018  Month: 03  ID: POS  ARGOS:  8984  Name: Possession Island   
Lat: 71.90S  Lon: 171.22E  Elev:   30m
2018  60  3  1 0000   -7.0  967.3  444.0  444.0  444.0  444.0
2018  60  3  1 0300   -6.1  968.2  444.0  444.0  444.0  444.0
2018  60  3  1 0600   -5.9  969.2  444.0  444.0  444.0  444.0
2018  60  3  1 0900   -5.5  970.1  444.0  444.0  444.0  444.0
2018  60  3  1 1200   -5.9  971.8  444.0  444.0  444.0  444.0
2018  60  3  1 1500   -6.8  972.7  444.0  444.0  444.0  444.0
2018  60  3  1 1800   -5.8  973.3  444.0  444.0  444.0  444.0
2018  60  3  1 2100   -4.9  973.5  444.0  444.0  444.0  444.0
2018  61  3  2 0000   -2.6  974.3  444.0  444.0  444.0  444.0
2018  61  3  2 0300   -1.5  974.5  444.0  444.0  444.0  444.0
2018  61  3  2 0600   -3.5  974.8  444.0  444.0  444.0  444.0
2018  61  3  2 0900   -5.9  975.1  444.0  444.0  444.0  444.0
2018  61  3  2 1200   -6.4  974.8  444.0  444.0  444.0  444.0
2018  61  3  2 1500   -7.0  974.3  444.0  444.0  444.0  444.0
2018  61  3  2 1800   -6.8  973.9  444.0  444.0  444.0  444.0
2018  61  3  2 2100   -5.9  973.8  444.0  444.0  444.0  444.0
2018  62  3  3 0000   -5.4  974.1  444.0  444.0  444.0  444.0
2018  62  3  3 0300   -6.6  974.9  444.0  444.0  444.0  444.0
2018  62  3  3 0600   -7.2  976.4  444.0  444.0  444.0  444.0
2018  62  3  3 0900   -7.2  977.8  444.0  444.0  444.0  444.0
2018  62  3  3 1200   -7.0  978.7  444.0  444.0  444.0  444.0
2018  62  3  3 1500   -7.2  979.2  444.0  444.0  444.0  444.0
2018  62  3  3 1800   -7.1  979.4  444.0  444.0  444.0  444.0
2018  62  3  3 2100   -4.9  979.0  444.0  444.0  444.0  444.0
2018  63  3  4 0000   -6.8  978.7  444.0  444.0  444.0  444.0
2018  63  3  4 0300   -7.1  977.9  444.0  444.0  444.0  444.0
2018  63  3  4 0600   -7.2  977.4  444.0  444.0  444.0  444.0
2018  63  3  4 0900   -8.0  977.4  444.0  444.0  444.0  444.0
2018  63  3  4 1200   -8.1  976.9  444.0  444.0  444.0  444.0
2018  63  3  4 1500   -9.0  975.8  444.0  444.0  444.0  444.0
2018  63  3  4 1800   -8.4  975.4  444.0  444.0  444.0  444.0
2018  63  3  4 2100   -8.2  974.4  444.0  444.0  444.0  444.0
2018  64  3  5 0000   -7.9  972.8  444.0  444.0  444.0  444.0
2018  64  3  5 0300   -7.9  971.1  444.0  444.0  444.0  444.0
2018  64  3  5 0600   -7.9  969.2  444.0  444.0  444.0  444.0
2018  64  3  5 0900   -7.8  968.4  444.0  444.0  444.0  444.0
2018  64  3  5 1200   -7.0  967.6  444.0  444.0  444.0  444.0
2018  64  3  5 1500   -6.6  967.8  444.0  444.0  444.0  444.0
2018  64  3  5 1800   -6.1  968.9  444.0  444.0  444.0  444.0
2018  64  3  5 2100   -5.5  971.0  444.0  444.0  444.0  444.0
2018  65  3  6 0000   -4.4  972.5  444.0  444.0  444.0  444.0
2018  65  3  6 0300   -3.6  974.5  444.0  444.0  444.0  444.0
2018  65  3  6 0600   -4.9  976.3  444.0  444.0  444.0  444.0
2018  65  3  6 0900   -7.6  977.1  444.0  444.0  444.0  444.0
2018  65  3  6 1200   -8.4  976.5  444.0  444.0  444.0  444.0
2018  65  3  6 1500   -8.9  976.0  444.0  444.0  444.0  444.0
2018  65  3  6 1800   -8.6  975.6  444.0  444.0  444.0  444.0
2018  65  3  6 2100   -8.4  975.0  444.0  444.0  444.0  444.0
2018  66  3  7 0000   -4.4  974.7  444.0  444.0  444.0  444.0
2018  66  3  7 0300   -4.1  973.3  444.0  444.0  444.0  444.0
2018  66  3  7 0600   -8.0  972.4  444.0  444.0  444.0  444.0
2018  66  3  7 0900   -9.5  971.6  444.0  444.0  444.0  444.0
2018  66  3  7 1200  -10.1  970.3  444.0  444.0  444.0  444.0
2018  66  3  7 1500  -10.2  968.5  444.0  444.0  444.0  444.0
2018  66  3  7 1800  -11.0  967.0  444.0  444.0  444.0  444.0
2018  66  3  7 2100  -10.2  965.2  444.0  444.0  444.0  444.0
2018  67  3  8 0000  -10.1  963.3  444.0  444.0  444.0  444.0
2018  67  3  8 0300   -7.9  961.5  444.0  444.0  444.0  444.0
2018  67  3  8 0600   -9.4  960.2  444.0  444.0  444.0  444.0
2018  67  3  8 0900   -9.5  958.8  444.0  444.0  444.0  444.0
2018  67  3  8 1200  -10.5  958.0  444.0  444.0  444.0  444.0
2018  67  3  8 1500  -10.9  956.9  444.0  444.0  444.0  444.0
2018  67  3  8 1800  -11.8  955.9  444.0  444.0  444.0  444.0
2018  67  3  8 2100  -11.6  956.3  444.0  444.0  444.0  444.0
2018  68  3  9 0000  -10.0  957.6  444.0  444.0  444.0  444.0
2018  68  3  9 0300  -10.9  958.5  444.0  444.0  444.0  444.0
2018  68  3  9 0600  -11.2  959.5  444.0  444.0  444.0  444.0
2018  68  3  9 0900  -12.0  959.8  444.0  444.0  444.0  444.0
2018  68  3  9 1200  -12.4  959.7  444.0  444.0  444.0  444.0
2018  68  3  9 1500  -12.4  959.6  444.0  444.0  444.0  444.0
2018  68  3  9 1800  -12.0  959.5  444.0  444.0  444.0  444.0
2018  68  3  9 2100  -10.5  960.5  444.0  444.0  444.0  444.0
2018  69  3 10 0000   -5.0  961.5  444.0  444.0  444.0  444.0
2018  69  3 10 0300   -5.1  962.5  444.0  444.0  444.0  444.0
2018  69  3 10 0600   -5.6  963.6  444.0  444.0  444.0  444.0
2018  69  3 10 0900   -5.4  965.5  444.0  444.0  444.0  444.0
2018  69  3 10 1200   -5.8  970.3  444.0  444.0  444.0  444.0
2018  69  3 10 1500   -6.6  973.4  444.0  444.0  444.0  444.0
2018  69  3 10 1800   -7.0  975.9  444.0  444.0  444.0  444.0
2018  69  3 10 2100   -6.2  977.8  444.0  444.0  444.0  444.0
2018  70  3 11 0000   -5.6  978.5  444.0  444.0  444.0  444.0
2018  70  3 11 0300   -5.6  978.8  444.0  444.0  444.0  444.0
2018  70  3 11 0600   -6.0  979.1  444.0  444.0  444.0  444.0
2018  70  3 11 0900   -6.4  979.5  444.0  444.0  444.0  444.0
2018  70  3 11 1200   -6.6  979.5  444.0  444.0  444.0  444.0
2018  70  3 11 1500   -6.9  978.8  444.0  444.0  444.0  444.0
2018  70  3 11 1800   -6.8  978.6  444.0  444.0  444.0  444.0
2018  70  3 11 2100   -7.1  978.5  444.0  444.0  444.0  444.0
2018  71  3 12 0000   -7.1  978.3  444.0  444.0  444.0  444.0
2018  71  3 12 0300   -7.6  978.2  444.0  444.0  444.0  444.0
2018  71  3 12 0600   -8.9  978.8  444.0  444.0  444.0  444.0
2018  71  3 12 0900  -10.1  980.1  444.0  444.0  444.0  444.0
2018  71  3 12 1200  -12.0  980.6  444.0  444.0  444.0  444.0
2018  71  3 12 1500  -10.0  980.2  444.0  444.0  444.0  444.0
2018  71  3 12 1800   -9.6  980.3  444.0  444.0  444.0  444.0
2018  71  3 12 2100   -6.6  980.5  444.0  444.0  444.0  444.0
2018  72  3 13 0000   -4.8  981.0  444.0  444.0  444.0  444.0
2018  72  3 13 0300   -3.1  980.8  444.0  444.0  444.0  444.0
2018  72  3 13 0600   -3.8  980.5  444.0  444.0  444.0  444.0
2018  72  3 13 0900   -8.0  979.7  444.0  444.0  444.0  444.0
2018  72  3 13 1200   -8.0  978.5  444.0  444.0  444.0  444.0
2018  72  3 13 1500   -6.4  977.2  444.0  444.0  444.0  444.0
2018  72  3 13 1800   -6.8  976.5  444.0  444.0  444.0  444.0
2018  72  3 13 2100   -7.6  976.3  444.0  444.0  444.0  444.0
2018  73  3 14 0000   -6.6  975.2  444.0  444.0  444.0  444.0
2018  73  3 14 0300   -7.2  975.1  444.0  444.0  444.0  444.0
2018  73  3 14 0600   -7.6  974.9  444.0  444.0  444.0  444.0
2018  73  3 14 0900   -8.9  974.3  444.0  444.0  444.0  444.0
2018  73  3 14 1200  -10.8  973.4  444.0  444.0  444.0  444.0
2018  73  3 14 1500   -9.0  972.4  444.0  444.0  444.0  444.0
2018  73  3 14 1800  -10.0  972.4  444.0  444.0  444.0  444.0
2018  73  3 14 2100   -7.6  972.2  444.0  444.0  444.0  444.0
2018  74  3 15 0000   -5.8  972.3  444.0  444.0  444.0  444.0
2018  74  3 15 0300   -6.4  972.2  444.0  444.0  444.0  444.0
2018  74  3 15 0600   -7.2  971.6  444.0  444.0  444.0  444.0
2018  74  3 15 0900   -9.5  971.2  444.0  444.0  444.0  444.0
2018  74  3 15 1200  -10.2  970.8  444.0  444.0  444.0  444.0
2018  74  3 15 1500   -9.8  969.1  444.0  444.0  444.0  444.0
2018  74  3 15 1800   -8.9  967.3  444.0  444.0  444.0  444.0
2018  74  3 15 2100   -6.5  964.9  444.0  444.0  444.0  444.0
2018  75  3 16 0000   -8.2  962.8  444.0  444.0  444.0  444.0
2018  75  3 16 0300   -9.4  961.0  444.0  444.0  444.0  444.0
2018  75  3 16 0600   -9.5  959.8  444.0  444.0  444.0  444.0
2018  75  3 16 0900   -9.6  959.0  444.0  444.0  444.0  444.0
2018  75  3 16 1200  -10.1  958.7  444.0  444.0  444.0  444.0
2018  75  3 16 1500  -10.4  958.8  444.0  444.0  444.0  444.0
2018  75  3 16 1800  -10.6  959.8  444.0  444.0  444.0  444.0
2018  75  3 16 2100  -10.4  960.9  444.0  444.0  444.0  444.0
2018  76  3 17 0000   -9.8  962.7  444.0  444.0  444.0  444.0
2018  76  3 17 0300   -9.4  963.8  444.0  444.0  444.0  444.0
2018  76  3 17 0600  -10.8  964.2  444.0  444.0  444.0  444.0
2018  76  3 17 0900  -11.2  963.1  444.0  444.0  444.0  444.0
2018  76  3 17 1200  -13.1  960.5  444.0  444.0  444.0  444.0
2018  76  3 17 1500  -12.0  958.6  444.0  444.0  444.0  444.0
2018  76  3 17 1800  -12.0  957.2  444.0  444.0  444.0  444.0
2018  76  3 17 2100  -12.5  958.6  444.0  444.0  444.0  444.0
2018  77  3 18 0000   -9.8  961.3  444.0  444.0  444.0  444.0
2018  77  3 18 0300  444.0  966.1  444.0  444.0  444.0  444.0
2018  77  3 18 0600   -9.4  971.6  444.0  444.0  444.0  444.0
2018  77  3 18 0900   -9.0  974.8  444.0  444.0  444.0  444.0
2018  77  3 18 1200   -9.0  976.7  444.0  444.0  444.0  444.0
2018  77  3 18 1500  -10.8  978.5  444.0  444.0  444.0  444.0
2018  77  3 18 1800   -9.5  981.3  444.0  444.0  444.0  444.0
2018  77  3 18 2100   -7.6  983.0  444.0  444.0  444.0  444.0
2018  78  3 19 0000   -6.8  983.1  444.0  444.0  444.0  444.0
2018  78  3 19 0300   -4.6  980.3  444.0  444.0  444.0  444.0
2018  78  3 19 0600   -3.1  978.5  444.0  444.0  444.0  444.0
2018  78  3 19 0900   -3.2  980.1  444.0  444.0  444.0  444.0
2018  78  3 19 1200   -4.9  981.5  444.0  444.0  444.0  444.0
2018  78  3 19 1500   -4.9  982.8  444.0  444.0  444.0  444.0
2018  78  3 19 1800   -4.6  984.4  444.0  444.0  444.0  444.0
2018  78  3 19 2100   -4.4  985.2  444.0  444.0  444.0  444.0
2018  79  3 20 0000   -4.4  984.7  444.0  444.0  444.0  444.0
2018  79  3 20 0300   -5.4  980.6  444.0  444.0  444.0  444.0
2018  79  3 20 0600   -5.9  978.1  444.0  444.0  444.0  444.0
2018  79  3 20 0900   -6.8  975.4  444.0  444.0  444.0  444.0
2018  79  3 20 1200   -7.6  974.7  444.0  444.0  444.0  444.0
2018  79  3 20 1500   -7.6  974.6  444.0  444.0  444.0  444.0
2018  79  3 20 1800   -8.4  975.3  444.0  444.0  444.0  444.0
2018  79  3 20 2100   -8.4  975.5  444.0  444.0  444.0  444.0
2018  80  3 21 0000   -7.2  976.0  444.0  444.0  444.0  444.0
2018  80  3 21 0300   -7.2  975.6  444.0  444.0  444.0  444.0
2018  80  3 21 0600   -8.4  975.0  444.0  444.0  444.0  444.0
2018  80  3 21 0900   -9.4  974.4  444.0  444.0  444.0  444.0
2018  80  3 21 1200   -9.2  973.3  444.0  444.0  444.0  444.0
2018  80  3 21 1500   -9.6  972.4  444.0  444.0  444.0  444.0
2018  80  3 21 1800   -9.8  971.7  444.0  444.0  444.0  444.0
2018  80  3 21 2100   -9.0  971.2  444.0  444.0  444.0  444.0
2018  81  3 22 0000   -9.0  971.1  444.0  444.0  444.0  444.0
2018  81  3 22 0300   -9.0  970.8  444.0  444.0  444.0  444.0
2018  81  3 22 0600   -9.1  970.8  444.0  444.0  444.0  444.0
2018  81  3 22 0900  -10.2  970.8  444.0  444.0  444.0  444.0
2018  81  3 22 1200  -10.6  970.6  444.0  444.0  444.0  444.0
2018  81  3 22 1500  -11.2  970.2  444.0  444.0  444.0  444.0
2018  81  3 22 1800  -12.0  970.0  444.0  444.0  444.0  444.0
2018  81  3 22 2100  -12.1  970.2  444.0  444.0  444.0  444.0
2018  82  3 23 0000  -12.6  970.4  444.0  444.0  444.0  444.0
2018  82  3 23 0300  -13.2  970.6  444.0  444.0  444.0  444.0
2018  82  3 23 0600  -13.2  971.0  444.0  444.0  444.0  444.0
2018  82  3 23 0900  -13.4  972.7  444.0  444.0  444.0  444.0
2018  82  3 23 1200  -13.2  974.6  444.0  444.0  444.0  444.0
2018  82  3 23 1500  -13.8  976.3  444.0  444.0  444.0  444.0
2018  82  3 23 1800  -11.5  978.2  444.0  444.0  444.0  444.0
2018  82  3 23 2100   -9.4  979.2  444.0  444.0  444.0  444.0
2018  83  3 24 0000   -6.4  979.0  444.0  444.0  444.0  444.0
2018  83  3 24 0300   -3.6  977.7  444.0  444.0  444.0  444.0
2018  83  3 24 0600   -8.9  976.2  444.0  444.0  444.0  444.0
2018  83  3 24 0900   -9.8  974.6  444.0  444.0  444.0  444.0
2018  83  3 24 1200   -8.4  974.0  444.0  444.0  444.0  444.0
2018  83  3 24 1500   -7.6  973.3  444.0  444.0  444.0  444.0
2018  83  3 24 1800   -6.2  974.1  444.0  444.0  444.0  444.0
2018  83  3 24 2100   -6.8  975.0  444.0  444.0  444.0  444.0
2018  84  3 25 0000   -5.2  976.6  444.0  444.0  444.0  444.0
2018  84  3 25 0300   -3.6  975.9  444.0  444.0  444.0  444.0
2018  84  3 25 0600   -4.2  977.8  444.0  444.0  444.0  444.0
2018  84  3 25 0900   -6.8  979.1  444.0  444.0  444.0  444.0
2018  84  3 25 1200   -6.8  980.3  444.0  444.0  444.0  444.0
2018  84  3 25 1500   -7.6  981.1  444.0  444.0  444.0  444.0
2018  84  3 25 1800   -7.2  981.1  444.0  444.0  444.0  444.0
2018  84  3 25 2100   -5.4  980.7  444.0  444.0  444.0  444.0
2018  85  3 26 0000   -5.8  980.1  444.0  444.0  444.0  444.0
2018  85  3 26 0300   -6.0  978.4  444.0  444.0  444.0  444.0
2018  85  3 26 0600   -8.0  978.4  444.0  444.0  444.0  444.0
2018  85  3 26 0900   -8.4  979.6  444.0  444.0  444.0  444.0
2018  85  3 26 1200   -9.0  981.5  444.0  444.0  444.0  444.0
2018  85  3 26 1500  -10.1  983.4  444.0  444.0  444.0  444.0
2018  85  3 26 1800  -10.0  984.8  444.0  444.0  444.0  444.0
2018  85  3 26 2100   -8.2  986.3  444.0  444.0  444.0  444.0
2018  86  3 27 0000   -6.6  987.8  444.0  444.0  444.0  444.0
2018  86  3 27 0300   -3.9  988.9  444.0  444.0  444.0  444.0
2018  86  3 27 0600   -8.4  989.8  444.0  444.0  444.0  444.0
2018  86  3 27 0900  -10.2  989.9  444.0  444.0  444.0  444.0
2018  86  3 27 1200   -9.6  990.5  444.0  444.0  444.0  444.0
2018  86  3 27 1500  -10.6  990.2  444.0  444.0  444.0  444.0
2018  86  3 27 1800  -11.2  990.3  444.0  444.0  444.0  444.0
2018  86  3 27 2100   -9.1  991.6  444.0  444.0  444.0  444.0
2018  87  3 28 0000   -9.0  993.1  444.0  444.0  444.0  444.0
2018  87  3 28 0300   -6.8  993.8  444.0  444.0  444.0  444.0
2018  87  3 28 0600   -9.0  994.4  444.0  444.0  444.0  444.0
2018  87  3 28 0900   -8.5  994.2  444.0  444.0  444.0  444.0
2018  87  3 28 1200  -11.1  993.6  444.0  444.0  444.0  444.0
2018  87  3 28 1500  -10.6  993.2  444.0  444.0  444.0  444.0
2018  87  3 28 1800   -9.4  993.8  444.0  444.0  444.0  444.0
2018  87  3 28 2100   -9.5  994.4  444.0  444.0  444.0  444.0
2018  88  3 29 0000   -8.6  993.9  444.0  444.0  444.0  444.0
2018  88  3 29 0300   -9.0  993.4  444.0  444.0  444.0  444.0
2018  88  3 29 0600   -9.0  994.0  444.0  444.0  444.0  444.0
2018  88  3 29 0900  -10.8  994.4  444.0  444.0  444.0  444.0
2018  88  3 29 1200  -11.5  995.3  444.0  444.0  444.0  444.0
2018  88  3 29 1500  -12.1  995.6  444.0  444.0  444.0  444.0
2018  88  3 29 1800  -12.5  995.3  444.0  444.0  444.0  444.0
2018  88  3 29 2100  -11.2  994.6  444.0  444.0  444.0  444.0
2018  89  3 30 0000   -9.6  994.2  444.0  444.0  444.0  444.0
2018  89  3 30 0300   -8.9  993.2  444.0  444.0  444.0  444.0
2018  89  3 30 0600  -11.6  992.2  444.0  444.0  444.0  444.0
2018  89  3 30 0900  -13.8  991.6  444.0  444.0  444.0  444.0
2018  89  3 30 1200  -12.6  991.2  444.0  444.0  444.0  444.0
2018  89  3 30 1500  -10.5  990.1  444.0  444.0  444.0  444.0
2018  89  3 30 1800   -9.8  989.2  444.0  444.0  444.0  444.0
2018  89  3 30 2100   -8.0  989.2  444.0  444.0  444.0  444.0
2018  90  3 31 0000   -7.1  989.5  444.0  444.0  444.0  444.0
2018  90  3 31 0300   -6.6  989.9  444.0  444.0  444.0  444.0
2018  90  3 31 0600   -8.4  990.3  444.0  444.0  444.0  444.0
2018  90  3 31 0900  -10.0  991.6  444.0  444.0  444.0  444.0
2018  90  3 31 1200  -10.1  992.5  444.0  444.0  444.0  444.0
2018  90  3 31 1500  -10.0  993.2  444.0  444.0  444.0  444.0
2018  90  3 31 1800  -10.5  993.5  444.0  444.0  444.0  444.0
2018  90  3 31 2100   -9.8  994.0  444.0  444.0  444.0  444.0
