Year: 2018  Month: 03  ID: SAB  ARGOS:  8915  Name: Sabrina             
Lat: 84.25S  Lon: 170.05W  Elev:   88m
2018  60  3  1 0000  -14.2  977.4    2.0  161.0   65.0  444.0
2018  60  3  1 0300  -14.1  977.1    2.4  137.0   64.2  444.0
2018  60  3  1 0600  -14.6  976.9    0.9  298.0   70.3  444.0
2018  60  3  1 0900  -14.5  976.9    0.6  117.0   68.8  444.0
2018  60  3  1 1200  -16.9  976.2    1.9  267.0   78.0  444.0
2018  60  3  1 1500  -18.3  976.2    3.2  127.0   71.0  444.0
2018  60  3  1 1800  -17.5  976.3    4.5  128.0   66.0  444.0
2018  60  3  1 2100  -17.9  976.3    5.1  142.0   64.0  444.0
2018  61  3  2 0000  -17.2  976.3    6.0  127.0   65.0  444.0
2018  61  3  2 0300  -16.9  975.5    4.7  126.0   66.0  444.0
2018  61  3  2 0600  -17.1  975.5    4.2  127.0   66.0  444.0
2018  61  3  2 0900  -18.8  975.8    2.7  144.0   69.0  444.0
2018  61  3  2 1200  -20.4  976.2    2.9  139.0   65.0  444.0
2018  61  3  2 1500  -20.5  976.1    2.5  213.0   67.0  444.0
2018  61  3  2 1800  -19.5  976.5    1.9  170.0   63.0  444.0
2018  61  3  2 2100  -19.9  976.4    1.4  128.0   68.2  444.0
2018  62  3  3 0000  -17.9  976.4    3.2  254.0   64.0  444.0
2018  62  3  3 0300  -18.0  975.6    2.5  276.0   67.0  444.0
2018  62  3  3 0600  -18.0  975.4    1.6  261.0   66.0  444.0
2018  62  3  3 0900  -15.0  975.0    4.7  211.0   59.0  444.0
2018  62  3  3 1200  -18.1  974.7    1.8  169.0   61.0  444.0
2018  62  3  3 1500  -16.4  973.7    0.7  278.0   47.0  444.0
2018  62  3  3 1800  -23.1  972.6    2.2   82.0   63.0  444.0
2018  62  3  3 2100  -22.2  974.0    0.6   19.0   63.0  444.0
2018  63  3  4 0000  -19.8  974.4    2.8  252.0   64.0  444.0
2018  63  3  4 0300  -15.8  974.8    4.3  236.0   57.0  444.0
2018  63  3  4 0600  -11.5  975.6    7.7  164.0   66.2  444.0
2018  63  3  4 0900  -16.5  977.2    3.4  146.0   68.0  444.0
2018  63  3  4 1200  -18.1  978.4    0.7   91.0   70.7  444.0
2018  63  3  4 1500  -16.0  979.7    0.7   14.0   76.0  444.0
2018  63  3  4 1800  -20.4  981.7    3.5   66.0   71.0  444.0
2018  63  3  4 2100  -20.7  984.2    2.0   51.0   66.0  444.0
2018  64  3  5 0000  -22.9  986.7    1.2  144.0   66.1  444.0
2018  64  3  5 0300  -22.6  988.1    1.3  133.0   69.0  444.0
2018  64  3  5 0600  -21.9  989.3    1.8  171.0   71.0  444.0
2018  64  3  5 0900  -21.9  989.7    1.1  122.0   73.0  444.0
2018  64  3  5 1200  -25.5  989.7    0.0  324.0   72.8  444.0
2018  64  3  5 1500  -26.1  989.2    1.5    5.0   70.9  444.0
2018  64  3  5 1800  -32.6  988.6    4.0    7.0   69.0  444.0
2018  64  3  5 2100  -32.5  988.7    1.1   10.0   65.0  444.0
2018  65  3  6 0000  -28.6  987.5    3.5   97.0   68.0  444.0
2018  65  3  6 0300  -26.8  986.1    4.6  106.0   70.3  444.0
2018  65  3  6 0600  -26.3  985.2    4.5  115.0   70.0  444.0
2018  65  3  6 0900  -27.0  983.8    4.5  123.0   71.0  444.0
2018  65  3  6 1200  -26.8  982.0    4.7  117.0   71.0  444.0
2018  65  3  6 1500  -26.9  980.4    5.2  120.0   70.1  444.0
2018  65  3  6 1800  -27.9  979.0    1.6  120.0   69.3  444.0
2018  65  3  6 2100  -28.6  976.9    1.9  227.0   67.0  444.0
2018  66  3  7 0000  -30.3  974.4    3.0  252.0   66.0  444.0
2018  66  3  7 0300  -29.3  971.7    3.5  220.0   65.0  444.0
2018  66  3  7 0600  -24.8  969.2    4.0  168.0   57.2  444.0
2018  66  3  7 0900  -27.1  966.0    4.6  242.0   55.0  444.0
2018  66  3  7 1200  -28.0  963.2    3.1  227.0   56.0  444.0
2018  66  3  7 1500  -27.5  960.5    2.4  254.0   52.0  444.0
2018  66  3  7 1800  -20.2  958.9    6.5  138.0   58.8  444.0
2018  66  3  7 2100  -14.3  958.1   11.2  148.0   77.0  444.0
2018  67  3  8 0000  -12.5  957.4   13.8  145.0   79.0  444.0
2018  67  3  8 0300  -11.1  956.7   19.2  135.0   84.0  444.0
2018  67  3  8 0600  -11.2  957.2   20.4  128.0   84.0  444.0
2018  67  3  8 0900  -11.3  958.2   19.8  127.0   85.0  444.0
2018  67  3  8 1200  -11.8  958.8   21.3  124.0   84.5  444.0
2018  67  3  8 1500  -12.1  960.7   19.9  126.0   84.0  444.0
2018  67  3  8 1800  -13.2  963.6   17.5  119.0   82.0  444.0
2018  67  3  8 2100  -17.6  966.9    8.4   90.0   77.0  444.0
2018  68  3  9 0000  -19.5  969.6    4.4   74.0   74.1  444.0
2018  68  3  9 0300  -20.1  971.1    1.0  318.0   75.0  444.0
2018  68  3  9 0600  -14.8  972.0    9.1  128.0   80.8  444.0
2018  68  3  9 0900  -17.1  973.2    6.5  116.0   76.0  444.0
2018  68  3  9 1200  -20.4  973.7    3.2  110.0   74.0  444.0
2018  68  3  9 1500  -16.7  974.0    6.7  137.0   74.0  444.0
2018  68  3  9 1800  -16.5  974.1    7.8  132.0   70.0  444.0
2018  68  3  9 2100  -17.5  974.5    5.7  131.0   70.0  444.0
2018  69  3 10 0000  -18.8  974.3    6.5  130.0   68.0  444.0
2018  69  3 10 0300  -18.5  973.8    5.1  151.0   67.5  444.0
2018  69  3 10 0600  -16.3  974.1    6.7  122.0   69.0  444.0
2018  69  3 10 0900  -15.9  974.1    6.8  135.0   70.4  444.0
2018  69  3 10 1200  -16.0  974.6    9.0  133.0   73.0  444.0
2018  69  3 10 1500  -17.4  975.1   10.3  129.0   73.9  444.0
2018  69  3 10 1800  -15.5  975.0   14.5  131.0   76.0  444.0
2018  69  3 10 2100  -14.2  975.4   13.4  132.0   75.9  444.0
2018  70  3 11 0000  -13.9  976.0   16.1  125.0   75.0  444.0
2018  70  3 11 0300  -13.0  976.6   18.2  127.0   79.0  444.0
2018  70  3 11 0600  -13.0  977.7   15.6  122.0   78.0  444.0
2018  70  3 11 0900  -12.6  978.4   16.7  121.0   79.0  444.0
2018  70  3 11 1200  -11.4  979.8   16.8  122.0   77.6  444.0
2018  70  3 11 1500  -10.9  980.4   15.7  127.0   76.0  444.0
2018  70  3 11 1800  -11.1  980.9   15.8  119.0   76.0  444.0
2018  70  3 11 2100  -10.0  981.5   15.9  123.0   71.0  444.0
2018  71  3 12 0000   -9.7  982.0   15.9  124.0   72.4  444.0
2018  71  3 12 0300   -9.8  982.1   15.9  123.0   72.0  444.0
2018  71  3 12 0600  -11.1  982.8   10.2  138.0   75.0  444.0
2018  71  3 12 0900  -11.6  982.5   11.4  128.0   73.9  444.0
2018  71  3 12 1200  -11.0  981.6   14.6  129.0   77.0  444.0
2018  71  3 12 1500  -12.4  982.3   13.7  121.0   76.0  444.0
2018  71  3 12 1800  -13.0  982.8   14.1  116.0   72.0  444.0
2018  71  3 12 2100  -13.1  983.9   13.5  130.0   68.0  444.0
2018  72  3 13 0000  -14.0  984.2    8.8  136.0   64.0  444.0
2018  72  3 13 0300  -15.1  983.5    8.4  136.0   65.9  444.0
2018  72  3 13 0600  -16.0  983.4    7.5  132.0   65.0  444.0
2018  72  3 13 0900  -17.6  982.8    7.8  138.0   66.0  444.0
2018  72  3 13 1200  -18.0  982.6    6.7  142.0   63.0  444.0
2018  72  3 13 1500  -19.2  982.7    6.5  152.0   61.0  444.0
2018  72  3 13 1800  -19.2  982.2    6.3  142.0   57.0  444.0
2018  72  3 13 2100  -18.9  982.0    8.0  151.0   58.0  444.0
2018  73  3 14 0000  -18.4  982.6    7.0  145.0   55.0  444.0
2018  73  3 14 0300  -20.5  982.2    5.1  164.0   55.0  444.0
2018  73  3 14 0600  -20.5  982.0    5.0  143.0   55.0  444.0
2018  73  3 14 0900  -20.9  981.5    7.4  149.0   53.0  444.0
2018  73  3 14 1200  -21.2  980.8    7.1  145.0   58.0  444.0
2018  73  3 14 1500  -20.8  980.0    8.3  131.0   58.0  444.0
2018  73  3 14 1800  -21.6  979.5    7.4  137.0   58.0  444.0
2018  73  3 14 2100  -19.5  978.2   12.0  132.0   56.0  444.0
2018  74  3 15 0000  -18.6  976.3   10.4  133.0   46.0  444.0
2018  74  3 15 0300  -18.7  973.0   12.1  133.0   50.1  444.0
2018  74  3 15 0600  -19.4  970.0   10.8  144.0   51.0  444.0
2018  74  3 15 0900  -18.2  966.4    9.3  133.0   51.1  444.0
2018  74  3 15 1200  -22.2  962.7    3.9  204.0   57.0  444.0
2018  74  3 15 1500  -22.5  959.9    3.4  181.0   56.0  444.0
2018  74  3 15 1800  -21.8  957.8    4.6  189.0   55.5  444.0
2018  74  3 15 2100  -22.0  957.0    4.0  166.0   49.0  444.0
2018  75  3 16 0000  -19.0  957.4    4.8  175.0   60.0  444.0
2018  75  3 16 0300  -16.6  957.5    6.1  203.0   58.0  444.0
2018  75  3 16 0600  -11.9  958.2    6.4  177.0   46.1  444.0
2018  75  3 16 0900  -10.5  958.8   10.5  148.0   82.0  444.0
2018  75  3 16 1200   -9.4  959.8   16.9  143.0   86.3  444.0
2018  75  3 16 1500   -8.5  961.2   19.6  137.0   74.0  444.0
2018  75  3 16 1800  -17.5  964.1    9.8   88.0   78.0  444.0
2018  75  3 16 2100  -20.9  966.6   12.1   90.0   75.0  444.0
2018  76  3 17 0000  -20.3  968.4   14.1   91.0   75.0  444.0
2018  76  3 17 0300  -18.3  967.5   15.8  114.0   77.0  444.0
2018  76  3 17 0600  -13.6  963.7   20.1  127.0   82.1  444.0
2018  76  3 17 0900   -9.7  959.3   19.0  136.0   87.0  444.0
2018  76  3 17 1200   -8.1  952.5   17.8  131.0   90.0  444.0
2018  76  3 17 1500   -7.4  947.8   21.3  131.0   92.0  444.0
2018  76  3 17 1800   -7.2  949.6   16.8  135.0   93.0  444.0
2018  76  3 17 2100   -7.5  951.0   13.6  130.0   92.0  444.0
2018  77  3 18 0000   -7.5  953.0   16.9  133.0   92.0  444.0
2018  77  3 18 0300   -8.1  955.6   16.9  122.0   91.0  444.0
2018  77  3 18 0600   -8.4  958.5   17.7  132.0   91.0  444.0
2018  77  3 18 0900   -9.4  961.5   16.2  124.0   88.4  444.0
2018  77  3 18 1200  -12.2  964.8   13.7  120.0   85.0  444.0
2018  77  3 18 1500  -12.6  967.8   15.3  121.0   84.0  444.0
2018  77  3 18 1800  -13.3  972.2   14.1  131.0   84.0  444.0
2018  77  3 18 2100  -13.4  976.7   14.5  134.0   83.0  444.0
2018  78  3 19 0000  -13.2  980.8   13.5  129.0   81.0  444.0
2018  78  3 19 0300  -14.9  984.3    8.6  136.0   75.0  444.0
2018  78  3 19 0600  -18.0  987.3    2.7  174.0   68.0  444.0
2018  78  3 19 0900  -19.5  989.3    1.7  176.0   67.0  444.0
2018  78  3 19 1200  -21.0  989.5    0.6  151.0   65.0  444.0
2018  78  3 19 1500  -21.0  989.4    0.2   36.0   69.0  444.0
2018  78  3 19 1800  -24.9  989.8    2.5  328.0   74.0  444.0
2018  78  3 19 2100  -21.5  989.0    2.2  303.0   75.7  444.0
2018  79  3 20 0000  -20.4  988.1    1.2   52.0   76.0  444.0
2018  79  3 20 0300  -21.8  986.6    2.8  125.0   73.2  444.0
2018  79  3 20 0600  -20.8  985.2    3.5  100.0   73.0  444.0
2018  79  3 20 0900  -20.4  983.7    3.6   85.0   72.0  444.0
2018  79  3 20 1200  -22.7  982.2    5.1  102.0   75.0  444.0
2018  79  3 20 1500  -23.7  980.8    6.2  119.0   73.0  444.0
2018  79  3 20 1800  -26.0  979.2    9.1  128.0   71.0  444.0
2018  79  3 20 2100  -28.7  977.9    5.6  127.0   69.0  444.0
2018  80  3 21 0000  -31.0  976.0    6.1  126.0   67.2  444.0
2018  80  3 21 0300  -31.5  974.9    2.8  155.0   61.0  444.0
2018  80  3 21 0600  -32.5  973.9    3.1  140.0   67.9  444.0
2018  80  3 21 0900  -34.1  974.0    2.4  194.0   66.0  444.0
2018  80  3 21 1200  -32.2  972.9    2.8  220.0   67.8  444.0
2018  80  3 21 1500  -32.6  972.4    2.4  253.0   66.0  444.0
2018  80  3 21 1800  -29.7  970.3    4.4  244.0   59.0  444.0
2018  80  3 21 2100  -23.6  970.1    1.9  104.0   49.0  444.0
2018  81  3 22 0000  -26.4  968.8    4.1  198.0   56.0  444.0
2018  81  3 22 0300  -23.9  968.3    6.0  130.0   67.1  444.0
2018  81  3 22 0600  -21.7  968.2    8.3  121.0   69.9  444.0
2018  81  3 22 0900  -22.9  968.2    6.0  119.0   66.0  444.0
2018  81  3 22 1200  -21.5  968.6    7.6  124.0   69.0  444.0
2018  81  3 22 1500  -22.3  967.5    3.1  162.0   67.6  444.0
2018  81  3 22 1800  -20.4  965.6    3.8  173.0   67.0  444.0
2018  81  3 22 2100  -23.0  965.6    1.4  138.0   69.0  444.0
2018  82  3 23 0000  -26.6  966.3    4.0  137.0   68.0  444.0
2018  82  3 23 0300  -24.1  968.6    4.8  149.0   58.0  444.0
2018  82  3 23 0600  -22.5  968.0    3.3  219.0   66.0  444.0
2018  82  3 23 0900  -23.9  970.1    2.3  144.0   65.5  444.0
2018  82  3 23 1200  -21.4  970.0    2.8  117.0   65.0  444.0
2018  82  3 23 1500  -18.7  971.8    3.8  130.0   66.0  444.0
2018  82  3 23 1800  -18.7  972.5    3.3  157.0   69.7  444.0
2018  82  3 23 2100  -10.2  973.3    6.7  162.0   60.0  444.0
2018  83  3 24 0000   -5.9  975.7   16.7  125.0   52.0  444.0
2018  83  3 24 0300  -12.8  980.4   11.6  138.0   74.0  444.0
2018  83  3 24 0600  -12.0  979.5    8.3  129.0   68.2  444.0
2018  83  3 24 0900   -6.9  978.9   19.9  165.0   51.0  444.0
2018  83  3 24 1200   -8.9  979.6   17.3  108.0   73.0  444.0
2018  83  3 24 1500   -9.6  980.7   13.3  121.0   57.8  444.0
2018  83  3 24 1800  -11.1  981.1   10.7  120.0   66.0  444.0
2018  83  3 24 2100  -12.3  980.8    5.9  134.0   64.0  444.0
2018  84  3 25 0000  -12.9  980.2    6.3  132.0   65.0  444.0
2018  84  3 25 0300  -11.1  978.7    9.0  133.0   54.1  444.0
2018  84  3 25 0600  -15.7  977.4    4.2  164.0   63.0  444.0
2018  84  3 25 0900  -16.1  976.6    5.5  177.0   60.0  444.0
2018  84  3 25 1200  -17.0  975.1    6.3  153.0   59.0  444.0
2018  84  3 25 1500  -19.7  974.5    4.1  140.0   63.0  444.0
2018  84  3 25 1800  -21.4  975.2    3.1  155.0   62.1  444.0
2018  84  3 25 2100  -19.6  975.8    8.1  144.0   62.0  444.0
2018  85  3 26 0000  -18.8  976.9    6.8  139.0   56.2  444.0
2018  85  3 26 0300  -20.8  978.0    5.1  164.0   60.0  444.0
2018  85  3 26 0600  -20.2  979.3    6.6  142.0   63.9  444.0
2018  85  3 26 0900  -21.3  980.8    4.3  171.0   63.0  444.0
2018  85  3 26 1200  -23.4  982.2    3.9  162.0   61.0  444.0
2018  85  3 26 1500  -22.2  982.6    5.1  163.0   63.0  444.0
2018  85  3 26 1800  -22.9  983.8    4.2  173.0   65.4  444.0
2018  85  3 26 2100  -23.1  983.8    3.3  122.0   68.4  444.0
2018  86  3 27 0000  -23.9  983.9    2.9  198.0   67.0  444.0
2018  86  3 27 0300  -27.2  983.9    0.5  216.0   64.0  444.0
2018  86  3 27 0600  -24.8  983.4    3.3  190.0   68.0  444.0
2018  86  3 27 0900  -23.8  983.6    2.5  170.0   61.4  444.0
2018  86  3 27 1200  -26.7  984.7    1.6  243.0   64.0  444.0
2018  86  3 27 1500  -22.6  985.4    2.3  198.0   64.0  444.0
2018  86  3 27 1800  -26.2  985.8    1.2  255.0   62.0  444.0
2018  86  3 27 2100  -25.1  985.9    3.3  222.0   59.7  444.0
2018  87  3 28 0000  -25.2  986.2    2.5  246.0   60.0  444.0
2018  87  3 28 0300  -24.0  986.8    3.0  328.0   60.0  444.0
2018  87  3 28 0600  -23.2  987.3    3.3  187.0   63.0  444.0
2018  87  3 28 0900  -25.1  987.5    2.3  155.0   63.0  444.0
2018  87  3 28 1200  -22.7  988.2    2.3  155.0   61.6  444.0
2018  87  3 28 1500  -26.3  988.5    3.8  198.0   67.0  444.0
2018  87  3 28 1800  -23.3  988.8    3.3  187.0   65.0  444.0
2018  87  3 28 2100  -24.4  989.2    3.3  192.0   61.0  444.0
2018  88  3 29 0000  -19.4  989.9    4.6  176.0   55.0  444.0
2018  88  3 29 0300  -21.7  989.6    4.7  170.0   67.0  444.0
2018  88  3 29 0600  -22.4  989.5    3.4  171.0   69.0  444.0
2018  88  3 29 0900  -20.0  990.0    4.6  108.0   68.0  444.0
2018  88  3 29 1200  -19.4  990.4    3.6  174.0   67.0  444.0
2018  88  3 29 1500  -19.3  989.5    2.2  225.0   69.0  444.0
2018  88  3 29 1800  -22.4  989.3    3.0  212.0   68.0  444.0
2018  88  3 29 2100  -22.6  989.1    4.2  170.0   63.0  444.0
2018  89  3 30 0000  -25.2  988.6    2.7  207.0   62.0  444.0
2018  89  3 30 0300  -23.3  987.7    2.4  178.0   62.0  444.0
2018  89  3 30 0600  -24.5  986.8    3.4  222.0   67.5  444.0
2018  89  3 30 0900  -25.8  986.7    2.7  204.0   67.0  444.0
2018  89  3 30 1200  -20.5  987.5    2.3  169.0   66.0  444.0
2018  89  3 30 1500  -26.6  987.0    1.3  129.0   70.0  444.0
2018  89  3 30 1800  -23.7  987.7    1.7  118.0   63.9  444.0
2018  89  3 30 2100  -16.5  989.0    6.0  164.0   67.0  444.0
2018  90  3 31 0000  -14.8  989.8    7.7  105.0   67.0  444.0
2018  90  3 31 0300  -14.8  990.6    8.6  122.0   67.0  444.0
2018  90  3 31 0600  -13.4  990.5    8.2  113.0   70.0  444.0
2018  90  3 31 0900  -12.2  991.6    9.4  123.0   61.0  444.0
2018  90  3 31 1200  -11.6  991.6   10.8  123.0   60.0  444.0
2018  90  3 31 1500  -14.6  991.9    1.8  146.0   70.0  444.0
2018  90  3 31 1800  -17.1  991.4    4.8  154.0   64.0  444.0
2018  90  3 31 2100  -19.4  990.9    4.8  152.0   62.0  444.0
