Year: 2018  Month: 05  ID: SAB  ARGOS:  8915  Name: Sabrina             
Lat: 84.25S  Lon: 170.05W  Elev:   88m
2018 121  5  1 0000  -26.8  971.9    7.1   84.0   69.0  444.0
2018 121  5  1 0300  -28.8  972.8    3.4   81.0   65.0  444.0
2018 121  5  1 0600  -30.8  973.3    1.8   91.0   69.0  444.0
2018 121  5  1 0900  -30.9  972.6    0.7  205.0   68.0  444.0
2018 121  5  1 1200  -29.5  972.2    3.9  152.0   68.0  444.0
2018 121  5  1 1500  -32.2  971.2    4.4  151.0   63.0  444.0
2018 121  5  1 1800  -34.7  970.5    3.2  170.0   64.0  444.0
2018 121  5  1 2100  -35.0  969.1    2.7  188.0   65.9  444.0
2018 122  5  2 0000  -34.2  967.7    2.9  170.0   65.5  444.0
2018 122  5  2 0300  -32.0  966.7    4.4  168.0   65.4  444.0
2018 122  5  2 0600  -31.9  965.8    4.3  158.0   66.0  444.0
2018 122  5  2 0900  -29.1  964.6    6.0  151.0   68.2  444.0
2018 122  5  2 1200  -28.3  963.7    4.5  146.0   66.7  444.0
2018 122  5  2 1500  -26.9  962.6    4.3  155.0   63.0  444.0
2018 122  5  2 1800  -23.3  961.7   10.4  126.0   71.0  444.0
2018 122  5  2 2100  -21.9  961.6   12.2  115.0   73.8  444.0
2018 123  5  3 0000  -21.4  963.1   14.4  128.0   74.0  444.0
2018 123  5  3 0300  -20.4  963.9   15.4  130.0   74.0  444.0
2018 123  5  3 0600  -19.3  963.9   15.6  124.0   75.0  444.0
2018 123  5  3 0900  -20.2  965.1   18.1  122.0   74.0  444.0
2018 123  5  3 1200  -29.0  967.5   11.4   96.0   69.3  444.0
2018 123  5  3 1500  -21.9  968.3   11.5  120.0   75.0  444.0
2018 123  5  3 1800  -27.9  969.9    8.5  100.0   70.0  444.0
2018 123  5  3 2100  -31.8  972.2    6.8   96.0   67.0  444.0
2018 124  5  4 0000  -34.9  974.0    1.8   64.0   64.0  444.0
2018 124  5  4 0300  -33.9  974.9    1.1   56.0   64.0  444.0
2018 124  5  4 0600  -33.2  974.4    0.7   56.0   65.4  444.0
2018 124  5  4 0900  -33.5  975.8    1.6  149.0   61.0  444.0
2018 124  5  4 1200  -32.3  975.6    0.0    0.0   62.0  444.0
2018 124  5  4 1500  -32.2  975.5    0.0    0.0   67.0  444.0
2018 124  5  4 1800  -31.3  976.2    3.2  163.0   66.0  444.0
2018 124  5  4 2100  -33.6  976.6    2.9  168.0   66.0  444.0
2018 125  5  5 0000  -33.3  977.4    3.4  169.0   66.0  444.0
2018 125  5  5 0300  -35.3  977.7    2.4  167.0   64.7  444.0
2018 125  5  5 0600  -34.9  978.0    2.5  115.0   65.0  444.0
2018 125  5  5 0900  -34.2  978.0    3.7  172.0   64.1  444.0
2018 125  5  5 1200  -38.4  978.2    2.0  179.0   63.0  444.0
2018 125  5  5 1500  -36.2  977.8    0.0    0.0   64.0  444.0
2018 125  5  5 1800  -33.7  977.1    0.0    0.0   64.0  444.0
2018 125  5  5 2100  -35.8  976.3    1.6  227.0   63.0  444.0
2018 126  5  6 0000  -34.8  975.4    2.9  164.0   64.0  444.0
2018 126  5  6 0300  -39.8  974.8    0.0    0.0   62.0  444.0
2018 126  5  6 0600  -41.7  973.1    0.0    0.0   61.0  444.0
2018 126  5  6 0900  -45.4  973.5    1.2  142.0   59.0  444.0
2018 126  5  6 1200  -45.3  974.0    2.6  122.0   59.0  444.0
2018 126  5  6 1500  -46.9  973.7    2.4  125.0   58.0  444.0
2018 126  5  6 1800  -47.5  975.0    2.6  128.0   58.0  444.0
2018 126  5  6 2100  -47.6  975.3    2.3  163.0   57.9  444.0
2018 127  5  7 0000  -46.5  975.0    1.2  152.0   58.0  444.0
2018 127  5  7 0300  -44.5  974.0    0.4  105.0   59.0  444.0
2018 127  5  7 0600  -43.8  973.5    0.7  235.0   60.0  444.0
2018 127  5  7 0900  -42.4  974.2    0.0    0.0   60.0  444.0
2018 127  5  7 1200  -45.3  974.7    1.8  193.0   59.0  444.0
2018 127  5  7 1500  -46.0  976.1    2.0  146.0   58.0  444.0
2018 127  5  7 1800  -44.9  977.2    1.5  218.0   59.0  444.0
2018 127  5  7 2100  -42.3  977.3    1.9  170.0   59.0  444.0
2018 128  5  8 0000  -43.1  977.3    1.8  194.0   59.0  444.0
2018 128  5  8 0300  -35.4  976.2    3.2  182.0   63.0  444.0
2018 128  5  8 0600  -38.2  974.9    2.4  230.0   61.9  444.0
2018 128  5  8 0900  -38.0  974.4    2.1  193.0   62.0  444.0
2018 128  5  8 1200  -37.9  974.5    3.4  139.0   61.8  444.0
2018 128  5  8 1500  -37.7  975.0    2.8  184.0   62.0  444.0
2018 128  5  8 1800  -37.8  976.0    2.9  125.0   62.0  444.0
2018 128  5  8 2100  -43.5  978.0    1.4  153.0   60.0  444.0
2018 129  5  9 0000  -44.4  979.0    3.2  141.0   59.3  444.0
2018 129  5  9 0300  -44.8  979.3    3.4  160.0   59.0  444.0
2018 129  5  9 0600  -45.7  978.8    2.3  110.0   58.5  444.0
2018 129  5  9 0900  -45.7  977.5    1.8  172.0   58.0  444.0
2018 129  5  9 1200  -45.9  975.8    1.2  204.0   58.0  444.0
2018 129  5  9 1500  -45.6  973.4    1.0  236.0   57.8  444.0
2018 129  5  9 1800  -45.3  971.6    2.9  214.0   58.0  444.0
2018 129  5  9 2100  -47.7  969.6    2.3  159.0   57.0  444.0
2018 130  5 10 0000  -46.5  967.5    0.0    0.0   57.0  444.0
2018 130  5 10 0300  -42.9  965.2    0.0    0.0   59.2  444.0
2018 130  5 10 0600  -41.6  961.5    2.3  251.0   60.0  444.0
2018 130  5 10 0900  -38.2  958.3    3.4  235.0   61.7  444.0
2018 130  5 10 1200  -29.6  956.8    5.6  194.0   68.0  444.0
2018 130  5 10 1500  -18.3  956.0   12.0  147.0   77.0  444.0
2018 130  5 10 1800  -16.5  955.6   17.0  122.0   80.0  444.0
2018 130  5 10 2100  -30.7  959.9    8.5  118.0   68.0  444.0
2018 131  5 11 0000  -32.6  961.5    8.0   98.0   66.7  444.0
2018 131  5 11 0300  -26.4  962.4   12.4  122.0   71.0  444.0
2018 131  5 11 0600  -18.7  958.9    9.8  118.0   78.0  444.0
2018 131  5 11 0900  -12.8  956.9   17.5  128.0   85.0  444.0
2018 131  5 11 1200   -9.8  954.1   21.7  134.0   89.7  444.0
2018 131  5 11 1500   -8.3  953.5   26.1  136.0   94.0  444.0
2018 131  5 11 1800   -8.3  955.1   27.4  139.0   94.0  444.0
2018 131  5 11 2100   -8.2  957.9   26.9  139.0   94.0  444.0
2018 132  5 12 0000   -9.5  960.2   22.6  140.0   92.0  444.0
2018 132  5 12 0300   -9.0  962.2   19.6  132.0   93.0  444.0
2018 132  5 12 0600   -8.1  961.8   17.6  134.0   95.0  444.0
2018 132  5 12 0900   -8.6  963.1   18.7  134.0   94.0  444.0
2018 132  5 12 1200   -9.9  964.4   18.7  141.0   91.0  444.0
2018 132  5 12 1500   -9.2  964.8   21.3  140.0   93.0  444.0
2018 132  5 12 1800  -10.9  966.5   20.3  140.0   89.0  444.0
2018 132  5 12 2100  -12.1  967.2   19.9  136.0   87.0  444.0
2018 133  5 13 0000  -13.4  968.6   21.0  136.0   84.7  444.0
2018 133  5 13 0300  -13.0  969.9   18.8  137.0   84.0  444.0
2018 133  5 13 0600  -13.2  970.9   18.5  133.0   82.6  444.0
2018 133  5 13 0900  -13.9  971.6   14.8  144.0   81.0  444.0
2018 133  5 13 1200  -14.9  971.5   14.8  138.0   78.0  444.0
2018 133  5 13 1500  -14.7  970.4   12.8  133.0   76.0  444.0
2018 133  5 13 1800  -14.1  969.7   11.4  132.0   73.0  444.0
2018 133  5 13 2100  -12.6  968.0   11.1  136.0   78.6  444.0
2018 134  5 14 0000  -10.6  966.2   15.5  126.0   72.0  444.0
2018 134  5 14 0300  -10.0  964.2   19.1  119.0   63.0  444.0
2018 134  5 14 0600  -10.5  963.2   18.9  123.0   60.0  444.0
2018 134  5 14 0900  -11.1  963.3   17.8  121.0   59.1  444.0
2018 134  5 14 1200  -10.3  963.9   16.3  124.0   68.0  444.0
2018 134  5 14 1500  -10.4  963.9   16.9  114.0   64.0  444.0
2018 134  5 14 1800  -10.7  965.0   17.4  120.0   64.0  444.0
2018 134  5 14 2100  -11.5  966.4   17.5  124.0   66.8  444.0
2018 135  5 15 0000  -13.6  969.7   15.1  148.0   75.0  444.0
2018 135  5 15 0300  -15.8  971.9   12.3  148.0   70.7  444.0
2018 135  5 15 0600  -17.1  974.3   11.3  128.0   61.0  444.0
2018 135  5 15 0900  -17.9  975.3   15.2  118.0   59.2  444.0
2018 135  5 15 1200  -23.0  980.2   14.6  120.0   60.0  444.0
2018 135  5 15 1500  -24.8  983.2   16.7  109.0   71.0  444.0
2018 135  5 15 1800  -26.2  986.4   11.3  101.0   71.0  444.0
2018 135  5 15 2100  -19.3  986.3   13.7  125.0   77.0  444.0
2018 136  5 16 0000  -20.0  984.2    9.9  108.0   74.3  444.0
2018 136  5 16 0300  -20.2  981.4    7.1  143.0   66.3  444.0
2018 136  5 16 0600  -18.5  977.4    6.7  175.0   67.2  444.0
2018 136  5 16 0900  -12.1  973.8   13.5  136.0   76.0  444.0
2018 136  5 16 1200  -12.7  972.3    6.4  128.0   60.5  444.0
2018 136  5 16 1500  -11.1  970.3   14.1  146.0   72.0  444.0
2018 136  5 16 1800  -12.0  971.8    8.3  152.0   84.0  444.0
2018 136  5 16 2100  -13.0  972.5   13.6  133.0   85.0  444.0
2018 137  5 17 0000  -29.7  977.4   13.0   98.0   69.0  444.0
2018 137  5 17 0300  -27.9  981.3   13.4  100.0   70.0  444.0
2018 137  5 17 0600  -27.8  985.5   15.4  113.0   70.0  444.0
2018 137  5 17 0900  -27.2  989.3   12.6  108.0   71.0  444.0
2018 137  5 17 1200  -25.8  991.9   12.0  109.0   71.0  444.0
2018 137  5 17 1500  -25.4  993.5    8.6  109.0   72.0  444.0
2018 137  5 17 1800  -25.5  995.2    3.5  123.0   70.9  444.0
2018 137  5 17 2100  -26.1  995.2    1.6  153.0   71.0  444.0
2018 138  5 18 0000  -27.1  994.9    0.0    0.0   70.0  444.0
2018 138  5 18 0300  -31.1  993.1    2.2  154.0   67.0  444.0
2018 138  5 18 0600  -33.9  991.7    2.6  318.0   66.0  444.0
2018 138  5 18 0900  -34.4  990.3    2.4  302.0   65.0  444.0
2018 138  5 18 1200  -34.1  988.3    3.0  315.0   66.0  444.0
2018 138  5 18 1500  -35.4  988.5    1.5  185.0   64.0  444.0
2018 138  5 18 1800  -36.8  988.7    4.4  117.0   64.0  444.0
2018 138  5 18 2100  -33.2  987.8    4.6   84.0   66.2  444.0
2018 139  5 19 0000  -31.5  987.3    3.5  139.0   67.0  444.0
2018 139  5 19 0300  -30.8  986.7    3.0  117.0   67.7  444.0
2018 139  5 19 0600  -34.7  986.1    1.7  155.0   65.0  444.0
2018 139  5 19 0900  -35.0  985.8    2.2  258.0   65.0  444.0
2018 139  5 19 1200  -31.0  983.9    2.7  228.0   67.0  444.0
2018 139  5 19 1500  -26.8  982.1    3.8  190.0   70.3  444.0
2018 139  5 19 1800  -26.1  980.6    3.6  178.0   71.0  444.0
2018 139  5 19 2100  -25.2  978.6    0.0    0.0   71.9  444.0
2018 140  5 20 0000  -26.3  977.6    2.2  184.0   70.0  444.0
2018 140  5 20 0300  -29.1  976.3    5.4  172.0   69.0  444.0
2018 140  5 20 0600  -24.1  975.4    6.8  132.0   70.5  444.0
2018 140  5 20 0900  -30.4  975.0    3.8  184.0   64.0  444.0
2018 140  5 20 1200  -22.5  975.6    8.3  148.0   68.6  444.0
2018 140  5 20 1500  -22.6  977.3   15.8  117.0   73.0  444.0
2018 140  5 20 1800  -19.3  980.1   18.0  126.0   76.5  444.0
2018 140  5 20 2100  -19.4  982.0   15.6  130.0   76.0  444.0
2018 141  5 21 0000  -20.2  984.0   12.5  129.0   75.4  444.0
2018 141  5 21 0300  -25.5  985.7    4.0  149.0   69.0  444.0
2018 141  5 21 0600  -22.1  987.7    9.0  149.0   72.0  444.0
2018 141  5 21 0900  -24.6  989.9    7.7  145.0   69.0  444.0
2018 141  5 21 1200  -28.8  993.0    7.9  144.0   61.0  444.0
2018 141  5 21 1500  -30.7  995.1   10.7  132.0   66.9  444.0
2018 141  5 21 1800  -33.7  997.6    5.7  144.0   65.0  444.0
2018 141  5 21 2100  -34.8  999.3    5.4  121.0   62.0  444.0
2018 142  5 22 0000  -36.1 1001.1    3.6  149.0   59.0  444.0
2018 142  5 22 0300  -38.4 1000.9    2.8  146.0   59.8  444.0
2018 142  5 22 0600  -40.2 1001.3    2.8  148.0   60.0  444.0
2018 142  5 22 0900  -42.0 1001.5    2.0  155.0   60.0  444.0
2018 142  5 22 1200  -42.1 1000.4    4.8  142.0   61.0  444.0
2018 142  5 22 1500  -42.8  999.7    3.6  141.0   60.0  444.0
2018 142  5 22 1800  -41.3  997.7    5.4  146.0   60.0  444.0
2018 142  5 22 2100  -40.9  995.3    6.1  130.0   60.0  444.0
2018 143  5 23 0000  -39.4  992.3    5.3  133.0   60.0  444.0
2018 143  5 23 0300  -40.5  989.5    3.5  206.0   60.0  444.0
2018 143  5 23 0600  -39.1  984.8    3.4  217.0   59.0  444.0
2018 143  5 23 0900  -36.6  981.0    4.0  232.0   56.0  444.0
2018 143  5 23 1200  -33.3  977.7    4.1  175.0   57.0  444.0
2018 143  5 23 1500  -35.7  974.0    3.0  248.0   58.0  444.0
2018 143  5 23 1800  -30.7  971.8    0.3   84.0   57.0  444.0
2018 143  5 23 2100  -24.1  971.3    0.0   65.0   56.2  444.0
2018 144  5 24 0000  -25.3  970.3    6.1  191.0   59.0  444.0
2018 144  5 24 0300  -21.9  968.9    5.4  173.0   64.0  444.0
2018 144  5 24 0600  -16.5  968.4   13.0  127.0   77.5  444.0
2018 144  5 24 0900  -21.1  971.6    9.3  116.0   75.0  444.0
2018 144  5 24 1200  -24.1  971.5   10.8   96.0   72.0  444.0
2018 144  5 24 1500  -24.1  971.6    7.8   90.0   73.0  444.0
2018 144  5 24 1800  -16.5  970.4   16.6  130.0   80.0  444.0
2018 144  5 24 2100  -16.0  969.6   18.3  125.0   80.0  444.0
2018 145  5 25 0000  -16.8  968.8   11.3  131.0   78.6  444.0
2018 145  5 25 0300  -20.2  966.9    7.3  145.0   68.0  444.0
2018 145  5 25 0600  -23.6  965.7    4.2  168.0   65.7  444.0
2018 145  5 25 0900  -21.8  965.4    2.7  188.0   61.0  444.0
2018 145  5 25 1200  -24.3  965.0    1.4  219.0   66.0  444.0
2018 145  5 25 1500  -24.6  965.5    1.5   40.0   61.0  444.0
2018 145  5 25 1800  -21.9  965.6    3.4  330.0   68.4  444.0
2018 145  5 25 2100  -29.9  966.9    2.5  160.0   66.0  444.0
2018 146  5 26 0000  -28.5  968.2    3.0  230.0   63.7  444.0
2018 146  5 26 0300  -26.0  968.4    1.6  327.0   49.0  444.0
2018 146  5 26 0600  -32.7  969.8    2.4  306.0   67.0  444.0
2018 146  5 26 0900  -27.2  974.3    1.5   80.0   55.0  444.0
2018 146  5 26 1200  -32.5  977.5    3.4  162.0   60.0  444.0
2018 146  5 26 1500  -33.7  980.0    2.1  164.0   64.0  444.0
2018 146  5 26 1800  -31.5  981.5    4.7  142.0   59.0  444.0
2018 146  5 26 2100  -28.0  983.5    6.9  132.0   53.1  444.0
2018 147  5 27 0000  -31.4  985.5    5.0  155.0   54.0  444.0
2018 147  5 27 0300  -30.0  986.4    2.4  128.0   48.0  444.0
2018 147  5 27 0600  -25.3  987.5    2.8  169.0   36.0  444.0
2018 147  5 27 0900  -33.1  988.5    3.1  205.0   53.0  444.0
2018 147  5 27 1200  -29.3  988.9    2.1  248.0   45.0  444.0
2018 147  5 27 1500  -35.0  989.6    1.1  297.0   51.8  444.0
2018 147  5 27 1800  -29.8  989.6    2.6  137.0   45.0  444.0
2018 147  5 27 2100  -37.8  989.5    1.8  228.0   57.0  444.0
2018 148  5 28 0000  -36.8  989.6    2.9  183.0   57.0  444.0
2018 148  5 28 0300  -36.5  989.5    3.9  162.0   57.0  444.0
2018 148  5 28 0600  -37.0  989.1    4.0  164.0   59.0  444.0
2018 148  5 28 0900  -37.1  988.9    3.3  156.0   59.0  444.0
2018 148  5 28 1200  -37.1  987.4    3.2  189.0   59.0  444.0
2018 148  5 28 1500  -36.0  986.0    4.4  182.0   59.0  444.0
2018 148  5 28 1800  -33.8  983.8    5.5  179.0   56.9  444.0
2018 148  5 28 2100  -36.2  982.3    3.2  197.0   57.0  444.0
2018 149  5 29 0000  -36.6  979.8    3.6  183.0   59.0  444.0
2018 149  5 29 0300  -40.4  977.5    1.5  221.0   60.0  444.0
2018 149  5 29 0600  -34.3  975.4    1.2  245.0   57.0  444.0
2018 149  5 29 0900  -35.3  973.9    3.2  324.0   59.0  444.0
2018 149  5 29 1200  -40.6  973.7    3.0    6.0   61.0  444.0
2018 149  5 29 1500  -41.8  976.4    3.3  128.0   60.0  444.0
2018 149  5 29 1800  -40.1  977.0    3.5  158.0   60.8  444.0
2018 149  5 29 2100  -35.4  977.0    4.5  200.0   62.0  444.0
2018 150  5 30 0000  -32.4  978.0    5.6  182.0   59.6  444.0
2018 150  5 30 0300  -30.2  978.3    4.8  198.0   59.0  444.0
2018 150  5 30 0600  -28.4  979.0    5.2  173.0   56.6  444.0
2018 150  5 30 0900  -25.2  979.5    7.7  141.0   63.0  444.0
2018 150  5 30 1200  -19.5  980.6   12.6  136.0   62.4  444.0
2018 150  5 30 1500  -22.1  981.5   10.0  133.0   65.0  444.0
2018 150  5 30 1800  -20.6  982.2   11.2  136.0   59.0  444.0
2018 150  5 30 2100  -19.4  983.3   12.5  133.0   64.0  444.0
2018 151  5 31 0000  -20.8  984.5   15.0  120.0   72.0  444.0
2018 151  5 31 0300  -21.7  986.1   13.2  124.0   69.3  444.0
2018 151  5 31 0600  -22.1  986.9    9.9  129.0   69.0  444.0
2018 151  5 31 0900  -23.1  987.3   12.3  120.0   68.9  444.0
2018 151  5 31 1200  -26.4  988.5    8.6  126.0   66.0  444.0
2018 151  5 31 1500  -29.5  989.4    5.1  150.0   64.0  444.0
2018 151  5 31 1800  -31.1  989.9    6.1  156.0   63.0  444.0
2018 151  5 31 2100  -30.8  989.5    6.4  151.0   60.0  444.0
