Year: 2018  Month: 10  ID: SAB  ARGOS:  8915  Name: Sabrina             
Lat: 84.25S  Lon: 170.05W  Elev:   88m
2018 274 10  1 0000  -29.6  981.8    4.2  114.0   68.0  444.0
2018 274 10  1 0300  -30.1  982.4    5.3  127.0   67.0  444.0
2018 274 10  1 0600  -31.1  982.1    4.8  142.0   68.0  444.0
2018 274 10  1 0900  -27.4  980.5    9.1  130.0   70.4  444.0
2018 274 10  1 1200  -28.4  977.6    9.5  132.0   70.0  444.0
2018 274 10  1 1500  -26.8  974.5   11.7  129.0   71.0  444.0
2018 274 10  1 1800  -24.5  971.0   12.7  113.0   72.0  444.0
2018 274 10  1 2100  -20.9  967.7   13.0  127.0   75.0  444.0
2018 275 10  2 0000  -16.5  964.7   14.7  125.0   78.1  444.0
2018 275 10  2 0300  -15.4  962.9   17.5  122.0   81.0  444.0
2018 275 10  2 0600  -17.0  963.4   16.1  112.0   80.0  444.0
2018 275 10  2 0900  -17.3  963.5   11.9  109.0   80.0  444.0
2018 275 10  2 1200  -15.5  961.8    0.0    0.0   82.9  444.0
2018 275 10  2 1500  -14.9  959.7    7.3  100.0   84.0  444.0
2018 275 10  2 1800  -15.2  957.4    0.0    0.0   82.6  444.0
2018 275 10  2 2100  -12.7  955.8    0.0    0.0   87.0  444.0
2018 276 10  3 0000  -16.4  956.0    6.0  112.0   77.2  444.0
2018 276 10  3 0300  -19.6  956.9    6.2   98.0   74.8  444.0
2018 276 10  3 0600  -22.0  955.9    3.1   85.0   75.0  444.0
2018 276 10  3 0900  -10.4  955.5   13.9  134.0   92.0  444.0
2018 276 10  3 1200  -12.2  952.9   13.6  133.0   87.8  444.0
2018 276 10  3 1500  -11.9  950.5   15.7  128.0   89.1  444.0
2018 276 10  3 1800  -10.1  949.6   16.6  135.0   91.0  444.0
2018 276 10  3 2100   -9.5  949.0   22.0  138.0   92.0  444.0
2018 277 10  4 0000  -10.2  951.4   21.1  134.0   89.0  444.0
2018 277 10  4 0300  -12.1  958.3   15.6  152.0   88.3  444.0
2018 277 10  4 0600  -13.2  958.7   17.7  137.0   86.0  444.0
2018 277 10  4 0900  -12.0  954.6   20.2  129.0   88.9  444.0
2018 277 10  4 1200  -11.3  951.6   17.2  117.0   89.0  444.0
2018 277 10  4 1500   -9.6  950.0   21.8  130.0   93.4  444.0
2018 277 10  4 1800  -10.0  952.6   18.9  133.0   91.0  444.0
2018 277 10  4 2100  -11.1  953.1   17.2  139.0   88.0  444.0
2018 278 10  5 0000  -11.0  952.5   17.8  133.0   88.0  444.0
2018 278 10  5 0300  -10.3  951.5   18.9  132.0   90.0  444.0
2018 278 10  5 0600  -11.2  952.8   16.7  132.0   88.8  444.0
2018 278 10  5 0900  -12.8  954.3   17.5  138.0   87.0  444.0
2018 278 10  5 1200  -14.0  955.3   16.6  127.0   84.4  444.0
2018 278 10  5 1500  -14.4  957.3   16.3  126.0   84.0  444.0
2018 278 10  5 1800  -15.2  959.0   16.1  123.0   81.0  444.0
2018 278 10  5 2100  -16.4  960.8   11.7  135.0   75.0  444.0
2018 279 10  6 0000  -15.6  961.8   13.8  124.0   75.0  444.0
2018 279 10  6 0300  -15.6  962.4   13.4  128.0   76.0  444.0
2018 279 10  6 0600  -15.5  963.4   14.7  123.0   79.0  444.0
2018 279 10  6 0900  -15.8  965.0   16.1  131.0   80.0  444.0
2018 279 10  6 1200  -15.2  966.0   14.5  114.0   76.0  444.0
2018 279 10  6 1500  -14.6  966.4   16.0  124.0   75.0  444.0
2018 279 10  6 1800  -15.6  966.2   16.4  128.0   75.0  444.0
2018 279 10  6 2100  -14.8  966.6   17.0  122.0   73.0  444.0
2018 280 10  7 0000  -15.0  966.9   10.3  138.0   63.6  444.0
2018 280 10  7 0300  -13.0  965.8   12.6  133.0   68.0  444.0
2018 280 10  7 0600  -12.3  964.9   17.8  133.0   78.0  444.0
2018 280 10  7 0900  -13.0  966.5   15.8  129.0   78.0  444.0
2018 280 10  7 1200  -12.4  966.8   20.9  132.0   85.0  444.0
2018 280 10  7 1500  -13.4  967.6   18.8  132.0   82.0  444.0
2018 280 10  7 1800  -12.6  967.3   19.9  127.0   82.8  444.0
2018 280 10  7 2100  -12.3  965.7   23.8  126.0   83.0  444.0
2018 281 10  8 0000  -13.0  967.0   22.8  133.0   83.0  444.0
2018 281 10  8 0300  -14.0  968.8   20.0  130.0   79.7  444.0
2018 281 10  8 0600  -14.1  969.5   22.1  132.0   83.0  444.0
2018 281 10  8 0900  -13.4  970.4   20.3  131.0   82.0  444.0
2018 281 10  8 1200  -14.0  971.1   18.6  132.0   81.0  444.0
2018 281 10  8 1500  -13.8  969.4   17.1  121.0   77.3  444.0
2018 281 10  8 1800  -13.9  969.7   16.8  130.0   73.0  444.0
2018 281 10  8 2100  -13.2  968.6   15.6  139.0   71.6  444.0
2018 282 10  9 0000  -12.7  965.8   22.3  131.0   79.0  444.0
2018 282 10  9 0300  -12.8  966.3   23.1  138.0   83.0  444.0
2018 282 10  9 0600  -13.3  966.5   21.4  138.0   72.0  444.0
2018 282 10  9 0900  -14.7  966.6   20.8  138.0   75.0  444.0
2018 282 10  9 1200  -15.8  967.1   19.6  143.0   79.0  444.0
2018 282 10  9 1500  -15.6  966.5   23.2  141.0   72.0  444.0
2018 282 10  9 1800  -15.3  966.6   20.4  135.0   73.0  444.0
2018 282 10  9 2100  -14.3  964.8   18.6  132.0   72.0  444.0
2018 283 10 10 0000  -13.8  961.1    9.2  126.0   64.5  444.0
2018 283 10 10 0300  -10.7  958.0   21.0  131.0   87.0  444.0
2018 283 10 10 0600  -11.6  955.9   24.0  135.0   89.0  444.0
2018 283 10 10 0900  -12.7  958.2   23.2  137.0   88.0  444.0
2018 283 10 10 1200  -13.7  959.6   19.3  138.0   85.2  444.0
2018 283 10 10 1500  -11.7  958.4   19.9  134.0   89.0  444.0
2018 283 10 10 1800  -11.1  955.9   19.9  133.0   88.4  444.0
2018 283 10 10 2100   -7.4  949.6   24.7  144.0   98.0  444.0
2018 284 10 11 0000   -7.1  950.2   22.9  136.0   95.0  444.0
2018 284 10 11 0300   -7.8  951.4   19.1  134.0   93.0  444.0
2018 284 10 11 0600   -8.8  954.3   17.7  130.0   93.0  444.0
2018 284 10 11 0900  -10.2  959.3   17.8  134.0   87.0  444.0
2018 284 10 11 1200  -17.2  966.0   13.6  105.0   73.0  444.0
2018 284 10 11 1500  -19.7  972.3   12.0  100.0   74.4  444.0
2018 284 10 11 1800  -14.6  973.3   10.5  126.0   70.0  444.0
2018 284 10 11 2100  -11.6  971.9   12.8  131.0   70.0  444.0
2018 285 10 12 0000   -9.2  970.8   13.1  128.0   78.0  444.0
2018 285 10 12 0300   -9.0  969.3   15.0  129.0   93.0  444.0
2018 285 10 12 0600   -9.2  968.0   16.5  138.0   93.0  444.0
2018 285 10 12 0900  -11.7  968.9   13.8  128.0   87.2  444.0
2018 285 10 12 1200  -14.9  970.1   12.1  116.0   79.0  444.0
2018 285 10 12 1500  -24.0  971.6    9.2   75.0   72.0  444.0
2018 285 10 12 1800  -24.1  972.0    3.9   60.0   72.0  444.0
2018 285 10 12 2100  -23.7  972.9    0.0    9.0   72.0  444.0
2018 286 10 13 0000  -23.7  973.1    0.0    0.0   72.0  444.0
2018 286 10 13 0300  -24.5  974.5    4.8   53.0   71.0  444.0
2018 286 10 13 0600  -25.3  977.1    4.2   75.0   71.0  444.0
2018 286 10 13 0900  -26.1  980.7    2.7   79.0   70.0  444.0
2018 286 10 13 1200  -28.0  984.1    2.5  110.0   71.0  444.0
2018 286 10 13 1500  -30.8  985.3    2.2  145.0   67.9  444.0
2018 286 10 13 1800  -31.4  985.8    1.5  126.0   67.0  444.0
2018 286 10 13 2100  -28.1  986.2    2.9  133.0   69.0  444.0
2018 287 10 14 0000  -26.2  986.5    1.7  125.0   67.0  444.0
2018 287 10 14 0300  -28.2  985.6  444.0  444.0   65.0  444.0
2018 287 10 14 0600  -29.3  984.4  444.0  444.0   64.0  444.0
2018 287 10 14 0900  -32.7  982.9  444.0  444.0   65.0  444.0
2018 287 10 14 1200  -34.2  981.9  444.0  444.0   66.0  444.0
2018 287 10 14 1500  -34.2  981.7    3.5  121.0   65.0  444.0
2018 287 10 14 1800  -31.9  983.2    4.1  335.0   64.6  444.0
2018 287 10 14 2100  -30.2  985.6    2.3  353.0   64.0  444.0
2018 288 10 15 0000  -29.4  989.9    0.0    0.0   65.1  444.0
2018 288 10 15 0300  -26.7  992.1    3.9   86.0   69.0  444.0
2018 288 10 15 0600  -27.0  993.0    7.8  121.0   69.7  444.0
2018 288 10 15 0900  -28.1  994.4    4.8  148.0   70.0  444.0
2018 288 10 15 1200  -27.7  993.7    4.3  125.0   70.0  444.0
2018 288 10 15 1500  -27.5  992.4    2.5  151.0   70.0  444.0
2018 288 10 15 1800  -32.5  990.7    0.8  160.0   64.9  444.0
2018 288 10 15 2100  -29.4  989.2    3.2  143.0   66.8  444.0
2018 289 10 16 0000  -30.9  987.1    1.7  157.0   63.0  444.0
2018 289 10 16 0300  -29.8  984.0  444.0  444.0   65.0  444.0
2018 289 10 16 0600  -32.0  979.8  444.0  444.0   64.0  444.0
2018 289 10 16 0900  -30.8  975.0  444.0  444.0   65.8  444.0
2018 289 10 16 1200  -31.0  968.3    0.0  164.0   67.0  444.0
2018 289 10 16 1500  -27.7  961.3    0.1  164.0   62.0  444.0
2018 289 10 16 1800  -20.4  957.3    3.1  179.0   54.0  444.0
2018 289 10 16 2100  -11.8  954.3   15.1  151.0   84.0  444.0
2018 290 10 17 0000  -10.6  952.0   17.9  146.0   89.0  444.0
2018 290 10 17 0300  -10.1  950.9   18.8  144.0   89.0  444.0
2018 290 10 17 0600   -9.4  950.3   22.0  139.0   93.0  444.0
2018 290 10 17 0900  -23.3  956.8   16.4  116.0   74.0  444.0
2018 290 10 17 1200  -19.6  958.4   13.0  116.0   78.0  444.0
2018 290 10 17 1500  -13.6  959.5   17.1  124.0   85.1  444.0
2018 290 10 17 1800  -12.3  959.8   14.2  131.0   85.0  444.0
2018 290 10 17 2100  -10.7  957.4   13.0  130.0   81.0  444.0
2018 291 10 18 0000   -9.5  955.5    9.7  133.0   71.0  444.0
2018 291 10 18 0300   -7.8  953.2   15.6  138.0   90.0  444.0
2018 291 10 18 0600   -7.8  952.3   19.8  140.0   95.0  444.0
2018 291 10 18 0900   -7.1  952.7   23.6  139.0   99.9  444.0
2018 291 10 18 1200   -9.3  954.6   25.9  136.0   95.0  444.0
2018 291 10 18 1500  -10.0  958.6   23.2  134.0   93.0  444.0
2018 291 10 18 1800  -11.4  962.9   18.8  132.0   85.0  444.0
2018 291 10 18 2100  -11.7  964.9   18.5  120.0   84.0  444.0
2018 292 10 19 0000  -11.5  967.6   14.3  114.0   74.0  444.0
2018 292 10 19 0300  -12.4  969.3   10.8  124.0   72.0  444.0
2018 292 10 19 0600  -13.7  969.4    7.0  131.0   71.0  444.0
2018 292 10 19 0900  -15.8  968.8  444.0  444.0   59.0  444.0
2018 292 10 19 1200  -14.6  967.6  444.0  444.0   65.2  444.0
2018 292 10 19 1500  -17.9  966.7  444.0  444.0   64.0  444.0
2018 292 10 19 1800  444.0  967.0  444.0  444.0   59.5  444.0
2018 292 10 19 2100  -22.3  968.4  444.0  444.0   64.0  444.0
2018 293 10 20 0000  -22.4  970.0  444.0  444.0   66.0  444.0
2018 293 10 20 0300  -24.1  971.7  444.0  444.0   67.0  444.0
2018 293 10 20 0600  -26.5  973.1  444.0  444.0   66.4  444.0
2018 293 10 20 0900  -29.0  975.3  444.0  444.0   71.0  444.0
2018 293 10 20 1200  -31.0  976.6  444.0  444.0   70.0  444.0
2018 293 10 20 1500  -30.7  977.8  444.0  444.0   68.9  444.0
2018 293 10 20 1800  -28.7  978.4  444.0  444.0   68.0  444.0
2018 293 10 20 2100  -28.0  978.5  444.0  444.0   66.9  444.0
2018 294 10 21 0000  -27.3  978.9  444.0  444.0   67.0  444.0
2018 294 10 21 0300  -26.7  978.7  444.0  444.0   65.0  444.0
2018 294 10 21 0600  -28.4  978.4  444.0  444.0   66.0  444.0
2018 294 10 21 0900  -30.4  978.6  444.0  444.0   68.3  444.0
2018 294 10 21 1200  -30.5  978.9  444.0  444.0   68.0  444.0
2018 294 10 21 1500  -31.6  979.2  444.0  444.0   65.0  444.0
2018 294 10 21 1800  -31.7  978.4  444.0  444.0   63.0  444.0
2018 294 10 21 2100  -30.1  978.3  444.0  444.0   63.2  444.0
2018 295 10 22 0000  -27.9  977.6  444.0  444.0   63.0  444.0
2018 295 10 22 0300  -27.8  976.5  444.0  444.0   58.0  444.0
2018 295 10 22 0600  -28.2  975.7  444.0  444.0   62.0  444.0
2018 295 10 22 0900  -28.6  974.8  444.0  444.0   67.0  444.0
2018 295 10 22 1200  -30.6  973.7  444.0  444.0   69.0  444.0
2018 295 10 22 1500  -30.3  972.7  444.0  444.0   62.9  444.0
2018 295 10 22 1800  -30.0  971.9  444.0  444.0   58.0  444.0
2018 295 10 22 2100  -28.1  971.3  444.0  444.0   53.0  444.0
2018 296 10 23 0000  -26.0  970.9  444.0  444.0   54.5  444.0
2018 296 10 23 0300  -25.4  970.1  444.0  444.0   55.8  444.0
2018 296 10 23 0600  -25.8  970.1  444.0  444.0   50.0  444.0
2018 296 10 23 0900  -23.5  970.5  444.0  444.0   60.0  444.0
2018 296 10 23 1200  -22.9  970.5  444.0  444.0   66.0  444.0
2018 296 10 23 1500  -21.8  970.1    9.4  143.0   64.0  444.0
2018 296 10 23 1800  -20.7  970.5    9.7  132.0   62.9  444.0
2018 296 10 23 2100  -20.8  970.5    8.8  130.0   62.0  444.0
2018 297 10 24 0000  -19.6  970.3    8.5  123.0   60.0  444.0
2018 297 10 24 0300  -17.8  969.2    7.4  137.0   53.0  444.0
2018 297 10 24 0600  -18.7  968.1    6.4  138.0   53.2  444.0
2018 297 10 24 0900  -16.5  966.7   11.2  129.0   50.0  444.0
2018 297 10 24 1200  -17.0  965.8    9.4  130.0   53.0  444.0
2018 297 10 24 1500  -16.7  964.0   10.0  132.0   54.0  444.0
2018 297 10 24 1800  -15.9  962.6    7.1  153.0   57.7  444.0
2018 297 10 24 2100  -12.1  960.8   13.5  136.0   48.8  444.0
2018 298 10 25 0000   -8.7  959.4   16.6  135.0   41.0  444.0
2018 298 10 25 0300   -8.7  958.2   19.4  136.0   68.0  444.0
2018 298 10 25 0600   -8.5  958.8   21.1  131.0   75.2  444.0
2018 298 10 25 0900   -7.6  958.8   22.6  129.0   89.4  444.0
2018 298 10 25 1200   -7.9  959.0   21.3  127.0   80.0  444.0
2018 298 10 25 1500   -7.2  960.1   22.6  126.0   87.0  444.0
2018 298 10 25 1800   -6.4  961.7   20.0  128.0   74.0  444.0
2018 298 10 25 2100   -6.7  963.3   20.2  124.0   77.7  444.0
2018 299 10 26 0000   -7.1  964.9   20.9  131.0   81.0  444.0
2018 299 10 26 0300   -8.1  969.6   20.2  129.0   94.5  444.0
2018 299 10 26 0600  -10.3  975.4   16.5  133.0   91.0  444.0
2018 299 10 26 0900  -11.4  977.3   12.1  135.0   87.0  444.0
2018 299 10 26 1200  -12.3  977.0   14.0  132.0   80.0  444.0
2018 299 10 26 1500  -12.8  976.6   11.1  123.0   68.0  444.0
2018 299 10 26 1800  -13.3  974.1    4.6  184.0   55.0  444.0
2018 299 10 26 2100  -13.3  969.9    5.0  234.0   60.0  444.0
2018 300 10 27 0000   -6.2  966.6   11.4  156.0   57.0  444.0
2018 300 10 27 0300   -5.7  963.6   16.9  142.0   82.0  444.0
2018 300 10 27 0600   -5.6  962.1   19.5  128.0   75.0  444.0
2018 300 10 27 0900   -5.0  960.6   19.3  138.0   85.0  444.0
2018 300 10 27 1200   -5.2  960.8   20.9  139.0   87.0  444.0
2018 300 10 27 1500   -4.4  962.3   18.4  140.0   91.0  444.0
2018 300 10 27 1800   -6.1  964.9   17.9  145.0   79.0  444.0
2018 300 10 27 2100   -5.9  966.0   17.3  136.0   75.0  444.0
2018 301 10 28 0000   -5.3  968.6   15.9  134.0   70.0  444.0
2018 301 10 28 0300   -5.1  970.4   13.9  125.0   65.0  444.0
2018 301 10 28 0600   -5.6  971.5    9.2  116.0   68.0  444.0
2018 301 10 28 0900   -4.1  972.0   12.1  132.0   65.0  444.0
2018 301 10 28 1200   -5.1  972.7   12.4  132.0   66.0  444.0
2018 301 10 28 1500   -5.8  972.4   14.2  128.0   67.2  444.0
2018 301 10 28 1800   -5.1  973.0   11.1  131.0   62.0  444.0
2018 301 10 28 2100   -5.8  972.7    8.3  132.0   60.0  444.0
2018 302 10 29 0000   -5.6  972.5    7.7  146.0   58.6  444.0
2018 302 10 29 0300   -6.3  971.5    7.9  143.0   58.0  444.0
2018 302 10 29 0600   -6.2  970.9    8.3  136.0   54.0  444.0
2018 302 10 29 0900   -8.1  970.7    7.7  136.0   58.0  444.0
2018 302 10 29 1200   -8.3  970.2    9.4  138.0   55.0  444.0
2018 302 10 29 1500   -8.5  969.9    8.8  128.0   53.0  444.0
2018 302 10 29 1800   -8.7  969.3    8.9  131.0   51.0  444.0
2018 302 10 29 2100  -10.2  969.3    4.2  177.0   56.0  444.0
2018 303 10 30 0000   -9.3  968.4    5.5  165.0   55.0  444.0
2018 303 10 30 0300  -10.0  967.8    3.6  182.0   53.0  444.0
2018 303 10 30 0600  -10.6  966.8    4.3  174.0   54.0  444.0
2018 303 10 30 0900  -13.3  966.5    2.2  161.0   63.1  444.0
2018 303 10 30 1200  -13.0  965.5    0.0  207.0   50.0  444.0
2018 303 10 30 1500  -13.4  965.0    1.6  192.0   54.1  444.0
2018 303 10 30 1800   -9.9  964.7    2.1  191.0   44.0  444.0
2018 303 10 30 2100  -13.2  964.8    3.0  142.0   52.0  444.0
2018 304 10 31 0000  -13.6  964.9    1.6  170.0   47.0  444.0
2018 304 10 31 0300  -15.2  965.0    2.0  182.0   49.0  444.0
2018 304 10 31 0600  -16.2  965.3    2.1  194.0   52.0  444.0
2018 304 10 31 0900  -17.7  965.9    2.1  163.0   58.0  444.0
2018 304 10 31 1200  -18.8  966.3    1.9  157.0   63.1  444.0
2018 304 10 31 1500  -17.6  967.0    1.7  127.0   51.0  444.0
2018 304 10 31 1800  -19.0  967.5    2.8  136.0   58.3  444.0
2018 304 10 31 2100  -17.6  968.7    2.1  160.0   50.0  444.0
