Year: 2018  Month: 02  ID: SAB  ARGOS:  8915  Name: Sabrina             
Lat: 84.25S  Lon: 170.05W  Elev:   88m
2018  32  2  1 0000  -10.6  982.6    2.5  152.0   68.5  444.0
2018  32  2  1 0300  -10.6  981.8    0.3  215.0   59.0  444.0
2018  32  2  1 0600  -10.1  981.8    1.7  180.0   70.0  444.0
2018  32  2  1 0900  -10.7  982.4    3.0  153.0   73.0  444.0
2018  32  2  1 1200  -10.6  982.4    0.9  164.0   70.7  444.0
2018  32  2  1 1500  -11.1  982.4    2.6  198.0   73.0  444.0
2018  32  2  1 1800   -9.6  982.1    6.9  130.0   71.0  444.0
2018  32  2  1 2100  -10.6  982.8    6.2  137.0   71.0  444.0
2018  33  2  2 0000  -10.1  983.5    5.2  122.0   73.0  444.0
2018  33  2  2 0300   -9.6  983.1    2.7   94.0   72.0  444.0
2018  33  2  2 0600   -9.7  983.9    2.3  138.0   75.0  444.0
2018  33  2  2 0900  -10.1  984.3    3.6  154.0   81.0  444.0
2018  33  2  2 1200  -10.1  984.4    3.1  133.0   84.0  444.0
2018  33  2  2 1500  -10.6  984.0    1.9  138.0   76.0  444.0
2018  33  2  2 1800  -11.8  983.7    1.7  167.0   73.0  444.0
2018  33  2  2 2100  -10.3  983.7    2.0  193.0   59.9  444.0
2018  34  2  3 0000   -9.5  983.4    1.9  246.0   74.0  444.0
2018  34  2  3 0300   -9.2  983.1    1.1  283.0   71.0  444.0
2018  34  2  3 0600   -8.9  983.1    6.5  147.0   75.1  444.0
2018  34  2  3 0900  -10.2  982.9    7.4  123.0   83.0  444.0
2018  34  2  3 1200  -10.9  982.6    5.5  124.0   83.0  444.0
2018  34  2  3 1500  -11.0  981.6    6.0  115.0   82.0  444.0
2018  34  2  3 1800  -11.1  981.1    6.3  119.0   80.6  444.0
2018  34  2  3 2100  -10.7  980.4    3.4  118.0   78.0  444.0
2018  35  2  4 0000  -10.6  979.8    1.8  131.0   75.4  444.0
2018  35  2  4 0300  -11.1  978.8    0.8  230.0   78.0  444.0
2018  35  2  4 0600  -11.6  978.2    2.6  166.0   65.0  444.0
2018  35  2  4 0900  -12.7  977.9    2.7  191.0   69.7  444.0
2018  35  2  4 1200   -8.5  977.6    6.7  123.0   69.0  444.0
2018  35  2  4 1500   -9.6  977.4    7.9  125.0   68.0  444.0
2018  35  2  4 1800  -10.1  978.0    6.7  129.0   68.0  444.0
2018  35  2  4 2100   -8.3  978.7   11.5  123.0   66.0  444.0
2018  36  2  5 0000   -8.2  979.2    6.8  134.0   65.0  444.0
2018  36  2  5 0300   -8.0  979.0    7.5  141.0   62.0  444.0
2018  36  2  5 0600   -8.8  978.9    6.5  137.0   64.0  444.0
2018  36  2  5 0900  -10.3  978.9    3.7  172.0   63.0  444.0
2018  36  2  5 1200   -9.2  979.2    7.9  139.0   62.2  444.0
2018  36  2  5 1500   -8.9  978.9    7.9  131.0   67.0  444.0
2018  36  2  5 1800   -9.1  978.7    7.0  129.0   72.5  444.0
2018  36  2  5 2100  -13.2  979.5    5.0  116.0   73.0  444.0
2018  37  2  6 0000  -13.7  979.3    7.6  127.0   69.7  444.0
2018  37  2  6 0300  -13.5  978.2    7.2  113.0   72.0  444.0
2018  37  2  6 0600  -13.5  977.4    2.8  152.0   72.2  444.0
2018  37  2  6 0900  -13.9  976.4    1.7  158.0   74.0  444.0
2018  37  2  6 1200  -14.4  975.3    1.2  186.0   73.0  444.0
2018  37  2  6 1500  -14.4  974.0    1.8  164.0   73.8  444.0
2018  37  2  6 1800  -11.3  972.8    2.7  183.0   56.0  444.0
2018  37  2  6 2100  -10.9  972.2    5.2  156.0   63.0  444.0
2018  38  2  7 0000   -7.6  971.5    8.2  132.0   70.0  444.0
2018  38  2  7 0300   -6.0  970.4    7.6  140.0   57.0  444.0
2018  38  2  7 0600   -7.5  969.5    9.2  130.0   73.0  444.0
2018  38  2  7 0900   -7.5  969.7    9.6  147.0   69.0  444.0
2018  38  2  7 1200   -8.1  969.4    9.5  138.0   75.4  444.0
2018  38  2  7 1500   -8.7  968.8   12.6  135.0   72.0  444.0
2018  38  2  7 1800   -8.9  968.3   11.8  138.0   75.0  444.0
2018  38  2  7 2100   -8.0  968.3    9.1  143.0   67.9  444.0
2018  39  2  8 0000   -8.4  967.6   10.0  140.0   75.0  444.0
2018  39  2  8 0300   -7.6  966.5   10.2  136.0   79.0  444.0
2018  39  2  8 0600   -7.7  966.0   11.7  127.0   85.0  444.0
2018  39  2  8 0900   -8.1  965.0   10.6  135.0   85.0  444.0
2018  39  2  8 1200   -7.5  963.7   10.3  136.0   75.0  444.0
2018  39  2  8 1500   -7.9  961.9   10.4  135.0   72.0  444.0
2018  39  2  8 1800   -7.5  959.8   10.9  134.0   65.0  444.0
2018  39  2  8 2100   -7.1  957.8   10.9  132.0   65.0  444.0
2018  40  2  9 0000   -6.6  955.8    8.8  144.0   63.0  444.0
2018  40  2  9 0300   -6.4  953.6    4.6  190.0   59.1  444.0
2018  40  2  9 0600   -5.7  952.2   10.4  134.0   56.0  444.0
2018  40  2  9 0900   -4.9  952.2   17.3  140.0   92.0  444.0
2018  40  2  9 1200   -5.2  953.2   19.1  138.0   95.0  444.0
2018  40  2  9 1500   -5.4  954.1   15.2  139.0   88.1  444.0
2018  40  2  9 1800   -5.6  955.4   15.6  132.0   82.0  444.0
2018  40  2  9 2100   -5.4  957.4   13.9  127.0   83.0  444.0
2018  41  2 10 0000   -5.8  960.8    9.4  118.0   83.0  444.0
2018  41  2 10 0300   -7.4  963.2    5.7  119.0   79.0  444.0
2018  41  2 10 0600   -7.4  965.0    4.9  104.0   72.3  444.0
2018  41  2 10 0900   -8.4  967.0    6.1  111.0   85.0  444.0
2018  41  2 10 1200   -7.8  969.3    7.9  118.0   88.0  444.0
2018  41  2 10 1500   -8.2  971.4   12.1  127.0   88.0  444.0
2018  41  2 10 1800   -7.5  974.6   13.8  114.0   88.5  444.0
2018  41  2 10 2100   -7.8  978.5   13.0  113.0   88.0  444.0
2018  42  2 11 0000   -7.4  982.0    9.0  103.0   85.9  444.0
2018  42  2 11 0300   -7.0  982.6    6.1  110.0   84.0  444.0
2018  42  2 11 0600   -8.3  983.1    3.7  104.0   82.0  444.0
2018  42  2 11 0900  -11.2  982.9    3.0  158.0   79.8  444.0
2018  42  2 11 1200  -11.2  982.4    3.1  146.0   88.0  444.0
2018  42  2 11 1500  -12.1  981.1    1.6  151.0   78.0  444.0
2018  42  2 11 1800  -13.6  980.1  444.0  444.0   78.2  444.0
2018  42  2 11 2100  -13.4  979.3  444.0  444.0   67.0  444.0
2018  43  2 12 0000  -13.2  978.3  444.0  444.0   69.0  444.0
2018  43  2 12 0300  -13.6  976.8  444.0  444.0   73.1  444.0
2018  43  2 12 0600  -13.0  975.6  444.0  444.0   82.0  444.0
2018  43  2 12 0900  -12.8  974.6  444.0  444.0   82.5  444.0
2018  43  2 12 1200  -15.6  973.6  444.0  444.0   80.0  444.0
2018  43  2 12 1500  -17.4  972.3  444.0  444.0   79.0  444.0
2018  43  2 12 1800  -16.3  971.0  444.0  444.0   79.0  444.0
2018  43  2 12 2100  -15.9  970.6  444.0  444.0   77.0  444.0
2018  44  2 13 0000  -14.8  970.5  444.0  444.0   77.0  444.0
2018  44  2 13 0300  -16.2  970.2  444.0  444.0   77.0  444.0
2018  44  2 13 0600  -17.7  970.3  444.0  444.0   78.0  444.0
2018  44  2 13 0900  -17.5  970.4  444.0  444.0   79.0  444.0
2018  44  2 13 1200  -18.4  971.0  444.0  444.0   77.9  444.0
2018  44  2 13 1500  -19.2  971.1  444.0  444.0   76.0  444.0
2018  44  2 13 1800  -20.7  971.4  444.0  444.0   75.0  444.0
2018  44  2 13 2100  -19.3  972.1  444.0  444.0   75.0  444.0
2018  45  2 14 0000  -18.0  972.8  444.0  444.0   77.0  444.0
2018  45  2 14 0300  -17.7  973.3  444.0  444.0   74.0  444.0
2018  45  2 14 0600  -19.9  974.1  444.0  444.0   72.0  444.0
2018  45  2 14 0900  -21.7  974.6  444.0  444.0   72.8  444.0
2018  45  2 14 1200  -25.4  975.0  444.0  444.0   71.0  444.0
2018  45  2 14 1500  -25.5  974.5  444.0  444.0   69.0  444.0
2018  45  2 14 1800  -25.3  974.0  444.0  444.0   68.0  444.0
2018  45  2 14 2100  -22.2  974.8  444.0  444.0   69.0  444.0
2018  46  2 15 0000  -21.7  974.5  444.0  444.0   69.4  444.0
2018  46  2 15 0300  -21.9  973.4  444.0  444.0   70.0  444.0
2018  46  2 15 0600  -22.3  973.2  444.0  444.0   69.3  444.0
2018  46  2 15 0900  -24.5  972.9  444.0  444.0   69.0  444.0
2018  46  2 15 1200  -27.1  972.7  444.0  444.0   69.4  444.0
2018  46  2 15 1500  -26.4  971.7  444.0  444.0   68.0  444.0
2018  46  2 15 1800  -25.8  971.0  444.0  444.0   67.0  444.0
2018  46  2 15 2100  -26.1  971.1  444.0  444.0   67.0  444.0
2018  47  2 16 0000  -23.3  972.1  444.0  444.0   68.0  444.0
2018  47  2 16 0300  -23.0  972.2  444.0  444.0   70.0  444.0
2018  47  2 16 0600  -24.2  972.2  444.0  444.0   67.0  444.0
2018  47  2 16 0900  -24.2  972.7    2.8  148.0   68.0  444.0
2018  47  2 16 1200  -26.1  973.3    2.2  167.0   69.0  444.0
2018  47  2 16 1500  -26.4  973.8    2.7  143.0   67.0  444.0
2018  47  2 16 1800  -26.8  974.6    1.8  139.0   66.0  444.0
2018  47  2 16 2100  -25.3  976.7    1.5  193.0   66.1  444.0
2018  48  2 17 0000  -23.4  978.3    1.6  157.0   64.0  444.0
2018  48  2 17 0300  -21.6  979.2    1.9  150.0   61.0  444.0
2018  48  2 17 0600  -23.9  980.1    1.5  234.0   65.0  444.0
2018  48  2 17 0900  -24.1  980.9    1.7  240.0   66.0  444.0
2018  48  2 17 1200  -21.4  982.5    0.3  180.0   67.0  444.0
2018  48  2 17 1500  -22.9  984.4    2.1  133.0   65.0  444.0
2018  48  2 17 1800  -23.8  985.6    2.1  192.0   58.0  444.0
2018  48  2 17 2100  -20.9  987.0    2.4  161.0   59.0  444.0
2018  49  2 18 0000  -18.2  987.5    0.3  161.0   58.0  444.0
2018  49  2 18 0300  -20.3  987.8    2.3  219.0   61.2  444.0
2018  49  2 18 0600  -19.1  987.5    2.5  200.0   55.9  444.0
2018  49  2 18 0900  -23.8  986.7    1.8  216.0   61.0  444.0
2018  49  2 18 1200  -25.3  986.1    2.4  282.0   64.0  444.0
2018  49  2 18 1500  -27.5  985.2    2.4    8.0   63.2  444.0
2018  49  2 18 1800  -27.3  985.2    2.6  318.0   61.0  444.0
2018  49  2 18 2100  -25.7  985.5    3.2  332.0   61.0  444.0
2018  50  2 19 0000  -25.0  986.2    2.4  316.0   61.0  444.0
2018  50  2 19 0300  -24.6  986.3    2.7  326.0   61.0  444.0
2018  50  2 19 0600  -26.7  986.0    2.1  344.0   63.0  444.0
2018  50  2 19 0900  -28.8  986.0    0.7  297.0   62.0  444.0
2018  50  2 19 1200  -26.9  986.1    1.5  339.0   70.0  444.0
2018  50  2 19 1500  -26.1  985.9    1.2   76.0   66.0  444.0
2018  50  2 19 1800  -26.4  986.2    3.5  133.0   68.0  444.0
2018  50  2 19 2100  -26.9  986.5    5.7  130.0   67.0  444.0
2018  51  2 20 0000  -28.0  986.8    5.2  123.0   66.0  444.0
2018  51  2 20 0300  -28.0  986.5    5.0  121.0   66.0  444.0
2018  51  2 20 0600  -28.4  986.2    3.5  128.0   64.4  444.0
2018  51  2 20 0900  -30.9  985.4    2.1  168.0   61.0  444.0
2018  51  2 20 1200  -30.7  984.9    0.0    0.0   67.0  444.0
2018  51  2 20 1500  -33.0  984.0    0.6  251.0   64.0  444.0
2018  51  2 20 1800  -30.4  983.3    0.0  236.0   63.0  444.0
2018  51  2 20 2100  -29.3  982.4    0.8  245.0   62.1  444.0
2018  52  2 21 0000  -27.9  981.5    2.1  254.0   62.0  444.0
2018  52  2 21 0300  -27.3  980.5    1.4  250.0   60.1  444.0
2018  52  2 21 0600  -27.0  980.1    1.5  138.0   60.0  444.0
2018  52  2 21 0900  -28.7  979.7    1.4  341.0   64.0  444.0
2018  52  2 21 1200  -32.5  979.2    1.8  206.0   63.0  444.0
2018  52  2 21 1500  -29.3  978.9    1.5  298.0   58.4  444.0
2018  52  2 21 1800  -28.9  979.1    1.1  120.0   57.0  444.0
2018  52  2 21 2100  -29.2  979.1    0.3  169.0   53.0  444.0
2018  53  2 22 0000  -26.2  978.9    0.0    0.0   53.7  444.0
2018  53  2 22 0300  -24.7  979.2    0.5  271.0   55.0  444.0
2018  53  2 22 0600  -23.4  979.2    0.0    0.0   55.0  444.0
2018  53  2 22 0900  -26.3  980.2    2.4   76.0   61.8  444.0
2018  53  2 22 1200  -28.3  980.8    0.4  176.0   58.0  444.0
2018  53  2 22 1500  -26.8  981.3    1.5  153.0   56.0  444.0
2018  53  2 22 1800  -28.0  982.1    1.9  190.0   54.3  444.0
2018  53  2 22 2100  -23.3  982.8    0.3  298.0   54.0  444.0
2018  54  2 23 0000  -21.4  983.0    2.4  305.0   52.0  444.0
2018  54  2 23 0300  -19.5  983.4    1.4  225.0   46.0  444.0
2018  54  2 23 0600  -22.9  982.8    1.6  260.0   54.9  444.0
2018  54  2 23 0900  -25.6  982.4    2.1  270.0   60.0  444.0
2018  54  2 23 1200  -25.3  982.3    1.7  313.0   63.9  444.0
2018  54  2 23 1500  -29.7  981.7    0.7  157.0   53.0  444.0
2018  54  2 23 1800  -28.1  981.2    0.0    0.0   57.0  444.0
2018  54  2 23 2100  -25.0  981.0    1.1   76.0   57.0  444.0
2018  55  2 24 0000  -24.7  980.3    2.7  300.0   58.0  444.0
2018  55  2 24 0300  -25.0  978.6    2.8  312.0   59.3  444.0
2018  55  2 24 0600  -27.4  978.0    2.3  327.0   61.0  444.0
2018  55  2 24 0900  -28.3  977.3    1.2    5.0   64.0  444.0
2018  55  2 24 1200  -29.9  977.2    0.0  192.0   69.0  444.0
2018  55  2 24 1500  -31.9  976.2    0.2   26.0   63.6  444.0
2018  55  2 24 1800  -31.2  975.5    0.0    0.0   61.0  444.0
2018  55  2 24 2100  -29.8  975.9    0.0    0.0   59.0  444.0
2018  56  2 25 0000  -29.2  974.9    0.0  170.0   56.4  444.0
2018  56  2 25 0300  -28.0  974.2    2.3  134.0   59.0  444.0
2018  56  2 25 0600  -29.1  974.0    1.8  174.0   49.0  444.0
2018  56  2 25 0900  -27.1  973.9    2.6  153.0   61.0  444.0
2018  56  2 25 1200  -26.1  973.4    2.4  177.0   61.0  444.0
2018  56  2 25 1500  -26.1  972.7    2.3  173.0   56.0  444.0
2018  56  2 25 1800  -26.6  972.7    1.4  155.0   55.0  444.0
2018  56  2 25 2100  -25.0  972.8    2.5  187.0   48.0  444.0
2018  57  2 26 0000  -24.2  972.7    2.3  184.0   52.0  444.0
2018  57  2 26 0300  -20.0  972.2    4.7  158.0   52.8  444.0
2018  57  2 26 0600  -22.4  971.8    5.2  164.0   63.0  444.0
2018  57  2 26 0900  -23.4  972.0    3.7  142.0   70.0  444.0
2018  57  2 26 1200  -18.1  972.1    8.3  109.0   76.0  444.0
2018  57  2 26 1500  -15.7  971.1   10.6  125.0   70.0  444.0
2018  57  2 26 1800  -13.2  970.9   13.8  123.0   81.0  444.0
2018  57  2 26 2100  -11.7  970.8   14.4  125.0   82.0  444.0
2018  58  2 27 0000  -11.1  971.0   13.8  125.0   82.0  444.0
2018  58  2 27 0300  -10.8  970.4   13.8  118.0   81.0  444.0
2018  58  2 27 0600  -11.0  970.6   12.2  123.0   82.0  444.0
2018  58  2 27 0900  -10.5  970.9   10.5  121.0   82.0  444.0
2018  58  2 27 1200  -11.1  970.9   10.2  124.0   83.4  444.0
2018  58  2 27 1500  -11.2  971.0    9.3  129.0   84.0  444.0
2018  58  2 27 1800  -11.7  971.6    8.6  130.0   82.0  444.0
2018  58  2 27 2100  -11.4  972.4   10.5  124.0   81.0  444.0
2018  59  2 28 0000  -11.4  972.8    9.9  118.0   81.3  444.0
2018  59  2 28 0300  -11.3  973.0    9.8  121.0   83.0  444.0
2018  59  2 28 0600  -11.0  973.8    8.6  116.0   84.0  444.0
2018  59  2 28 0900  -11.6  974.7    5.3  114.0   82.3  444.0
2018  59  2 28 1200  -12.6  975.4    3.8  106.0   82.0  444.0
2018  59  2 28 1500  -14.3  975.8    3.7  140.0   75.0  444.0
2018  59  2 28 1800  -15.0  976.2    3.1  158.0   70.0  444.0
2018  59  2 28 2100  -14.5  976.8    3.1  142.0   63.8  444.0
