Year: 2018  Month: 06  ID: SAB  ARGOS:  8915  Name: Sabrina             
Lat: 84.25S  Lon: 170.05W  Elev:   88m
2018 152  6  1 0000  -32.6  990.1    3.2  141.0   60.0  444.0
2018 152  6  1 0300  -33.4  989.9    3.4  162.0   61.2  444.0
2018 152  6  1 0600  -30.0  990.2    4.2  156.0   59.0  444.0
2018 152  6  1 0900  -26.9  989.8    3.3  176.0   59.0  444.0
2018 152  6  1 1200  -27.3  989.9    5.0  171.0   66.0  444.0
2018 152  6  1 1500  -24.9  989.4    5.6  135.0   55.9  444.0
2018 152  6  1 1800  -21.2  989.5    5.8  155.0   55.3  444.0
2018 152  6  1 2100  -23.8  988.0    3.6  158.0   59.0  444.0
2018 153  6  2 0000  -22.2  987.4    5.9  153.0   56.0  444.0
2018 153  6  2 0300  -21.6  985.1    6.5  152.0   58.0  444.0
2018 153  6  2 0600  -23.5  983.3    4.7  145.0   60.5  444.0
2018 153  6  2 0900  -23.8  981.3    2.5  203.0   62.0  444.0
2018 153  6  2 1200  -21.1  980.1    6.2  129.0   57.0  444.0
2018 153  6  2 1500  -24.4  977.3    3.9  205.0   62.0  444.0
2018 153  6  2 1800  -18.9  973.3    3.1  206.0   48.0  444.0
2018 153  6  2 2100  -28.1  967.8    3.0  335.0   62.0  444.0
2018 154  6  3 0000  -26.3  961.8    0.3  304.0   59.0  444.0
2018 154  6  3 0300  -21.7  957.0    3.1  120.0   58.0  444.0
2018 154  6  3 0600  -18.2  955.1    6.5  175.0   77.0  444.0
2018 154  6  3 0900  -19.1  955.1   11.7  134.0   72.0  444.0
2018 154  6  3 1200  -28.1  957.6   11.0  120.0   67.5  444.0
2018 154  6  3 1500  -32.8  962.1   11.7  116.0   66.0  444.0
2018 154  6  3 1800  -37.2  966.2    6.8   89.0   63.0  444.0
2018 154  6  3 2100  -33.9  969.2    3.8  152.0   64.0  444.0
2018 155  6  4 0000  -33.2  972.2   10.1  110.0   65.4  444.0
2018 155  6  4 0300  -32.4  975.6    9.5  106.0   65.0  444.0
2018 155  6  4 0600  -33.2  978.6    9.2  108.0   65.0  444.0
2018 155  6  4 0900  -34.8  980.6    9.0   98.0   64.0  444.0
2018 155  6  4 1200  -34.1  982.9    7.9  112.0   63.0  444.0
2018 155  6  4 1500  -33.5  984.0    3.2  140.0   61.6  444.0
2018 155  6  4 1800  -35.1  984.3    3.0  120.0   62.0  444.0
2018 155  6  4 2100  -35.3  983.8    3.8  165.0   60.2  444.0
2018 156  6  5 0000  -36.9  982.6    3.4  133.0   59.0  444.0
2018 156  6  5 0300  -36.3  981.1    2.8  159.0   59.1  444.0
2018 156  6  5 0600  -36.7  980.0    3.0  178.0   60.0  444.0
2018 156  6  5 0900  -37.1  978.0    5.4  109.0   59.0  444.0
2018 156  6  5 1200  -36.9  976.5    8.8  106.0   59.0  444.0
2018 156  6  5 1500  -37.9  976.1    3.9  125.0   60.0  444.0
2018 156  6  5 1800  -40.1  975.5    5.1  127.0   59.0  444.0
2018 156  6  5 2100  -39.0  976.2    7.8  126.0   59.0  444.0
2018 157  6  6 0000  -35.6  974.0   11.7   98.0   58.9  444.0
2018 157  6  6 0300  -35.3  973.5    9.7  105.0   60.0  444.0
2018 157  6  6 0600  -37.3  973.5    4.0  143.0   59.0  444.0
2018 157  6  6 0900  -36.9  973.4    3.6  172.0   57.0  444.0
2018 157  6  6 1200  -33.0  972.4   10.5  114.0   64.0  444.0
2018 157  6  6 1500  -33.8  972.2   11.0  109.0   64.0  444.0
2018 157  6  6 1800  -35.8  971.5    8.9  105.0   62.0  444.0
2018 157  6  6 2100  -36.0  971.4    4.3  157.0   61.0  444.0
2018 158  6  7 0000  -33.4  969.4    4.5  124.0   59.8  444.0
2018 158  6  7 0300  -35.7  967.2    3.1  217.0   61.0  444.0
2018 158  6  7 0600  -25.2  965.3    8.0  154.0   53.9  444.0
2018 158  6  7 0900  -21.9  964.7   11.1  146.0   72.0  444.0
2018 158  6  7 1200  -32.2  964.5    6.7   83.0   66.0  444.0
2018 158  6  7 1500  -31.9  965.2    8.1   92.0   61.0  444.0
2018 158  6  7 1800  -31.7  964.6    3.7   79.0   61.0  444.0
2018 158  6  7 2100  -26.9  964.6    7.2  100.0   60.0  444.0
2018 159  6  8 0000  -25.0  964.4    8.8  108.0   58.0  444.0
2018 159  6  8 0300  -25.2  963.9    7.3  116.0   59.0  444.0
2018 159  6  8 0600  -21.6  963.2   14.4  128.0   49.0  444.0
2018 159  6  8 0900  -24.4  962.8   11.2  119.0   49.0  444.0
2018 159  6  8 1200  -22.1  961.1   11.0  139.0   48.0  444.0
2018 159  6  8 1500  -22.5  959.5    8.1  154.0   53.0  444.0
2018 159  6  8 1800  -21.6  958.1    8.9  154.0   56.0  444.0
2018 159  6  8 2100  -21.8  955.8    6.8  138.0   55.0  444.0
2018 160  6  9 0000  -16.4  954.0   10.3  146.0   46.0  444.0
2018 160  6  9 0300  -17.3  952.3   11.8  135.0   46.0  444.0
2018 160  6  9 0600  -15.1  951.0   18.2  134.0   73.0  444.0
2018 160  6  9 0900  -13.8  952.7   20.9  137.0   81.0  444.0
2018 160  6  9 1200  -13.2  955.6   22.0  136.0   80.0  444.0
2018 160  6  9 1500  -13.7  956.0   18.4  122.0   74.1  444.0
2018 160  6  9 1800  -14.6  956.5   15.3  120.0   64.0  444.0
2018 160  6  9 2100  -14.0  958.0   16.2  123.0   63.2  444.0
2018 161  6 10 0000  -14.5  959.4   20.5  123.0   64.0  444.0
2018 161  6 10 0300  -15.6  960.5   20.2  120.0   64.3  444.0
2018 161  6 10 0600  -16.1  961.7   18.6  121.0   57.0  444.0
2018 161  6 10 0900  -16.3  962.5   19.4  117.0   60.0  444.0
2018 161  6 10 1200  -17.5  963.1   17.0  119.0   55.0  444.0
2018 161  6 10 1500  -19.3  964.6   12.9  133.0   64.1  444.0
2018 161  6 10 1800  -20.0  965.1   10.0  144.0   58.7  444.0
2018 161  6 10 2100  -21.2  965.2    6.1  126.0   55.0  444.0
2018 162  6 11 0000  -23.7  965.3    1.3  166.0   59.8  444.0
2018 162  6 11 0300  -23.7  964.8    5.3  141.0   56.0  444.0
2018 162  6 11 0600  -24.1  964.7    4.2  153.0   54.1  444.0
2018 162  6 11 0900  -24.9  964.7    7.0  144.0   54.0  444.0
2018 162  6 11 1200  -25.1  964.5    7.2  135.0   54.0  444.0
2018 162  6 11 1500  -26.1  964.7    5.6  139.0   53.0  444.0
2018 162  6 11 1800  -28.1  964.5    3.0  201.0   58.1  444.0
2018 162  6 11 2100  -26.7  965.1    1.8  222.0   49.0  444.0
2018 163  6 12 0000  -30.5  966.3    3.6  167.0   57.0  444.0
2018 163  6 12 0300  -29.4  967.3    3.4  190.0   55.0  444.0
2018 163  6 12 0600  -27.7  967.9    5.7  169.0   50.0  444.0
2018 163  6 12 0900  -31.6  969.0    3.8  174.0   55.0  444.0
2018 163  6 12 1200  -30.4  970.6    5.0  156.0   54.0  444.0
2018 163  6 12 1500  -33.2  971.2    2.4  169.0   56.0  444.0
2018 163  6 12 1800  -34.2  972.5    4.5  153.0   56.0  444.0
2018 163  6 12 2100  -35.9  974.8    4.0  147.0   57.6  444.0
2018 164  6 13 0000  -35.3  976.3    4.4  147.0   56.0  444.0
2018 164  6 13 0300  -34.0  978.0    7.5  126.0   55.5  444.0
2018 164  6 13 0600  -31.7  980.2   14.4  125.0   62.0  444.0
2018 164  6 13 0900  -31.5  983.8   10.8  127.0   62.0  444.0
2018 164  6 13 1200  -30.4  986.0   13.0  142.0   59.0  444.0
2018 164  6 13 1500  -30.4  986.5    9.4  122.0   48.0  444.0
2018 164  6 13 1800  -34.7  986.3    3.0  170.0   54.0  444.0
2018 164  6 13 2100  -34.8  985.1    1.2    7.0   53.0  444.0
2018 165  6 14 0000  -26.9  984.1    2.4  161.0   48.0  444.0
2018 165  6 14 0300  -34.2  982.9    2.2  222.0   54.9  444.0
2018 165  6 14 0600  -33.9  982.0    2.7  260.0   50.0  444.0
2018 165  6 14 0900  -36.8  981.5    3.8  217.0   51.0  444.0
2018 165  6 14 1200  -31.2  980.5    6.3  143.0   52.0  444.0
2018 165  6 14 1500  -26.1  980.5    8.9  136.0   59.0  444.0
2018 165  6 14 1800  -25.0  980.5    9.6  114.0   63.0  444.0
2018 165  6 14 2100  -26.9  981.3    7.4  126.0   63.1  444.0
2018 166  6 15 0000  -24.0  980.8   11.7  118.0   67.0  444.0
2018 166  6 15 0300  -24.5  981.1   12.9  124.0   67.0  444.0
2018 166  6 15 0600  -25.3  982.1   11.0  122.0   65.0  444.0
2018 166  6 15 0900  -22.6  983.1   11.6  125.0   55.0  444.0
2018 166  6 15 1200  -23.5  983.5   11.5  116.0   53.0  444.0
2018 166  6 15 1500  -24.2  983.8    8.2  136.0   54.0  444.0
2018 166  6 15 1800  -23.2  984.1   11.4  123.0   51.8  444.0
2018 166  6 15 2100  -22.1  983.8   10.8  126.0   53.0  444.0
2018 167  6 16 0000  -18.8  984.0   16.3  116.0   47.3  444.0
2018 167  6 16 0300  -19.4  985.0   16.6  124.0   55.0  444.0
2018 167  6 16 0600  -18.7  986.6   15.7  124.0   57.0  444.0
2018 167  6 16 0900  -18.9  987.9   13.2  129.0   55.0  444.0
2018 167  6 16 1200  -23.3  988.6    9.3  141.0   58.0  444.0
2018 167  6 16 1500  -23.7  988.3    8.5  148.0   54.0  444.0
2018 167  6 16 1800  -25.7  987.8    6.0  147.0   54.0  444.0
2018 167  6 16 2100  -27.2  988.6    6.7  146.0   56.0  444.0
2018 168  6 17 0000  -23.9  988.7    9.8  137.0   49.0  444.0
2018 168  6 17 0300  -21.3  987.6   11.6  131.0   49.7  444.0
2018 168  6 17 0600  -22.0  989.0    9.8  141.0   53.0  444.0
2018 168  6 17 0900  -21.9  989.5   10.7  131.0   54.0  444.0
2018 168  6 17 1200  -21.3  989.8    9.6  133.0   52.0  444.0
2018 168  6 17 1500  -23.0  989.1    6.4  132.0   56.4  444.0
2018 168  6 17 1800  -17.5  988.1   10.3  129.0   54.0  444.0
2018 168  6 17 2100  -15.8  987.5   12.7  117.0   55.9  444.0
2018 169  6 18 0000  -17.0  987.7   11.6  129.0   62.0  444.0
2018 169  6 18 0300  -16.9  986.7   11.2  142.0   63.0  444.0
2018 169  6 18 0600  -15.5  985.7   13.1  134.0   71.0  444.0
2018 169  6 18 0900  -14.9  984.6   15.7  138.0   67.8  444.0
2018 169  6 18 1200  -12.3  983.7   20.2  135.0   73.0  444.0
2018 169  6 18 1500  -11.6  983.6   22.0  132.0   75.0  444.0
2018 169  6 18 1800  -11.6  982.8   20.4  132.0   68.0  444.0
2018 169  6 18 2100  -11.4  982.6   17.9  135.0   51.0  444.0
2018 170  6 19 0000  -12.2  983.2   19.0  132.0   69.0  444.0
2018 170  6 19 0300  -13.4  983.6   15.7  142.0   66.5  444.0
2018 170  6 19 0600  -14.5  982.7   15.7  142.0   59.0  444.0
2018 170  6 19 0900  -14.6  982.0   11.6  130.0   50.0  444.0
2018 170  6 19 1200  -12.4  980.8   16.1  124.0   52.5  444.0
2018 170  6 19 1500  -13.1  981.0   17.7  128.0   76.0  444.0
2018 170  6 19 1800  -13.4  982.0   18.6  130.0   81.0  444.0
2018 170  6 19 2100  -16.1  984.1   16.4  134.0   76.0  444.0
2018 171  6 20 0000  -18.0  987.2   12.6  121.0   71.0  444.0
2018 171  6 20 0300  -19.0  989.0   11.8  124.0   68.0  444.0
2018 171  6 20 0600  -20.4  990.1   10.3  136.0   65.0  444.0
2018 171  6 20 0900  -20.6  992.1    8.6  121.0   68.0  444.0
2018 171  6 20 1200  -20.9  992.1    6.9  128.0   67.0  444.0
2018 171  6 20 1500  -19.6  990.6   10.4  136.0   64.0  444.0
2018 171  6 20 1800  -19.6  989.3   14.2  126.0   62.0  444.0
2018 171  6 20 2100  -19.3  988.4   15.1  133.0   59.0  444.0
2018 172  6 21 0000  -17.4  986.5   17.5  128.0   51.0  444.0
2018 172  6 21 0300  -17.4  984.9   16.3  129.0   49.0  444.0
2018 172  6 21 0600  -17.7  983.1   17.6  131.0   56.3  444.0
2018 172  6 21 0900  -17.2  981.6   18.0  129.0   62.0  444.0
2018 172  6 21 1200  -18.4  980.3   21.2  124.0   70.0  444.0
2018 172  6 21 1500  -18.8  981.4   18.8  130.0   65.0  444.0
2018 172  6 21 1800  -18.4  982.0   19.2  124.0   58.0  444.0
2018 172  6 21 2100  -19.2  984.0   14.4  131.0   56.5  444.0
2018 173  6 22 0000  -19.5  984.4   16.5  123.0   58.0  444.0
2018 173  6 22 0300  -19.9  986.0   14.2  124.0   58.9  444.0
2018 173  6 22 0600  -18.6  986.4   15.1  123.0   57.0  444.0
2018 173  6 22 0900  -19.1  988.2   11.6  112.0   60.3  444.0
2018 173  6 22 1200  -22.8  989.9    4.2  132.0   69.0  444.0
2018 173  6 22 1500  -24.6  990.1    3.1  112.0   72.2  444.0
2018 173  6 22 1800  -23.7  990.7    2.6  177.0   69.0  444.0
2018 173  6 22 2100  -25.2  991.1    3.1  187.0   70.4  444.0
2018 174  6 23 0000  -23.6  991.0    3.7  188.0   68.0  444.0
2018 174  6 23 0300  -25.6  990.6    2.6  208.0   67.0  444.0
2018 174  6 23 0600  -23.5  990.6    2.7  239.0   62.0  444.0
2018 174  6 23 0900  -24.1  991.1    0.2  347.0   62.0  444.0
2018 174  6 23 1200  -24.6  990.5    0.3  275.0   62.8  444.0
2018 174  6 23 1500  -27.6  990.5    0.3  156.0   62.0  444.0
2018 174  6 23 1800  -28.7  990.9    1.4  177.0   68.8  444.0
2018 174  6 23 2100  -24.8  990.5    2.1  130.0   69.0  444.0
2018 175  6 24 0000  -30.8  990.8    3.2  208.0   69.0  444.0
2018 175  6 24 0300  -30.6  989.7    1.3  257.0   67.0  444.0
2018 175  6 24 0600  -30.6  988.6    1.9  241.0   69.0  444.0
2018 175  6 24 0900  -29.2  987.5    2.9  276.0   68.0  444.0
2018 175  6 24 1200  -32.3  986.0    3.2  274.0   67.0  444.0
2018 175  6 24 1500  -32.7  985.1    1.8  270.0   67.0  444.0
2018 175  6 24 1800  -34.5  983.0    1.6  311.0   66.0  444.0
2018 175  6 24 2100  -35.4  982.8    2.4  307.0   65.0  444.0
2018 176  6 25 0000  -35.8  981.6    1.5  304.0   65.0  444.0
2018 176  6 25 0300  -37.4  981.0    1.9   32.0   64.0  444.0
2018 176  6 25 0600  -37.6  980.7    0.8   66.0   63.4  444.0
2018 176  6 25 0900  -37.8  980.9    2.0   88.0   64.0  444.0
2018 176  6 25 1200  -38.9  982.8    1.0  117.0   62.0  444.0
2018 176  6 25 1500  -39.3  984.7    0.9  126.0   62.0  444.0
2018 176  6 25 1800  -38.2  986.5    0.7  120.0   63.0  444.0
2018 176  6 25 2100  -36.6  989.3    1.5  114.0   64.0  444.0
2018 177  6 26 0000  -34.8  992.2    1.6  129.0   65.0  444.0
2018 177  6 26 0300  -32.7  994.7    3.3  114.0   66.0  444.0
2018 177  6 26 0600  -32.8  997.4    7.6  133.0   65.0  444.0
2018 177  6 26 0900  -35.2 1000.3    8.3  119.0   64.0  444.0
2018 177  6 26 1200  -34.1 1002.0    5.7  122.0   64.0  444.0
2018 177  6 26 1500  -32.8 1002.0    5.4  102.0   63.0  444.0
2018 177  6 26 1800  -32.6 1002.2    3.8  123.0   63.0  444.0
2018 177  6 26 2100  -32.5 1002.0    3.3  124.0   63.0  444.0
2018 178  6 27 0000  -30.8 1000.6    4.4  124.0   59.0  444.0
2018 178  6 27 0300  -30.2  999.2    4.5  125.0   60.2  444.0
2018 178  6 27 0600  -30.4  998.2    3.5  137.0   61.0  444.0
2018 178  6 27 0900  -30.4  996.7    4.9  133.0   59.7  444.0
2018 178  6 27 1200  -30.3  995.5    3.1  145.0   60.0  444.0
2018 178  6 27 1500  -28.8  994.4    2.7  163.0   60.0  444.0
2018 178  6 27 1800  -29.1  993.0    4.3  154.0   60.8  444.0
2018 178  6 27 2100  -28.1  992.3    4.4  129.0   59.3  444.0
2018 179  6 28 0000  -28.9  991.7    7.4  137.0   58.1  444.0
2018 179  6 28 0300  -29.0  991.2    5.8  127.0   56.0  444.0
2018 179  6 28 0600  -29.1  990.7    6.3  130.0   53.0  444.0
2018 179  6 28 0900  -28.5  989.7    8.0  118.0   52.0  444.0
2018 179  6 28 1200  -30.8  989.7    5.6  148.0   54.9  444.0
2018 179  6 28 1500  -31.3  989.9    6.2  143.0   56.0  444.0
2018 179  6 28 1800  -28.9  989.1    7.0  131.0   51.0  444.0
2018 179  6 28 2100  -30.1  988.5    5.9  123.0   54.0  444.0
2018 180  6 29 0000  -31.7  988.1    3.4  140.0   54.4  444.0
2018 180  6 29 0300  -34.8  987.9    3.6  135.0   58.0  444.0
2018 180  6 29 0600  -34.1  987.7    3.3  178.0   57.0  444.0
2018 180  6 29 0900  -34.7  988.1    3.0  173.0   59.0  444.0
2018 180  6 29 1200  -34.3  988.2    3.5  164.0   58.0  444.0
2018 180  6 29 1500  -32.5  987.6    3.6  152.0   56.0  444.0
2018 180  6 29 1800  -32.4  987.3    4.7  141.0   54.2  444.0
2018 180  6 29 2100  -34.5  987.6    3.9  168.0   57.0  444.0
2018 181  6 30 0000  -34.0  987.9    5.1  161.0   59.0  444.0
2018 181  6 30 0300  -34.2  988.4    4.6  158.0   59.9  444.0
2018 181  6 30 0600  -33.8  988.6    5.2  154.0   56.8  444.0
2018 181  6 30 0900  -31.2  988.9    6.7  139.0   55.0  444.0
2018 181  6 30 1200  -32.1  988.4    5.4  133.0   59.0  444.0
2018 181  6 30 1500  -32.4  987.9    5.8  151.0   58.2  444.0
2018 181  6 30 1800  -33.3  986.6    4.6  171.0   57.0  444.0
2018 181  6 30 2100  -33.5  985.3    3.7  180.0   62.0  444.0
