Year: 2018  Month: 07  ID: SAB  ARGOS:  8915  Name: Sabrina             
Lat: 84.25S  Lon: 170.05W  Elev:   88m
2018 182  7  1 0000  -32.9  983.8    4.8  154.0   59.0  444.0
2018 182  7  1 0300  -32.6  982.7    6.6  163.0   59.0  444.0
2018 182  7  1 0600  -34.1  981.8    4.6  160.0   62.0  444.0
2018 182  7  1 0900  -33.5  980.7    5.0  144.0   60.5  444.0
2018 182  7  1 1200  -32.5  979.9    4.9  158.0   58.0  444.0
2018 182  7  1 1500  -32.1  979.8    2.0  167.0   59.0  444.0
2018 182  7  1 1800  -32.0  980.3    3.1  171.0   55.0  444.0
2018 182  7  1 2100  -31.9  980.8    2.9  180.0   57.1  444.0
2018 183  7  2 0000  -27.6  981.6    5.1  181.0   51.0  444.0
2018 183  7  2 0300  -29.9  981.7    4.2  165.0   55.9  444.0
2018 183  7  2 0600  -27.3  981.1    7.5  130.0   54.0  444.0
2018 183  7  2 0900  -25.5  979.8    9.4  124.0   56.2  444.0
2018 183  7  2 1200  -20.2  978.9    8.6  151.0   50.5  444.0
2018 183  7  2 1500  -16.7  975.6   14.3  135.0   45.0  444.0
2018 183  7  2 1800  -14.9  973.6   10.6  137.0   44.0  444.0
2018 183  7  2 2100  -13.0  971.5    9.3  157.0   79.0  444.0
2018 184  7  3 0000  -11.9  970.4   12.7  141.0   86.0  444.0
2018 184  7  3 0300  -22.2  973.3    8.3  104.0   74.0  444.0
2018 184  7  3 0600  -34.5  980.8   13.1  112.0   66.3  444.0
2018 184  7  3 0900  -32.8  984.9   14.0  118.0   67.0  444.0
2018 184  7  3 1200  -28.8  987.3   15.0  110.0   69.0  444.0
2018 184  7  3 1500  -27.9  989.1   10.6   86.0   69.0  444.0
2018 184  7  3 1800  -28.4  990.8    6.0  107.0   68.0  444.0
2018 184  7  3 2100  -29.0  990.8    2.6   90.0   69.0  444.0
2018 185  7  4 0000  -32.5  990.8    1.3  301.0   66.0  444.0
2018 185  7  4 0300  -34.6  990.9    3.7  332.0   66.0  444.0
2018 185  7  4 0600  -35.8  992.0    2.6  337.0   65.0  444.0
2018 185  7  4 0900  -35.9  994.6    2.1    1.0   65.0  444.0
2018 185  7  4 1200  -37.1  996.8    3.6  129.0   64.0  444.0
2018 185  7  4 1500  -37.7  998.7    5.8  134.0   63.0  444.0
2018 185  7  4 1800  -38.7  998.1    3.7  112.0   62.0  444.0
2018 185  7  4 2100  -39.4  998.0    1.8  170.0   62.0  444.0
2018 186  7  5 0000  -39.1  995.8    1.6  197.0   63.0  444.0
2018 186  7  5 0300  -39.9  994.6  444.0  444.0   62.0  444.0
2018 186  7  5 0600  -37.8  992.8  444.0  444.0   63.0  444.0
2018 186  7  5 0900  -37.7  991.0  444.0  444.0   63.0  444.0
2018 186  7  5 1200  -35.6  989.5  444.0  444.0   64.0  444.0
2018 186  7  5 1500  -34.8  987.3  444.0  444.0   65.0  444.0
2018 186  7  5 1800  -34.3  985.3    3.9  175.0   65.0  444.0
2018 186  7  5 2100  -32.5  982.3    4.5  144.0   66.2  444.0
2018 187  7  6 0000  -31.4  980.2    1.9  148.0   67.0  444.0
2018 187  7  6 0300  -30.3  977.5    2.4  166.0   68.0  444.0
2018 187  7  6 0600  -29.4  974.9    3.2  170.0   68.0  444.0
2018 187  7  6 0900  -30.1  973.1    2.2  181.0   68.0  444.0
2018 187  7  6 1200  -27.9  971.9    4.0  188.0   69.0  444.0
2018 187  7  6 1500  -28.0  971.3    2.7  176.0   68.6  444.0
2018 187  7  6 1800  -31.7  971.6    3.2  169.0   67.0  444.0
2018 187  7  6 2100  -33.2  972.6    1.1  228.0   65.0  444.0
2018 188  7  7 0000  -35.8  973.4    3.9  241.0   64.0  444.0
2018 188  7  7 0300  -36.3  974.4    2.0  133.0   63.0  444.0
2018 188  7  7 0600  -37.1  976.1    3.1  137.0   63.0  444.0
2018 188  7  7 0900  -42.4  978.0    3.7  127.0   61.0  444.0
2018 188  7  7 1200  -42.7  979.9    3.3  132.0   60.4  444.0
2018 188  7  7 1500  -44.7  981.1    3.8  140.0   59.0  444.0
2018 188  7  7 1800  -45.6  981.4    3.0  161.0   58.8  444.0
2018 188  7  7 2100  -45.1  982.1    4.2  137.0   59.0  444.0
2018 189  7  8 0000  -42.9  982.5    3.3  158.0   59.9  444.0
2018 189  7  8 0300  -42.1  982.4    4.1  151.0   60.0  444.0
2018 189  7  8 0600  -39.2  982.2    5.2  160.0   62.0  444.0
2018 189  7  8 0900  -38.4  981.9    4.6  180.0   62.0  444.0
2018 189  7  8 1200  -42.0  981.1    3.2  214.0   60.0  444.0
2018 189  7  8 1500  -40.6  980.2    4.0  245.0   61.0  444.0
2018 189  7  8 1800  -45.1  979.3    3.5  258.0   59.0  444.0
2018 189  7  8 2100  -44.7  978.1    3.0  266.0   58.9  444.0
2018 190  7  9 0000  -46.6  977.3    2.6  295.0   57.9  444.0
2018 190  7  9 0300  -47.0  975.8    2.3  286.0   58.0  444.0
2018 190  7  9 0600  -49.4  975.2    1.8  279.0   56.0  444.0
2018 190  7  9 0900  -50.5  975.3    1.8  341.0   56.0  444.0
2018 190  7  9 1200  -51.0  976.2    0.0    0.0   55.0  444.0
2018 190  7  9 1500  -50.2  976.6    2.1  126.0   55.0  444.0
2018 190  7  9 1800  -48.4  975.8    1.0  151.0   56.0  444.0
2018 190  7  9 2100  -48.3  976.6    2.3  173.0   55.0  444.0
2018 191  7 10 0000  -48.6  977.1    1.9  210.0   56.0  444.0
2018 191  7 10 0300  -48.8  976.5    2.0  199.0   56.0  444.0
2018 191  7 10 0600  -47.6  976.1    2.3  278.0   56.0  444.0
2018 191  7 10 0900  -48.8  977.6    1.4  275.0   56.0  444.0
2018 191  7 10 1200  -46.1  977.8    0.0    0.0   57.0  444.0
2018 191  7 10 1500  -49.4  978.6    1.6  127.0   55.0  444.0
2018 191  7 10 1800  -48.6  978.1    0.0    0.0   56.0  444.0
2018 191  7 10 2100  -48.5  977.5    0.0    0.0   55.9  444.0
2018 192  7 11 0000  -46.9  975.2    2.5  156.0   57.0  444.0
2018 192  7 11 0300  -41.5  972.8    3.0  174.0   58.0  444.0
2018 192  7 11 0600  -47.4  969.6    0.0    0.0   56.7  444.0
2018 192  7 11 0900  -46.2  967.0    0.0    0.0   57.0  444.0
2018 192  7 11 1200  -43.8  961.9    0.0    0.0   58.0  444.0
2018 192  7 11 1500  -44.8  958.6  444.0  444.0   58.0  444.0
2018 192  7 11 1800  -43.9  954.0  444.0  444.0   59.0  444.0
2018 192  7 11 2100  -43.6  951.3  444.0  444.0   58.0  444.0
2018 193  7 12 0000  -46.4  949.8  444.0  444.0   57.1  444.0
2018 193  7 12 0300  -43.0  947.9    0.0    0.0   58.0  444.0
2018 193  7 12 0600  -34.6  944.0    4.3  237.0   63.8  444.0
2018 193  7 12 0900  -18.4  943.6   15.1  130.0   77.0  444.0
2018 193  7 12 1200  -17.0  943.0   14.2  133.0   79.0  444.0
2018 193  7 12 1500  -17.8  942.9    8.1  123.0   79.0  444.0
2018 193  7 12 1800  -15.6  945.0    9.5  128.0   80.5  444.0
2018 193  7 12 2100  -14.1  947.7    7.2  125.0   75.0  444.0
2018 194  7 13 0000  -14.2  951.2   23.6  136.0   83.0  444.0
2018 194  7 13 0300  -14.5  956.6   21.3  129.0   82.0  444.0
2018 194  7 13 0600  -19.1  961.7   21.9  124.0   77.3  444.0
2018 194  7 13 0900  -25.0  968.7   13.6  108.0   73.0  444.0
2018 194  7 13 1200  -20.1  968.8   11.1  117.0   77.0  444.0
2018 194  7 13 1500  -16.6  966.1   10.3  125.0   79.0  444.0
2018 194  7 13 1800  -20.2  961.0    3.7  177.0   66.0  444.0
2018 194  7 13 2100  -19.8  956.3    3.2  232.0   60.8  444.0
2018 195  7 14 0000  -18.2  954.3    5.0  163.0   62.0  444.0
2018 195  7 14 0300  -17.0  953.2    9.4  166.0   72.0  444.0
2018 195  7 14 0600  -11.4  954.1   22.5  146.0   86.0  444.0
2018 195  7 14 0900  -14.9  959.1   23.3  130.0   80.1  444.0
2018 195  7 14 1200  -17.1  964.8   17.1  122.0   80.0  444.0
2018 195  7 14 1500  -17.4  969.1   19.3  128.0   79.0  444.0
2018 195  7 14 1800  -19.3  971.4   19.4  126.0   77.0  444.0
2018 195  7 14 2100  -19.8  975.2   16.9  124.0   77.0  444.0
2018 196  7 15 0000  -20.1  978.5   13.6  116.0   76.7  444.0
2018 196  7 15 0300  -20.9  979.5    9.8  123.0   76.0  444.0
2018 196  7 15 0600  -23.3  978.7    7.5  108.0   73.0  444.0
2018 196  7 15 0900  -27.3  977.2    3.8  155.0   63.0  444.0
2018 196  7 15 1200  -26.4  975.4    2.9  168.0   63.9  444.0
2018 196  7 15 1500  -27.3  972.8    2.5  254.0   68.0  444.0
2018 196  7 15 1800  -32.8  970.8    3.9  265.0   66.1  444.0
2018 196  7 15 2100  -33.1  969.7    2.9   49.0   63.0  444.0
2018 197  7 16 0000  -31.5  968.8    3.7  342.0   64.0  444.0
2018 197  7 16 0300  -30.5  968.0    2.4   13.0   62.0  444.0
2018 197  7 16 0600  -35.4  969.1    1.2  119.0   64.7  444.0
2018 197  7 16 0900  -35.4  967.9    1.4  221.0   65.0  444.0
2018 197  7 16 1200  -32.7  967.3    2.7  231.0   65.0  444.0
2018 197  7 16 1500  -31.1  967.3    2.9  192.0   59.0  444.0
2018 197  7 16 1800  -27.5  967.1    1.3  105.0   55.0  444.0
2018 197  7 16 2100  -32.3  966.0    4.0   56.0   65.0  444.0
2018 198  7 17 0000  -35.4  966.0    0.7  182.0   64.0  444.0
2018 198  7 17 0300  -31.9  964.6    2.5   20.0   65.0  444.0
2018 198  7 17 0600  -37.7  965.2    3.1  252.0   63.5  444.0
2018 198  7 17 0900  -35.8  964.8    1.9  306.0   63.7  444.0
2018 198  7 17 1200  -34.8  965.0    3.7  281.0   64.0  444.0
2018 198  7 17 1500  -32.9  965.1    0.4  135.0   65.0  444.0
2018 198  7 17 1800  -28.1  965.8    1.7  356.0   67.0  444.0
2018 198  7 17 2100  -27.7  967.0    1.8  278.0   69.0  444.0
2018 199  7 18 0000  -20.5  968.4   12.6  133.0   76.0  444.0
2018 199  7 18 0300  -17.3  967.6   19.8  144.0   79.6  444.0
2018 199  7 18 0600  -22.1  968.1   11.8  118.0   75.0  444.0
2018 199  7 18 0900  -18.7  968.1   15.9  130.0   78.0  444.0
2018 199  7 18 1200  -22.8  967.5    7.3  112.0   74.0  444.0
2018 199  7 18 1500  -24.9  965.4    3.0  186.0   72.5  444.0
2018 199  7 18 1800  -28.2  960.9    2.2  197.0   69.0  444.0
2018 199  7 18 2100  -30.3  956.3    0.7  225.0   68.0  444.0
2018 200  7 19 0000  -31.3  952.6    2.2  225.0   67.0  444.0
2018 200  7 19 0300  -29.7  950.8    2.0  188.0   65.0  444.0
2018 200  7 19 0600  -23.9  948.5    4.6  207.0   65.0  444.0
2018 200  7 19 0900  -18.5  947.9    4.0  195.0   78.0  444.0
2018 200  7 19 1200  -12.0  947.4   17.8  136.0   88.0  444.0
2018 200  7 19 1500  -20.4  950.3   11.2  102.0   76.0  444.0
2018 200  7 19 1800  -26.1  956.8   12.0  111.0   72.0  444.0
2018 200  7 19 2100  -24.6  961.8   13.1  110.0   73.0  444.0
2018 201  7 20 0000  -25.0  966.0   14.0  120.0   72.0  444.0
2018 201  7 20 0300  -21.4  968.1   14.2  125.0   76.0  444.0
2018 201  7 20 0600  -22.5  968.8   13.9  127.0   74.2  444.0
2018 201  7 20 0900  -23.2  968.3   11.0  122.0   72.0  444.0
2018 201  7 20 1200  -23.9  967.3    3.1  156.0   69.0  444.0
2018 201  7 20 1500  -24.7  966.2    4.7  214.0   65.0  444.0
2018 201  7 20 1800  -19.6  965.3    8.8  146.0   76.3  444.0
2018 201  7 20 2100  -16.7  966.0   12.6  139.0   80.0  444.0
2018 202  7 21 0000  -19.8  967.0   12.1  118.0   77.0  444.0
2018 202  7 21 0300  -21.2  966.8    9.2  108.0   74.0  444.0
2018 202  7 21 0600  -20.9  967.8    7.6  121.0   74.0  444.0
2018 202  7 21 0900  -21.8  967.0    4.3  145.0   74.0  444.0
2018 202  7 21 1200  -18.6  965.7    8.7  128.0   74.9  444.0
2018 202  7 21 1500  -18.6  964.6   10.5  124.0   76.0  444.0
2018 202  7 21 1800  -16.4  963.1   13.1  122.0   78.0  444.0
2018 202  7 21 2100  -18.5  962.2   12.4  129.0   75.9  444.0
2018 203  7 22 0000  -18.8  962.0    9.8  141.0   73.0  444.0
2018 203  7 22 0300  -19.4  961.3    7.2  148.0   71.0  444.0
2018 203  7 22 0600  -17.5  960.1    8.4  153.0   69.0  444.0
2018 203  7 22 0900  -16.6  958.5   11.6  134.0   76.0  444.0
2018 203  7 22 1200  -16.3  958.2   15.9  134.0   78.0  444.0
2018 203  7 22 1500  -18.1  959.6   16.7  136.0   77.0  444.0
2018 203  7 22 1800  -18.6  962.7   15.9  127.0   75.0  444.0
2018 203  7 22 2100  -18.4  964.8   16.7  122.0   75.0  444.0
2018 204  7 23 0000  -19.3  967.5   17.0  122.0   76.0  444.0
2018 204  7 23 0300  -20.6  970.4   11.9  122.0   72.6  444.0
2018 204  7 23 0600  -22.3  972.8    7.2  136.0   69.0  444.0
2018 204  7 23 0900  -23.5  974.6    7.1  148.0   67.0  444.0
2018 204  7 23 1200  -25.5  974.7    4.6  170.0   65.0  444.0
2018 204  7 23 1500  -24.5  975.4    5.6  172.0   58.9  444.0
2018 204  7 23 1800  -28.2  974.7    3.1  154.0   64.0  444.0
2018 204  7 23 2100  -30.9  973.9    3.4  163.0   59.4  444.0
2018 205  7 24 0000  -34.0  972.6    3.4  185.0   64.0  444.0
2018 205  7 24 0300  -31.9  971.6    2.5  132.0   62.0  444.0
2018 205  7 24 0600  -32.6  970.9    4.5  128.0   62.7  444.0
2018 205  7 24 0900  -33.9  971.4    2.4  173.0   66.0  444.0
2018 205  7 24 1200  -33.1  971.8    2.4   96.0   65.0  444.0
2018 205  7 24 1500  -28.4  973.6    6.0  132.0   67.0  444.0
2018 205  7 24 1800  -31.5  976.2    5.8  153.0   65.0  444.0
2018 205  7 24 2100  -32.3  978.0    4.1  162.0   60.0  444.0
2018 206  7 25 0000  -31.0  978.0    2.0  156.0   54.2  444.0
2018 206  7 25 0300  -34.8  976.5    2.1  217.0   60.0  444.0
2018 206  7 25 0600  -35.1  972.9    1.0  258.0   60.0  444.0
2018 206  7 25 0900  -32.6  971.8  444.0  444.0   59.0  444.0
2018 206  7 25 1200  -34.5  972.2  444.0  444.0   59.0  444.0
2018 206  7 25 1500  -34.7  971.8  444.0  444.0   60.0  444.0
2018 206  7 25 1800  -26.1  973.7    5.6   97.0   59.0  444.0
2018 206  7 25 2100  -24.9  973.0    5.1  211.0   71.0  444.0
2018 207  7 26 0000  -26.3  973.1    0.9   55.0   63.0  444.0
2018 207  7 26 0300  -21.2  975.0    6.4  159.0   72.4  444.0
2018 207  7 26 0600  -18.4  975.7   14.3  111.0   76.0  444.0
2018 207  7 26 0900  -19.8  979.3    8.5  140.0   69.8  444.0
2018 207  7 26 1200  -22.5  981.0    6.0  130.0   65.0  444.0
2018 207  7 26 1500  -21.9  982.4    6.1  160.0   58.0  444.0
2018 207  7 26 1800  -25.3  981.7    4.2  124.0   63.0  444.0
2018 207  7 26 2100  -28.6  981.5    2.3  227.0   64.2  444.0
2018 208  7 27 0000  -23.8  981.5    3.5  227.0   65.0  444.0
2018 208  7 27 0300  -30.0  980.1    3.3  154.0   65.0  444.0
2018 208  7 27 0600  -31.4  978.4    3.5  177.0   65.0  444.0
2018 208  7 27 0900  -30.0  975.7    3.2  101.0   66.0  444.0
2018 208  7 27 1200  -32.1  974.9    0.7  252.0   65.0  444.0
2018 208  7 27 1500  -36.3  974.1    2.9  177.0   64.2  444.0
2018 208  7 27 1800  -31.2  973.6    1.6  166.0   66.0  444.0
2018 208  7 27 2100  -33.6  974.3    0.1   71.0   66.0  444.0
2018 209  7 28 0000  -33.2  974.4    1.5   71.0   65.3  444.0
2018 209  7 28 0300  -32.7  974.2    3.5  163.0   65.1  444.0
2018 209  7 28 0600  -37.4  975.9    4.3  173.0   64.0  444.0
2018 209  7 28 0900  -34.8  977.7    5.0  137.0   64.0  444.0
2018 209  7 28 1200  -34.8  980.1    4.0  113.0   64.0  444.0
2018 209  7 28 1500  -33.5  983.0    2.4  184.0   64.0  444.0
2018 209  7 28 1800  -34.7  983.2    1.9  252.0   63.6  444.0
2018 209  7 28 2100  -30.3  985.1    4.5  161.0   65.0  444.0
2018 210  7 29 0000  -30.3  986.1    6.1  148.0   66.0  444.0
2018 210  7 29 0300  -29.4  986.7    7.6  136.0   68.0  444.0
2018 210  7 29 0600  -31.4  987.9    4.7  161.0   66.2  444.0
2018 210  7 29 0900  -33.8  988.2    4.2  133.0   62.0  444.0
2018 210  7 29 1200  -33.8  988.5    2.7  136.0   61.0  444.0
2018 210  7 29 1500  -37.8  987.8    3.8  154.0   60.0  444.0
2018 210  7 29 1800  -38.0  988.3    3.5  154.0   58.5  444.0
2018 210  7 29 2100  -41.1  988.9    3.5  158.0   60.0  444.0
2018 211  7 30 0000  -40.7  989.6    4.0  127.0   58.7  444.0
2018 211  7 30 0300  -43.1  990.2    2.1  183.0   59.0  444.0
2018 211  7 30 0600  -42.9  990.7    3.7  121.0   59.0  444.0
2018 211  7 30 0900  -43.7  991.6    3.3  152.0   59.4  444.0
2018 211  7 30 1200  -44.2  992.5    2.3  203.0   59.0  444.0
2018 211  7 30 1500  -40.8  992.3    4.0  128.0   61.0  444.0
2018 211  7 30 1800  -43.6  992.5    2.4  194.0   59.0  444.0
2018 211  7 30 2100  -43.5  993.3    3.3  190.0   59.5  444.0
2018 212  7 31 0000  -42.8  993.7    3.9  173.0   60.0  444.0
2018 212  7 31 0300  -41.8  994.4    3.1  180.0   60.0  444.0
2018 212  7 31 0600  -42.1  994.4    2.2  178.0   60.0  444.0
2018 212  7 31 0900  -43.5  995.1    2.8  208.0   59.0  444.0
2018 212  7 31 1200  -41.0  995.0    2.1  196.0   60.0  444.0
2018 212  7 31 1500  -40.8  994.6    1.3  236.0   60.0  444.0
2018 212  7 31 1800  -40.2  994.4    1.8  172.0   60.0  444.0
2018 212  7 31 2100  -35.3  993.6    1.2   38.0   62.0  444.0
