Year: 2018  Month: 04  ID: SAB  ARGOS:  8915  Name: Sabrina             
Lat: 84.25S  Lon: 170.05W  Elev:   88m
2018  91  4  1 0000  -20.5  990.6    4.1  167.0   59.0  444.0
2018  91  4  1 0300  -22.5  989.5    4.8  148.0   59.4  444.0
2018  91  4  1 0600  -24.3  989.9    5.2  133.0   62.0  444.0
2018  91  4  1 0900  -24.2  990.6    4.4  145.0   59.0  444.0
2018  91  4  1 1200  -27.4  991.0    2.1  190.0   63.0  444.0
2018  91  4  1 1500  -24.9  991.7    2.4  199.0   60.2  444.0
2018  91  4  1 1800  -25.7  991.8    2.8  199.0   60.0  444.0
2018  91  4  1 2100  -24.9  991.5    1.3  140.0   60.0  444.0
2018  92  4  2 0000  -22.4  991.9    2.4  190.0   55.0  444.0
2018  92  4  2 0300  -23.6  991.9    2.9  193.0   57.0  444.0
2018  92  4  2 0600  -24.1  992.5    3.7  144.0   63.3  444.0
2018  92  4  2 0900  -26.4  992.9    1.7   51.0   61.0  444.0
2018  92  4  2 1200  -26.3  992.7    3.5  230.0   65.0  444.0
2018  92  4  2 1500  -23.2  992.2    1.8  225.0   66.0  444.0
2018  92  4  2 1800  -21.1  992.1    1.9  193.0   66.1  444.0
2018  92  4  2 2100  -22.1  991.5    1.4  289.0   69.0  444.0
2018  93  4  3 0000  -16.9  991.1    4.6  183.0   80.1  444.0
2018  93  4  3 0300  -19.8  990.0    1.3  201.0   75.0  444.0
2018  93  4  3 0600  -15.5  988.6    5.3  159.0   71.0  444.0
2018  93  4  3 0900  -19.1  988.1    1.8  158.0   70.0  444.0
2018  93  4  3 1200  -21.3  987.0    2.5  159.0   65.0  444.0
2018  93  4  3 1500  -24.6  986.3    2.4  137.0   67.0  444.0
2018  93  4  3 1800  -26.9  985.3    2.2  130.0   67.0  444.0
2018  93  4  3 2100  -29.1  985.1    1.7  145.0   67.2  444.0
2018  94  4  4 0000  -28.9  985.3    4.4  138.0   65.0  444.0
2018  94  4  4 0300  -29.5  984.8    5.3  134.0   65.0  444.0
2018  94  4  4 0600  -29.4  984.7    4.6  123.0   63.3  444.0
2018  94  4  4 0900  -29.2  985.1    5.4  135.0   63.0  444.0
2018  94  4  4 1200  -28.3  985.3    3.1  158.0   63.0  444.0
2018  94  4  4 1500  -28.1  985.1    3.0  134.0   61.0  444.0
2018  94  4  4 1800  -29.6  985.0    3.6   87.0   60.6  444.0
2018  94  4  4 2100  -28.2  985.3    3.5  141.0   63.0  444.0
2018  95  4  5 0000  -28.3  986.1   11.4  117.0   67.0  444.0
2018  95  4  5 0300  -25.9  986.4    9.5  121.0   69.0  444.0
2018  95  4  5 0600  -21.6  985.5   12.3  124.0   72.0  444.0
2018  95  4  5 0900  -18.8  985.4   12.0  121.0   74.3  444.0
2018  95  4  5 1200  -16.0  984.7   13.1  117.0   74.0  444.0
2018  95  4  5 1500  -13.1  983.8   16.8  124.0   53.2  444.0
2018  95  4  5 1800  -12.1  982.9   17.1  122.0   59.0  444.0
2018  95  4  5 2100  -11.2  982.7   17.7  121.0   61.2  444.0
2018  96  4  6 0000  -11.0  981.5   17.6  120.0   58.0  444.0
2018  96  4  6 0300  -10.4  981.0   18.4  121.0   56.0  444.0
2018  96  4  6 0600  -11.1  980.2   16.8  120.0   75.0  444.0
2018  96  4  6 0900  -11.9  980.6   14.2  119.0   74.0  444.0
2018  96  4  6 1200  -11.1  979.1   18.1  125.0   76.0  444.0
2018  96  4  6 1500  -10.8  977.9   19.4  125.0   82.0  444.0
2018  96  4  6 1800  -11.4  978.5   20.5  125.0   81.0  444.0
2018  96  4  6 2100  -11.7  978.8   20.3  119.0   81.0  444.0
2018  97  4  7 0000  -12.4  980.5   17.2  124.0   77.6  444.0
2018  97  4  7 0300  -13.7  980.8   17.4  112.0   76.0  444.0
2018  97  4  7 0600  -14.2  982.5   15.5  116.0   71.4  444.0
2018  97  4  7 0900  -14.8  982.9   14.6  120.0   64.0  444.0
2018  97  4  7 1200  -14.4  982.2   16.9  123.0   63.0  444.0
2018  97  4  7 1500  -15.2  982.8   13.6  122.0   66.0  444.0
2018  97  4  7 1800  -15.4  983.3    9.6  128.0   63.0  444.0
2018  97  4  7 2100  -15.2  983.4   13.1  130.0   62.0  444.0
2018  98  4  8 0000  -16.2  983.5   12.1  122.0   57.4  444.0
2018  98  4  8 0300  -17.3  983.9    9.5  134.0   57.0  444.0
2018  98  4  8 0600  -17.7  983.3    8.5  133.0   56.0  444.0
2018  98  4  8 0900  -19.8  983.3    4.4  159.0   62.0  444.0
2018  98  4  8 1200  -17.7  983.2    6.2  142.0   53.0  444.0
2018  98  4  8 1500  -20.6  983.2    5.0  164.0   65.0  444.0
2018  98  4  8 1800  -18.7  982.5   12.9  127.0   57.0  444.0
2018  98  4  8 2100  -19.9  983.2   13.9  117.0   58.0  444.0
2018  99  4  9 0000  -21.9  984.3   11.6  117.0   61.0  444.0
2018  99  4  9 0300  -22.8  985.5    8.9  138.0   61.0  444.0
2018  99  4  9 0600  -22.1  985.4   14.2  123.0   63.0  444.0
2018  99  4  9 0900  -21.6  986.4   11.9  134.0   68.0  444.0
2018  99  4  9 1200  -19.3  986.9   12.9  128.0   67.0  444.0
2018  99  4  9 1500  -18.8  987.9   10.5  124.0   76.0  444.0
2018  99  4  9 1800  -22.6  987.9    4.7   94.0   73.0  444.0
2018  99  4  9 2100  -26.2  989.0    7.6  102.0   69.7  444.0
2018 100  4 10 0000  -28.5  988.6    5.1  108.0   69.0  444.0
2018 100  4 10 0300  -24.2  987.2    4.9   97.0   71.0  444.0
2018 100  4 10 0600  -20.9  986.0    8.5  108.0   75.0  444.0
2018 100  4 10 0900  -19.3  985.1    9.6  112.0   76.0  444.0
2018 100  4 10 1200  -18.3  984.1    7.8  121.0   74.0  444.0
2018 100  4 10 1500  -18.0  982.5    7.5  122.0   67.4  444.0
2018 100  4 10 1800  -22.9  981.5    3.4  139.0   71.7  444.0
2018 100  4 10 2100  -21.0  981.2    6.3  119.0   64.0  444.0
2018 101  4 11 0000  -22.1  981.0    5.8  126.0   61.0  444.0
2018 101  4 11 0300  -26.7  980.6    3.7  158.0   62.1  444.0
2018 101  4 11 0600  -27.4  980.8    3.8  177.0   61.0  444.0
2018 101  4 11 0900  -26.8  980.9    4.7  159.0   58.0  444.0
2018 101  4 11 1200  -25.2  980.7    5.3  152.0   50.0  444.0
2018 101  4 11 1500  -25.6  980.3    1.7  155.0   48.0  444.0
2018 101  4 11 1800  -26.5  980.2    4.0  131.0   53.5  444.0
2018 101  4 11 2100  -24.8  979.4    0.5  137.0   53.0  444.0
2018 102  4 12 0000  -25.6  978.8    2.6  312.0   56.4  444.0
2018 102  4 12 0300  -34.7  977.9    3.3  282.0   65.0  444.0
2018 102  4 12 0600  -35.5  977.4    3.3  310.0   64.6  444.0
2018 102  4 12 0900  -34.0  976.4    4.1  312.0   64.0  444.0
2018 102  4 12 1200  -38.9  976.7    2.1  302.0   62.3  444.0
2018 102  4 12 1500  -35.5  976.8    1.2   69.0   64.0  444.0
2018 102  4 12 1800  -33.5  977.8    0.3  101.0   64.0  444.0
2018 102  4 12 2100  -31.1  978.7    3.9  121.0   64.6  444.0
2018 103  4 13 0000  -34.7  979.0    2.6  123.0   65.0  444.0
2018 103  4 13 0300  -34.7  977.5    5.0  131.0   64.6  444.0
2018 103  4 13 0600  -34.3  975.8    4.3  137.0   64.0  444.0
2018 103  4 13 0900  -35.9  974.4    2.6  170.0   64.3  444.0
2018 103  4 13 1200  -34.4  973.1    5.3  175.0   64.0  444.0
2018 103  4 13 1500  -27.4  970.9    7.0  172.0   69.1  444.0
2018 103  4 13 1800  -25.8  969.5    6.1  160.0   69.0  444.0
2018 103  4 13 2100  -27.4  967.3    5.7  242.0   58.0  444.0
2018 104  4 14 0000  -26.9  965.0    5.4  254.0   54.0  444.0
2018 104  4 14 0300  -21.3  964.3    2.9  148.0   66.4  444.0
2018 104  4 14 0600  -20.1  963.4   16.3  122.0   75.0  444.0
2018 104  4 14 0900  -22.5  964.7   12.9  117.0   73.0  444.0
2018 104  4 14 1200  -16.9  965.2   17.8  137.0   78.0  444.0
2018 104  4 14 1500  -16.4  964.2   20.3  133.0   78.0  444.0
2018 104  4 14 1800  -16.3  963.8   16.8  140.0   77.0  444.0
2018 104  4 14 2100  -14.2  962.6   20.1  133.0   80.0  444.0
2018 105  4 15 0000  -13.8  962.7   21.0  128.0   81.0  444.0
2018 105  4 15 0300  -13.2  963.4   21.6  128.0   82.2  444.0
2018 105  4 15 0600  -12.9  964.9   20.2  129.0   82.0  444.0
2018 105  4 15 0900  -13.0  964.7   20.6  128.0   82.8  444.0
2018 105  4 15 1200  -13.2  966.5   19.2  129.0   82.0  444.0
2018 105  4 15 1500  -13.3  967.6   19.8  130.0   83.0  444.0
2018 105  4 15 1800  -13.6  968.9   20.6  126.0   82.0  444.0
2018 105  4 15 2100  -14.9  971.3   20.3  123.0   81.0  444.0
2018 106  4 16 0000  -16.0  975.0   15.3  124.0   79.4  444.0
2018 106  4 16 0300  -16.9  977.1   14.4  132.0   78.0  444.0
2018 106  4 16 0600  -16.7  978.2   14.8  126.0   76.0  444.0
2018 106  4 16 0900  -16.8  980.8   12.8  135.0   73.0  444.0
2018 106  4 16 1200  -18.4  982.6    6.3  146.0   66.9  444.0
2018 106  4 16 1500  -17.8  982.7    5.6  171.0   59.0  444.0
2018 106  4 16 1800  -18.1  983.1    4.4  163.0   58.3  444.0
2018 106  4 16 2100  -21.7  983.2    2.8  190.0   64.0  444.0
2018 107  4 17 0000  -21.6  982.9    5.3  134.0   61.3  444.0
2018 107  4 17 0300  -25.5  982.6    2.9  174.0   64.0  444.0
2018 107  4 17 0600  -25.8  982.0    2.9  184.0   63.0  444.0
2018 107  4 17 0900  -29.2  981.2    3.2  167.0   65.0  444.0
2018 107  4 17 1200  -28.4  980.9    2.9  126.0   60.8  444.0
2018 107  4 17 1500  -30.4  979.7    1.5  189.0   61.4  444.0
2018 107  4 17 1800  -32.8  978.7    2.5  172.0   64.0  444.0
2018 107  4 17 2100  -33.8  978.6    2.6  131.0   64.2  444.0
2018 108  4 18 0000  -36.8  979.5    1.3  127.0   64.0  444.0
2018 108  4 18 0300  -38.6  980.7    1.3  140.0   62.2  444.0
2018 108  4 18 0600  -37.6  982.0    2.4  174.0   63.0  444.0
2018 108  4 18 0900  -38.5  984.2    3.0  158.0   63.0  444.0
2018 108  4 18 1200  -39.3  986.5    3.1  149.0   62.0  444.0
2018 108  4 18 1500  -40.2  988.1    3.3  128.0   61.0  444.0
2018 108  4 18 1800  -40.7  989.4    2.4  178.0   60.0  444.0
2018 108  4 18 2100  -41.0  990.9    2.0  138.0   60.0  444.0
2018 109  4 19 0000  -39.8  991.9    2.4  170.0   60.0  444.0
2018 109  4 19 0300  -33.9  992.6    2.7  109.0   61.0  444.0
2018 109  4 19 0600  -32.0  993.0    3.0  111.0   60.0  444.0
2018 109  4 19 0900  -31.7  993.0    5.1  125.0   60.0  444.0
2018 109  4 19 1200  -36.5  993.0    3.4  140.0   59.0  444.0
2018 109  4 19 1500  -34.3  991.8    7.7  137.0   60.0  444.0
2018 109  4 19 1800  -35.5  991.1    5.2  125.0   61.0  444.0
2018 109  4 19 2100  -36.5  990.5    4.7  103.0   62.0  444.0
2018 110  4 20 0000  -34.5  989.3    2.8  155.0   63.0  444.0
2018 110  4 20 0300  -35.7  988.6    2.1  166.0   64.0  444.0
2018 110  4 20 0600  -36.5  986.5    3.0  199.0   63.7  444.0
2018 110  4 20 0900  -36.1  985.7    1.7  197.0   64.0  444.0
2018 110  4 20 1200  -37.9  984.2    2.5  242.0   63.0  444.0
2018 110  4 20 1500  -37.9  982.9    2.6  238.0   63.0  444.0
2018 110  4 20 1800  -37.5  981.8    0.0  200.0   63.0  444.0
2018 110  4 20 2100  -34.8  981.4    0.0    0.0   65.0  444.0
2018 111  4 21 0000  -35.6  980.0    0.0    0.0   63.0  444.0
2018 111  4 21 0300  -33.1  979.4    3.5  180.0   65.0  444.0
2018 111  4 21 0600  -34.9  978.0    0.0    0.0   63.0  444.0
2018 111  4 21 0900  -28.7  976.2    3.4  300.0   67.1  444.0
2018 111  4 21 1200  -33.3  974.6    0.0    0.0   65.2  444.0
2018 111  4 21 1500  -28.3  973.9    1.5  328.0   66.0  444.0
2018 111  4 21 1800  -21.8  973.7    4.0  321.0   54.0  444.0
2018 111  4 21 2100  -26.6  974.2    3.9  301.0   62.0  444.0
2018 112  4 22 0000  -28.1  976.0    5.8  297.0   61.0  444.0
2018 112  4 22 0300  -28.5  978.6    6.2  304.0   65.0  444.0
2018 112  4 22 0600  -29.7  982.5    7.7  106.0   65.9  444.0
2018 112  4 22 0900  -30.2  985.6    5.1   98.0   66.0  444.0
2018 112  4 22 1200  -29.6  986.9    0.0    0.0   68.0  444.0
2018 112  4 22 1500  -30.5  987.6    2.6  196.0   67.4  444.0
2018 112  4 22 1800  -29.1  987.8    1.2  230.0   68.0  444.0
2018 112  4 22 2100  -24.9  987.8    3.5  173.0   70.0  444.0
2018 113  4 23 0000  -25.0  987.8    4.6  164.0   70.0  444.0
2018 113  4 23 0300  -27.4  986.6    3.4  175.0   68.2  444.0
2018 113  4 23 0600  -23.9  985.2    6.7  124.0   68.0  444.0
2018 113  4 23 0900  -23.6  983.6    5.1  154.0   66.0  444.0
2018 113  4 23 1200  -20.2  981.4    9.6  125.0   74.0  444.0
2018 113  4 23 1500  -16.2  978.5   11.8  137.0   78.9  444.0
2018 113  4 23 1800  -14.8  975.9   12.3  134.0   79.7  444.0
2018 113  4 23 2100  -12.9  973.8   13.3  133.0   83.0  444.0
2018 114  4 24 0000  -10.9  971.4   16.6  129.0   86.0  444.0
2018 114  4 24 0300  -10.4  970.7   17.9  126.0   87.0  444.0
2018 114  4 24 0600   -9.8  970.4   12.3  128.0   88.0  444.0
2018 114  4 24 0900   -8.7  968.8   14.4  124.0   90.0  444.0
2018 114  4 24 1200   -8.7  965.1   16.2  128.0   89.0  444.0
2018 114  4 24 1500   -7.1  961.0   17.2  136.0   90.0  444.0
2018 114  4 24 1800   -7.1  955.3   17.2  132.0   85.6  444.0
2018 114  4 24 2100   -6.9  952.0   19.4  143.0   94.0  444.0
2018 115  4 25 0000   -7.3  951.9   23.6  138.0   95.0  444.0
2018 115  4 25 0300   -8.1  954.6   20.2  137.0   93.0  444.0
2018 115  4 25 0600   -9.4  955.8   20.1  132.0   90.0  444.0
2018 115  4 25 0900   -9.0  956.3   22.8  136.0   92.0  444.0
2018 115  4 25 1200   -9.2  956.2   23.4  134.0   92.0  444.0
2018 115  4 25 1500   -9.1  959.1   22.2  136.0   92.0  444.0
2018 115  4 25 1800   -9.1  962.0   18.7  133.0   92.0  444.0
2018 115  4 25 2100  -14.0  968.9   11.2  119.0   84.0  444.0
2018 116  4 26 0000  -15.6  974.1    9.7  107.0   81.6  444.0
2018 116  4 26 0300  -16.8  976.6    7.7   94.0   80.0  444.0
2018 116  4 26 0600  -18.4  978.0    6.2   80.0   77.1  444.0
2018 116  4 26 0900  -20.9  979.0  444.0  444.0   77.0  444.0
2018 116  4 26 1200  -22.4  978.4  444.0  444.0   75.1  444.0
2018 116  4 26 1500  -20.4  977.1  444.0  444.0   76.7  444.0
2018 116  4 26 1800  -17.4  975.3  444.0  444.0   80.0  444.0
2018 116  4 26 2100  -18.0  974.1    3.1  158.0   73.0  444.0
2018 117  4 27 0000  -18.7  973.1    4.4  145.0   78.0  444.0
2018 117  4 27 0300  -18.2  971.7   10.7  117.0   78.1  444.0
2018 117  4 27 0600  -19.2  971.5    7.1  119.0   73.0  444.0
2018 117  4 27 0900  -18.7  970.5    8.6  134.0   69.7  444.0
2018 117  4 27 1200  -17.9  969.4    9.2  134.0   70.0  444.0
2018 117  4 27 1500  -17.2  968.4    7.2  105.0   71.8  444.0
2018 117  4 27 1800  -17.4  967.8    9.8  127.0   71.0  444.0
2018 117  4 27 2100  -17.3  967.3   10.7  120.0   74.1  444.0
2018 118  4 28 0000  -16.9  967.0   10.5  119.0   73.0  444.0
2018 118  4 28 0300  -18.1  966.3    7.2  115.0   70.0  444.0
2018 118  4 28 0600  -20.3  965.2    3.7  120.0   68.8  444.0
2018 118  4 28 0900  -22.9  964.0    4.1  165.0   67.0  444.0
2018 118  4 28 1200  -20.0  962.8    3.8  159.0   59.0  444.0
2018 118  4 28 1500  -17.2  960.7   11.9  125.0   73.0  444.0
2018 118  4 28 1800  -17.6  961.3   11.5  110.0   78.4  444.0
2018 118  4 28 2100  -16.5  960.9    8.6  117.0   73.0  444.0
2018 119  4 29 0000  -19.5  960.0    8.2  125.0   67.1  444.0
2018 119  4 29 0300  -18.3  960.1   10.5  134.0   65.0  444.0
2018 119  4 29 0600  -19.9  960.1   11.3  138.0   70.0  444.0
2018 119  4 29 0900  -18.4  960.0   13.1  128.0   74.0  444.0
2018 119  4 29 1200  -25.7  962.5    8.0  129.0   70.3  444.0
2018 119  4 29 1500  -27.9  964.3    9.3   74.0   70.0  444.0
2018 119  4 29 1800  -24.8  967.0    2.0   63.0   71.0  444.0
2018 119  4 29 2100  -20.5  967.0    4.8  118.0   74.0  444.0
2018 120  4 30 0000  -17.3  967.3   10.5  116.0   69.0  444.0
2018 120  4 30 0300  -17.3  967.6   11.6  132.0   70.7  444.0
2018 120  4 30 0600  -18.1  967.7    8.2  133.0   68.0  444.0
2018 120  4 30 0900  -17.3  968.4    9.5  123.0   68.0  444.0
2018 120  4 30 1200  -15.3  968.5   13.5  122.0   80.0  444.0
2018 120  4 30 1500  -15.4  969.4   12.0  125.0   80.8  444.0
2018 120  4 30 1800  -15.3  969.9   12.4  127.0   80.8  444.0
2018 120  4 30 2100  -16.3  970.6   12.9  119.0   78.0  444.0
