Year: 2018  Month: 01  ID: SAB  ARGOS:  8915  Name: Sabrina             
Lat: 84.25S  Lon: 170.05W  Elev:   88m
2018   1  1  1 0000   -3.6  976.4    8.1  132.0   63.8  444.0
2018   1  1  1 0300   -3.2  975.8    7.9  127.0   64.0  444.0
2018   1  1  1 0600   -3.4  975.4    8.6  128.0   64.0  444.0
2018   1  1  1 0900   -4.3  975.6    6.5  138.0   68.0  444.0
2018   1  1  1 1200   -4.9  975.8    6.6  146.0   66.0  444.0
2018   1  1  1 1500   -5.3  975.8    6.0  152.0   64.0  444.0
2018   1  1  1 1800   -4.5  975.8    6.9  140.0   64.0  444.0
2018   1  1  1 2100   -2.9  976.3    7.2  143.0   53.8  444.0
2018   2  1  2 0000   -2.6  976.3    9.1  149.0   59.0  444.0
2018   2  1  2 0300   -3.9  976.7   10.2  135.0   71.0  444.0
2018   2  1  2 0600   -4.0  977.6    9.6  129.0   78.3  444.0
2018   2  1  2 0900   -5.1  979.5    4.8  116.0   82.9  444.0
2018   2  1  2 1200   -7.5  981.2    5.5  101.0   76.0  444.0
2018   2  1  2 1500   -7.9  981.9    6.3   87.0   73.0  444.0
2018   2  1  2 1800   -7.4  983.3    3.3   91.0   69.0  444.0
2018   2  1  2 2100   -6.8  984.4    3.8  103.0   68.0  444.0
2018   3  1  3 0000   -5.3  984.7    1.7  121.0   63.3  444.0
2018   3  1  3 0300   -3.3  984.2    1.1  152.0   63.0  444.0
2018   3  1  3 0600   -3.6  984.4    3.0  189.0   63.0  444.0
2018   3  1  3 0900   -4.2  984.4    3.8  154.0   74.0  444.0
2018   3  1  3 1200   -4.7  984.2    4.0  155.0   74.9  444.0
2018   3  1  3 1500   -4.5  983.3    5.1  159.0   67.0  444.0
2018   3  1  3 1800   -4.7  982.3    4.8  161.0   70.0  444.0
2018   3  1  3 2100   -4.2  981.6    4.3  151.0   71.0  444.0
2018   4  1  4 0000   -3.4  980.2    4.2  168.0   65.0  444.0
2018   4  1  4 0300   -2.7  978.3    2.3  135.0   69.8  444.0
2018   4  1  4 0600  444.0  976.8    0.0  154.0   54.0  444.0
2018   4  1  4 0900  444.0  975.8    0.5  211.0   57.0  444.0
2018   4  1  4 1200   -5.4  975.8    1.1  110.0   86.0  444.0
2018   4  1  4 1500   -6.6  975.6    0.9  107.0   75.5  444.0
2018   4  1  4 1800   -5.6  976.0    0.9  128.0   76.0  444.0
2018   4  1  4 2100   -5.5  977.1    1.8  140.0   77.0  444.0
2018   5  1  5 0000   -4.8  979.0    2.8  131.0   79.0  444.0
2018   5  1  5 0300   -4.0  979.9    3.6  141.0   77.0  444.0
2018   5  1  5 0600   -4.3  980.8    2.5  165.0   75.5  444.0
2018   5  1  5 0900   -3.8  981.3    2.2  164.0   70.0  444.0
2018   5  1  5 1200   -5.0  981.8    2.9  182.0   71.0  444.0
2018   5  1  5 1500   -5.8  981.8    3.5  176.0   64.0  444.0
2018   5  1  5 1800   -5.0  981.6    3.6  158.0   66.5  444.0
2018   5  1  5 2100   -3.9  981.6    4.7  142.0   65.0  444.0
2018   6  1  6 0000   -4.0  981.3    6.1  124.0   70.0  444.0
2018   6  1  6 0300   -6.7  981.5    5.3  100.0   82.0  444.0
2018   6  1  6 0600   -6.8  981.0    5.2  118.0   81.0  444.0
2018   6  1  6 0900   -6.6  980.2    5.5  127.0   83.0  444.0
2018   6  1  6 1200   -7.3  979.5    3.5  161.0   80.0  444.0
2018   6  1  6 1500   -6.7  978.0    4.9  120.0   77.0  444.0
2018   6  1  6 1800   -5.4  977.2    7.7  120.0   71.0  444.0
2018   6  1  6 2100   -4.7  976.7    4.8  129.0   71.6  444.0
2018   7  1  7 0000   -3.5  975.9    2.7  180.0   62.0  444.0
2018   7  1  7 0300   -2.3  975.4    2.6  201.0   62.0  444.0
2018   7  1  7 0600   -2.0  975.4    3.4  191.0   53.4  444.0
2018   7  1  7 0900   -3.3  975.8    2.7  191.0   57.0  444.0
2018   7  1  7 1200   -4.5  976.9    3.2  177.0   68.0  444.0
2018   7  1  7 1500   -4.1  977.6    5.7  139.0   70.0  444.0
2018   7  1  7 1800   -4.1  979.4    8.4  122.0   72.0  444.0
2018   7  1  7 2100   -3.5  981.3    7.8  106.0   72.0  444.0
2018   8  1  8 0000   -2.0  983.4    5.7  121.0   70.0  444.0
2018   8  1  8 0300   -2.4  985.2    4.8  115.0   75.0  444.0
2018   8  1  8 0600   -3.7  987.3    5.6  106.0   80.7  444.0
2018   8  1  8 0900   -5.4  989.4    1.8   92.0   79.3  444.0
2018   8  1  8 1200   -6.2  991.2    3.8  101.0   84.0  444.0
2018   8  1  8 1500   -7.2  992.4    5.0  106.0   84.4  444.0
2018   8  1  8 1800   -6.1  993.3    3.8  128.0   80.0  444.0
2018   8  1  8 2100   -6.0  993.8    4.3  102.0   74.0  444.0
2018   9  1  9 0000   -5.0  994.0    1.3  130.0   72.0  444.0
2018   9  1  9 0300  444.0  993.0    0.3  189.0   68.0  444.0
2018   9  1  9 0600   -4.7  992.7    0.9  148.0   73.0  444.0
2018   9  1  9 0900   -5.9  992.2    1.4   94.0   78.9  444.0
2018   9  1  9 1200   -7.4  992.2    1.6   82.0   85.0  444.0
2018   9  1  9 1500   -6.7  991.1    3.4  124.0   83.0  444.0
2018   9  1  9 1800   -7.1  989.9    4.1  141.0   85.0  444.0
2018   9  1  9 2100   -6.3  988.8    3.1  124.0   81.0  444.0
2018  10  1 10 0000   -6.6  987.3    2.7  158.0   79.0  444.0
2018  10  1 10 0300   -6.8  985.2    1.3  194.0   74.0  444.0
2018  10  1 10 0600   -7.9  984.1    1.7  246.0   95.0  444.0
2018  10  1 10 0900   -8.9  982.8    1.8  249.0   91.0  444.0
2018  10  1 10 1200   -9.4  981.1    0.2  295.0   85.8  444.0
2018  10  1 10 1500  -10.5  980.0    0.4  306.0   82.0  444.0
2018  10  1 10 1800   -9.9  978.7    0.8  231.0   78.5  444.0
2018  10  1 10 2100   -8.1  977.7    2.2  169.0   74.0  444.0
2018  11  1 11 0000   -6.0  976.8    4.4  139.0   75.0  444.0
2018  11  1 11 0300   -5.7  976.1    5.6  125.0   73.5  444.0
2018  11  1 11 0600   -5.4  975.4    4.0  132.0   70.0  444.0
2018  11  1 11 0900   -5.6  975.1    6.2  123.0   69.0  444.0
2018  11  1 11 1200   -6.3  975.3    5.4  118.0   74.0  444.0
2018  11  1 11 1500   -5.2  974.8    8.3  118.0   62.9  444.0
2018  11  1 11 1800   -5.6  975.3    8.9  126.0   68.0  444.0
2018  11  1 11 2100   -5.5  975.6    8.9  124.0   70.0  444.0
2018  12  1 12 0000   -5.5  976.1    9.6  127.0   68.0  444.0
2018  12  1 12 0300   -4.6  976.5    6.9  109.0   67.5  444.0
2018  12  1 12 0600   -3.8  976.6    7.3  126.0   69.0  444.0
2018  12  1 12 0900   -4.3  977.5    7.1  123.0   67.0  444.0
2018  12  1 12 1200   -5.1  977.7    8.8  128.0   69.4  444.0
2018  12  1 12 1500   -6.1  978.2    7.6  134.0   69.0  444.0
2018  12  1 12 1800   -6.0  978.9    7.0  134.0   68.0  444.0
2018  12  1 12 2100   -5.3  979.2    9.3  126.0   67.0  444.0
2018  13  1 13 0000   -4.8  980.1    8.8  121.0   69.8  444.0
2018  13  1 13 0300   -5.7  980.3   10.1  112.0   73.0  444.0
2018  13  1 13 0600   -5.9  982.0    2.7  120.0   75.0  444.0
2018  13  1 13 0900   -6.7  982.4    2.3  206.0   72.3  444.0
2018  13  1 13 1200   -7.0  982.9    1.5  248.0   80.0  444.0
2018  13  1 13 1500   -7.3  982.8    1.4  181.0   61.1  444.0
2018  13  1 13 1800   -6.1  982.8    1.1  142.0   71.0  444.0
2018  13  1 13 2100  444.0  982.6    0.0    0.0   71.0  444.0
2018  14  1 14 0000   -4.4  982.2    1.6  280.0   73.0  444.0
2018  14  1 14 0300   -3.3  980.7    1.5  261.0   73.8  444.0
2018  14  1 14 0600   -4.6  979.8    1.0  286.0   76.0  444.0
2018  14  1 14 0900   -6.0  978.9    1.2  124.0   82.0  444.0
2018  14  1 14 1200   -7.3  978.0    0.6   64.0   80.0  444.0
2018  14  1 14 1500   -7.3  976.9    1.2  358.0   88.0  444.0
2018  14  1 14 1800   -5.9  975.9    1.1  287.0   82.9  444.0
2018  14  1 14 2100   -5.7  975.0    1.9  241.0   81.0  444.0
2018  15  1 15 0000   -5.9  974.2    2.4  225.0   84.0  444.0
2018  15  1 15 0300   -5.9  972.9    2.0  229.0   85.0  444.0
2018  15  1 15 0600   -5.5  971.2    1.7  180.0   77.8  444.0
2018  15  1 15 0900  444.0  969.9    0.0  122.0   74.0  444.0
2018  15  1 15 1200   -6.6  969.1    1.2   35.0   84.1  444.0
2018  15  1 15 1500   -7.7  967.6    1.3  276.0   81.0  444.0
2018  15  1 15 1800   -8.5  966.5    1.9  314.0   78.0  444.0
2018  15  1 15 2100   -9.1  966.2    3.6  294.0   78.3  444.0
2018  16  1 16 0000   -9.0  965.8    4.4  297.0   77.0  444.0
2018  16  1 16 0300   -9.9  966.2    3.5  282.0   87.0  444.0
2018  16  1 16 0600   -9.6  966.3    2.9  248.0   86.0  444.0
2018  16  1 16 0900   -9.3  966.8    3.2  214.0   87.0  444.0
2018  16  1 16 1200   -8.7  967.5    2.4  218.0   88.0  444.0
2018  16  1 16 1500   -8.3  967.5    3.6  249.0   80.0  444.0
2018  16  1 16 1800   -9.5  967.0    5.2  255.0   83.0  444.0
2018  16  1 16 2100   -7.3  967.3    6.9  139.0   82.0  444.0
2018  17  1 17 0000   -7.6  967.9    8.4  130.0   78.0  444.0
2018  17  1 17 0300   -7.1  967.8    3.8  112.0   81.7  444.0
2018  17  1 17 0600   -6.3  967.5    1.5  190.0   75.6  444.0
2018  17  1 17 0900   -6.5  967.1    2.4  169.0   72.0  444.0
2018  17  1 17 1200   -5.3  966.5    8.1  135.0   80.0  444.0
2018  17  1 17 1500   -6.0  966.2   10.3  129.0   73.0  444.0
2018  17  1 17 1800   -6.4  965.5    9.3  117.0   73.0  444.0
2018  17  1 17 2100   -6.2  966.2    9.1  127.0   73.3  444.0
2018  18  1 18 0000   -6.0  966.0   10.7  123.0   73.0  444.0
2018  18  1 18 0300   -5.2  966.0   10.1  121.0   72.0  444.0
2018  18  1 18 0600   -5.5  966.3    9.3  125.0   72.0  444.0
2018  18  1 18 0900   -6.1  966.2   10.1  129.0   69.8  444.0
2018  18  1 18 1200   -6.8  966.7   10.6  126.0   71.0  444.0
2018  18  1 18 1500   -7.6  966.8    9.4  125.0   71.0  444.0
2018  18  1 18 1800   -7.5  967.2   11.4  129.0   70.0  444.0
2018  18  1 18 2100   -6.9  967.8   10.8  128.0   65.6  444.0
2018  19  1 19 0000   -6.6  968.5    7.7  132.0   69.0  444.0
2018  19  1 19 0300   -5.9  967.8    8.4  142.0   63.0  444.0
2018  19  1 19 0600   -6.4  967.5    9.0  143.0   63.0  444.0
2018  19  1 19 0900   -6.3  966.8    9.2  135.0   63.8  444.0
2018  19  1 19 1200   -6.9  966.8    9.0  135.0   69.7  444.0
2018  19  1 19 1500   -5.7  966.2   12.7  133.0   67.0  444.0
2018  19  1 19 1800   -5.4  965.8   12.6  135.0   72.0  444.0
2018  19  1 19 2100   -4.0  965.2   12.3  136.0   69.0  444.0
2018  20  1 20 0000   -3.4  964.4   12.3  132.0   69.2  444.0
2018  20  1 20 0300   -2.6  963.3   11.4  137.0   67.0  444.0
2018  20  1 20 0600   -3.0  962.4   12.4  125.0   74.5  444.0
2018  20  1 20 0900   -3.1  961.5   19.2  142.0   97.0  444.0
2018  20  1 20 1200   -2.9  963.4   18.7  135.0   97.0  444.0
2018  20  1 20 1500   -3.0  964.7   17.2  129.0   87.0  444.0
2018  20  1 20 1800   -3.2  966.8   14.6  129.0   85.0  444.0
2018  20  1 20 2100   -2.7  967.6   14.5  124.0   82.0  444.0
2018  21  1 21 0000   -2.7  968.1   12.4  119.0   83.0  444.0
2018  21  1 21 0300   -2.2  967.6   11.7  132.0   79.6  444.0
2018  21  1 21 0600   -2.5  967.5   12.5  135.0   85.0  444.0
2018  21  1 21 0900   -2.7  968.3   10.7  122.0   84.0  444.0
2018  21  1 21 1200   -2.9  968.8   11.9  132.0   84.0  444.0
2018  21  1 21 1500   -3.1  969.3   12.0  131.0   82.5  444.0
2018  21  1 21 1800   -3.3  970.6   10.0  122.0   82.0  444.0
2018  21  1 21 2100   -3.4  971.7   10.1  122.0   80.0  444.0
2018  22  1 22 0000   -3.3  973.5    8.6  116.0   80.0  444.0
2018  22  1 22 0300   -3.2  974.1    7.5  112.0   79.0  444.0
2018  22  1 22 0600   -3.3  974.3    6.7  112.0   75.5  444.0
2018  22  1 22 0900   -3.9  974.8    9.8  126.0   76.0  444.0
2018  22  1 22 1200   -5.4  975.6   11.1  137.0   78.0  444.0
2018  22  1 22 1500   -6.0  976.1    9.5  130.0   76.0  444.0
2018  22  1 22 1800   -5.6  976.1    8.7  124.0   72.0  444.0
2018  22  1 22 2100   -5.4  976.6    9.2  123.0   72.0  444.0
2018  23  1 23 0000   -5.0  977.1    7.5  123.0   71.0  444.0
2018  23  1 23 0300   -4.5  976.4    6.9  132.0   70.9  444.0
2018  23  1 23 0600   -6.1  976.9    4.4  128.0   73.0  444.0
2018  23  1 23 0900   -6.3  976.6    5.0  127.0   71.0  444.0
2018  23  1 23 1200   -6.8  976.6    4.9  127.0   72.0  444.0
2018  23  1 23 1500   -7.0  976.6    3.9  140.0   69.8  444.0
2018  23  1 23 1800   -6.3  976.6    6.5  134.0   68.0  444.0
2018  23  1 23 2100   -5.8  976.4    6.8  125.0   67.0  444.0
2018  24  1 24 0000   -5.2  976.4    7.0  130.0   65.5  444.0
2018  24  1 24 0300   -4.9  975.5    6.8  119.0   65.0  444.0
2018  24  1 24 0600   -5.4  975.6    4.6  128.0   68.3  444.0
2018  24  1 24 0900   -6.5  975.6    4.0  124.0   72.0  444.0
2018  24  1 24 1200   -7.1  976.1    4.9  128.0   71.0  444.0
2018  24  1 24 1500   -7.0  975.9    7.6  122.0   63.0  444.0
2018  24  1 24 1800   -7.2  976.8    7.7  128.0   64.5  444.0
2018  24  1 24 2100   -6.8  977.6    6.9  129.0   63.0  444.0
2018  25  1 25 0000   -6.4  978.5    8.4  127.0   61.0  444.0
2018  25  1 25 0300   -6.2  978.5    7.7  130.0   62.0  444.0
2018  25  1 25 0600   -6.2  979.2    5.9  131.0   63.1  444.0
2018  25  1 25 0900   -7.3  980.2    3.6  139.0   67.0  444.0
2018  25  1 25 1200   -8.1  981.1    4.4  145.0   66.0  444.0
2018  25  1 25 1500   -8.6  981.6    3.8  147.0   63.0  444.0
2018  25  1 25 1800   -7.6  982.3    5.8  129.0   58.0  444.0
2018  25  1 25 2100   -7.1  982.4    6.5  134.0   60.7  444.0
2018  26  1 26 0000   -7.2  982.6    5.9  126.0   61.0  444.0
2018  26  1 26 0300   -6.5  981.8    5.1  135.0   60.7  444.0
2018  26  1 26 0600   -6.7  981.3    2.1  220.0   63.0  444.0
2018  26  1 26 0900   -7.5  980.7    3.0  234.0   67.4  444.0
2018  26  1 26 1200   -8.1  980.0    2.8  238.0   63.0  444.0
2018  26  1 26 1500   -7.9  979.2    1.2  220.0   58.0  444.0
2018  26  1 26 1800   -9.3  979.2    2.1   56.0   65.0  444.0
2018  26  1 26 2100   -9.2  979.8    1.8  199.0   59.0  444.0
2018  27  1 27 0000   -7.3  979.8    3.1  148.0   65.2  444.0
2018  27  1 27 0300   -7.2  979.7    1.2  179.0   50.0  444.0
2018  27  1 27 0600   -7.8  980.3    2.7  178.0   57.0  444.0
2018  27  1 27 0900   -8.8  980.7    3.6  221.0   65.0  444.0
2018  27  1 27 1200   -9.4  981.1    4.0  245.0   65.0  444.0
2018  27  1 27 1500  -10.1  981.0    5.9  258.0   62.0  444.0
2018  27  1 27 1800   -9.7  982.3    2.0  238.0   64.0  444.0
2018  27  1 27 2100  -10.3  983.0    2.0  215.0   68.7  444.0
2018  28  1 28 0000   -7.9  983.7    2.0  200.0   64.0  444.0
2018  28  1 28 0300   -7.0  984.4    1.7  196.0   65.0  444.0
2018  28  1 28 0600   -6.6  984.7    1.8  193.0   64.0  444.0
2018  28  1 28 0900   -7.1  985.1    3.3  199.0   65.9  444.0
2018  28  1 28 1200   -7.0  985.7    3.9  176.0   63.0  444.0
2018  28  1 28 1500   -6.6  985.2    6.8  134.0   57.0  444.0
2018  28  1 28 1800   -8.4  985.3    3.8  180.0   59.0  444.0
2018  28  1 28 2100   -7.2  985.0    2.7  154.0   57.0  444.0
2018  29  1 29 0000   -6.6  984.2    1.6  149.0   56.0  444.0
2018  29  1 29 0300   -6.2  982.9    0.6  148.0   56.0  444.0
2018  29  1 29 0600   -7.9  981.5    1.8  359.0   64.0  444.0
2018  29  1 29 0900  -10.6  980.5    2.1  354.0   71.0  444.0
2018  29  1 29 1200  -11.4  979.7    3.8  313.0   77.0  444.0
2018  29  1 29 1500  -10.6  978.9    0.4   15.0   72.0  444.0
2018  29  1 29 1800  444.0  978.1    0.1  323.0   64.0  444.0
2018  29  1 29 2100  444.0  978.0    0.0    0.0   59.0  444.0
2018  30  1 30 0000  -10.8  977.9    1.7  103.0   73.0  444.0
2018  30  1 30 0300   -9.9  977.2    1.0  121.0   68.1  444.0
2018  30  1 30 0600  -11.1  977.1    1.6  161.0   67.0  444.0
2018  30  1 30 0900  -11.4  977.1    0.0    0.0   68.0  444.0
2018  30  1 30 1200  -13.2  977.2    1.9  205.0   75.0  444.0
2018  30  1 30 1500  -13.6  977.4    2.0  202.0   64.0  444.0
2018  30  1 30 1800  -12.3  977.5    2.5  221.0   64.0  444.0
2018  30  1 30 2100  -10.0  977.6    4.4  232.0   60.4  444.0
2018  31  1 31 0000   -9.3  979.2    4.2  155.0   65.0  444.0
2018  31  1 31 0300   -8.4  978.9    4.0  150.0   59.4  444.0
2018  31  1 31 0600   -9.3  979.3    6.2  137.0   63.9  444.0
2018  31  1 31 0900  -10.4  980.0    4.6  158.0   66.0  444.0
2018  31  1 31 1200   -9.5  980.1    7.4  134.0   62.0  444.0
2018  31  1 31 1500  -10.9  980.8    5.4  104.0   75.0  444.0
2018  31  1 31 1800  -11.1  981.9    3.8  165.0   62.0  444.0
2018  31  1 31 2100  -11.1  982.4    2.5  180.0   62.0  444.0
