Year: 2018  Month: 11  ID: SAB  ARGOS:  8915  Name: Sabrina             
Lat: 84.25S  Lon: 170.05W  Elev:   88m
2018 305 11  1 0000  -17.7  969.3    1.9  179.0   47.0  444.0
2018 305 11  1 0300  -17.7  969.4    1.1  199.0   54.0  444.0
2018 305 11  1 0600  -18.5  969.4    1.1  196.0   54.0  444.0
2018 305 11  1 0900  -18.9  969.7    0.6  219.0   64.0  444.0
2018 305 11  1 1200  444.0  970.2    1.2  160.0   62.0  444.0
2018 305 11  1 1500  -16.6  970.4    0.2  151.0   66.0  444.0
2018 305 11  1 1800  -16.5  970.6    2.3  166.0   58.0  444.0
2018 305 11  1 2100  -16.8  971.3    1.9  169.0   65.0  444.0
2018 306 11  2 0000  -14.9  971.5    2.1  191.0   60.0  444.0
2018 306 11  2 0300  -16.2  971.7    1.9  199.0   55.0  444.0
2018 306 11  2 0600  -16.7  971.7    2.9  180.0   58.8  444.0
2018 306 11  2 0900  -17.5  972.0    3.2  196.0   71.1  444.0
2018 306 11  2 1200  -16.9  971.9    3.3  191.0   61.0  444.0
2018 306 11  2 1500  -19.1  972.0    3.0  184.0   70.6  444.0
2018 306 11  2 1800  -15.6  972.3    5.8  158.0   68.0  444.0
2018 306 11  2 2100  -15.0  972.7    5.3  122.0   72.0  444.0
2018 307 11  3 0000  -15.0  972.2    9.8  131.0   71.0  444.0
2018 307 11  3 0300  -14.0  971.5    5.8  129.0   74.0  444.0
2018 307 11  3 0600  -13.0  970.9    4.4  142.0   67.0  444.0
2018 307 11  3 0900  -13.1  969.9    8.1  119.0   66.0  444.0
2018 307 11  3 1200  -16.1  970.4    8.5  111.0   72.0  444.0
2018 307 11  3 1500  -15.1  970.6    9.0  113.0   72.0  444.0
2018 307 11  3 1800  -13.0  970.6   10.5  119.0   73.0  444.0
2018 307 11  3 2100  -12.0  971.1   11.2  115.0   78.0  444.0
2018 308 11  4 0000  -10.9  970.9   13.4  123.0   82.0  444.0
2018 308 11  4 0300  -10.8  970.4   13.1  124.0   84.6  444.0
2018 308 11  4 0600  -10.4  970.4   13.0  122.0   87.0  444.0
2018 308 11  4 0900  -10.1  970.2   15.2  129.0   89.0  444.0
2018 308 11  4 1200  -10.2  970.4   12.5  129.0   91.0  444.0
2018 308 11  4 1500  -10.5  970.2   13.4  126.0   88.8  444.0
2018 308 11  4 1800  -10.8  970.6   11.6  123.0   83.0  444.0
2018 308 11  4 2100  -10.2  971.1   11.2  122.0   81.0  444.0
2018 309 11  5 0000  -10.1  971.3   11.5  128.0   79.0  444.0
2018 309 11  5 0300   -9.6  970.9   11.7  128.0   82.0  444.0
2018 309 11  5 0600   -9.8  970.5    9.4  136.0   70.9  444.0
2018 309 11  5 0900  -11.1  970.4    9.8  132.0   64.0  444.0
2018 309 11  5 1200   -9.0  969.5   13.6  139.0   77.0  444.0
2018 309 11  5 1500   -8.7  968.3   14.9  138.0   80.0  444.0
2018 309 11  5 1800   -9.8  967.5   14.9  131.0   68.5  444.0
2018 309 11  5 2100   -8.1  965.7   13.1  133.0   59.0  444.0
2018 310 11  6 0000   -9.1  964.9   16.9  132.0   78.0  444.0
2018 310 11  6 0300   -9.3  964.1   15.0  143.0   81.0  444.0
2018 310 11  6 0600   -9.3  964.7   16.3  139.0   87.0  444.0
2018 310 11  6 0900   -9.5  965.4   16.2  142.0   90.0  444.0
2018 310 11  6 1200   -9.8  966.4   15.3  144.0   89.4  444.0
2018 310 11  6 1500  -10.4  968.0   14.5  144.0   87.0  444.0
2018 310 11  6 1800   -9.9  969.0   14.7  138.0   84.0  444.0
2018 310 11  6 2100   -9.5  970.1   16.8  142.0   86.0  444.0
2018 311 11  7 0000   -9.5  971.2   15.6  139.0   86.0  444.0
2018 311 11  7 0300  -13.6  973.7   10.1  102.0   80.0  444.0
2018 311 11  7 0600  -13.1  975.0    8.7  116.0   80.0  444.0
2018 311 11  7 0900  -12.9  975.0   10.4  121.0   85.0  444.0
2018 311 11  7 1200  -11.8  974.3   10.4  129.0   86.0  444.0
2018 311 11  7 1500  -11.3  972.9    8.0  137.0   81.2  444.0
2018 311 11  7 1800  -10.5  970.9   10.0  128.0   72.0  444.0
2018 311 11  7 2100   -9.4  968.9    8.4  139.0   65.0  444.0
2018 312 11  8 0000   -7.8  967.1    8.8  134.0   67.0  444.0
2018 312 11  8 0300   -6.6  964.5    7.1  148.0   59.0  444.0
2018 312 11  8 0600   -8.5  963.0    4.6  146.0   64.5  444.0
2018 312 11  8 0900   -7.9  960.3   15.6  128.0   83.0  444.0
2018 312 11  8 1200   -7.3  958.8   15.8  133.0   83.0  444.0
2018 312 11  8 1500   -6.5  956.7   17.8  128.0   84.0  444.0
2018 312 11  8 1800   -5.7  955.9   17.1  133.0   80.1  444.0
2018 312 11  8 2100   -5.2  955.1   23.2  136.0   93.0  444.0
2018 313 11  9 0000   -4.9  955.1   25.0  139.0   98.0  444.0
2018 313 11  9 0300   -5.2  956.4   22.2  138.0   96.8  444.0
2018 313 11  9 0600   -5.7  958.0   19.2  140.0   97.0  444.0
2018 313 11  9 0900   -5.7  959.0   18.7  133.0   92.6  444.0
2018 313 11  9 1200   -5.6  959.7   18.6  133.0   90.0  444.0
2018 313 11  9 1500   -6.2  960.3   18.5  134.0   95.0  444.0
2018 313 11  9 1800   -6.8  961.2   18.4  129.0   83.0  444.0
2018 313 11  9 2100   -6.6  962.3   15.2  135.0   78.0  444.0
2018 314 11 10 0000   -4.8  961.8   16.2  141.0   79.2  444.0
2018 314 11 10 0300   -4.2  961.8   15.2  134.0   75.0  444.0
2018 314 11 10 0600   -5.0  961.9   16.6  134.0   75.4  444.0
2018 314 11 10 0900   -5.8  963.2   14.2  132.0   78.0  444.0
2018 314 11 10 1200   -6.1  963.9   13.7  127.0   72.2  444.0
2018 314 11 10 1500   -6.7  964.8   12.5  136.0   70.0  444.0
2018 314 11 10 1800   -7.3  964.7   13.4  141.0   73.0  444.0
2018 314 11 10 2100   -6.6  964.9   12.9  138.0   73.0  444.0
2018 315 11 11 0000   -6.5  964.9   11.5  131.0   69.0  444.0
2018 315 11 11 0300   -6.1  964.5   10.3  132.0   64.0  444.0
2018 315 11 11 0600   -7.8  964.9    6.2  139.0   71.0  444.0
2018 315 11 11 0900   -7.7  963.7    7.7  129.0   67.0  444.0
2018 315 11 11 1200   -8.2  963.1    6.4  129.0   68.0  444.0
2018 315 11 11 1500   -7.8  961.9    7.9  130.0   64.9  444.0
2018 315 11 11 1800   -8.6  961.3    5.1  134.0   63.0  444.0
2018 315 11 11 2100   -6.9  960.0    6.9  146.0   50.0  444.0
2018 316 11 12 0000   -7.2  959.2    4.2  160.0   57.0  444.0
2018 316 11 12 0300   -7.1  958.4    3.7  158.0   58.8  444.0
2018 316 11 12 0600   -7.3  957.9    7.6  144.0   56.0  444.0
2018 316 11 12 0900   -9.2  957.9    7.3  145.0   59.0  444.0
2018 316 11 12 1200  -10.1  958.0    7.2  149.0   59.1  444.0
2018 316 11 12 1500   -9.5  957.9    9.6  144.0   48.5  444.0
2018 316 11 12 1800  -10.6  958.6    8.0  143.0   54.0  444.0
2018 316 11 12 2100   -9.5  959.0    9.8  139.0   51.0  444.0
2018 317 11 13 0000   -9.5  959.3    9.4  143.0   54.0  444.0
2018 317 11 13 0300   -9.4  959.7    9.5  132.0   55.0  444.0
2018 317 11 13 0600   -9.6  960.5    8.8  136.0   58.0  444.0
2018 317 11 13 0900  -10.7  961.4   11.9  144.0   63.0  444.0
2018 317 11 13 1200  -12.0  962.7   11.0  143.0   64.0  444.0
2018 317 11 13 1500  -12.3  963.2   12.0  141.0   60.0  444.0
2018 317 11 13 1800  -12.1  964.0   10.7  134.0   58.0  444.0
2018 317 11 13 2100  -11.2  964.5    9.1  144.0   57.0  444.0
2018 318 11 14 0000  -10.5  964.6    8.3  152.0   55.0  444.0
2018 318 11 14 0300  -11.1  965.1    7.2  145.0   54.0  444.0
2018 318 11 14 0600  -11.3  965.3    3.4  164.0   54.0  444.0
2018 318 11 14 0900  -12.1  965.5    3.9  208.0   55.0  444.0
2018 318 11 14 1200  -11.8  965.7    8.1  143.0   59.2  444.0
2018 318 11 14 1500  -11.7  965.8    6.0  166.0   58.0  444.0
2018 318 11 14 1800  -10.6  965.8    5.5  161.0   51.0  444.0
2018 318 11 14 2100   -9.7  965.0    8.6  149.0   50.0  444.0
2018 319 11 15 0000   -9.1  965.5    8.9  129.0   58.2  444.0
2018 319 11 15 0300   -9.4  965.4    6.5  146.0   56.0  444.0
2018 319 11 15 0600   -9.6  965.4    5.7  165.0   54.0  444.0
2018 319 11 15 0900  -11.5  965.4    3.1  156.0   60.0  444.0
2018 319 11 15 1200  -11.2  965.2    3.3  188.0   51.0  444.0
2018 319 11 15 1500  -13.2  965.0    2.2  199.0   58.7  444.0
2018 319 11 15 1800  -10.8  965.2    4.0  166.0   45.0  444.0
2018 319 11 15 2100  -10.1  965.2    9.3  135.0   61.0  444.0
2018 320 11 16 0000   -9.8  965.7    9.1  144.0   59.4  444.0
2018 320 11 16 0300   -9.5  965.7    9.3  128.0   59.0  444.0
2018 320 11 16 0600   -9.9  966.2    4.6  145.0   63.0  444.0
2018 320 11 16 0900  -10.6  966.4    7.8  142.0   58.0  444.0
2018 320 11 16 1200  -12.1  967.1    5.3  161.0   61.0  444.0
2018 320 11 16 1500  -12.1  967.4    3.0  195.0   52.6  444.0
2018 320 11 16 1800  -12.1  967.6    3.8  220.0   58.0  444.0
2018 320 11 16 2100   -9.3  969.3    3.3  150.0   62.0  444.0
2018 321 11 17 0000   -8.5  970.2    8.1  154.0   61.0  444.0
2018 321 11 17 0300   -9.7  971.1    4.8  175.0   62.8  444.0
2018 321 11 17 0600  -11.1  972.1    7.4  134.0   67.0  444.0
2018 321 11 17 0900  -12.7  973.5    2.1  143.0   75.0  444.0
2018 321 11 17 1200  -12.3  974.1    2.3  189.0   68.0  444.0
2018 321 11 17 1500  -12.5  974.3    0.4  275.0   67.7  444.0
2018 321 11 17 1800  -12.6  974.7    1.8  324.0   67.0  444.0
2018 321 11 17 2100  -11.1  975.9    1.6  154.0   64.0  444.0
2018 322 11 18 0000   -8.6  975.8    5.7  152.0   65.8  444.0
2018 322 11 18 0300   -9.0  975.9    3.7  192.0   61.0  444.0
2018 322 11 18 0600   -9.4  975.8    2.6  227.0   71.4  444.0
2018 322 11 18 0900  -11.4  975.8    2.5  216.0   77.0  444.0
2018 322 11 18 1200  -10.5  975.7    2.9  186.0   68.0  444.0
2018 322 11 18 1500  -11.8  974.3    2.4  187.0   68.0  444.0
2018 322 11 18 1800  -12.1  973.3    1.9  213.0   71.0  444.0
2018 322 11 18 2100  -10.3  971.8    0.5  209.0   58.0  444.0
2018 323 11 19 0000   -9.8  969.9    1.4  287.0   65.0  444.0
2018 323 11 19 0300  -10.1  967.8    3.2  278.0   59.0  444.0
2018 323 11 19 0600  -11.6  966.4    1.6  306.0   66.0  444.0
2018 323 11 19 0900  -14.0  965.4    2.1  296.0   73.9  444.0
2018 323 11 19 1200  -15.6  965.1    1.6  137.0   75.4  444.0
2018 323 11 19 1500  -14.5  964.7    3.7  131.0   61.0  444.0
2018 323 11 19 1800  -16.1  964.1    5.3  140.0   70.3  444.0
2018 323 11 19 2100  -15.7  964.0    5.0  120.0   70.0  444.0
2018 324 11 20 0000  -13.4  963.2    2.2  123.0   68.0  444.0
2018 324 11 20 0300  -14.4  962.1    6.3  139.0   68.0  444.0
2018 324 11 20 0600  -14.9  961.8    4.4  139.0   72.0  444.0
2018 324 11 20 0900  -15.5  961.1    2.3  182.0   63.0  444.0
2018 324 11 20 1200  -15.7  960.8    2.2  214.0   71.0  444.0
2018 324 11 20 1500  -14.6  960.8    9.2  130.0   60.8  444.0
2018 324 11 20 1800  -12.1  960.9    9.0  133.0   59.0  444.0
2018 324 11 20 2100  -12.3  961.4   14.6  128.0   72.0  444.0
2018 325 11 21 0000   -9.9  961.9   11.6  126.0   66.0  444.0
2018 325 11 21 0300   -5.6  960.6    9.3  134.0   60.4  444.0
2018 325 11 21 0600   -5.1  960.0   12.2  133.0   73.0  444.0
2018 325 11 21 0900   -5.4  960.8    9.8  137.0   72.3  444.0
2018 325 11 21 1200   -6.5  962.9   10.1  141.0   77.0  444.0
2018 325 11 21 1500   -8.3  964.9    7.7  138.0   72.5  444.0
2018 325 11 21 1800   -7.7  966.1   13.7  133.0   73.0  444.0
2018 325 11 21 2100   -7.0  968.0   11.3  135.0   67.0  444.0
2018 326 11 22 0000   -7.1  969.8    9.0  114.0   57.0  444.0
2018 326 11 22 0300   -8.4  972.5   10.5  128.0   61.0  444.0
2018 326 11 22 0600   -9.4  975.3   10.0  122.0   63.0  444.0
2018 326 11 22 0900   -9.4  975.6    6.3  111.0   57.0  444.0
2018 326 11 22 1200   -6.7  975.9    7.6  135.0   61.5  444.0
2018 326 11 22 1500   -7.1  975.6    8.5  133.0   58.0  444.0
2018 326 11 22 1800   -7.4  975.3    7.3  143.0   59.0  444.0
2018 326 11 22 2100   -6.2  975.1    6.4  140.0   59.0  444.0
2018 327 11 23 0000   -6.4  975.0    5.5  132.0   61.0  444.0
2018 327 11 23 0300   -6.2  974.0    5.4  140.0   65.0  444.0
2018 327 11 23 0600   -6.2  974.3    6.6  132.0   62.0  444.0
2018 327 11 23 0900   -6.1  974.8    8.1  147.0   60.0  444.0
2018 327 11 23 1200   -7.3  975.0    9.6  139.0   64.0  444.0
2018 327 11 23 1500   -7.6  974.8    7.0  140.0   56.2  444.0
2018 327 11 23 1800   -7.3  974.5    6.4  150.0   56.0  444.0
2018 327 11 23 2100   -6.6  974.0    3.3  162.0   55.0  444.0
2018 328 11 24 0000   -5.8  973.2    3.2  168.0   52.9  444.0
2018 328 11 24 0300   -5.3  971.6    1.0  194.0   47.5  444.0
2018 328 11 24 0600  444.0  971.0    0.0    0.0   60.0  444.0
2018 328 11 24 0900   -8.9  971.7    1.9  119.0   65.0  444.0
2018 328 11 24 1200   -9.5  972.8    3.4  129.0   63.2  444.0
2018 328 11 24 1500   -8.4  971.7    3.6  158.0   55.0  444.0
2018 328 11 24 1800   -7.5  969.8    5.6  245.0   55.0  444.0
2018 328 11 24 2100   -5.4  968.6    3.7  246.0   51.0  444.0
2018 329 11 25 0000   -4.1  968.5    5.4  125.0   52.0  444.0
2018 329 11 25 0300   -6.3  969.1   12.1  147.0   59.0  444.0
2018 329 11 25 0600   -7.5  969.8   12.7  147.0   69.9  444.0
2018 329 11 25 0900   -7.7  971.2   11.3  146.0   71.0  444.0
2018 329 11 25 1200   -7.9  972.1   11.0  144.0   70.0  444.0
2018 329 11 25 1500   -7.7  972.7   12.2  138.0   69.0  444.0
2018 329 11 25 1800   -7.2  973.8   11.3  137.0   65.0  444.0
2018 329 11 25 2100   -6.7  974.0    7.8  133.0   63.2  444.0
2018 330 11 26 0000   -5.9  974.0    8.0  136.0   60.0  444.0
2018 330 11 26 0300   -5.7  973.3    7.4  144.0   57.0  444.0
2018 330 11 26 0600   -6.3  973.3    6.0  153.0   55.5  444.0
2018 330 11 26 0900   -7.2  973.2    4.4  169.0   54.1  444.0
2018 330 11 26 1200   -8.4  972.4    1.9  174.0   54.0  444.0
2018 330 11 26 1500   -7.7  972.5    3.6  150.0   44.7  444.0
2018 330 11 26 1800   -8.1  972.7    5.0  170.0   48.0  444.0
2018 330 11 26 2100   -6.7  972.8    6.2  153.0   47.0  444.0
2018 331 11 27 0000   -5.3  973.4    8.0  137.0   53.5  444.0
2018 331 11 27 0300   -5.4  973.9    9.8  134.0   58.0  444.0
2018 331 11 27 0600   -5.3  975.0    7.5  156.0   55.2  444.0
2018 331 11 27 0900   -6.0  975.8    6.4  156.0   54.0  444.0
2018 331 11 27 1200   -6.9  976.4    7.0  139.0   57.3  444.0
2018 331 11 27 1500   -7.6  976.7    6.3  143.0   57.0  444.0
2018 331 11 27 1800   -7.3  977.4    4.0  158.0   55.7  444.0
2018 331 11 27 2100   -6.9  978.2    2.5  160.0   57.0  444.0
2018 332 11 28 0000   -6.2  978.7    1.2  187.0   48.0  444.0
2018 332 11 28 0300   -6.0  978.9    1.1  213.0   58.0  444.0
2018 332 11 28 0600   -7.0  979.3    1.5  284.0   69.8  444.0
2018 332 11 28 0900   -8.5  980.0    1.4  329.0   71.0  444.0
2018 332 11 28 1200  -10.9  980.2    2.4  352.0   72.0  444.0
2018 332 11 28 1500  -11.3  980.5    0.0    0.0   68.0  444.0
2018 332 11 28 1800  -11.4  981.3    2.5  351.0   73.0  444.0
2018 332 11 28 2100   -9.9  981.8    1.8  102.0   71.0  444.0
2018 333 11 29 0000   -9.8  981.9    2.2   55.0   70.0  444.0
2018 333 11 29 0300  -10.1  981.8    1.9   35.0   71.0  444.0
2018 333 11 29 0600   -9.8  981.6    0.2   34.0   68.0  444.0
2018 333 11 29 0900  -10.6  981.1    0.0    0.0   74.1  444.0
2018 333 11 29 1200  -11.9  980.5    0.8    1.0   78.0  444.0
2018 333 11 29 1500  -13.0  979.3    1.9  288.0   76.0  444.0
2018 333 11 29 1800  -11.6  977.7    2.7  276.0   73.0  444.0
2018 333 11 29 2100  -10.8  975.6    5.0  289.0   70.0  444.0
2018 334 11 30 0000  -10.2  973.3    6.5  288.0   68.0  444.0
2018 334 11 30 0300   -9.2  971.5    7.2  288.0   65.0  444.0
2018 334 11 30 0600   -9.7  971.5    6.3  286.0   67.0  444.0
2018 334 11 30 0900  -11.3  971.7    4.9  282.0   75.0  444.0
2018 334 11 30 1200  -11.4  972.3    2.6  238.0   77.0  444.0
2018 334 11 30 1500   -9.2  972.8    3.7  116.0   69.0  444.0
2018 334 11 30 1800   -9.6  972.5    1.8  176.0   57.0  444.0
2018 334 11 30 2100   -8.0  971.9    2.7  228.0   70.0  444.0
