Year: 2018  Month: 03  ID: SID  ARGOS: 30393  Name: Siple Dome          
Lat: 81.66S  Lon: 148.78W  Elev:  668m
2018  60  3  1 0000  -14.5  905.3    3.4  241.0   85.0  444.0
2018  60  3  1 0300  -13.5  905.5    2.2  212.0   83.0  444.0
2018  60  3  1 0600  -15.6  905.2    0.7  141.0   84.0  444.0
2018  60  3  1 0900  -16.1  905.2    0.8  290.0   83.5  444.0
2018  60  3  1 1200  -17.5  904.9    2.7  256.0   81.0  444.0
2018  60  3  1 1500  -18.2  904.2    2.8  215.0   83.0  444.0
2018  60  3  1 1800  -15.0  903.6    4.5  199.0   85.3  444.0
2018  60  3  1 2100  -13.3  902.8    3.4  217.0   86.0  444.0
2018  61  3  2 0000  -13.9  902.0    4.5  214.0   85.0  444.0
2018  61  3  2 0300  -15.3  900.9    5.1  214.0   85.0  444.0
2018  61  3  2 0600  -19.4  900.3    3.0  234.0   80.0  444.0
2018  61  3  2 0900  -18.7  899.9    1.1  214.0   80.0  444.0
2018  61  3  2 1200  -19.8  899.4    0.1  211.0   80.0  444.0
2018  61  3  2 1500  -19.6  898.7  444.0  444.0   79.0  444.0
2018  61  3  2 1800  -19.6  898.1  444.0  444.0   79.0  444.0
2018  61  3  2 2100  -21.4  897.5  444.0  444.0   77.5  444.0
2018  62  3  3 0000  -18.9  897.4    3.9  199.0   77.0  444.0
2018  62  3  3 0300  -19.3  896.9    3.6  224.0   79.0  444.0
2018  62  3  3 0600  -19.7  896.4    3.7  252.0   80.0  444.0
2018  62  3  3 0900  -21.5  895.8    3.3  273.0   79.0  444.0
2018  62  3  3 1200  -20.6  895.6    1.7  272.0   79.0  444.0
2018  62  3  3 1500  -19.2  895.2    4.0  302.0   80.0  444.0
2018  62  3  3 1800  -20.5  896.0    4.7    8.0   80.0  444.0
2018  62  3  3 2100  -20.7  896.9    4.4   36.0   78.8  444.0
2018  63  3  4 0000  -20.1  898.0    4.3   18.0   80.0  444.0
2018  63  3  4 0300  -22.0  899.4    4.5   39.0   78.0  444.0
2018  63  3  4 0600  -26.0  901.1    3.4   24.0   74.2  444.0
2018  63  3  4 0900  -26.0  903.4    1.5  358.0   74.0  444.0
2018  63  3  4 1200  -23.4  905.8    4.9  298.0   77.0  444.0
2018  63  3  4 1500  -22.8  908.4    4.8  294.0   77.0  444.0
2018  63  3  4 1800  -21.2  910.7    4.6  312.0   78.0  444.0
2018  63  3  4 2100  -19.8  912.8    5.1  303.0   79.0  444.0
2018  64  3  5 0000  -19.5  914.5    3.7  293.0   79.7  444.0
2018  64  3  5 0300  -19.2  915.1    3.3  236.0   80.0  444.0
2018  64  3  5 0600  -17.1  915.4    2.2  150.0   83.0  444.0
2018  64  3  5 0900  -17.4  915.7    3.1   88.0   83.0  444.0
2018  64  3  5 1200  -17.7  915.7    3.3   76.0   83.0  444.0
2018  64  3  5 1500  -17.4  915.3    3.5   67.0   80.9  444.0
2018  64  3  5 1800  -17.0  914.7    1.8   58.0   81.0  444.0
2018  64  3  5 2100  -16.7  913.7    2.1   87.0   82.0  444.0
2018  65  3  6 0000  -16.3  912.3    3.8  126.0   80.0  444.0
2018  65  3  6 0300  -19.9  910.5    4.0  145.0   79.8  444.0
2018  65  3  6 0600  -19.7  908.2    4.4  139.0   80.0  444.0
2018  65  3  6 0900  -19.3  905.9    5.7  140.0   80.0  444.0
2018  65  3  6 1200  -19.8  903.7    5.9  148.0   77.0  444.0
2018  65  3  6 1500  -19.3  900.9    6.3  141.0   69.4  444.0
2018  65  3  6 1800  -18.2  898.4    6.9  146.0   65.1  444.0
2018  65  3  6 2100  -17.6  896.0    6.2  144.0   63.0  444.0
2018  66  3  7 0000  -17.1  893.6    6.5  161.0   58.0  444.0
2018  66  3  7 0300  -18.1  890.9    6.0  163.0   64.0  444.0
2018  66  3  7 0600  -18.7  888.5    4.9  163.0   62.4  444.0
2018  66  3  7 0900  -20.3  886.3    4.9  173.0   60.0  444.0
2018  66  3  7 1200  -20.4  884.3    5.7  171.0   66.0  444.0
2018  66  3  7 1500  -18.6  882.7    4.5  167.0   59.0  444.0
2018  66  3  7 1800  -19.1  881.8    4.2  189.0   50.2  444.0
2018  66  3  7 2100  -18.2  881.7    4.2  170.0   48.0  444.0
2018  67  3  8 0000  -17.2  882.4    3.4  196.0   53.0  444.0
2018  67  3  8 0300  -16.8  883.1    2.9  191.0   52.0  444.0
2018  67  3  8 0600  -17.3  884.5    1.5  228.0   39.0  444.0
2018  67  3  8 0900  -17.3  886.3    3.4  262.0   39.0  444.0
2018  67  3  8 1200  -19.3  888.5    3.5  293.0   45.1  444.0
2018  67  3  8 1500  -21.3  890.5    3.2  286.0   81.0  444.0
2018  67  3  8 1800  -22.0  893.3    3.9  277.0   73.0  444.0
2018  67  3  8 2100  -22.2  895.4    5.0  259.0   71.0  444.0
2018  68  3  9 0000  -23.3  897.3    4.6  240.0   73.6  444.0
2018  68  3  9 0300  -25.1  898.5    3.7  240.0   73.0  444.0
2018  68  3  9 0600  -29.9  899.4    2.2  222.0   71.0  444.0
2018  68  3  9 0900  -29.0  899.6    3.3  177.0   72.0  444.0
2018  68  3  9 1200  -25.5  899.5    3.0  170.0   75.0  444.0
2018  68  3  9 1500  -26.3  898.5    3.9  160.0   74.0  444.0
2018  68  3  9 1800  -25.3  897.9    4.1  158.0   74.8  444.0
2018  68  3  9 2100  -25.1  897.1    3.9  165.0   74.0  444.0
2018  69  3 10 0000  -25.7  896.5    4.6  171.0   74.0  444.0
2018  69  3 10 0300  -27.1  895.7    3.4  173.0   73.0  444.0
2018  69  3 10 0600  -29.4  895.2    1.8  178.0   72.0  444.0
2018  69  3 10 0900  -32.0  894.6    1.6  171.0   70.0  444.0
2018  69  3 10 1200  444.0  894.6    1.1  166.0   76.0  444.0
2018  69  3 10 1500  444.0  894.6    0.3  172.0   77.0  444.0
2018  69  3 10 1800  444.0  894.7    0.5    4.0   77.0  444.0
2018  69  3 10 2100  444.0  895.1    0.1  264.0   78.3  444.0
2018  70  3 11 0000  444.0  896.3    0.3   30.0   78.0  444.0
2018  70  3 11 0300  -26.0  897.5    4.4   81.0   73.0  444.0
2018  70  3 11 0600  -23.5  898.8    4.6   89.0   76.0  444.0
2018  70  3 11 0900  -18.1  899.6    4.8  137.0   55.0  444.0
2018  70  3 11 1200  -20.1  899.4    4.5  163.0   77.2  444.0
2018  70  3 11 1500  -17.9  898.8    6.9  129.0   60.0  444.0
2018  70  3 11 1800  -24.1  898.2    5.0  134.0   65.0  444.0
2018  70  3 11 2100  -22.9  897.6    6.3  127.0   65.0  444.0
2018  71  3 12 0000  -22.0  897.6    9.6   92.0   72.9  444.0
2018  71  3 12 0300  -22.9  896.4    9.8  100.0   74.0  444.0
2018  71  3 12 0600  -30.1  896.5    8.8   86.0   71.0  444.0
2018  71  3 12 0900  -32.0  897.8   10.7   64.0   70.2  444.0
2018  71  3 12 1200  -31.4  900.0    9.2   71.0   71.0  444.0
2018  71  3 12 1500  -31.2  902.0    7.1   83.0   71.0  444.0
2018  71  3 12 1800  -23.8  903.5    4.4   75.0   75.0  444.0
2018  71  3 12 2100  -20.8  904.1    2.2   97.0   75.0  444.0
2018  72  3 13 0000  -22.8  903.9    5.7   87.0   73.0  444.0
2018  72  3 13 0300  -21.6  903.4    5.6  100.0   75.0  444.0
2018  72  3 13 0600  -15.8  903.1    4.7  128.0   75.0  444.0
2018  72  3 13 0900  -17.1  902.5    3.8  196.0   77.0  444.0
2018  72  3 13 1200  -19.4  901.7    5.5  212.0   80.3  444.0
2018  72  3 13 1500  -21.9  900.8    4.9  209.0   80.0  444.0
2018  72  3 13 1800  -17.2  900.5    4.9  224.0   72.0  444.0
2018  72  3 13 2100  -18.8  900.5    3.4  234.0   60.0  444.0
2018  73  3 14 0000  -16.5  900.6    2.9  227.0   48.0  444.0
2018  73  3 14 0300  -14.3  900.7    3.2  162.0   41.0  444.0
2018  73  3 14 0600  -16.4  900.9    1.5   59.0   48.0  444.0
2018  73  3 14 0900  -14.1  901.1    1.7  343.0   44.0  444.0
2018  73  3 14 1200  -16.2  901.0    2.2   40.0   48.0  444.0
2018  73  3 14 1500  -17.6  900.6    2.7   57.0   54.0  444.0
2018  73  3 14 1800  -16.6  899.7    4.6   70.0   52.0  444.0
2018  73  3 14 2100  -19.4  897.7    5.3  105.0   59.6  444.0
2018  74  3 15 0000  -19.2  894.8    6.0  105.0   61.0  444.0
2018  74  3 15 0300  -18.6  890.2    6.6  128.0   61.2  444.0
2018  74  3 15 0600  -19.2  885.0    6.8  148.0   75.0  444.0
2018  74  3 15 0900  -19.1  880.3    5.5  166.0   72.2  444.0
2018  74  3 15 1200  -20.2  876.4    5.3  184.0   74.0  444.0
2018  74  3 15 1500  -17.2  874.7    4.2  102.0   86.0  444.0
2018  74  3 15 1800  -18.8  874.5    3.8   41.0   82.0  444.0
2018  74  3 15 2100  -19.2  874.9    1.7   26.0   78.7  444.0
2018  75  3 16 0000  -22.2  876.3    2.0   37.0   76.0  444.0
2018  75  3 16 0300  -22.9  878.7    2.4   52.0   75.0  444.0
2018  75  3 16 0600  -18.9  880.9    2.8   39.0   80.1  444.0
2018  75  3 16 0900  -23.1  884.0    0.8   46.0   77.0  444.0
2018  75  3 16 1200  -25.8  888.0    0.3   16.0   76.0  444.0
2018  75  3 16 1500  -26.4  892.3  444.0  444.0   75.0  444.0
2018  75  3 16 1800  -26.4  895.2  444.0  444.0   74.0  444.0
2018  75  3 16 2100  -22.5  896.1  444.0  444.0   77.0  444.0
2018  76  3 17 0000  -17.3  893.3  444.0  444.0   82.0  444.0
2018  76  3 17 0300  -14.9  889.0    6.0   89.0   84.0  444.0
2018  76  3 17 0600  -12.2  886.2    3.2   83.0   92.0  444.0
2018  76  3 17 0900   -9.8  883.2    6.2   63.0   98.0  444.0
2018  76  3 17 1200   -8.1  880.7   14.9   39.0  100.0  444.0
2018  76  3 17 1500   -9.8  878.5   20.4   48.0   96.0  444.0
2018  76  3 17 1800  -10.8  879.9   18.3   29.0   93.0  444.0
2018  76  3 17 2100  -12.4  881.7   18.1   25.0   88.0  444.0
2018  77  3 18 0000  -14.8  883.7   16.0   22.0   84.0  444.0
2018  77  3 18 0300  -16.9  885.9   14.7   21.0   82.0  444.0
2018  77  3 18 0600  -16.1  888.7   15.9   12.0   83.0  444.0
2018  77  3 18 0900  -16.1  893.4   16.1   11.0   83.3  444.0
2018  77  3 18 1200  -17.1  896.2   13.1   11.0   83.0  444.0
2018  77  3 18 1500  -14.9  897.9   14.9    7.0   85.0  444.0
2018  77  3 18 1800  -16.3  900.4   12.0   32.0   83.0  444.0
2018  77  3 18 2100  -15.9  902.1   11.0   49.0   82.0  444.0
2018  78  3 19 0000  -14.8  902.8   12.0   34.0   84.0  444.0
2018  78  3 19 0300  -18.8  903.7    7.8   36.0   81.0  444.0
2018  78  3 19 0600  -19.6  906.3    5.3   45.0   81.0  444.0
2018  78  3 19 0900  -23.5  910.1    1.4  164.0   77.0  444.0
2018  78  3 19 1200  -23.4  912.9    2.2  190.0   76.0  444.0
2018  78  3 19 1500  444.0  914.6    1.2  130.0   79.0  444.0
2018  78  3 19 1800  -20.3  915.8    0.9   63.0   81.0  444.0
2018  78  3 19 2100  -22.9  915.1    1.2   71.0   74.2  444.0
2018  79  3 20 0000  444.0  914.2    0.5  115.0   75.0  444.0
2018  79  3 20 0300  -26.2  912.3  444.0  444.0   73.0  444.0
2018  79  3 20 0600  -21.2  910.8  444.0  444.0   78.0  444.0
2018  79  3 20 0900  -22.9  909.4  444.0  444.0   77.7  444.0
2018  79  3 20 1200  -24.7  907.6  444.0  444.0   76.0  444.0
2018  79  3 20 1500  -22.4  905.3  444.0  444.0   76.0  444.0
2018  79  3 20 1800  -22.0  902.1  444.0  444.0   77.0  444.0
2018  79  3 20 2100  -26.6  898.9  444.0  444.0   72.0  444.0
2018  80  3 21 0000  -24.1  896.5  444.0  444.0   71.7  444.0
2018  80  3 21 0300  -25.2  894.2  444.0  444.0   72.0  444.0
2018  80  3 21 0600  -24.0  892.7  444.0  444.0   76.0  444.0
2018  80  3 21 0900  -24.7  891.6  444.0  444.0   75.0  444.0
2018  80  3 21 1200  -21.5  890.5  444.0  444.0   79.0  444.0
2018  80  3 21 1500  -21.4  890.0  444.0  444.0   78.0  444.0
2018  80  3 21 1800  -20.3  889.5  444.0  444.0   79.0  444.0
2018  80  3 21 2100  -17.4  889.3  444.0  444.0   83.0  444.0
2018  81  3 22 0000  -15.9  889.1  444.0  444.0   86.0  444.0
2018  81  3 22 0300  -21.0  888.9  444.0  444.0   76.0  444.0
2018  81  3 22 0600  -19.5  888.9  444.0  444.0   47.9  444.0
2018  81  3 22 0900  -18.1  888.7  444.0  444.0   38.0  444.0
2018  81  3 22 1200  -20.5  888.0  444.0  444.0   47.0  444.0
2018  81  3 22 1500  -17.9  887.0  444.0  444.0   43.5  444.0
2018  81  3 22 1800  -18.2  886.2  444.0  444.0   58.0  444.0
2018  81  3 22 2100  -21.9  886.1  444.0  444.0   81.0  444.0
2018  82  3 23 0000  -20.0  886.4  444.0  444.0   66.0  444.0
2018  82  3 23 0300  -23.3  886.5  444.0  444.0   77.9  444.0
2018  82  3 23 0600  -21.9  886.9  444.0  444.0   77.0  444.0
2018  82  3 23 0900  -22.1  887.1  444.0  444.0   81.4  444.0
2018  82  3 23 1200  -20.8  888.1  444.0  444.0   74.0  444.0
2018  82  3 23 1500  -20.3  888.7  444.0  444.0   59.0  444.0
2018  82  3 23 1800  -18.3  888.7  444.0  444.0   52.0  444.0
2018  82  3 23 2100  -18.6  888.4  444.0  444.0   55.0  444.0
2018  83  3 24 0000  -21.6  887.9  444.0  444.0   59.0  444.0
2018  83  3 24 0300  -28.1  889.2   11.3  105.0   70.0  444.0
2018  83  3 24 0600  -26.5  892.0   14.0   99.0   73.0  444.0
2018  83  3 24 0900  -25.3  894.9   11.7   96.0   73.0  444.0
2018  83  3 24 1200  -25.5  896.7    9.9   99.0   71.0  444.0
2018  83  3 24 1500  -23.3  896.9   10.4   97.0   65.2  444.0
2018  83  3 24 1800  -22.6  897.4    6.4  102.0   58.0  444.0
2018  83  3 24 2100  -20.4  896.8    6.2  129.0   54.0  444.0
2018  84  3 25 0000  -21.8  895.8    8.8   99.0   63.0  444.0
2018  84  3 25 0300  -20.5  894.7    9.9  122.0   67.0  444.0
2018  84  3 25 0600  -21.8  893.4   11.6  109.0   69.0  444.0
2018  84  3 25 0900  -25.1  893.0    9.9  107.0   72.0  444.0
2018  84  3 25 1200  -25.7  893.6    7.3  105.0   67.0  444.0
2018  84  3 25 1500  -25.5  894.5    6.2  112.0   60.0  444.0
2018  84  3 25 1800  -24.1  894.8    5.8  124.0   53.6  444.0
2018  84  3 25 2100  -25.2  895.0    6.6  100.0   57.0  444.0
2018  85  3 26 0000  -21.7  895.8    5.7  112.0   54.6  444.0
2018  85  3 26 0300  -20.5  896.3    7.5  123.0   56.0  444.0
2018  85  3 26 0600  -19.3  896.8    6.0  117.0   55.7  444.0
2018  85  3 26 0900  -21.0  897.5    6.1  132.0   58.0  444.0
2018  85  3 26 1200  -21.0  898.0    7.1  119.0   61.0  444.0
2018  85  3 26 1500  -22.3  897.5    7.2  141.0   57.0  444.0
2018  85  3 26 1800  -23.9  897.5    6.7  147.0   60.6  444.0
2018  85  3 26 2100  -22.0  897.7    9.0  138.0   54.6  444.0
2018  86  3 27 0000  -23.8  897.7    9.6  140.0   59.0  444.0
2018  86  3 27 0300  -27.5  897.7    9.4  136.0   62.0  444.0
2018  86  3 27 0600  -30.4  898.0    7.5  140.0   68.8  444.0
2018  86  3 27 0900  -20.5  899.4    9.3  122.0   56.2  444.0
2018  86  3 27 1200  -19.7  900.7    7.5  122.0   55.0  444.0
2018  86  3 27 1500  -20.0  901.9    6.5  123.0   50.0  444.0
2018  86  3 27 1800  -22.2  902.5    8.1  154.0   55.0  444.0
2018  86  3 27 2100  -21.3  902.3    5.4  145.0   57.8  444.0
2018  87  3 28 0000  -19.5  904.1    9.1  107.0   60.0  444.0
2018  87  3 28 0300  -17.6  905.0    7.0  123.0   57.0  444.0
2018  87  3 28 0600  -19.2  905.7    5.6  134.0   63.0  444.0
2018  87  3 28 0900  -13.7  906.8    5.4  119.0   49.7  444.0
2018  87  3 28 1200  -11.8  906.8    3.4  135.0   39.6  444.0
2018  87  3 28 1500  -14.7  906.8    5.1  174.0   56.0  444.0
2018  87  3 28 1800  -19.7  906.5    5.3  158.0   63.0  444.0
2018  87  3 28 2100  -20.9  906.4    5.0  144.0   61.0  444.0
2018  88  3 29 0000  -20.5  906.9    6.3   97.0   60.8  444.0
2018  88  3 29 0300  -18.3  908.0    6.9  107.0   62.8  444.0
2018  88  3 29 0600  -16.1  908.2    5.1  130.0   63.0  444.0
2018  88  3 29 0900  -18.8  907.9    5.7  131.0   60.0  444.0
2018  88  3 29 1200  -18.3  907.4    6.1  127.0   61.2  444.0
2018  88  3 29 1500  -19.8  907.5    7.4  102.0   65.0  444.0
2018  88  3 29 1800  -17.5  908.3    6.1  103.0   61.0  444.0
2018  88  3 29 2100  -16.7  908.2    5.6  123.0   57.0  444.0
2018  89  3 30 0000  -15.9  907.3    4.9  123.0   55.0  444.0
2018  89  3 30 0300  -20.0  906.6    5.0  174.0   65.0  444.0
2018  89  3 30 0600  -20.7  905.5    6.1  165.0   64.0  444.0
2018  89  3 30 0900  -20.5  904.4    6.2  168.0   64.0  444.0
2018  89  3 30 1200  -18.4  903.7    6.1  133.0   60.0  444.0
2018  89  3 30 1500  -18.0  903.5    8.2  126.0   66.0  444.0
2018  89  3 30 1800  -17.1  904.0    7.5  135.0   58.6  444.0
2018  89  3 30 2100  -17.7  905.9    7.4  113.0   59.0  444.0
2018  90  3 31 0000  -19.5  908.0    6.4  113.0   63.0  444.0
2018  90  3 31 0300  -16.1  909.1    8.2  121.0   56.0  444.0
2018  90  3 31 0600  -19.2  909.6    5.6  124.0   59.0  444.0
2018  90  3 31 0900  -21.4  909.3    6.0  147.0   60.0  444.0
2018  90  3 31 1200  -23.2  909.6    8.1  115.0   63.7  444.0
2018  90  3 31 1500  -22.2  909.5    7.1  132.0   55.0  444.0
2018  90  3 31 1800  -23.4  910.0    6.1  111.0   65.0  444.0
2018  90  3 31 2100  -21.7  910.6    5.2   80.0   76.1  444.0
