Year: 2018  Month: 11  ID: SWT  ARGOS:  8913  Name: Schwerdtfeger       
Lat: 79.87S  Lon: 170.15E  Elev:   54m
2018 305 11  1 0000  -20.2  970.3    6.8  231.0   76.0  444.0
2018 305 11  1 0300  -19.4  971.1    7.2  222.0   76.0  444.0
2018 305 11  1 0600  -21.2  971.8    6.9  222.0   80.0  444.0
2018 305 11  1 0900  -22.2  973.1    5.2  226.0   79.0  444.0
2018 305 11  1 1200  -23.2  974.0    3.3  216.0   82.0  444.0
2018 305 11  1 1500  -22.4  974.4    3.7  173.0   82.0  444.0
2018 305 11  1 1800  -23.0  975.2    3.2  158.0   79.0  444.0
2018 305 11  1 2100  -20.8  975.6    5.0  169.0   78.0  444.0
2018 306 11  2 0000  -18.0  975.7    3.6  197.0   77.0  444.0
2018 306 11  2 0300  -16.5  975.5    5.2  169.0   76.0  444.0
2018 306 11  2 0600  -17.8  975.4    7.7  184.0   78.9  444.0
2018 306 11  2 0900  -20.9  975.7    3.5  182.0   80.0  444.0
2018 306 11  2 1200  -18.9  976.0    3.0  196.0   83.0  444.0
2018 306 11  2 1500  -18.4  975.9    2.5  196.0   82.5  444.0
2018 306 11  2 1800  -17.9  976.1    3.2  209.0   80.0  444.0
2018 306 11  2 2100  -16.8  976.8    3.4  213.0   75.0  444.0
2018 307 11  3 0000  -15.3  977.0    5.3  223.0   75.0  444.0
2018 307 11  3 0300  -15.9  976.9    6.9  237.0   81.0  444.0
2018 307 11  3 0600  -16.5  977.2    6.2  237.0   82.0  444.0
2018 307 11  3 0900  -17.8  976.8    5.8  245.0   83.0  444.0
2018 307 11  3 1200  -19.2  977.1    3.4  250.0   84.0  444.0
2018 307 11  3 1500  -19.8  977.1    3.1  244.0   82.0  444.0
2018 307 11  3 1800  -19.4  977.2    3.2  265.0   82.0  444.0
2018 307 11  3 2100  -18.8  977.9    5.2  265.0   79.0  444.0
2018 308 11  4 0000  -18.5  978.2    6.5  255.0   71.0  444.0
2018 308 11  4 0300  -18.4  977.5    7.5  269.0   74.5  444.0
2018 308 11  4 0600  -19.0  977.2    6.1  273.0   71.0  444.0
2018 308 11  4 0900  -20.2  976.8    6.9  282.0   68.0  444.0
2018 308 11  4 1200  -24.7  975.1    4.7  309.0   77.0  444.0
2018 308 11  4 1500  -19.0  972.5    9.0  290.0   83.0  444.0
2018 308 11  4 1800  -16.7  970.2   11.5  287.0   85.0  444.0
2018 308 11  4 2100  -16.6  969.4    5.5  221.0   82.0  444.0
2018 309 11  5 0000  -15.9  970.1    7.8  178.0   81.0  444.0
2018 309 11  5 0300  -18.6  971.3    6.0  175.0   77.0  444.0
2018 309 11  5 0600  -20.4  972.8    3.0  179.0   76.4  444.0
2018 309 11  5 0900  -24.5  974.2    3.4  183.0   78.0  444.0
2018 309 11  5 1200  -25.8  975.0    3.6  233.0   80.0  444.0
2018 309 11  5 1500  -20.6  975.3    5.0  265.0   80.0  444.0
2018 309 11  5 1800  -14.9  974.6    6.5  246.0   87.0  444.0
2018 309 11  5 2100  -13.5  974.8    5.8  223.0   81.0  444.0
2018 310 11  6 0000  -14.2  975.5    7.5  220.0   75.0  444.0
2018 310 11  6 0300  -14.7  975.1    5.8  242.0   70.0  444.0
2018 310 11  6 0600  -14.3  974.6    6.7  253.0   74.0  444.0
2018 310 11  6 0900  -15.8  975.1    2.6  236.0   73.0  444.0
2018 310 11  6 1200  -19.4  975.5    4.0  334.0   79.1  444.0
2018 310 11  6 1500  -22.6  975.9    3.4   11.0   81.0  444.0
2018 310 11  6 1800  -20.1  976.8    3.3  327.0   82.0  444.0
2018 310 11  6 2100  -19.2  977.7    2.2  284.0   69.7  444.0
2018 311 11  7 0000  -17.4  978.0    3.8  242.0   71.0  444.0
2018 311 11  7 0300  -16.4  977.9    5.2  264.0   70.4  444.0
2018 311 11  7 0600  -17.5  978.2    2.5  197.0   76.0  444.0
2018 311 11  7 0900  -19.9  976.9    5.8  256.0   77.0  444.0
2018 311 11  7 1200  -18.6  975.7    8.1  227.0   84.0  444.0
2018 311 11  7 1500  -15.6  974.4    8.6  206.0   86.4  444.0
2018 311 11  7 1800  -15.3  974.2    8.7  208.0   86.0  444.0
2018 311 11  7 2100  -14.3  973.5    9.2  197.0   84.0  444.0
2018 312 11  8 0000  -13.5  972.6    9.6  212.0   82.0  444.0
2018 312 11  8 0300  -11.8  971.0    7.6  214.0   81.0  444.0
2018 312 11  8 0600  -12.3  969.5    7.5  221.0   80.0  444.0
2018 312 11  8 0900  -11.1  967.7    8.9  219.0   75.0  444.0
2018 312 11  8 1200  -12.7  966.5    7.3  206.0   79.0  444.0
2018 312 11  8 1500  -15.9  964.7    7.0  230.0   73.7  444.0
2018 312 11  8 1800  -17.7  964.1    5.9  256.0   75.7  444.0
2018 312 11  8 2100  -16.3  962.2    8.7  247.0   75.0  444.0
2018 313 11  9 0000  -13.9  960.8   10.2  250.0   75.0  444.0
2018 313 11  9 0300  -12.0  959.7   10.1  233.0   78.6  444.0
2018 313 11  9 0600   -8.4  958.0   14.4  221.0   90.0  444.0
2018 313 11  9 0900   -8.7  957.3   11.6  231.0   93.0  444.0
2018 313 11  9 1200   -6.7  956.0    7.9  200.0   95.4  444.0
2018 313 11  9 1500   -9.6  958.1    6.1  168.0   90.0  444.0
2018 313 11  9 1800   -9.8  960.2    3.5  166.0   88.7  444.0
2018 313 11  9 2100   -8.8  961.9    4.7  190.0   87.0  444.0
2018 314 11 10 0000   -7.7  962.9    6.2  176.0   90.2  444.0
2018 314 11 10 0300   -7.9  963.8    7.0  175.0   89.0  444.0
2018 314 11 10 0600   -7.4  965.2    6.1  188.0   90.0  444.0
2018 314 11 10 0900   -8.0  965.9    4.6  215.0   89.0  444.0
2018 314 11 10 1200   -8.2  965.3    4.0  254.0   94.8  444.0
2018 314 11 10 1500   -8.3  965.1    4.6  220.0   94.0  444.0
2018 314 11 10 1800   -9.3  965.0    4.0  215.0   92.0  444.0
2018 314 11 10 2100   -9.4  965.2    5.9  183.0   86.7  444.0
2018 315 11 11 0000  -10.0  965.4    6.4  182.0   90.0  444.0
2018 315 11 11 0300   -9.6  965.6    6.0  165.0   88.0  444.0
2018 315 11 11 0600  -10.8  966.2    5.2  180.0   86.0  444.0
2018 315 11 11 0900  -11.0  966.2    2.4  209.0   89.0  444.0
2018 315 11 11 1200  -12.4  965.7    3.2  223.0   92.0  444.0
2018 315 11 11 1500  -13.7  965.2    3.6  212.0   89.2  444.0
2018 315 11 11 1800  -13.7  964.7    3.9  214.0   86.0  444.0
2018 315 11 11 2100  -14.1  964.3    3.0  233.0   84.0  444.0
2018 316 11 12 0000  -11.6  963.6    4.1  209.0   82.0  444.0
2018 316 11 12 0300  -12.3  962.9    4.3  192.0   82.5  444.0
2018 316 11 12 0600  -13.7  962.8    2.1  209.0   81.0  444.0
2018 316 11 12 0900  -15.7  962.6    2.1  183.0   85.0  444.0
2018 316 11 12 1200  -19.2  962.7    3.0  198.0   85.0  444.0
2018 316 11 12 1500  -18.9  962.9    2.2  172.0   81.0  444.0
2018 316 11 12 1800  -20.8  963.4    1.4  256.0   79.0  444.0
2018 316 11 12 2100  -16.1  964.1    3.3  272.0   83.9  444.0
2018 317 11 13 0000  444.0  964.6    1.7  279.0   85.0  444.0
2018 317 11 13 0300  -11.5  965.1    0.2  315.0   80.0  444.0
2018 317 11 13 0600  -11.4  965.6    2.1  280.0   83.0  444.0
2018 317 11 13 0900  -12.6  966.3    1.9  177.0   88.6  444.0
2018 317 11 13 1200  -14.2  967.0    2.2  255.0   87.0  444.0
2018 317 11 13 1500  -14.7  967.9    2.2  214.0   89.0  444.0
2018 317 11 13 1800  -14.4  968.6    2.2  227.0   85.0  444.0
2018 317 11 13 2100  -12.0  969.5    2.5  188.0   73.0  444.0
2018 318 11 14 0000  -12.8  970.1    4.9  227.0   77.8  444.0
2018 318 11 14 0300  -11.3  970.8    3.3  214.0   72.0  444.0
2018 318 11 14 0600  -10.5  971.1    3.5  212.0   76.0  444.0
2018 318 11 14 0900  -12.4  971.2    2.7  183.0   79.0  444.0
2018 318 11 14 1200  -15.8  971.5    2.2  264.0   82.3  444.0
2018 318 11 14 1500  -16.1  971.4    2.3  234.0   87.0  444.0
2018 318 11 14 1800  -16.2  971.7    1.6  142.0   83.0  444.0
2018 318 11 14 2100  -13.3  971.9    2.2  219.0   74.0  444.0
2018 319 11 15 0000  -11.8  972.4    1.2  203.0   60.2  444.0
2018 319 11 15 0300  -11.5  972.0    3.7  279.0   69.0  444.0
2018 319 11 15 0600  -11.6  971.7    2.3  263.0   66.0  444.0
2018 319 11 15 0900  -16.1  971.5    2.0  291.0   73.0  444.0
2018 319 11 15 1200  -19.7  970.8    3.6  300.0   77.0  444.0
2018 319 11 15 1500  -22.5  970.3    2.7  264.0   78.0  444.0
2018 319 11 15 1800  -22.2  970.7    2.6  226.0   76.0  444.0
2018 319 11 15 2100  -18.8  970.9    3.8  226.0   79.0  444.0
2018 320 11 16 0000  -13.8  971.4    4.0  209.0   76.0  444.0
2018 320 11 16 0300  -12.8  971.8    2.9  191.0   76.0  444.0
2018 320 11 16 0600  -12.9  972.3    1.9  198.0   78.0  444.0
2018 320 11 16 0900  -14.4  972.8    2.0  173.0   84.0  444.0
2018 320 11 16 1200  -16.4  973.6    1.6  212.0   87.0  444.0
2018 320 11 16 1500  -15.4  973.7    1.4  318.0   94.1  444.0
2018 320 11 16 1800  -15.7  974.4    0.8  297.0   87.0  444.0
2018 320 11 16 2100  -13.8  975.4    0.7  282.0   83.0  444.0
2018 321 11 17 0000  -11.8  976.4    0.5  288.0   76.0  444.0
2018 321 11 17 0300  -10.9  977.0    1.3   32.0   67.9  444.0
2018 321 11 17 0600  -11.6  977.9    1.6   17.0   78.9  444.0
2018 321 11 17 0900  -13.4  978.6    2.2   13.0   79.0  444.0
2018 321 11 17 1200  -18.0  979.5    2.1  297.0   85.9  444.0
2018 321 11 17 1500  -21.3  979.7    2.3    2.0   78.0  444.0
2018 321 11 17 1800  -21.3  980.5    1.5  321.0   85.7  444.0
2018 321 11 17 2100  -18.1  981.0    3.3  332.0   81.0  444.0
2018 322 11 18 0000  -14.8  981.6    4.7  305.0   71.0  444.0
2018 322 11 18 0300  -13.9  982.0    4.6  262.0   73.0  444.0
2018 322 11 18 0600  -13.5  982.2    5.4  295.0   69.2  444.0
2018 322 11 18 0900  -16.3  982.3    5.0  316.0   73.0  444.0
2018 322 11 18 1200  -17.2  981.5    5.7  295.0   73.0  444.0
2018 322 11 18 1500  -16.8  980.7    6.2  289.0   76.0  444.0
2018 322 11 18 1800  -14.1  979.5    7.9  282.0   71.0  444.0
2018 322 11 18 2100  -14.5  978.4    6.0  278.0   71.9  444.0
2018 323 11 19 0000  -13.2  977.1    5.7  258.0   71.1  444.0
2018 323 11 19 0300  -11.9  974.4    7.7  241.0   67.0  444.0
2018 323 11 19 0600  -12.8  972.5    2.0  316.0   75.0  444.0
2018 323 11 19 0900  -13.9  969.6    6.3  322.0   75.2  444.0
2018 323 11 19 1200  -15.5  965.9    6.7  329.0   76.0  444.0
2018 323 11 19 1500  -19.4  963.4    7.1  265.0   82.0  444.0
2018 323 11 19 1800  -20.1  963.1    6.3  204.0   80.6  444.0
2018 323 11 19 2100  -18.8  963.9    7.6  191.0   75.0  444.0
2018 324 11 20 0000  -16.0  964.5    5.5  192.0   76.0  444.0
2018 324 11 20 0300  -15.3  964.6    3.2  197.0   74.4  444.0
2018 324 11 20 0600  -16.3  964.5    3.8  201.0   78.0  444.0
2018 324 11 20 0900  -17.7  964.7    5.7  216.0   79.0  444.0
2018 324 11 20 1200  -19.8  965.3    5.1  209.0   81.0  444.0
2018 324 11 20 1500  -22.4  966.0    3.9  228.0   82.5  444.0
2018 324 11 20 1800  -18.6  966.9    5.5  237.0   80.0  444.0
2018 324 11 20 2100  -16.7  967.2    5.3  251.0   74.0  444.0
2018 325 11 21 0000  -14.3  967.2    6.0  232.0   72.0  444.0
2018 325 11 21 0300  -13.0  966.1    9.5  196.0   72.6  444.0
2018 325 11 21 0600  -12.8  965.7    6.1  242.0   74.0  444.0
2018 325 11 21 0900  -14.4  965.0    5.8  200.0   77.3  444.0
2018 325 11 21 1200  -16.1  964.7    5.5  230.0   76.0  444.0
2018 325 11 21 1500   -9.5  963.6    8.4  204.0   82.0  444.0
2018 325 11 21 1800  -11.8  965.8    8.0  181.0   81.7  444.0
2018 325 11 21 2100  -11.5  968.0    7.9  193.0   76.0  444.0
2018 326 11 22 0000   -9.4  968.2    9.9  199.0   79.0  444.0
2018 326 11 22 0300   -9.8  970.3   10.9  172.0   79.0  444.0
2018 326 11 22 0600  -12.0  972.5   10.2  165.0   81.1  444.0
2018 326 11 22 0900  -14.7  975.7    6.6  158.0   77.0  444.0
2018 326 11 22 1200  -18.0  979.2    6.1  169.0   78.4  444.0
2018 326 11 22 1500  -18.8  981.2    5.7  200.0   75.0  444.0
2018 326 11 22 1800  -17.8  981.1    6.2  232.0   80.0  444.0
2018 326 11 22 2100  -14.1  979.9    7.1  227.0   75.0  444.0
2018 327 11 23 0000   -9.9  979.0    9.2  222.0   73.0  444.0
2018 327 11 23 0300   -8.2  978.0    5.8  227.0   74.7  444.0
2018 327 11 23 0600   -8.2  977.3    5.2  216.0   74.0  444.0
2018 327 11 23 0900  -11.3  976.9    4.0  204.0   79.0  444.0
2018 327 11 23 1200  -11.6  977.2    5.2  210.0   80.0  444.0
2018 327 11 23 1500  -13.2  977.4    6.2  206.0   76.8  444.0
2018 327 11 23 1800  -13.2  978.0    6.2  204.0   79.0  444.0
2018 327 11 23 2100  -10.6  978.6    5.8  194.0   76.0  444.0
2018 328 11 24 0000   -8.2  978.9    7.5  211.0   73.5  444.0
2018 328 11 24 0300   -6.7  978.8    7.2  216.0   73.0  444.0
2018 328 11 24 0600   -7.1  977.9    4.8  250.0   76.0  444.0
2018 328 11 24 0900  -10.4  976.6    3.4  252.0   83.0  444.0
2018 328 11 24 1200  -13.7  976.4    3.1  250.0   85.0  444.0
2018 328 11 24 1500  -14.2  975.5    2.7  221.0   82.0  444.0
2018 328 11 24 1800  -13.6  974.6    1.1  348.0   73.0  444.0
2018 328 11 24 2100  -11.7  973.8    2.6  264.0   74.0  444.0
2018 329 11 25 0000   -9.8  973.1    1.8  111.0   76.0  444.0
2018 329 11 25 0300   -7.7  972.6    1.0   44.0   73.7  444.0
2018 329 11 25 0600   -7.4  972.2    0.7  143.0   78.0  444.0
2018 329 11 25 0900  -11.7  972.9    2.5  166.0   82.0  444.0
2018 329 11 25 1200  -13.1  973.1    7.4  202.0   73.0  444.0
2018 329 11 25 1500  -12.4  973.7    9.5  190.0   80.0  444.0
2018 329 11 25 1800  -12.2  975.2    8.3  190.0   80.0  444.0
2018 329 11 25 2100  -10.3  975.9    7.8  196.0   77.0  444.0
2018 330 11 26 0000   -8.6  976.0   10.0  189.0   77.0  444.0
2018 330 11 26 0300   -7.5  976.3   10.2  185.0   77.0  444.0
2018 330 11 26 0600   -7.8  977.0    7.1  189.0   80.0  444.0
2018 330 11 26 0900  -10.1  977.5    4.7  214.0   82.0  444.0
2018 330 11 26 1200  -12.7  977.5    4.4  206.0   79.0  444.0
2018 330 11 26 1500  -15.3  977.4    3.9  222.0   77.0  444.0
2018 330 11 26 1800  -14.9  977.6    4.1  222.0   76.0  444.0
2018 330 11 26 2100  -11.8  978.2    4.3  235.0   71.0  444.0
2018 331 11 27 0000   -9.2  978.4    3.4  215.0   70.1  444.0
2018 331 11 27 0300   -8.2  979.1    3.6  195.0   75.0  444.0
2018 331 11 27 0600   -8.6  980.4    3.6  188.0   75.0  444.0
2018 331 11 27 0900  -10.3  982.0    4.4  210.0   74.0  444.0
2018 331 11 27 1200  -14.2  983.1    4.8  229.0   76.8  444.0
2018 331 11 27 1500  -14.8  983.3    5.1  227.0   75.0  444.0
2018 331 11 27 1800  -13.6  984.4    4.0  235.0   72.1  444.0
2018 331 11 27 2100  -11.8  985.3    4.6  232.0   71.0  444.0
2018 332 11 28 0000   -8.9  985.9    3.4  240.0   72.0  444.0
2018 332 11 28 0300   -8.2  985.8    4.8  229.0   75.0  444.0
2018 332 11 28 0600   -8.3  985.9    1.7  227.0   77.8  444.0
2018 332 11 28 0900  -10.1  985.9    2.7  115.0   84.0  444.0
2018 332 11 28 1200  -14.3  985.7    3.2   76.0   83.0  444.0
2018 332 11 28 1500  -15.1  985.4    2.5   54.0   86.5  444.0
2018 332 11 28 1800  -10.8  985.5    2.6   57.0   88.0  444.0
2018 332 11 28 2100  -11.5  985.9    2.9   20.0   89.4  444.0
2018 333 11 29 0000  -10.2  985.8    3.1   49.0   86.0  444.0
2018 333 11 29 0300   -8.5  985.6    2.6   78.0   79.0  444.0
2018 333 11 29 0600   -8.5  985.6    0.5   31.0   60.0  444.0
2018 333 11 29 0900  444.0  985.2    0.5   91.0   88.5  444.0
2018 333 11 29 1200  -16.3  984.9    2.0  196.0   91.0  444.0
2018 333 11 29 1500  -17.4  984.1    1.9  194.0   87.0  444.0
2018 333 11 29 1800  -14.1  983.8    1.4  178.0   88.0  444.0
2018 333 11 29 2100  -10.8  983.0    1.0  234.0   90.0  444.0
2018 334 11 30 0000  -10.8  981.8    2.1  316.0   89.3  444.0
2018 334 11 30 0300  -12.8  980.3    2.5  342.0   84.0  444.0
2018 334 11 30 0600  -12.6  978.9    2.3   17.0   85.0  444.0
2018 334 11 30 0900  -14.2  977.7    3.3  357.0   84.0  444.0
2018 334 11 30 1200  -15.8  977.1    3.0  353.0   83.4  444.0
2018 334 11 30 1500  -16.5  976.6    3.4    2.0   82.0  444.0
2018 334 11 30 1800  -16.8  976.8    1.9  360.0   78.0  444.0
2018 334 11 30 2100  -14.2  977.0    0.4  219.0   76.0  444.0
