Year: 2018  Month: 08  ID: SWT  ARGOS:  8913  Name: Schwerdtfeger       
Lat: 79.87S  Lon: 170.15E  Elev:   54m
2018 213  8  1 0000  -42.5 1001.4    2.0  314.0   67.0  444.0
2018 213  8  1 0300  -41.9 1000.4    2.7  307.0   67.7  444.0
2018 213  8  1 0600  -41.3  999.3    1.9  281.0   67.0  444.0
2018 213  8  1 0900  -39.6  998.4    2.9  287.0   69.0  444.0
2018 213  8  1 1200  -41.6  997.7    2.3  315.0   67.0  444.0
2018 213  8  1 1500  -42.3  997.4    2.7  298.0   67.0  444.0
2018 213  8  1 1800  -42.8  997.3    2.0  300.0   67.0  444.0
2018 213  8  1 2100  -43.0  997.8    1.6  304.0   66.0  444.0
2018 214  8  2 0000  -40.1  997.5    3.7  253.0   68.0  444.0
2018 214  8  2 0300  -49.5  998.1    2.4  221.0   62.0  444.0
2018 214  8  2 0600  -51.0  998.1    2.3  205.0   62.0  444.0
2018 214  8  2 0900  -51.8  997.8    2.4  215.0   61.0  444.0
2018 214  8  2 1200  -52.6  997.6    2.0  216.0   60.0  444.0
2018 214  8  2 1500  -53.3  997.1    1.6  234.0   60.0  444.0
2018 214  8  2 1800  -53.2  996.8    1.0  218.0   60.0  444.0
2018 214  8  2 2100  -52.2  997.0    1.5  302.0   60.0  444.0
2018 215  8  3 0000  -51.6  998.2    2.0    3.0   60.5  444.0
2018 215  8  3 0300  -45.4  999.3    2.2  310.0   63.9  444.0
2018 215  8  3 0600  -48.5 1000.2    1.8  339.0   62.0  444.0
2018 215  8  3 0900  -46.2 1001.3    1.9  319.0   64.0  444.0
2018 215  8  3 1200  -53.2 1002.6    1.6  223.0   60.0  444.0
2018 215  8  3 1500  -54.5 1003.9    2.1  170.0   59.0  444.0
2018 215  8  3 1800  -54.5 1004.5    1.9  196.0   59.0  444.0
2018 215  8  3 2100  -54.7 1004.5    1.7  248.0   59.0  444.0
2018 216  8  4 0000  -55.4 1003.2    1.5  225.0   58.0  444.0
2018 216  8  4 0300  -55.2 1001.6    0.8  246.0   58.0  444.0
2018 216  8  4 0600  -55.9 1000.3    0.0    0.0   57.0  444.0
2018 216  8  4 0900  -55.4  999.0    0.3  321.0   58.0  444.0
2018 216  8  4 1200  -55.3  998.5    0.8   43.0   58.0  444.0
2018 216  8  4 1500  -54.0  997.8    1.0    1.0   58.8  444.0
2018 216  8  4 1800  -54.1  996.4    1.1    9.0   59.0  444.0
2018 216  8  4 2100  -53.8  994.4    1.8  339.0   58.8  444.0
2018 217  8  5 0000  -51.8  992.6    1.2  237.0   60.0  444.0
2018 217  8  5 0300  -49.4  990.6    1.4  270.0   61.0  444.0
2018 217  8  5 0600  -45.8  988.2    0.9  323.0   64.0  444.0
2018 217  8  5 0900  -46.9  985.5    1.1  248.0   63.2  444.0
2018 217  8  5 1200  -48.5  983.2    1.5   79.0   61.3  444.0
2018 217  8  5 1500  -46.4  981.6    1.7    3.0   64.0  444.0
2018 217  8  5 1800  -44.0  979.9    0.3    7.0   65.3  444.0
2018 217  8  5 2100  -48.0  979.5    0.4  213.0   63.0  444.0
2018 218  8  6 0000  -51.6  980.5    0.0    0.0   60.2  444.0
2018 218  8  6 0300  -52.6  981.6    4.6  191.0   60.0  444.0
2018 218  8  6 0600  -52.2  983.0    3.1  220.0   60.0  444.0
2018 218  8  6 0900  -47.8  983.8    2.7  206.0   63.0  444.0
2018 218  8  6 1200  -45.0  983.8    2.7  220.0   64.9  444.0
2018 218  8  6 1500  -39.5  985.0    6.3  203.0   68.0  444.0
2018 218  8  6 1800  -41.1  984.7    4.1  208.0   67.0  444.0
2018 218  8  6 2100  -42.5  985.8    5.7  204.0   66.0  444.0
2018 219  8  7 0000  -44.1  985.7    4.1  198.0   65.6  444.0
2018 219  8  7 0300  -42.9  985.1    4.5  206.0   66.0  444.0
2018 219  8  7 0600  -41.3  984.3    5.0  211.0   68.0  444.0
2018 219  8  7 0900  -40.5  981.4    4.9  251.0   68.0  444.0
2018 219  8  7 1200  -39.8  980.0    4.0  223.0   69.0  444.0
2018 219  8  7 1500  -29.8  977.2    5.9  222.0   75.8  444.0
2018 219  8  7 1800  -26.7  974.8    9.1  245.0   78.0  444.0
2018 219  8  7 2100  -19.0  974.1    7.4  215.0   84.0  444.0
2018 220  8  8 0000  -17.2  975.0    8.5  190.0   86.0  444.0
2018 220  8  8 0300  -22.4  978.1    8.5  172.0   80.7  444.0
2018 220  8  8 0600  -39.6  984.2   11.6  163.0   70.0  444.0
2018 220  8  8 0900  -39.6  988.5   10.2  160.0   70.0  444.0
2018 220  8  8 1200  -36.4  990.5    8.4  212.0   73.0  444.0
2018 220  8  8 1500  -37.3  989.8    8.7  188.0   71.0  444.0
2018 220  8  8 1800  -40.8  991.2    7.5  177.0   69.0  444.0
2018 220  8  8 2100  -38.4  992.1    7.8  180.0   70.9  444.0
2018 221  8  9 0000  -36.1  993.2    8.4  178.0   72.0  444.0
2018 221  8  9 0300  -33.7  993.8    6.5  195.0   73.4  444.0
2018 221  8  9 0600  -34.0  994.2    5.6  198.0   73.0  444.0
2018 221  8  9 0900  -37.4  994.8    4.5  174.0   70.3  444.0
2018 221  8  9 1200  -39.1  994.9    3.6  158.0   70.0  444.0
2018 221  8  9 1500  -38.7  995.4    3.0  221.0   70.1  444.0
2018 221  8  9 1800  -39.3  994.6    1.5  137.0   70.0  444.0
2018 221  8  9 2100  -39.3  993.9    3.0  256.0   68.8  444.0
2018 222  8 10 0000  -38.3  993.1    1.5  187.0   69.9  444.0
2018 222  8 10 0300  -41.7  991.6    2.1  214.0   66.0  444.0
2018 222  8 10 0600  -39.7  990.0    3.5  239.0   70.4  444.0
2018 222  8 10 0900  -34.6  987.7    6.1  217.0   73.0  444.0
2018 222  8 10 1200  -26.4  984.6    8.2  215.0   78.8  444.0
2018 222  8 10 1500  -21.9  981.4    9.5  209.0   82.0  444.0
2018 222  8 10 1800  -21.2  979.8   11.2  176.0   83.0  444.0
2018 222  8 10 2100  -23.4  980.7    9.5  162.0   81.0  444.0
2018 223  8 11 0000  -26.7  982.2    8.7  168.0   78.0  444.0
2018 223  8 11 0300  -28.2  983.4    5.5  172.0   77.0  444.0
2018 223  8 11 0600  -28.5  984.5    5.9  177.0   77.0  444.0
2018 223  8 11 0900  -30.1  986.8    3.8  198.0   76.0  444.0
2018 223  8 11 1200  -30.9  987.2    3.2  192.0   75.3  444.0
2018 223  8 11 1500  -32.8  986.7    3.6  195.0   74.0  444.0
2018 223  8 11 1800  -36.0  985.4    2.8  228.0   72.0  444.0
2018 223  8 11 2100  -37.8  983.9    1.9  202.0   71.0  444.0
2018 224  8 12 0000  -40.6  982.1    2.9  244.0   69.0  444.0
2018 224  8 12 0300  -40.8  980.8    2.4  254.0   68.0  444.0
2018 224  8 12 0600  -41.8  979.8    3.9  212.0   68.0  444.0
2018 224  8 12 0900  -40.7  980.3    4.9  184.0   69.0  444.0
2018 224  8 12 1200  -41.3  980.3    4.3  192.0   69.0  444.0
2018 224  8 12 1500  -39.6  980.1    4.7  193.0   69.6  444.0
2018 224  8 12 1800  -39.9  980.7    3.8  223.0   69.0  444.0
2018 224  8 12 2100  -37.9  980.3    4.6  199.0   71.0  444.0
2018 225  8 13 0000  -38.3  980.6    5.8  204.0   70.0  444.0
2018 225  8 13 0300  -37.0  980.8    5.3  230.0   71.0  444.0
2018 225  8 13 0600  -35.3  980.2    5.5  214.0   72.0  444.0
2018 225  8 13 0900  -31.3  979.2    6.7  210.0   75.0  444.0
2018 225  8 13 1200  -24.7  979.0    9.2  205.0   80.0  444.0
2018 225  8 13 1500  -25.6  979.7    8.2  226.0   79.0  444.0
2018 225  8 13 1800  -23.6  978.5    9.4  216.0   80.4  444.0
2018 225  8 13 2100  -23.5  978.5    7.2  214.0   80.0  444.0
2018 226  8 14 0000  -18.1  978.2    9.4  211.0   86.0  444.0
2018 226  8 14 0300  -18.4  978.5   14.3  180.0   86.0  444.0
2018 226  8 14 0600  -24.1  980.4   12.3  166.0   80.0  444.0
2018 226  8 14 0900  -28.0  983.4    7.4  175.0   78.0  444.0
2018 226  8 14 1200  -31.5  985.8    4.4  185.0   75.0  444.0
2018 226  8 14 1500  -31.3  987.4    4.4  226.0   76.0  444.0
2018 226  8 14 1800  -27.3  988.8    6.1  201.0   79.0  444.0
2018 226  8 14 2100  -29.4  991.2    4.8  211.0   76.0  444.0
2018 227  8 15 0000  -35.5  993.7    4.3  174.0   71.4  444.0
2018 227  8 15 0300  -40.3  996.0    4.1  141.0   69.0  444.0
2018 227  8 15 0600  -42.7  998.3    1.2  223.0   68.0  444.0
2018 227  8 15 0900  -43.4  999.2    1.4  217.0   68.0  444.0
2018 227  8 15 1200  -43.4  999.7    0.2  141.0   67.9  444.0
2018 227  8 15 1500  -42.6  999.9    2.3  347.0   68.0  444.0
2018 227  8 15 1800  -36.7  999.8    3.1   11.0   72.0  444.0
2018 227  8 15 2100  -34.9  998.7    2.1  354.0   72.0  444.0
2018 228  8 16 0000  -38.4  999.5    2.1   36.0   69.9  444.0
2018 228  8 16 0300  -38.7  999.4    1.1  304.0   71.0  444.0
2018 228  8 16 0600  -33.3  998.7    2.5  294.0   73.0  444.0
2018 228  8 16 0900  -30.8  997.8    2.6  319.0   75.0  444.0
2018 228  8 16 1200  -28.9  996.9    4.7  298.0   77.0  444.0
2018 228  8 16 1500  -21.7  996.4    6.6  304.0   81.1  444.0
2018 228  8 16 1800  -26.2  995.0    4.6  337.0   78.0  444.0
2018 228  8 16 2100  -27.6  994.3    3.8  302.0   77.0  444.0
2018 229  8 17 0000  -28.2  992.7    4.3  318.0   77.0  444.0
2018 229  8 17 0300  -24.9  991.5    8.6  286.0   79.5  444.0
2018 229  8 17 0600  -24.9  989.9    9.7  265.0   80.0  444.0
2018 229  8 17 0900  -24.6  989.9    9.5  252.0   80.0  444.0
2018 229  8 17 1200  -27.5  989.9    7.9  264.0   78.0  444.0
2018 229  8 17 1500  -25.3  990.2    8.2  258.0   78.5  444.0
2018 229  8 17 1800  -30.2  990.8    5.5  222.0   75.0  444.0
2018 229  8 17 2100  -29.2  992.5    6.5  239.0   76.0  444.0
2018 230  8 18 0000  -31.5  993.1    4.1  264.0   74.9  444.0
2018 230  8 18 0300  -32.8  993.9    5.0  232.0   75.0  444.0
2018 230  8 18 0600  -34.2  993.8    2.8  255.0   75.0  444.0
2018 230  8 18 0900  -32.8  992.4    4.0  314.0   72.3  444.0
2018 230  8 18 1200  -30.7  990.6    2.0  290.0   73.0  444.0
2018 230  8 18 1500  -36.8  990.2    1.6   27.0   71.0  444.0
2018 230  8 18 1800  -40.2  991.1    1.9  211.0   69.0  444.0
2018 230  8 18 2100  -42.4  991.7    2.7  186.0   68.0  444.0
2018 231  8 19 0000  -44.7  991.5    1.7  346.0   66.0  444.0
2018 231  8 19 0300  -45.5  989.6    2.3  310.0   66.0  444.0
2018 231  8 19 0600  -45.6  987.0    2.2   50.0   66.0  444.0
2018 231  8 19 0900  -43.4  984.3    4.7  352.0   67.0  444.0
2018 231  8 19 1200  -32.6  982.7    6.5  332.0   74.7  444.0
2018 231  8 19 1500  -29.7  980.2   10.7  236.0   76.0  444.0
2018 231  8 19 1800  -31.6  979.1   10.8  226.0   74.7  444.0
2018 231  8 19 2100  -30.6  979.1   12.9  218.0   75.0  444.0
2018 232  8 20 0000  -30.7  979.0   10.1  235.0   75.4  444.0
2018 232  8 20 0300  -31.1  978.0   10.8  246.0   75.0  444.0
2018 232  8 20 0600  -34.3  977.6    7.4  276.0   73.4  444.0
2018 232  8 20 0900  -38.0  977.4    6.3  242.0   71.0  444.0
2018 232  8 20 1200  -37.0  978.3    7.1  261.0   71.5  444.0
2018 232  8 20 1500  -37.0  978.1    4.3  252.0   71.2  444.0
2018 232  8 20 1800  -35.1  976.8    7.9  284.0   72.0  444.0
2018 232  8 20 2100  -37.0  977.9    4.3  320.0   70.6  444.0
2018 233  8 21 0000  -42.6  978.3    3.0  279.0   67.0  444.0
2018 233  8 21 0300  -48.0  979.9    4.3  242.0   64.2  444.0
2018 233  8 21 0600  -48.3  981.4    4.3  218.0   64.0  444.0
2018 233  8 21 0900  -51.6  983.4    5.5  206.0   61.8  444.0
2018 233  8 21 1200  -49.2  985.7    5.3  195.0   64.0  444.0
2018 233  8 21 1500  -46.5  987.0    6.1  192.0   65.0  444.0
2018 233  8 21 1800  -44.9  987.7    5.1  230.0   66.0  444.0
2018 233  8 21 2100  -43.6  988.1    4.3  233.0   67.0  444.0
2018 234  8 22 0000  -46.5  988.5    3.5  249.0   65.0  444.0
2018 234  8 22 0300  -48.4  988.8    2.8  255.0   63.0  444.0
2018 234  8 22 0600  -49.5  989.7    2.4  250.0   63.0  444.0
2018 234  8 22 0900  -50.1  990.7    2.0  251.0   62.0  444.0
2018 234  8 22 1200  -49.6  991.3    2.6  239.0   63.0  444.0
2018 234  8 22 1500  -48.9  992.1    2.4  242.0   63.0  444.0
2018 234  8 22 1800  -48.4  991.6    2.8  251.0   64.0  444.0
2018 234  8 22 2100  -48.2  992.5    2.3  254.0   63.0  444.0
2018 235  8 23 0000  -49.2  992.6    2.2  240.0   63.0  444.0
2018 235  8 23 0300  -49.0  993.0    2.5  243.0   63.0  444.0
2018 235  8 23 0600  -47.3  992.6    2.5  234.0   65.0  444.0
2018 235  8 23 0900  -46.5  992.3    2.1  240.0   64.0  444.0
2018 235  8 23 1200  -48.2  991.6    2.2  260.0   63.0  444.0
2018 235  8 23 1500  -48.4  991.3    2.3  256.0   63.0  444.0
2018 235  8 23 1800  -47.9  990.6    2.7  260.0   64.0  444.0
2018 235  8 23 2100  -47.4  990.3    1.3  279.0   63.0  444.0
2018 236  8 24 0000  -48.1  990.0    2.3  288.0   63.0  444.0
2018 236  8 24 0300  -47.4  990.0    1.9  268.0   63.0  444.0
2018 236  8 24 0600  -47.0  989.8    1.0  259.0   64.0  444.0
2018 236  8 24 0900  -46.2  989.6    1.1  316.0   64.0  444.0
2018 236  8 24 1200  -46.5  989.8    2.4  280.0   63.6  444.0
2018 236  8 24 1500  -45.3  990.0    2.5  298.0   64.0  444.0
2018 236  8 24 1800  -45.8  990.0    1.0  246.0   64.9  444.0
2018 236  8 24 2100  -47.7  990.6    3.4  336.0   62.5  444.0
2018 237  8 25 0000  -49.8  991.1    2.8  346.0   62.0  444.0
2018 237  8 25 0300  -49.0  991.7    2.7  330.0   62.0  444.0
2018 237  8 25 0600  -49.2  992.3    1.2  322.0   62.0  444.0
2018 237  8 25 0900  -50.9  993.6    1.8  330.0   61.0  444.0
2018 237  8 25 1200  -52.8  994.3    1.8  353.0   60.0  444.0
2018 237  8 25 1500  -48.5  994.9    1.6  332.0   63.1  444.0
2018 237  8 25 1800  -47.5  995.8    1.5  299.0   64.0  444.0
2018 237  8 25 2100  -45.6  996.3    0.2  246.0   65.0  444.0
2018 238  8 26 0000  -44.4  996.4    0.3  254.0   66.0  444.0
2018 238  8 26 0300  -45.2  996.0    1.7  213.0   65.0  444.0
2018 238  8 26 0600  -45.6  995.4    2.0  226.0   65.0  444.0
2018 238  8 26 0900  -46.1  994.5    1.7  209.0   65.0  444.0
2018 238  8 26 1200  -44.8  992.5    2.1  208.0   66.0  444.0
2018 238  8 26 1500  -46.0  991.4    5.5  174.0   64.4  444.0
2018 238  8 26 1800  -47.3  990.8    4.2  173.0   64.0  444.0
2018 238  8 26 2100  -46.9  989.6    4.1  171.0   64.0  444.0
2018 239  8 27 0000  -46.3  988.2    3.5  212.0   64.0  444.0
2018 239  8 27 0300  -44.1  986.5    3.5  189.0   65.8  444.0
2018 239  8 27 0600  -41.6  984.8    5.4  201.0   67.0  444.0
2018 239  8 27 0900  -42.1  983.1    3.8  216.0   66.0  444.0
2018 239  8 27 1200  -43.3  980.7    4.2  208.0   66.0  444.0
2018 239  8 27 1500  -43.2  979.0    3.2  233.0   66.0  444.0
2018 239  8 27 1800  -38.6  976.5    2.3  238.0   66.8  444.0
2018 239  8 27 2100  -41.5  974.8    2.1  143.0   66.0  444.0
2018 240  8 28 0000  -39.1  971.9    3.2  249.0   66.0  444.0
2018 240  8 28 0300  -42.1  970.5    2.8  232.0   67.0  444.0
2018 240  8 28 0600  -38.9  968.6    1.8  227.0   67.6  444.0
2018 240  8 28 0900  -41.7  967.2    2.9  196.0   66.0  444.0
2018 240  8 28 1200  -45.4  966.2    2.2  211.0   64.0  444.0
2018 240  8 28 1500  -48.3  965.9    1.8  163.0   63.0  444.0
2018 240  8 28 1800  -50.6  965.7    2.5  182.0   61.0  444.0
2018 240  8 28 2100  -51.1  966.1    2.3  241.0   61.1  444.0
2018 241  8 29 0000  -50.0  966.3    2.7  268.0   62.0  444.0
2018 241  8 29 0300  -48.2  967.1    2.8  208.0   62.9  444.0
2018 241  8 29 0600  -47.7  967.3    2.2  230.0   63.0  444.0
2018 241  8 29 0900  -46.5  968.1    2.2  223.0   64.0  444.0
2018 241  8 29 1200  -46.9  969.8    1.5  286.0   63.0  444.0
2018 241  8 29 1500  -46.1  970.6    1.9  259.0   64.0  444.0
2018 241  8 29 1800  -46.7  971.5    1.8  274.0   64.0  444.0
2018 241  8 29 2100  -46.2  972.8    1.4  260.0   64.0  444.0
2018 242  8 30 0000  -46.5  974.4    1.2  264.0   64.0  444.0
2018 242  8 30 0300  -47.7  975.5    1.1  250.0   63.0  444.0
2018 242  8 30 0600  -48.2  976.1    0.9  242.0   63.0  444.0
2018 242  8 30 0900  -48.7  977.0    1.1  239.0   62.0  444.0
2018 242  8 30 1200  -48.7  977.2    1.1  256.0   62.0  444.0
2018 242  8 30 1500  -47.7  977.3    1.6  218.0   63.2  444.0
2018 242  8 30 1800  -49.0  977.7    0.9  239.0   62.0  444.0
2018 242  8 30 2100  -48.9  977.3    1.1  256.0   62.3  444.0
2018 243  8 31 0000  -46.1  977.2    1.1  240.0   64.0  444.0
2018 243  8 31 0300  -43.5  975.1    1.0  298.0   65.0  444.0
2018 243  8 31 0600  -40.6  974.2    0.8  240.0   67.0  444.0
2018 243  8 31 0900  -38.5  973.7    3.2  248.0   69.3  444.0
2018 243  8 31 1200  -36.0  973.2    2.1  246.0   70.0  444.0
2018 243  8 31 1500  -36.8  972.7    2.7  234.0   70.0  444.0
2018 243  8 31 1800  -36.4  971.6    3.5  265.0   70.1  444.0
2018 243  8 31 2100  -35.6  971.8    4.6  268.0   71.0  444.0
