Year: 2018  Month: 07  ID: SWT  ARGOS:  8913  Name: Schwerdtfeger       
Lat: 79.87S  Lon: 170.15E  Elev:   54m
2018 182  7  1 0000  -32.9  988.5    3.7  210.0   74.0  444.0
2018 182  7  1 0300  -33.3  987.4    3.8  217.0   74.0  444.0
2018 182  7  1 0600  -33.9  986.2    3.3  228.0   73.0  444.0
2018 182  7  1 0900  -34.3  986.3    4.2  217.0   73.3  444.0
2018 182  7  1 1200  -36.6  985.9    3.2  229.0   72.0  444.0
2018 182  7  1 1500  -38.6  985.9    3.0  228.0   70.0  444.0
2018 182  7  1 1800  -38.8  986.6    2.3  262.0   70.0  444.0
2018 182  7  1 2100  -38.8  987.0    2.4  231.0   70.0  444.0
2018 183  7  2 0000  -38.8  988.0    2.6  234.0   70.2  444.0
2018 183  7  2 0300  -38.9  988.3    2.7  260.0   70.2  444.0
2018 183  7  2 0600  -38.9  988.8    3.3  247.0   70.0  444.0
2018 183  7  2 0900  -34.6  989.4    3.5  258.0   73.0  444.0
2018 183  7  2 1200  -32.2  989.6    3.4  265.0   74.4  444.0
2018 183  7  2 1500  -34.7  989.2    3.4  267.0   73.0  444.0
2018 183  7  2 1800  -36.7  988.6    2.9  277.0   71.5  444.0
2018 183  7  2 2100  -36.1  987.8    3.1  286.0   72.0  444.0
2018 184  7  3 0000  -38.0  987.1    1.8  322.0   70.2  444.0
2018 184  7  3 0300  -37.8  986.6    2.0   22.0   70.0  444.0
2018 184  7  3 0600  -33.4  987.0    3.2   30.0   73.5  444.0
2018 184  7  3 0900  -37.6  988.7    2.7   41.0   71.0  444.0
2018 184  7  3 1200  -38.6  991.7    1.9   17.0   69.6  444.0
2018 184  7  3 1500  -39.7  995.1    1.2    8.0   69.0  444.0
2018 184  7  3 1800  -38.7  997.4    1.0  258.0   70.0  444.0
2018 184  7  3 2100  -35.7  999.6    1.0  301.0   71.9  444.0
2018 185  7  4 0000  -34.8 1000.4    0.0    0.0   73.0  444.0
2018 185  7  4 0300  -35.3 1000.7    0.0  251.0   72.0  444.0
2018 185  7  4 0600  -33.9 1000.9    1.2  232.0   73.0  444.0
2018 185  7  4 0900  -32.0 1000.6    0.0    0.0   74.2  444.0
2018 185  7  4 1200  -31.0  999.7    0.0    0.0   75.0  444.0
2018 185  7  4 1500  -29.9  999.5    1.4  155.0   76.0  444.0
2018 185  7  4 1800  -29.6  998.9    2.0  175.0   76.0  444.0
2018 185  7  4 2100  -28.2  999.3    2.2  187.0   77.0  444.0
2018 186  7  5 0000  -27.8  998.1    1.6  216.0   77.0  444.0
2018 186  7  5 0300  -27.7  996.6    3.1  185.0   77.0  444.0
2018 186  7  5 0600  -28.3  995.6    2.1  171.0   77.0  444.0
2018 186  7  5 0900  -28.9  994.8    3.6  167.0   77.0  444.0
2018 186  7  5 1200  -29.1  993.5    3.0  184.0   77.0  444.0
2018 186  7  5 1500  -28.9  991.9    2.7  203.0   77.0  444.0
2018 186  7  5 1800  -28.8  990.3    2.0  229.0   77.0  444.0
2018 186  7  5 2100  -29.4  989.1    2.2  248.0   76.0  444.0
2018 187  7  6 0000  -33.9  987.7    3.5  257.0   73.0  444.0
2018 187  7  6 0300  -29.6  986.6    8.1  247.0   76.3  444.0
2018 187  7  6 0600  -30.3  985.7   10.7  250.0   76.0  444.0
2018 187  7  6 0900  -29.7  984.5    8.3  257.0   76.0  444.0
2018 187  7  6 1200  -30.7  984.3    8.9  264.0   75.0  444.0
2018 187  7  6 1500  -33.1  983.1    8.3  285.0   74.0  444.0
2018 187  7  6 1800  -34.5  982.6    6.3  306.0   73.0  444.0
2018 187  7  6 2100  -34.3  981.8    9.4  259.0   73.0  444.0
2018 188  7  7 0000  -34.8  981.7    9.6  258.0   73.0  444.0
2018 188  7  7 0300  -34.8  982.5    8.4  255.0   73.0  444.0
2018 188  7  7 0600  -37.4  982.3    7.3  263.0   71.1  444.0
2018 188  7  7 0900  -36.4  982.8    6.6  244.0   72.0  444.0
2018 188  7  7 1200  -39.0  983.2    4.3  246.0   69.8  444.0
2018 188  7  7 1500  -40.0  984.1    4.4  227.0   69.0  444.0
2018 188  7  7 1800  -41.4  985.8    4.0  213.0   68.7  444.0
2018 188  7  7 2100  -41.7  987.4    1.4  177.0   68.0  444.0
2018 189  7  8 0000  -42.7  987.8    2.3  245.0   67.0  444.0
2018 189  7  8 0300  -37.8  988.3    4.5  186.0   70.8  444.0
2018 189  7  8 0600  -37.2  989.3    5.3  224.0   71.0  444.0
2018 189  7  8 0900  -39.7  989.6    3.4  239.0   69.0  444.0
2018 189  7  8 1200  -44.4  988.4    1.6  320.0   66.0  444.0
2018 189  7  8 1500  -48.1  988.7    2.5  250.0   63.9  444.0
2018 189  7  8 1800  -44.8  986.8    4.1  240.0   66.0  444.0
2018 189  7  8 2100  -47.9  986.3    2.7  192.0   63.7  444.0
2018 190  7  9 0000  -48.1  985.2    2.6   78.0   63.0  444.0
2018 190  7  9 0300  -51.1  984.0    2.3  289.0   62.0  444.0
2018 190  7  9 0600  -47.6  983.4    3.7  268.0   63.0  444.0
2018 190  7  9 0900  -45.5  982.1    2.7  252.0   64.0  444.0
2018 190  7  9 1200  -48.0  982.1    2.4  243.0   63.0  444.0
2018 190  7  9 1500  -47.9  981.3    2.6   78.0   63.0  444.0
2018 190  7  9 1800  -50.2  982.2    2.3  327.0   62.0  444.0
2018 190  7  9 2100  -43.4  981.5    1.8  360.0   65.0  444.0
2018 191  7 10 0000  -44.8  981.6    3.7  299.0   64.0  444.0
2018 191  7 10 0300  -48.7  981.4    3.4  319.0   63.0  444.0
2018 191  7 10 0600  -46.4  981.0    2.9  334.0   64.0  444.0
2018 191  7 10 0900  -44.3  980.3    2.1  229.0   65.0  444.0
2018 191  7 10 1200  -47.6  979.8    0.3  177.0   63.1  444.0
2018 191  7 10 1500  -53.1  979.8    2.8  181.0   60.0  444.0
2018 191  7 10 1800  -53.5  980.9    3.0  225.0   59.7  444.0
2018 191  7 10 2100  -54.3  980.2    2.6  229.0   59.0  444.0
2018 192  7 11 0000  -55.8  979.0    3.0  222.0   58.0  444.0
2018 192  7 11 0300  -54.9  977.7    3.0  214.0   59.0  444.0
2018 192  7 11 0600  -52.8  975.9    2.9  235.0   60.0  444.0
2018 192  7 11 0900  -49.9  973.8    2.5  235.0   62.0  444.0
2018 192  7 11 1200  -45.8  970.6    3.4  235.0   65.0  444.0
2018 192  7 11 1500  -46.2  967.7    3.3  238.0   64.0  444.0
2018 192  7 11 1800  -49.6  964.9    1.9  260.0   62.0  444.0
2018 192  7 11 2100  -48.9  961.5    2.6  271.0   62.0  444.0
2018 193  7 12 0000  -46.1  959.2    2.6  262.0   64.0  444.0
2018 193  7 12 0300  -45.5  957.2    2.1  257.0   64.0  444.0
2018 193  7 12 0600  -43.9  956.2    2.4  280.0   65.4  444.0
2018 193  7 12 0900  -46.1  955.4    2.3  311.0   64.0  444.0
2018 193  7 12 1200  -50.3  955.8    2.2  242.0   62.0  444.0
2018 193  7 12 1500  -40.5  957.3    3.5  247.0   68.0  444.0
2018 193  7 12 1800  -40.5  958.6    3.6  253.0   68.0  444.0
2018 193  7 12 2100  -40.6  960.3    3.5  282.0   68.0  444.0
2018 194  7 13 0000  -43.9  962.1    2.6  307.0   66.0  444.0
2018 194  7 13 0300  -45.6  964.0    1.8  330.0   65.0  444.0
2018 194  7 13 0600  -47.2  965.7    1.7  334.0   64.0  444.0
2018 194  7 13 0900  -47.1  967.0    1.5  339.0   63.7  444.0
2018 194  7 13 1200  -47.7  968.6    1.3   11.0   63.0  444.0
2018 194  7 13 1500  -49.8  970.9    0.9   38.0   62.0  444.0
2018 194  7 13 1800  -48.6  971.4    0.6  320.0   62.0  444.0
2018 194  7 13 2100  -51.7  970.5    1.0  253.0   60.7  444.0
2018 195  7 14 0000  -48.1  969.8    1.1  250.0   64.0  444.0
2018 195  7 14 0300  -43.8  968.1    0.8  300.0   65.0  444.0
2018 195  7 14 0600  -41.1  967.2    1.1  314.0   68.0  444.0
2018 195  7 14 0900  -38.9  968.1    0.9  343.0   68.8  444.0
2018 195  7 14 1200  -40.4  970.5    0.7    1.0   68.0  444.0
2018 195  7 14 1500  -31.8  973.3    1.0  270.0   72.6  444.0
2018 195  7 14 1800  -35.0  974.8    0.7  238.0   71.0  444.0
2018 195  7 14 2100  -32.3  975.5    1.5  239.0   74.0  444.0
2018 196  7 15 0000  -27.2  975.1    1.8  235.0   77.7  444.0
2018 196  7 15 0300  -24.5  975.1    4.5  226.0   80.0  444.0
2018 196  7 15 0600  -25.0  975.0    5.9  213.0   79.0  444.0
2018 196  7 15 0900  -33.4  976.9    6.1  201.0   73.0  444.0
2018 196  7 15 1200  -34.0  979.7    6.8  177.0   73.3  444.0
2018 196  7 15 1500  -35.5  981.7    4.2  211.0   72.0  444.0
2018 196  7 15 1800  -34.6  981.1    4.4  247.0   72.6  444.0
2018 196  7 15 2100  -35.3  980.6    4.6  259.0   72.0  444.0
2018 197  7 16 0000  -32.6  979.8    4.6  251.0   73.0  444.0
2018 197  7 16 0300  -33.7  978.6    4.9  254.0   74.0  444.0
2018 197  7 16 0600  -35.6  978.4    4.7  292.0   72.0  444.0
2018 197  7 16 0900  -35.1  977.7    3.7  281.0   72.0  444.0
2018 197  7 16 1200  -30.4  977.8    6.1  284.0   75.0  444.0
2018 197  7 16 1500  -33.0  977.2    6.7  294.0   74.0  444.0
2018 197  7 16 1800  -29.8  977.7    5.3  243.0   76.0  444.0
2018 197  7 16 2100  -28.2  978.0    8.0  253.0   76.9  444.0
2018 198  7 17 0000  -29.0  977.4    8.2  247.0   76.7  444.0
2018 198  7 17 0300  -32.8  976.7    4.2  294.0   73.0  444.0
2018 198  7 17 0600  -29.7  975.0    6.4  264.0   76.5  444.0
2018 198  7 17 0900  -28.0  973.6    9.8  256.0   77.4  444.0
2018 198  7 17 1200  -28.8  973.6   10.1  259.0   77.0  444.0
2018 198  7 17 1500  -34.1  976.2    6.6  224.0   73.0  444.0
2018 198  7 17 1800  -30.8  976.5    6.3  273.0   75.0  444.0
2018 198  7 17 2100  -33.8  975.5    1.1  248.0   73.0  444.0
2018 199  7 18 0000  -32.9  974.8    6.3  246.0   74.0  444.0
2018 199  7 18 0300  -35.5  976.3    5.1  210.0   72.3  444.0
2018 199  7 18 0600  -32.7  977.3    6.5  243.0   74.0  444.0
2018 199  7 18 0900  -32.2  977.5    5.2  246.0   72.4  444.0
2018 199  7 18 1200  -35.6  976.0    5.2  246.0   72.0  444.0
2018 199  7 18 1500  -36.0  974.3    4.8  237.0   71.3  444.0
2018 199  7 18 1800  -36.8  970.7    4.5  210.0   73.0  444.0
2018 199  7 18 2100  -38.0  967.9    3.8  240.0   71.0  444.0
2018 200  7 19 0000  -37.0  964.9    1.2  296.0   72.0  444.0
2018 200  7 19 0300  -39.1  961.7    2.1  258.0   68.9  444.0
2018 200  7 19 0600  -36.4  958.5    4.7  308.0   72.3  444.0
2018 200  7 19 0900  -43.0  958.0    4.7  221.0   66.0  444.0
2018 200  7 19 1200  -41.8  959.3    4.2  222.0   69.0  444.0
2018 200  7 19 1500  -37.4  960.5    5.5  253.0   71.0  444.0
2018 200  7 19 1800  -29.9  961.1    9.3  247.0   76.0  444.0
2018 200  7 19 2100  -26.2  962.6   10.3  247.0   78.0  444.0
2018 201  7 20 0000  -26.0  962.1    8.8  233.0   79.0  444.0
2018 201  7 20 0300  -28.0  964.8    9.5  184.0   77.0  444.0
2018 201  7 20 0600  -28.9  966.6   11.5  185.0   76.9  444.0
2018 201  7 20 0900  -27.8  970.3   10.7  174.0   78.0  444.0
2018 201  7 20 1200  -27.5  972.5    8.2  194.0   78.0  444.0
2018 201  7 20 1500  -26.5  972.7    5.0  227.0   79.0  444.0
2018 201  7 20 1800  -31.9  972.6    5.9  217.0   74.5  444.0
2018 201  7 20 2100  -35.3  972.5    4.4  204.0   72.0  444.0
2018 202  7 21 0000  -31.0  970.9    6.8  229.0   77.0  444.0
2018 202  7 21 0300  -26.2  968.2   11.1  222.0   80.0  444.0
2018 202  7 21 0600  -21.6  967.9   11.2  181.0   82.0  444.0
2018 202  7 21 0900  -31.2  970.2    7.5  183.0   75.0  444.0
2018 202  7 21 1200  -30.9  970.7    8.0  193.0   76.5  444.0
2018 202  7 21 1500  -31.1  969.7    4.1  192.0   75.0  444.0
2018 202  7 21 1800  -27.2  968.8    5.3  238.0   79.0  444.0
2018 202  7 21 2100  -24.5  967.0    7.4  216.0   80.0  444.0
2018 203  7 22 0000  -24.5  966.7    6.3  225.0   80.0  444.0
2018 203  7 22 0300  -25.3  966.5    6.7  225.0   80.0  444.0
2018 203  7 22 0600  -26.0  966.4    8.7  223.0   78.0  444.0
2018 203  7 22 0900  -26.7  965.9    7.4  241.0   77.0  444.0
2018 203  7 22 1200  -27.9  965.8    7.1  231.0   77.0  444.0
2018 203  7 22 1500  -25.4  964.8    8.9  238.0   78.9  444.0
2018 203  7 22 1800  -28.9  966.3    6.6  198.0   76.0  444.0
2018 203  7 22 2100  -25.4  966.3    9.3  218.0   80.0  444.0
2018 204  7 23 0000  -22.7  968.9   13.4  181.0   81.0  444.0
2018 204  7 23 0300  -26.3  974.4    9.2  181.0   78.5  444.0
2018 204  7 23 0600  -27.7  979.0    6.0  223.0   78.0  444.0
2018 204  7 23 0900  -24.8  981.6    8.0  222.0   80.0  444.0
2018 204  7 23 1200  -29.0  983.1    4.3  206.0   76.0  444.0
2018 204  7 23 1500  -30.3  982.9    6.1  235.0   75.0  444.0
2018 204  7 23 1800  -33.2  983.6    5.2  244.0   73.7  444.0
2018 204  7 23 2100  -34.5  983.9    4.5  200.0   73.0  444.0
2018 205  7 24 0000  -28.3  981.5    3.6  329.0   77.0  444.0
2018 205  7 24 0300  -38.1  979.3    3.3  251.0   70.0  444.0
2018 205  7 24 0600  -39.1  977.3    1.5  270.0   71.0  444.0
2018 205  7 24 0900  -35.9  975.5    2.5  356.0   71.0  444.0
2018 205  7 24 1200  -38.7  976.1    3.6  194.0   69.0  444.0
2018 205  7 24 1500  -39.9  977.9    3.5  225.0   68.0  444.0
2018 205  7 24 1800  -36.2  982.3    4.1  219.0   72.0  444.0
2018 205  7 24 2100  -36.0  984.0    4.6  229.0   73.0  444.0
2018 206  7 25 0000  -26.0  982.1   11.2  230.0   78.6  444.0
2018 206  7 25 0300  -33.6  983.8    7.4  177.0   73.0  444.0
2018 206  7 25 0600  -38.0  984.4    5.0  228.0   71.0  444.0
2018 206  7 25 0900  -36.5  982.3    1.7  260.0   71.0  444.0
2018 206  7 25 1200  -27.2  978.1    5.6  274.0   77.0  444.0
2018 206  7 25 1500  -31.8  976.2    6.2  339.0   74.5  444.0
2018 206  7 25 1800  -35.2  976.0    4.4  160.0   71.0  444.0
2018 206  7 25 2100  -36.3  977.1    5.1  234.0   72.3  444.0
2018 207  7 26 0000  -29.9  977.5    5.8  223.0   75.0  444.0
2018 207  7 26 0300  -38.6  980.7    4.6  188.0   70.3  444.0
2018 207  7 26 0600  -35.5  980.4    7.8  238.0   73.0  444.0
2018 207  7 26 0900  -26.9  981.8   10.9  217.0   78.0  444.0
2018 207  7 26 1200  -22.9  983.5   13.1  175.0   81.0  444.0
2018 207  7 26 1500  -28.6  987.1    5.9  177.0   76.0  444.0
2018 207  7 26 1800  -31.3  988.3    6.3  222.0   75.0  444.0
2018 207  7 26 2100  -30.4  988.3    5.7  231.0   75.0  444.0
2018 208  7 27 0000  -29.7  987.8    5.9  222.0   75.0  444.0
2018 208  7 27 0300  -28.5  987.4    6.9  232.0   77.0  444.0
2018 208  7 27 0600  -27.7  986.3    6.4  227.0   76.0  444.0
2018 208  7 27 0900  -31.8  985.0    6.6  258.0   75.0  444.0
2018 208  7 27 1200  -33.2  982.9    5.1  267.0   75.0  444.0
2018 208  7 27 1500  -32.6  979.8    5.3  259.0   74.8  444.0
2018 208  7 27 1800  -32.6  978.1    5.3  235.0   74.0  444.0
2018 208  7 27 2100  -33.7  979.2    4.3  250.0   73.0  444.0
2018 209  7 28 0000  -30.3  978.9    6.3  266.0   76.0  444.0
2018 209  7 28 0300  -34.5  978.8    3.0  251.0   71.9  444.0
2018 209  7 28 0600  -41.0  980.1    2.7  210.0   68.0  444.0
2018 209  7 28 0900  -40.9  981.9    2.5  149.0   68.0  444.0
2018 209  7 28 1200  -41.6  984.2    2.6  152.0   68.0  444.0
2018 209  7 28 1500  -39.3  986.6    2.0  159.0   70.0  444.0
2018 209  7 28 1800  -41.0  988.8    3.8  220.0   69.2  444.0
2018 209  7 28 2100  -41.0  990.3    2.3  201.0   68.0  444.0
2018 210  7 29 0000  -43.5  993.2    1.8  184.0   66.8  444.0
2018 210  7 29 0300  -44.0  994.8    3.3  190.0   66.0  444.0
2018 210  7 29 0600  -45.4  996.6    3.0  230.0   65.6  444.0
2018 210  7 29 0900  -43.9  996.8    2.8  257.0   66.0  444.0
2018 210  7 29 1200  -41.8  996.8    3.2  259.0   68.0  444.0
2018 210  7 29 1500  -41.5  996.3    2.8  273.0   68.0  444.0
2018 210  7 29 1800  -38.0  995.3    4.0  270.0   71.0  444.0
2018 210  7 29 2100  -37.3  995.4    4.0  270.0   71.0  444.0
2018 211  7 30 0000  -40.6  995.6    2.2  305.0   68.0  444.0
2018 211  7 30 0300  -39.2  995.7    3.2  314.0   69.0  444.0
2018 211  7 30 0600  -39.0  995.5    2.5  349.0   68.0  444.0
2018 211  7 30 0900  -38.9  995.5    3.5  337.0   69.4  444.0
2018 211  7 30 1200  -39.0  995.6    2.2  294.0   70.0  444.0
2018 211  7 30 1500  -42.1  995.7    1.5  285.0   67.2  444.0
2018 211  7 30 1800  -48.5  996.9    1.9  256.0   63.0  444.0
2018 211  7 30 2100  -47.4  998.2    3.8  175.0   64.0  444.0
2018 212  7 31 0000  -48.2 1000.4    2.4  221.0   63.0  444.0
2018 212  7 31 0300  -49.4 1001.7    1.9  245.0   62.6  444.0
2018 212  7 31 0600  -48.7 1002.5    1.2  163.0   63.0  444.0
2018 212  7 31 0900  -47.0 1003.4    2.1  315.0   63.0  444.0
2018 212  7 31 1200  -44.8 1003.5    1.8  353.0   64.0  444.0
2018 212  7 31 1500  -45.0 1002.9    2.9  307.0   66.0  444.0
2018 212  7 31 1800  -43.3 1002.4    2.9  313.0   67.0  444.0
2018 212  7 31 2100  -41.4 1002.2    3.3  304.0   68.0  444.0
