Year: 2018  Month: 10  ID: SWT  ARGOS:  8913  Name: Schwerdtfeger       
Lat: 79.87S  Lon: 170.15E  Elev:   54m
2018 274 10  1 0000  -26.4  971.6    9.7  170.0   77.0  444.0
2018 274 10  1 0300  -25.3  972.1   11.1  171.0   78.0  444.0
2018 274 10  1 0600  -23.9  972.4   14.2  167.0   80.1  444.0
2018 274 10  1 0900  -24.2  972.6   15.2  168.0   80.0  444.0
2018 274 10  1 1200  -24.0  970.0   16.8  169.0   81.0  444.0
2018 274 10  1 1500  -24.3  968.0   15.7  178.0   80.0  444.0
2018 274 10  1 1800  -23.7  965.4   15.2  176.0   81.0  444.0
2018 274 10  1 2100  -23.3  963.4   13.0  177.0   80.0  444.0
2018 275 10  2 0000  -23.0  961.4   10.1  175.0   79.8  444.0
2018 275 10  2 0300  -23.2  960.1    9.9  180.0   80.0  444.0
2018 275 10  2 0600  -23.5  959.2    7.7  183.0   81.0  444.0
2018 275 10  2 0900  -22.7  958.7    6.1  178.0   82.0  444.0
2018 275 10  2 1200  -22.8  959.1    5.0  182.0   82.3  444.0
2018 275 10  2 1500  -21.2  959.5    5.6  182.0   84.0  444.0
2018 275 10  2 1800  -23.7  960.1    2.8  218.0   82.0  444.0
2018 275 10  2 2100  -22.1  960.3    3.5  220.0   82.0  444.0
2018 276 10  3 0000  -22.7  960.2    4.2  221.0   80.4  444.0
2018 276 10  3 0300  -23.9  960.2    3.5  231.0   79.2  444.0
2018 276 10  3 0600  -22.9  959.5    5.9  227.0   81.0  444.0
2018 276 10  3 0900  -22.0  959.3    5.3  209.0   83.0  444.0
2018 276 10  3 1200  -25.5  958.6    4.5  221.0   80.0  444.0
2018 276 10  3 1500  -25.5  956.9    7.1  240.0   80.0  444.0
2018 276 10  3 1800  -19.4  954.3    7.3  233.0   85.0  444.0
2018 276 10  3 2100  -16.3  951.4    8.1  204.0   86.0  444.0
2018 277 10  4 0000  -13.6  949.3    9.8  202.0   88.0  444.0
2018 277 10  4 0300  -12.9  946.8    8.7  191.0   89.1  444.0
2018 277 10  4 0600  -18.6  949.0   10.9  141.0   84.0  444.0
2018 277 10  4 0900  -20.1  952.8   10.2  171.0   84.5  444.0
2018 277 10  4 1200  -23.6  953.8    7.3  208.0   82.0  444.0
2018 277 10  4 1500  -18.3  951.4    9.7  199.0   86.1  444.0
2018 277 10  4 1800  -13.4  948.8   13.7  202.0   89.6  444.0
2018 277 10  4 2100  -14.9  946.2   16.4  171.0   86.0  444.0
2018 278 10  5 0000  -17.0  950.1    9.3  176.0   83.0  444.0
2018 278 10  5 0300  -15.9  951.1    9.7  184.0   86.0  444.0
2018 278 10  5 0600  -20.6  952.0    4.8  211.0   80.9  444.0
2018 278 10  5 0900  -24.7  952.2    3.8  235.0   81.0  444.0
2018 278 10  5 1200  -24.8  952.9    2.7  235.0   81.0  444.0
2018 278 10  5 1500  -24.3  953.6    4.2  197.0   81.0  444.0
2018 278 10  5 1800  -26.6  955.0    4.1  194.0   78.0  444.0
2018 278 10  5 2100  -25.1  956.7    5.1  197.0   79.0  444.0
2018 279 10  6 0000  -21.3  958.4    7.1  175.0   81.0  444.0
2018 279 10  6 0300  -22.4  960.1    5.8  180.0   81.0  444.0
2018 279 10  6 0600  -22.4  962.6    6.6  173.0   81.0  444.0
2018 279 10  6 0900  -25.5  964.5    5.0  187.0   80.0  444.0
2018 279 10  6 1200  -29.8  966.1    3.6  214.0   77.0  444.0
2018 279 10  6 1500  -31.8  968.5    4.8  181.0   76.0  444.0
2018 279 10  6 1800  -26.4  970.1    3.9  201.0   79.0  444.0
2018 279 10  6 2100  -23.9  971.2    3.4  210.0   80.0  444.0
2018 280 10  7 0000  -24.0  970.7    3.2  244.0   78.0  444.0
2018 280 10  7 0300  -24.3  969.7    3.9  220.0   77.0  444.0
2018 280 10  7 0600  -24.6  969.2    4.2  216.0   78.2  444.0
2018 280 10  7 0900  -26.9  970.2    3.4  218.0   78.0  444.0
2018 280 10  7 1200  -20.3  969.0    6.1  214.0   85.0  444.0
2018 280 10  7 1500  -19.4  967.5    7.6  202.0   85.0  444.0
2018 280 10  7 1800  -19.4  967.2    9.2  190.0   83.0  444.0
2018 280 10  7 2100  -19.5  967.8    6.7  192.0   82.0  444.0
2018 281 10  8 0000  -15.8  966.9   13.3  179.0   85.0  444.0
2018 281 10  8 0300  -15.1  966.5   13.6  177.0   87.7  444.0
2018 281 10  8 0600  -15.4  965.7   13.8  178.0   87.0  444.0
2018 281 10  8 0900  -21.2  966.0   11.4  170.0   83.0  444.0
2018 281 10  8 1200  -25.0  968.8    9.9  166.0   80.0  444.0
2018 281 10  8 1500  -21.7  969.7    7.9  184.0   83.0  444.0
2018 281 10  8 1800  -19.7  970.3   10.1  184.0   83.0  444.0
2018 281 10  8 2100  -19.8  970.2    8.8  193.0   79.9  444.0
2018 282 10  9 0000  -15.5  969.7   12.3  187.0   83.0  444.0
2018 282 10  9 0300  -14.8  969.1   13.2  186.0   83.0  444.0
2018 282 10  9 0600  -14.7  968.8   12.8  205.0   82.0  444.0
2018 282 10  9 0900  -14.4  967.9   17.2  173.0   88.0  444.0
2018 282 10  9 1200  -14.5  967.7   13.3  204.0   89.0  444.0
2018 282 10  9 1500  -16.3  965.5   11.3  200.0   87.0  444.0
2018 282 10  9 1800  -18.4  964.4   12.1  182.0   83.0  444.0
2018 282 10  9 2100  -20.2  963.4   11.6  182.0   80.0  444.0
2018 283 10 10 0000  -18.6  962.9   11.3  178.0   80.7  444.0
2018 283 10 10 0300  -18.2  961.4   10.2  190.0   80.0  444.0
2018 283 10 10 0600  -15.5  959.4   12.7  190.0   86.0  444.0
2018 283 10 10 0900  -13.8  958.3   12.4  205.0   85.0  444.0
2018 283 10 10 1200  -13.5  955.8   16.8  202.0   90.0  444.0
2018 283 10 10 1500  -15.9  955.4    9.9  178.0   87.0  444.0
2018 283 10 10 1800  -22.8  956.2    9.9  178.0   80.2  444.0
2018 283 10 10 2100  -23.8  957.2    5.0  212.0   77.0  444.0
2018 284 10 11 0000  -22.5  956.2    3.8  214.0   77.0  444.0
2018 284 10 11 0300  -22.9  955.6    3.9  238.0   74.1  444.0
2018 284 10 11 0600  -16.8  954.9    2.4  300.0   86.0  444.0
2018 284 10 11 0900  -16.7  954.0    5.1  316.0   86.0  444.0
2018 284 10 11 1200  -16.5  956.6    3.6  351.0   88.3  444.0
2018 284 10 11 1500  -22.8  962.3    2.1    2.0   83.0  444.0
2018 284 10 11 1800  -22.5  968.0    8.6  122.0   82.0  444.0
2018 284 10 11 2100  -33.7  973.2    6.5  145.0   71.0  444.0
2018 285 10 12 0000  -33.4  975.4    8.2  165.0   70.0  444.0
2018 285 10 12 0300  -29.3  975.8    2.1  192.0   74.0  444.0
2018 285 10 12 0600  -27.6  975.4  444.0  444.0   78.0  444.0
2018 285 10 12 0900  -27.0  973.6  444.0  444.0   79.0  444.0
2018 285 10 12 1200  -27.0  972.7  444.0  444.0   79.0  444.0
2018 285 10 12 1500  -25.5  972.9    2.5   67.0   80.0  444.0
2018 285 10 12 1800  -25.3  974.0    0.0    0.0   80.0  444.0
2018 285 10 12 2100  -23.1  975.8    1.8  120.0   80.0  444.0
2018 286 10 13 0000  -22.9  976.9    1.6  156.0   80.0  444.0
2018 286 10 13 0300  -21.7  977.4  444.0  444.0   81.0  444.0
2018 286 10 13 0600  -22.4  978.2  444.0  444.0   81.0  444.0
2018 286 10 13 0900  -23.5  979.7  444.0  444.0   81.0  444.0
2018 286 10 13 1200  -24.3  981.7  444.0  444.0   81.0  444.0
2018 286 10 13 1500  -23.8  984.4    2.5  160.0   81.4  444.0
2018 286 10 13 1800  -23.7  987.1    3.6  144.0   81.0  444.0
2018 286 10 13 2100  -23.5  989.7    4.1  144.0   79.0  444.0
2018 287 10 14 0000  -24.6  992.0    2.9  164.0   77.0  444.0
2018 287 10 14 0300  -21.4  992.6    0.0  194.0   77.8  444.0
2018 287 10 14 0600  -28.6  993.0  444.0  444.0   74.0  444.0
2018 287 10 14 0900  -33.2  992.4  444.0  444.0   72.0  444.0
2018 287 10 14 1200  -36.1  991.9  444.0  444.0   72.0  444.0
2018 287 10 14 1500  -36.1  991.2  444.0  444.0   72.0  444.0
2018 287 10 14 1800  -37.6  991.3    2.9   29.0   69.9  444.0
2018 287 10 14 2100  -35.1  991.8    1.8   28.0   70.0  444.0
2018 288 10 15 0000  -31.3  992.8    1.2    4.0   70.5  444.0
2018 288 10 15 0300  -31.7  993.5    2.1   59.0   70.0  444.0
2018 288 10 15 0600  -32.7  994.6    3.6   41.0   71.3  444.0
2018 288 10 15 0900  -33.6  996.2    1.9    4.0   73.0  444.0
2018 288 10 15 1200  -35.1  996.3    3.8  326.0   73.0  444.0
2018 288 10 15 1500  -37.9  995.1    2.1  312.0   70.0  444.0
2018 288 10 15 1800  -39.6  994.9    0.0  309.0   68.0  444.0
2018 288 10 15 2100  -37.5  994.0  444.0  444.0   69.0  444.0
2018 289 10 16 0000  -35.7  992.8  444.0  444.0   71.0  444.0
2018 289 10 16 0300  -34.8  991.4  444.0  444.0   71.0  444.0
2018 289 10 16 0600  -35.9  988.5  444.0  444.0   70.0  444.0
2018 289 10 16 0900  -38.7  984.0  444.0  444.0   69.0  444.0
2018 289 10 16 1200  -39.7  979.1    3.3  307.0   69.0  444.0
2018 289 10 16 1500  -38.3  975.4    0.9  307.0   70.0  444.0
2018 289 10 16 1800  -40.4  971.0    1.7  309.0   67.0  444.0
2018 289 10 16 2100  -35.1  968.1    4.1  340.0   71.0  444.0
2018 290 10 17 0000  -30.1  964.0   11.0  265.0   74.0  444.0
2018 290 10 17 0300  -33.9  963.6    9.2  221.0   73.0  444.0
2018 290 10 17 0600  -31.3  963.1    5.3  276.0   74.0  444.0
2018 290 10 17 0900  -27.3  962.0    8.2  262.0   78.0  444.0
2018 290 10 17 1200  -24.0  960.5   10.2  261.0   81.0  444.0
2018 290 10 17 1500  -23.3  959.3   10.4  261.0   81.4  444.0
2018 290 10 17 1800  -23.9  958.7    7.7  210.0   81.0  444.0
2018 290 10 17 2100  -24.7  958.5    7.3  231.0   79.8  444.0
2018 291 10 18 0000  -23.2  957.9    5.5  242.0   81.0  444.0
2018 291 10 18 0300  -22.2  957.3    5.9  237.0   82.0  444.0
2018 291 10 18 0600  -23.7  957.6    3.6  210.0   82.0  444.0
2018 291 10 18 0900  -24.5  959.3    2.8  220.0   80.8  444.0
2018 291 10 18 1200  -25.2  960.5    2.5  231.0   80.0  444.0
2018 291 10 18 1500  -26.0  961.9    1.3  194.0   79.0  444.0
2018 291 10 18 1800  -23.2  962.6    1.1    1.0   81.7  444.0
2018 291 10 18 2100  -20.6  964.1    2.2   18.0   84.0  444.0
2018 292 10 19 0000  -20.3  966.6    2.1   74.0   84.0  444.0
2018 292 10 19 0300  -20.1  969.6    4.1  143.0   84.0  444.0
2018 292 10 19 0600  -20.3  972.6    3.7  158.0   84.0  444.0
2018 292 10 19 0900  -22.5  974.8    3.2  185.0   83.0  444.0
2018 292 10 19 1200  -27.1  975.9    0.9  205.0   79.5  444.0
2018 292 10 19 1500  -29.6  976.2    0.7  238.0   77.0  444.0
2018 292 10 19 1800  -26.8  976.7    0.0    0.0   79.0  444.0
2018 292 10 19 2100  -27.0  976.7    0.6  239.0   79.0  444.0
2018 293 10 20 0000  -25.2  976.8    1.1   29.0   80.0  444.0
2018 293 10 20 0300  -23.8  976.9    0.7  343.0   80.0  444.0
2018 293 10 20 0600  -25.6  977.1    0.7   42.0   79.0  444.0
2018 293 10 20 0900  -29.1  977.5    0.6    2.0   76.0  444.0
2018 293 10 20 1200  -30.4  977.1    0.0    0.0   76.0  444.0
2018 293 10 20 1500  -32.5  977.5    0.3   27.0   74.0  444.0
2018 293 10 20 1800  -32.1  978.0    0.0    0.0   73.0  444.0
2018 293 10 20 2100  -30.9  978.9    3.8  230.0   75.6  444.0
2018 294 10 21 0000  -27.0  979.6    3.2  256.0   78.0  444.0
2018 294 10 21 0300  -26.9  979.6    4.0  262.0   78.0  444.0
2018 294 10 21 0600  -28.1  979.3    1.0  214.0   79.0  444.0
2018 294 10 21 0900  -29.7  979.5    1.8  215.0   77.0  444.0
2018 294 10 21 1200  -28.4  979.3    1.6  274.0   78.0  444.0
2018 294 10 21 1500  -26.0  979.4    2.1  228.0   79.0  444.0
2018 294 10 21 1800  -26.4  979.7    0.0    0.0   79.0  444.0
2018 294 10 21 2100  -28.5  980.8    1.6  138.0   78.0  444.0
2018 295 10 22 0000  -26.0  981.0    1.2  223.0   79.0  444.0
2018 295 10 22 0300  -22.8  981.0    0.5  182.0   82.6  444.0
2018 295 10 22 0600  -22.1  981.3    2.6  160.0   83.0  444.0
2018 295 10 22 0900  -22.2  981.1    1.1  205.0   83.0  444.0
2018 295 10 22 1200  -23.4  980.5    1.1  265.0   81.6  444.0
2018 295 10 22 1500  -26.0  979.3    0.9  295.0   79.0  444.0
2018 295 10 22 1800  -24.0  978.3    1.5  302.0   81.0  444.0
2018 295 10 22 2100  -22.3  977.4    0.9  326.0   82.0  444.0
2018 296 10 23 0000  -20.9  977.1    1.9  170.0   83.0  444.0
2018 296 10 23 0300  -25.4  976.9    2.7  191.0   80.0  444.0
2018 296 10 23 0600  -28.3  977.1    3.4  200.0   78.0  444.0
2018 296 10 23 0900  -30.7  977.4    1.8  223.0   77.0  444.0
2018 296 10 23 1200  -35.2  977.4    2.6  238.0   73.0  444.0
2018 296 10 23 1500  -36.8  977.1    2.4  243.0   72.0  444.0
2018 296 10 23 1800  -33.7  977.1    2.9  253.0   73.5  444.0
2018 296 10 23 2100  -31.2  976.7    4.7  248.0   75.0  444.0
2018 297 10 24 0000  -28.1  975.5    5.7  246.0   77.0  444.0
2018 297 10 24 0300  -26.9  973.9    6.3  235.0   79.0  444.0
2018 297 10 24 0600  -24.1  973.4    6.1  216.0   81.0  444.0
2018 297 10 24 0900  -23.5  971.8    7.6  220.0   81.0  444.0
2018 297 10 24 1200  -24.7  971.3    6.7  204.0   80.0  444.0
2018 297 10 24 1500  -23.9  970.2    7.6  216.0   81.0  444.0
2018 297 10 24 1800  -25.3  969.3    7.8  229.0   80.0  444.0
2018 297 10 24 2100  -22.9  968.8    8.2  223.0   80.6  444.0
2018 298 10 25 0000  -21.7  967.8    6.6  225.0   81.0  444.0
2018 298 10 25 0300  -21.1  965.7    7.1  244.0   82.0  444.0
2018 298 10 25 0600  -17.8  963.7    8.3  223.0   85.0  444.0
2018 298 10 25 0900  -16.6  961.6   11.0  231.0   87.2  444.0
2018 298 10 25 1200  -11.4  959.4   15.6  197.0   93.0  444.0
2018 298 10 25 1500  -10.6  959.5   12.9  183.0   93.3  444.0
2018 298 10 25 1800  -11.1  960.4   13.2  180.0   92.0  444.0
2018 298 10 25 2100  -11.0  961.2   11.0  182.0   90.2  444.0
2018 299 10 26 0000  -11.2  962.4    9.4  186.0   89.3  444.0
2018 299 10 26 0300  -10.3  963.5   11.2  180.0   89.5  444.0
2018 299 10 26 0600  -10.5  965.6   12.8  178.0   90.0  444.0
2018 299 10 26 0900  -14.5  970.1   14.1  160.0   88.0  444.0
2018 299 10 26 1200  -15.1  976.6   11.5  163.0   88.1  444.0
2018 299 10 26 1500  -17.2  979.2    7.5  192.0   86.0  444.0
2018 299 10 26 1800  -17.5  978.5    6.5  221.0   82.2  444.0
2018 299 10 26 2100  -16.2  976.7    8.1  210.0   80.0  444.0
2018 300 10 27 0000  -15.8  975.5    6.8  208.0   75.0  444.0
2018 300 10 27 0300  -15.0  973.8    5.5  228.0   80.0  444.0
2018 300 10 27 0600  -14.7  971.1    7.6  241.0   72.3  444.0
2018 300 10 27 0900  -16.0  969.0    8.2  247.0   77.0  444.0
2018 300 10 27 1200  -14.9  967.2    8.6  261.0   80.0  444.0
2018 300 10 27 1500  -13.7  965.7    9.3  253.0   85.0  444.0
2018 300 10 27 1800  -10.6  964.9   12.3  222.0   91.0  444.0
2018 300 10 27 2100   -6.0  963.3   15.4  195.0   94.0  444.0
2018 301 10 28 0000   -8.8  964.4   12.1  182.0   88.0  444.0
2018 301 10 28 0300  -10.6  966.0    9.1  181.0   85.0  444.0
2018 301 10 28 0600  -14.9  968.3    9.2  165.0   82.0  444.0
2018 301 10 28 0900  -16.2  970.9    9.1  170.0   87.0  444.0
2018 301 10 28 1200  -14.6  973.2    9.3  172.0   89.0  444.0
2018 301 10 28 1500  -13.4  976.2    5.6  168.0   89.0  444.0
2018 301 10 28 1800  -14.1  977.5    6.1  190.0   88.0  444.0
2018 301 10 28 2100  -13.9  976.0    7.7  249.0   85.0  444.0
2018 302 10 29 0000  -12.0  974.7    7.5  216.0   81.1  444.0
2018 302 10 29 0300   -8.7  974.6    7.7  205.0   84.0  444.0
2018 302 10 29 0600   -8.7  974.7    7.5  192.0   85.0  444.0
2018 302 10 29 0900  -11.0  975.0    6.1  225.0   85.0  444.0
2018 302 10 29 1200  -13.0  975.1    6.1  225.0   82.7  444.0
2018 302 10 29 1500  -15.4  974.9    5.1  245.0   80.0  444.0
2018 302 10 29 1800  -16.3  974.4    4.2  243.0   75.0  444.0
2018 302 10 29 2100  -13.3  974.3    6.4  231.0   66.0  444.0
2018 303 10 30 0000  -13.0  974.0    7.6  230.0   72.0  444.0
2018 303 10 30 0300  -11.2  973.4    5.5  245.0   70.1  444.0
2018 303 10 30 0600  -13.7  972.9    3.7  237.0   78.0  444.0
2018 303 10 30 0900  -16.4  972.2    5.2  236.0   78.4  444.0
2018 303 10 30 1200  -15.7  971.8    6.1  251.0   69.0  444.0
2018 303 10 30 1500  -14.1  971.1    2.8  266.0   69.0  444.0
2018 303 10 30 1800  -17.3  970.4    1.3   90.0   71.0  444.0
2018 303 10 30 2100  -17.3  970.1    0.9    3.0   71.0  444.0
2018 304 10 31 0000  -16.9  969.1    3.4  356.0   76.0  444.0
2018 304 10 31 0300  -17.8  968.6    2.3  310.0   75.0  444.0
2018 304 10 31 0600  -18.2  968.2    0.6  326.0   76.0  444.0
2018 304 10 31 0900  -20.5  967.9    1.8  222.0   86.0  444.0
2018 304 10 31 1200  -24.7  968.1    2.4  241.0   82.1  444.0
2018 304 10 31 1500  -25.4  968.4    4.1  234.0   80.0  444.0
2018 304 10 31 1800  -24.8  968.7    5.2  234.0   77.0  444.0
2018 304 10 31 2100  -22.0  969.7    2.8  232.0   75.0  444.0
