Year: 2018  Month: 12  ID: SWT  ARGOS:  8913  Name: Schwerdtfeger       
Lat: 79.87S  Lon: 170.15E  Elev:   54m
2018 335 12  1 0000  -13.0  977.1    2.7  175.0   80.0  444.0
2018 335 12  1 0300  -13.6  977.2    3.8  187.0   80.0  444.0
2018 335 12  1 0600  -13.7  976.6    3.4  229.0   79.0  444.0
2018 335 12  1 0900  -14.1  975.5    4.5  259.0   81.0  444.0
2018 335 12  1 1200  -16.2  974.7    3.0  257.0   80.0  444.0
2018 335 12  1 1500  -16.4  973.6    3.5  255.0   79.0  444.0
2018 335 12  1 1800  -15.0  973.3    2.1  258.0   75.8  444.0
2018 335 12  1 2100  -10.7  972.5    3.4  262.0   73.0  444.0
2018 336 12  2 0000   -9.1  972.4    3.8  257.0   76.9  444.0
2018 336 12  2 0300   -7.5  972.4    1.4  244.0   77.0  444.0
2018 336 12  2 0600   -8.2  973.0    2.6  265.0   80.5  444.0
2018 336 12  2 0900   -9.7  973.9    2.1  243.0   85.0  444.0
2018 336 12  2 1200  -12.2  975.4    0.6  210.0   86.0  444.0
2018 336 12  2 1500  -11.5  977.4    0.2  311.0   88.0  444.0
2018 336 12  2 1800  -11.7  979.7    0.1  276.0   72.0  444.0
2018 336 12  2 2100   -8.4  982.1    2.8  273.0   64.7  444.0
2018 337 12  3 0000   -6.3  984.5    0.6   45.0   62.0  444.0
2018 337 12  3 0300   -6.3  986.4    1.3  339.0   72.7  444.0
2018 337 12  3 0600   -6.6  988.1    1.4   43.0   76.0  444.0
2018 337 12  3 0900   -8.3  989.3    1.4   71.0   88.9  444.0
2018 337 12  3 1200  -10.9  990.8    2.5  137.0   92.0  444.0
2018 337 12  3 1500  -14.6  991.4    2.9  119.0   79.0  444.0
2018 337 12  3 1800  -13.5  991.6    1.6  151.0   81.0  444.0
2018 337 12  3 2100  -10.9  991.9    2.9  131.0   79.0  444.0
2018 338 12  4 0000   -8.7  991.1    3.3  140.0   78.0  444.0
2018 338 12  4 0300   -7.9  990.5    3.6  152.0   78.0  444.0
2018 338 12  4 0600   -8.3  989.2    4.4  192.0   74.6  444.0
2018 338 12  4 0900   -8.6  987.2    5.9  194.0   75.2  444.0
2018 338 12  4 1200   -9.3  985.2    6.3  209.0   76.0  444.0
2018 338 12  4 1500   -9.8  982.9    6.6  218.0   80.8  444.0
2018 338 12  4 1800  -10.0  980.4    5.5  230.0   77.0  444.0
2018 338 12  4 2100  -10.1  978.9    5.1  206.0   84.0  444.0
2018 339 12  5 0000   -8.6  977.0    7.2  211.0   80.2  444.0
2018 339 12  5 0300   -7.8  975.2    7.9  204.0   80.0  444.0
2018 339 12  5 0600   -7.9  973.8    7.0  213.0   83.0  444.0
2018 339 12  5 0900   -8.6  972.4    6.1  216.0   84.0  444.0
2018 339 12  5 1200  -11.2  971.2    4.5  218.0   82.7  444.0
2018 339 12  5 1500  -13.0  969.9    3.6  231.0   82.0  444.0
2018 339 12  5 1800  -11.5  969.0    4.1  232.0   80.0  444.0
2018 339 12  5 2100   -8.8  968.4    4.3  231.0   76.0  444.0
2018 340 12  6 0000   -6.9  967.9    3.1  218.0   78.0  444.0
2018 340 12  6 0300   -6.0  967.8    2.7  232.0   82.0  444.0
2018 340 12  6 0600   -5.7  967.8    1.9  227.0   77.0  444.0
2018 340 12  6 0900   -8.8  967.9    2.7  226.0   83.0  444.0
2018 340 12  6 1200   -9.0  968.3    2.5  196.0   81.0  444.0
2018 340 12  6 1500  -12.6  969.2    3.2  218.0   88.0  444.0
2018 340 12  6 1800  -11.1  970.4    2.0  164.0   75.9  444.0
2018 340 12  6 2100   -8.5  971.5    3.5  214.0   75.0  444.0
2018 341 12  7 0000   -6.5  973.0    4.0  203.0   76.0  444.0
2018 341 12  7 0300   -5.9  973.9    3.4  223.0   81.0  444.0
2018 341 12  7 0600   -6.1  973.6    4.9  233.0   78.7  444.0
2018 341 12  7 0900   -7.4  974.0    4.2  215.0   83.2  444.0
2018 341 12  7 1200   -8.9  974.9    4.4  202.0   87.0  444.0
2018 341 12  7 1500  -10.8  975.8    4.5  211.0   85.0  444.0
2018 341 12  7 1800   -8.7  976.0    3.9  229.0   81.0  444.0
2018 341 12  7 2100   -7.1  976.2    4.4  205.0   80.8  444.0
2018 342 12  8 0000   -5.2  976.7    4.5  200.0   86.0  444.0
2018 342 12  8 0300   -3.8  976.8    5.2  197.0   77.0  444.0
2018 342 12  8 0600   -5.6  976.9    1.6  209.0   88.0  444.0
2018 342 12  8 0900   -5.2  976.5    2.9  175.0   91.4  444.0
2018 342 12  8 1200   -7.3  976.3    4.0  163.0   99.9  444.0
2018 342 12  8 1500   -8.4  976.2    1.9  179.0   99.0  444.0
2018 342 12  8 1800   -8.1  976.1    3.2  145.0   96.0  444.0
2018 342 12  8 2100  -10.0  976.3    4.1  135.0   93.3  444.0
2018 343 12  9 0000   -9.7  976.4    2.3  139.0   90.4  444.0
2018 343 12  9 0300   -7.8  976.2    2.4  153.0   91.0  444.0
2018 343 12  9 0600   -8.6  976.1    2.6  182.0   94.0  444.0
2018 343 12  9 0900   -8.7  975.9    3.1  172.0   94.8  444.0
2018 343 12  9 1200   -8.5  976.0    1.0  144.0   96.1  444.0
2018 343 12  9 1500   -7.7  975.8    3.3  177.0   96.0  444.0
2018 343 12  9 1800   -8.6  976.0    1.8  221.0   95.0  444.0
2018 343 12  9 2100   -7.8  976.4    4.3  199.0   93.0  444.0
2018 344 12 10 0000   -7.5  976.6    3.5  199.0   90.2  444.0
2018 344 12 10 0300   -6.7  976.5    3.8  192.0   90.0  444.0
2018 344 12 10 0600   -7.3  977.2    2.8  171.0   93.0  444.0
2018 344 12 10 0900   -8.3  978.0    4.1  171.0   93.0  444.0
2018 344 12 10 1200   -8.4  979.4    2.6  180.0   92.0  444.0
2018 344 12 10 1500   -8.3  980.6    3.9  191.0   87.6  444.0
2018 344 12 10 1800   -9.4  981.4    5.9  214.0   97.0  444.0
2018 344 12 10 2100   -8.9  981.8    7.0  237.0   93.0  444.0
2018 345 12 11 0000   -6.3  981.8    7.4  232.0   84.0  444.0
2018 345 12 11 0300   -4.7  982.2    5.2  188.0   77.5  444.0
2018 345 12 11 0600   -5.0  982.1    5.0  222.0   82.0  444.0
2018 345 12 11 0900   -6.6  981.5    4.1  216.0   90.0  444.0
2018 345 12 11 1200   -8.0  981.4    3.2  226.0   90.7  444.0
2018 345 12 11 1500  -10.3  981.1    3.0  219.0   94.0  444.0
2018 345 12 11 1800   -8.4  981.0    2.1  191.0   88.0  444.0
2018 345 12 11 2100   -7.5  981.1    2.0  186.0   84.0  444.0
2018 346 12 12 0000   -5.7  981.0    0.9  253.0   79.0  444.0
2018 346 12 12 0300   -5.2  980.5    0.0    0.0   68.0  444.0
2018 346 12 12 0600   -6.4  980.2    2.7   44.0   87.0  444.0
2018 346 12 12 0900   -7.6  980.6    2.4   44.0   90.8  444.0
2018 346 12 12 1200   -8.9  981.4    2.5   77.0   91.0  444.0
2018 346 12 12 1500  -10.4  982.2    2.5  123.0   88.7  444.0
2018 346 12 12 1800   -9.7  983.2    2.4  154.0   90.0  444.0
2018 346 12 12 2100   -8.0  983.6    3.2  203.0   89.0  444.0
2018 347 12 13 0000   -7.7  983.2    4.1  221.0   87.0  444.0
2018 347 12 13 0300   -7.0  982.0    5.7  215.0   91.2  444.0
2018 347 12 13 0600   -7.2  980.4    2.9  239.0   85.0  444.0
2018 347 12 13 0900   -7.9  978.7    4.2  252.0   93.0  444.0
2018 347 12 13 1200   -7.3  976.9    4.7  219.0   91.1  444.0
2018 347 12 13 1500   -9.0  975.6    4.6  149.0   85.0  444.0
2018 347 12 13 1800   -9.4  974.6    3.8  157.0   79.0  444.0
2018 347 12 13 2100   -8.8  974.6    6.6  123.0   79.0  444.0
2018 348 12 14 0000   -8.0  975.5    4.3  152.0   85.0  444.0
2018 348 12 14 0300   -6.7  975.8    2.1  196.0   80.0  444.0
2018 348 12 14 0600   -7.2  975.3    4.2  237.0   84.1  444.0
2018 348 12 14 0900   -7.8  974.7    5.7  204.0   93.0  444.0
2018 348 12 14 1200   -9.8  973.8    5.5  227.0   86.0  444.0
2018 348 12 14 1500   -8.4  971.8    8.6  213.0   75.0  444.0
2018 348 12 14 1800   -8.3  972.0    9.4  171.0   90.0  444.0
2018 348 12 14 2100   -9.3  972.3   10.2  171.0   83.1  444.0
2018 349 12 15 0000   -9.3  972.6    8.5  150.0   80.0  444.0
2018 349 12 15 0300   -9.2  972.9    7.6  161.0   79.0  444.0
2018 349 12 15 0600   -8.3  973.4    4.6  150.0   83.0  444.0
2018 349 12 15 0900   -8.2  974.4    4.8  167.0   88.3  444.0
2018 349 12 15 1200   -8.2  975.6    3.7  182.0   91.0  444.0
2018 349 12 15 1500  -11.0  976.5    3.7  237.0   88.0  444.0
2018 349 12 15 1800  -11.5  976.8    5.2  247.0   91.0  444.0
2018 349 12 15 2100   -9.9  976.8    4.8  236.0   86.0  444.0
2018 350 12 16 0000   -7.5  976.4    6.1  202.0   84.0  444.0
2018 350 12 16 0300   -5.8  975.7    8.4  179.0   80.0  444.0
2018 350 12 16 0600   -6.5  975.8    7.1  161.0   83.0  444.0
2018 350 12 16 0900   -8.9  976.5    3.1  196.0   87.0  444.0
2018 350 12 16 1200  -11.3  976.9    3.5  196.0   88.0  444.0
2018 350 12 16 1500  -12.5  977.1    2.3  247.0   89.0  444.0
2018 350 12 16 1800  -10.2  976.7    3.2  237.0   87.0  444.0
2018 350 12 16 2100   -5.6  975.2    6.8  237.0   70.0  444.0
2018 351 12 17 0000   -2.7  973.5   10.1  196.0   76.0  444.0
2018 351 12 17 0300   -2.3  973.1   10.0  183.0   77.0  444.0
2018 351 12 17 0600   -2.7  974.2    9.2  183.0   82.0  444.0
2018 351 12 17 0900   -4.2  975.2    6.5  185.0   81.6  444.0
2018 351 12 17 1200   -6.0  975.9    6.6  183.0   81.0  444.0
2018 351 12 17 1500   -6.5  976.9    6.8  189.0   76.0  444.0
2018 351 12 17 1800   -6.4  977.8    7.7  200.0   77.0  444.0
2018 351 12 17 2100   -4.1  978.1    9.5  194.0   69.8  444.0
2018 352 12 18 0000   -2.7  978.1   10.8  195.0   67.0  444.0
2018 352 12 18 0300   -2.7  978.1   10.3  194.0   73.0  444.0
2018 352 12 18 0600   -3.0  979.0    9.9  194.0   75.0  444.0
2018 352 12 18 0900   -3.8  979.4   10.8  185.0   83.0  444.0
2018 352 12 18 1200   -4.2  980.5    9.8  168.0   87.0  444.0
2018 352 12 18 1500   -7.7  983.5    9.4  154.0   92.0  444.0
2018 352 12 18 1800   -7.2  986.5    6.1  174.0   90.0  444.0
2018 352 12 18 2100   -6.7  988.3    3.9  201.0   85.0  444.0
2018 353 12 19 0000   -5.2  988.9    3.9  212.0   87.0  444.0
2018 353 12 19 0300   -3.5  989.0    3.0  212.0   84.8  444.0
2018 353 12 19 0600   -2.9  989.1    2.4  236.0   86.6  444.0
2018 353 12 19 0900   -4.5  988.8    4.0  194.0   87.0  444.0
2018 353 12 19 1200   -6.8  988.9    3.9  199.0   85.0  444.0
2018 353 12 19 1500   -8.1  988.5    3.6  189.0   82.0  444.0
2018 353 12 19 1800   -8.0  988.7    2.4  215.0   82.0  444.0
2018 353 12 19 2100   -6.3  988.6    2.4  197.0   81.0  444.0
2018 354 12 20 0000   -3.1  987.7    2.7  210.0   70.5  444.0
2018 354 12 20 0300   -2.2  985.8    4.6  210.0   71.7  444.0
2018 354 12 20 0600   -2.7  983.8    5.4  241.0   91.0  444.0
2018 354 12 20 0900   -2.3  980.8    5.9  249.0   80.2  444.0
2018 354 12 20 1200    0.6  977.6   11.3  211.0   74.0  444.0
2018 354 12 20 1500   -1.4  978.8   11.8  171.0   92.9  444.0
2018 354 12 20 1800   -2.2  979.9   11.6  177.0   92.0  444.0
2018 354 12 20 2100   -1.6  980.7   12.6  183.0   90.0  444.0
2018 355 12 21 0000   -3.9  981.4   15.0  157.0   90.0  444.0
2018 355 12 21 0300   -5.3  984.3   12.4  150.0   89.0  444.0
2018 355 12 21 0600   -5.3  987.2    8.8  153.0   87.8  444.0
2018 355 12 21 0900   -5.7  987.9    4.3  201.0   88.0  444.0
2018 355 12 21 1200   -5.6  987.2    5.0  206.0   89.0  444.0
2018 355 12 21 1500   -6.7  986.3    5.5  199.0   87.0  444.0
2018 355 12 21 1800   -6.2  985.8    4.2  180.0   88.1  444.0
2018 355 12 21 2100   -5.0  985.6    4.3  169.0   86.0  444.0
2018 356 12 22 0000   -4.5  985.6    4.1  180.0   86.0  444.0
2018 356 12 22 0300   -4.5  985.0    3.6  148.0   87.0  444.0
2018 356 12 22 0600   -4.4  984.5    3.3  145.0   90.0  444.0
2018 356 12 22 0900   -5.6  985.2    3.0  132.0   91.0  444.0
2018 356 12 22 1200   -6.9  985.8    2.1  139.0   94.0  444.0
2018 356 12 22 1500   -7.2  986.1    2.0  190.0   92.0  444.0
2018 356 12 22 1800   -6.9  986.3    2.6  202.0   92.0  444.0
2018 356 12 22 2100   -5.2  986.1    2.5  213.0   91.0  444.0
2018 357 12 23 0000   -3.9  984.7    3.5  234.0   89.0  444.0
2018 357 12 23 0300   -2.8  983.1    6.2  188.0   82.0  444.0
2018 357 12 23 0600   -1.5  980.7    7.9  201.0   73.2  444.0
2018 357 12 23 0900   -3.3  979.6    9.2  152.0   91.0  444.0
2018 357 12 23 1200   -5.2  980.5    6.3  132.0   88.9  444.0
2018 357 12 23 1500   -6.8  981.6    4.4  167.0   94.0  444.0
2018 357 12 23 1800   -6.6  982.1    5.2  169.0   87.3  444.0
2018 357 12 23 2100   -5.2  982.0    6.6  181.0   86.0  444.0
2018 358 12 24 0000   -4.5  981.6    6.0  195.0   88.0  444.0
2018 358 12 24 0300   -4.0  980.2    3.9  182.0   83.0  444.0
2018 358 12 24 0600   -4.0  979.3    2.9  149.0   82.0  444.0
2018 358 12 24 0900   -4.8  978.9    3.8  166.0   87.0  444.0
2018 358 12 24 1200   -6.2  978.4    4.5  188.0  100.0  444.0
2018 358 12 24 1500   -6.7  977.0    5.0  195.0   90.0  444.0
2018 358 12 24 1800   -5.7  976.1    4.8  200.0   83.0  444.0
2018 358 12 24 2100   -3.1  974.8    8.5  197.0   72.3  444.0
2018 359 12 25 0000   -6.2  975.5   11.4  160.0   84.0  444.0
2018 359 12 25 0300   -4.8  976.0   10.3  178.0   87.1  444.0
2018 359 12 25 0600   -5.8  976.0    8.4  178.0   89.0  444.0
2018 359 12 25 0900   -5.6  974.9    3.7  230.0   94.1  444.0
2018 359 12 25 1200   -4.6  974.2    7.0  193.0   92.0  444.0
2018 359 12 25 1500   -5.5  972.7    7.2  191.0   87.8  444.0
2018 359 12 25 1800   -5.2  972.5    9.0  186.0   90.0  444.0
2018 359 12 25 2100   -5.1  973.7   10.8  165.0   86.0  444.0
2018 360 12 26 0000   -4.8  975.5    6.5  157.0   84.5  444.0
2018 360 12 26 0300   -2.7  974.8    5.8  203.0   87.0  444.0
2018 360 12 26 0600   -2.5  974.1    6.1  215.0   87.0  444.0
2018 360 12 26 0900   -1.4  973.4    8.9  192.0   87.0  444.0
2018 360 12 26 1200   -1.6  973.3    9.0  193.0   92.0  444.0
2018 360 12 26 1500   -2.6  973.7    9.0  186.0   94.0  444.0
2018 360 12 26 1800   -4.1  975.6    8.4  160.0   92.3  444.0
2018 360 12 26 2100   -4.3  978.6    9.5  141.0   94.0  444.0
2018 361 12 27 0000   -4.4  981.0    7.5  137.0   82.0  444.0
2018 361 12 27 0300   -4.4  982.5    5.1  175.0   78.0  444.0
2018 361 12 27 0600   -4.3  983.7    3.5  162.0   91.1  444.0
2018 361 12 27 0900   -4.2  984.3    1.5   64.0   90.0  444.0
2018 361 12 27 1200   -5.2  984.8    1.4  139.0   96.0  444.0
2018 361 12 27 1500   -8.2  985.2    1.7  189.0   99.0  444.0
2018 361 12 27 1800   -7.6  985.6    1.8  184.0   87.0  444.0
2018 361 12 27 2100   -6.6  985.9    2.1  195.0   88.0  444.0
2018 362 12 28 0000   -6.1  985.7    2.4  163.0   87.5  444.0
2018 362 12 28 0300   -5.7  985.1    3.2  199.0   88.0  444.0
2018 362 12 28 0600   -5.4  984.7    3.4  184.0   88.0  444.0
2018 362 12 28 0900   -5.5  984.1    2.6  215.0   91.0  444.0
2018 362 12 28 1200   -5.5  983.5    3.6  229.0   95.4  444.0
2018 362 12 28 1500   -5.8  982.6    3.6  237.0   98.0  444.0
2018 362 12 28 1800   -5.1  982.3    3.1  238.0   97.0  444.0
2018 362 12 28 2100   -4.9  982.0    3.6  217.0   95.0  444.0
2018 363 12 29 0000   -4.4  981.7    3.4  209.0   89.3  444.0
2018 363 12 29 0300   -5.2  981.2    3.1  215.0   95.2  444.0
2018 363 12 29 0600   -6.3  981.2    3.5  205.0   97.0  444.0
2018 363 12 29 0900   -6.2  980.9    3.4  219.0   98.0  444.0
2018 363 12 29 1200   -6.7  981.1    3.7  227.0   98.0  444.0
2018 363 12 29 1500   -6.8  980.8    2.5  229.0   98.3  444.0
2018 363 12 29 1800   -7.1  981.2    2.8  237.0   96.0  444.0
2018 363 12 29 2100   -6.6  981.4    2.9  241.0   94.0  444.0
2018 364 12 30 0000   -5.1  981.5    3.0  242.0   89.0  444.0
2018 364 12 30 0300   -5.0  981.3    3.8  269.0   87.3  444.0
2018 364 12 30 0600   -4.6  980.9    3.6  271.0   90.8  444.0
2018 364 12 30 0900   -5.2  980.8    3.0  272.0   94.0  444.0
2018 364 12 30 1200   -5.9  980.6    3.8  270.0   96.0  444.0
2018 364 12 30 1500   -6.2  979.9    4.0  274.0   93.4  444.0
2018 364 12 30 1800   -5.1  979.5    5.3  248.0   82.4  444.0
2018 364 12 30 2100   -2.7  979.0    7.1  238.0   75.0  444.0
2018 365 12 31 0000   -2.3  978.9    7.1  232.0   78.0  444.0
2018 365 12 31 0300   -2.1  978.3    6.3  204.0   89.0  444.0
2018 365 12 31 0600   -2.3  978.6    6.0  187.0   89.9  444.0
2018 365 12 31 0900   -4.9  979.5    8.4  182.0   93.0  444.0
2018 365 12 31 1200   -5.1  979.9    4.2  189.0   95.0  444.0
2018 365 12 31 1500   -5.1  979.7    4.6  197.0   95.0  444.0
2018 365 12 31 1800   -5.3  979.8    6.0  187.0   97.0  444.0
2018 365 12 31 2100   -5.3  980.6    5.5  179.0   91.8  444.0
