Year: 2018  Month: 02  ID: SWT  ARGOS:  8913  Name: Schwerdtfeger       
Lat: 79.87S  Lon: 170.15E  Elev:   54m
2018  32  2  1 0000  -14.6  987.9    3.7  294.0   76.0  444.0
2018  32  2  1 0300  -13.2  987.9    2.1  298.0   75.7  444.0
2018  32  2  1 0600  -13.8  987.8    1.8  341.0   75.0  444.0
2018  32  2  1 0900  -14.6  987.9    1.3  338.0   79.0  444.0
2018  32  2  1 1200  -17.3  988.2    1.5  294.0   86.0  444.0
2018  32  2  1 1500  -19.4  988.2    1.0   62.0   89.0  444.0
2018  32  2  1 1800  -20.2  988.4    1.3    4.0   81.0  444.0
2018  32  2  1 2100  444.0  989.2    1.5  328.0   77.9  444.0
2018  33  2  2 0000  444.0  989.3    1.0   10.0   78.0  444.0
2018  33  2  2 0300  -13.1  989.0    2.5  341.0   79.0  444.0
2018  33  2  2 0600  -12.1  988.9    1.2  290.0   76.0  444.0
2018  33  2  2 0900  -15.0  988.9    1.4  176.0   83.0  444.0
2018  33  2  2 1200  -14.7  988.8    1.8  170.0   81.0  444.0
2018  33  2  2 1500  -16.9  988.4    1.9  276.0   86.0  444.0
2018  33  2  2 1800  -19.0  988.3    3.1  254.0   84.5  444.0
2018  33  2  2 2100  -18.4  988.1    1.1  275.0   79.0  444.0
2018  34  2  3 0000  -15.9  987.8    2.7  232.0   78.0  444.0
2018  34  2  3 0300  -12.6  987.4    3.3  186.0   80.0  444.0
2018  34  2  3 0600  -14.2  987.3    2.8  207.0   83.9  444.0
2018  34  2  3 0900  -12.5  987.1    3.4  207.0   90.0  444.0
2018  34  2  3 1200  -13.1  986.6    3.6  210.0   89.9  444.0
2018  34  2  3 1500  -12.7  986.1    4.3  221.0   91.0  444.0
2018  34  2  3 1800  -15.8  985.1    3.9  234.0   86.0  444.0
2018  34  2  3 2100  -14.1  984.2    6.0  212.0   87.2  444.0
2018  35  2  4 0000  -12.6  983.2    5.2  214.0   82.4  444.0
2018  35  2  4 0300  -12.5  982.0    5.1  234.0   79.0  444.0
2018  35  2  4 0600  -12.3  981.8    4.6  204.0   85.0  444.0
2018  35  2  4 0900  -12.8  981.8    3.3  212.0   89.4  444.0
2018  35  2  4 1200  -13.0  982.0    3.5  223.0   91.0  444.0
2018  35  2  4 1500  -13.5  982.3    5.2  187.0   91.0  444.0
2018  35  2  4 1800  -12.2  982.7    6.0  206.0   90.0  444.0
2018  35  2  4 2100  -11.2  983.6    6.9  173.0   86.0  444.0
2018  36  2  5 0000  -14.1  984.1    5.8  201.0   85.0  444.0
2018  36  2  5 0300  -13.7  983.9    4.5  228.0   83.0  444.0
2018  36  2  5 0600  -10.0  982.8    6.1  256.0   91.0  444.0
2018  36  2  5 0900  -15.6  982.5    4.4  222.0   79.0  444.0
2018  36  2  5 1200  -19.1  982.8    3.9  214.0   82.7  444.0
2018  36  2  5 1500  -20.0  982.5    4.9  201.0   82.0  444.0
2018  36  2  5 1800  -15.2  982.9    5.5  210.0   77.4  444.0
2018  36  2  5 2100  -13.6  983.0    5.2  213.0   75.0  444.0
2018  37  2  6 0000  -11.9  983.0    6.0  219.0   73.0  444.0
2018  37  2  6 0300  -12.0  982.4    3.8  227.0   74.0  444.0
2018  37  2  6 0600  -12.4  981.6    4.8  217.0   70.1  444.0
2018  37  2  6 0900  -16.1  980.5    4.4  232.0   77.0  444.0
2018  37  2  6 1200  -17.5  979.4    4.3  228.0   71.0  444.0
2018  37  2  6 1500  -16.7  978.6    3.4  219.0   71.0  444.0
2018  37  2  6 1800  -20.4  978.3    2.3  211.0   76.0  444.0
2018  37  2  6 2100  -19.6  978.0    1.5  183.0   74.0  444.0
2018  38  2  7 0000  -16.9  978.0    1.6  224.0   75.0  444.0
2018  38  2  7 0300  -16.8  977.0    5.1  260.0   76.0  444.0
2018  38  2  7 0600  -16.8  976.3    5.9  237.0   82.0  444.0
2018  38  2  7 0900  -14.2  975.3    6.1  227.0   82.0  444.0
2018  38  2  7 1200  -13.2  975.0    5.8  212.0   79.9  444.0
2018  38  2  7 1500  -12.6  974.1    6.4  241.0   79.0  444.0
2018  38  2  7 1800  -11.3  973.2    7.5  219.0   73.0  444.0
2018  38  2  7 2100  -12.2  972.7    6.8  220.0   73.0  444.0
2018  39  2  8 0000  -10.8  972.7    5.2  214.0   75.0  444.0
2018  39  2  8 0300  -10.6  971.3    7.1  237.0   77.0  444.0
2018  39  2  8 0600   -9.6  969.8    7.5  238.0   69.0  444.0
2018  39  2  8 0900  -11.2  968.7    5.5  237.0   77.0  444.0
2018  39  2  8 1200  -13.7  967.8    5.2  234.0   80.0  444.0
2018  39  2  8 1500  -11.7  966.6    6.0  221.0   87.1  444.0
2018  39  2  8 1800   -9.8  965.5    6.6  210.0   87.0  444.0
2018  39  2  8 2100  -12.4  964.8    8.6  228.0   77.0  444.0
2018  40  2  9 0000  -11.2  963.9    9.5  244.0   69.0  444.0
2018  40  2  9 0300  -11.4  962.4    7.3  257.0   78.4  444.0
2018  40  2  9 0600  -10.9  961.2    6.7  265.0   78.0  444.0
2018  40  2  9 0900  -13.9  960.8    4.5  272.0   79.0  444.0
2018  40  2  9 1200  -18.5  961.6    2.1  270.0   86.0  444.0
2018  40  2  9 1500  -15.6  962.2    3.6  284.0   80.0  444.0
2018  40  2  9 1800  -14.3  963.6    3.5  265.0   76.7  444.0
2018  40  2  9 2100  -13.1  964.9    3.8  277.0   76.0  444.0
2018  41  2 10 0000  -10.3  966.5    3.6  282.0   70.4  444.0
2018  41  2 10 0300   -9.6  967.4    5.2  283.0   73.0  444.0
2018  41  2 10 0600  -11.4  968.6    4.6  281.0   79.9  444.0
2018  41  2 10 0900  -13.4  969.8    4.4  294.0   83.0  444.0
2018  41  2 10 1200  -14.7  970.7    4.1  302.0   81.0  444.0
2018  41  2 10 1500  -15.5  971.5    4.7  317.0   86.0  444.0
2018  41  2 10 1800  -11.8  972.7    4.0  199.0   88.2  444.0
2018  41  2 10 2100  -11.6  974.9    3.2  220.0   85.2  444.0
2018  42  2 11 0000   -9.9  976.1    2.0  293.0   87.0  444.0
2018  42  2 11 0300  -10.8  976.9    1.9  254.0   87.0  444.0
2018  42  2 11 0600  -13.1  979.0    1.2  101.0   91.0  444.0
2018  42  2 11 0900  -10.8  981.4    3.4  147.0   90.1  444.0
2018  42  2 11 1200  -16.4  983.6    3.8  188.0   89.0  444.0
2018  42  2 11 1500  -13.5  984.9    6.1  183.0   83.0  444.0
2018  42  2 11 1800  -13.5  986.3    6.8  197.0   86.0  444.0
2018  42  2 11 2100  -16.0  987.1    6.0  220.0   82.0  444.0
2018  43  2 12 0000  -13.5  986.4    4.1  273.0   82.0  444.0
2018  43  2 12 0300  -11.2  984.6    3.9  302.0   76.6  444.0
2018  43  2 12 0600  -13.3  982.4    4.4  346.0   81.0  444.0
2018  43  2 12 0900  -14.1  980.6    5.4  353.0   84.3  444.0
2018  43  2 12 1200  -16.6  979.3    5.8  349.0   87.0  444.0
2018  43  2 12 1500  -18.8  977.7    5.8  338.0   83.0  444.0
2018  43  2 12 1800  -17.1  976.4    4.3  326.0   72.0  444.0
2018  43  2 12 2100  -15.3  975.2    4.6  322.0   73.0  444.0
2018  44  2 13 0000  -12.1  974.2    5.9  273.0   71.0  444.0
2018  44  2 13 0300  -12.8  973.0    6.6  232.0   69.0  444.0
2018  44  2 13 0600  -13.1  972.1    4.6  245.0   73.0  444.0
2018  44  2 13 0900  -16.5  972.1    2.1  184.0   79.0  444.0
2018  44  2 13 1200  -22.7  971.3    4.5  244.0   83.9  444.0
2018  44  2 13 1500  -22.3  971.0    4.4  193.0   82.0  444.0
2018  44  2 13 1800  -20.2  971.4    5.1  205.0   84.0  444.0
2018  44  2 13 2100  -19.2  972.0    6.9  210.0   84.0  444.0
2018  45  2 14 0000  -19.3  973.0    6.6  232.0   83.0  444.0
2018  45  2 14 0300  -18.4  974.3    7.2  234.0   84.0  444.0
2018  45  2 14 0600  -17.1  975.9    8.1  213.0   86.0  444.0
2018  45  2 14 0900  -15.3  977.9    8.7  239.0   89.0  444.0
2018  45  2 14 1200  -14.2  979.9    6.9  227.0   90.0  444.0
2018  45  2 14 1500  -17.2  980.6    3.3  242.0   86.4  444.0
2018  45  2 14 1800  -15.7  980.3    2.8  258.0   88.0  444.0
2018  45  2 14 2100  -15.7  979.2    3.4  254.0   86.0  444.0
2018  46  2 15 0000  -14.7  977.9    1.1  215.0   86.1  444.0
2018  46  2 15 0300  -17.7  976.7    3.6  297.0   84.2  444.0
2018  46  2 15 0600  -17.8  975.9    2.6  275.0   82.0  444.0
2018  46  2 15 0900  -16.0  975.2    3.4  256.0   88.0  444.0
2018  46  2 15 1200  -14.9  975.2    4.1  240.0   89.0  444.0
2018  46  2 15 1500  -14.5  975.8    2.5  239.0   88.0  444.0
2018  46  2 15 1800  -15.4  976.3    2.6  236.0   84.0  444.0
2018  46  2 15 2100  -19.1  977.0    1.0  225.0   84.2  444.0
2018  47  2 16 0000  -14.1  977.4    1.2  261.0   86.0  444.0
2018  47  2 16 0300  -13.8  977.0    1.2  283.0   86.8  444.0
2018  47  2 16 0600  -14.0  977.0    1.7  306.0   88.0  444.0
2018  47  2 16 0900  -15.0  977.2    1.9  330.0   87.2  444.0
2018  47  2 16 1200  -15.1  977.8    2.4  328.0   87.0  444.0
2018  47  2 16 1500  -15.9  978.5    2.0  340.0   86.0  444.0
2018  47  2 16 1800  -15.6  979.2    2.4   26.0   83.0  444.0
2018  47  2 16 2100  -13.9  980.1    2.4   15.0   80.5  444.0
2018  48  2 17 0000  -15.2  981.1    2.8   27.0   80.0  444.0
2018  48  2 17 0300  -15.4  981.9    3.1  279.0   81.0  444.0
2018  48  2 17 0600  -19.0  983.3    2.5  303.0   81.0  444.0
2018  48  2 17 0900  -18.7  984.7    2.0  298.0   83.0  444.0
2018  48  2 17 1200  -18.1  986.2    0.8  278.0   83.0  444.0
2018  48  2 17 1500  -17.7  987.6    1.3  245.0   85.0  444.0
2018  48  2 17 1800  -16.4  988.9    1.4  241.0   84.0  444.0
2018  48  2 17 2100  -17.5  990.2    2.6  239.0   83.0  444.0
2018  49  2 18 0000  -17.4  991.5    3.0  261.0   81.4  444.0
2018  49  2 18 0300  -16.5  992.0    1.4  248.0   81.6  444.0
2018  49  2 18 0600  -17.1  992.5    1.9  284.0   83.9  444.0
2018  49  2 18 0900  -16.9  992.4    2.4  295.0   86.0  444.0
2018  49  2 18 1200  -17.1  992.0    2.8  286.0   87.0  444.0
2018  49  2 18 1500  -18.9  991.5    3.1  271.0   86.0  444.0
2018  49  2 18 1800  -19.2  991.5    2.1  290.0   84.0  444.0
2018  49  2 18 2100  -18.5  991.4    2.3  317.0   78.4  444.0
2018  50  2 19 0000  -18.3  991.2    1.4  240.0   76.0  444.0
2018  50  2 19 0300  -18.0  991.1    1.9  346.0   75.0  444.0
2018  50  2 19 0600  -17.7  990.7    2.4    2.0   75.0  444.0
2018  50  2 19 0900  -17.9  990.5    2.9  345.0   79.1  444.0
2018  50  2 19 1200  -24.8  990.1    3.8  341.0   83.0  444.0
2018  50  2 19 1500  -21.5  989.6    2.7  335.0   84.0  444.0
2018  50  2 19 1800  -25.3  989.4    2.4  350.0   77.1  444.0
2018  50  2 19 2100  -24.6  988.9    0.4  260.0   75.0  444.0
2018  51  2 20 0000  444.0  989.3    1.0  331.0   75.0  444.0
2018  51  2 20 0300  -21.5  989.2    1.2  269.0   77.0  444.0
2018  51  2 20 0600  -26.1  989.3    2.6  220.0   72.0  444.0
2018  51  2 20 0900  -29.1  989.8    3.9  253.0   75.0  444.0
2018  51  2 20 1200  -26.8  989.1    4.4  249.0   79.0  444.0
2018  51  2 20 1500  -28.5  988.8    4.3  211.0   78.0  444.0
2018  51  2 20 1800  -22.9  988.6    2.3  190.0   81.0  444.0
2018  51  2 20 2100  -21.0  987.8    1.2  169.0   81.7  444.0
2018  52  2 21 0000  -19.9  986.9    3.3  197.0   81.0  444.0
2018  52  2 21 0300  -21.6  986.0    5.2  180.0   78.8  444.0
2018  52  2 21 0600  -21.1  985.6    5.0  174.0   82.0  444.0
2018  52  2 21 0900  -22.4  985.5    6.1  188.0   81.0  444.0
2018  52  2 21 1200  -24.4  985.2    5.6  203.0   81.0  444.0
2018  52  2 21 1500  -26.7  985.2    5.4  210.0   79.0  444.0
2018  52  2 21 1800  -27.3  985.1    5.4  199.0   78.0  444.0
2018  52  2 21 2100  -25.9  985.1    5.8  204.0   77.0  444.0
2018  53  2 22 0000  -23.7  985.2    5.6  212.0   78.5  444.0
2018  53  2 22 0300  -22.1  984.9    5.7  210.0   80.0  444.0
2018  53  2 22 0600  -21.0  985.0    5.5  212.0   81.0  444.0
2018  53  2 22 0900  -20.4  985.4    5.0  207.0   83.0  444.0
2018  53  2 22 1200  -20.3  985.9    4.5  217.0   84.0  444.0
2018  53  2 22 1500  -21.7  986.0    4.8  215.0   83.0  444.0
2018  53  2 22 1800  -21.8  986.8    5.2  218.0   82.0  444.0
2018  53  2 22 2100  -20.0  987.5    5.1  211.0   81.0  444.0
2018  54  2 23 0000  -18.0  988.1    4.5  192.0   74.3  444.0
2018  54  2 23 0300  -17.6  987.7    4.5  213.0   68.0  444.0
2018  54  2 23 0600  -17.6  987.6    4.6  215.0   68.0  444.0
2018  54  2 23 0900  -20.1  987.4    3.7  224.0   70.0  444.0
2018  54  2 23 1200  -20.3  986.9    3.8  211.0   67.9  444.0
2018  54  2 23 1500  -22.5  986.1    4.6  190.0   75.0  444.0
2018  54  2 23 1800  -22.5  986.2    4.1  192.0   72.0  444.0
2018  54  2 23 2100  -21.4  986.4    3.2  188.0   71.0  444.0
2018  55  2 24 0000  -19.9  986.4    2.0  197.0   70.0  444.0
2018  55  2 24 0300  -18.8  985.3    1.5  166.0   70.7  444.0
2018  55  2 24 0600  -16.5  984.1    1.9  318.0   60.0  444.0
2018  55  2 24 0900  -20.5  983.3    2.2  326.0   76.0  444.0
2018  55  2 24 1200  -20.5  982.1    3.1  216.0   73.0  444.0
2018  55  2 24 1500  -22.4  980.8    3.2  290.0   74.1  444.0
2018  55  2 24 1800  -22.9  979.6    3.2  280.0   75.0  444.0
2018  55  2 24 2100  -22.8  978.9    3.1  284.0   73.0  444.0
2018  56  2 25 0000  -22.1  978.3    1.4  172.0   71.8  444.0
2018  56  2 25 0300  -22.9  977.3    1.8  277.0   73.0  444.0
2018  56  2 25 0600  -22.8  976.8    0.0    0.0   68.0  444.0
2018  56  2 25 0900  -26.1  976.3    2.1  195.0   78.0  444.0
2018  56  2 25 1200  -28.4  976.2    2.7  210.0   78.0  444.0
2018  56  2 25 1500  -30.8  976.2    3.8  210.0   75.9  444.0
2018  56  2 25 1800  -32.6  976.3    3.4  218.0   74.1  444.0
2018  56  2 25 2100  -28.1  976.2    5.2  231.0   74.0  444.0
2018  57  2 26 0000  -22.9  976.1    6.0  214.0   72.0  444.0
2018  57  2 26 0300  -20.4  975.6    6.5  220.0   73.0  444.0
2018  57  2 26 0600  -19.9  975.2    7.3  222.0   72.0  444.0
2018  57  2 26 0900  -19.4  974.6    7.2  222.0   73.0  444.0
2018  57  2 26 1200  -19.7  973.6    7.0  224.0   75.0  444.0
2018  57  2 26 1500  -18.4  971.4    8.3  241.0   75.0  444.0
2018  57  2 26 1800  -16.5  970.2    9.3  224.0   84.0  444.0
2018  57  2 26 2100  -15.5  969.7    8.8  224.0   84.0  444.0
2018  58  2 27 0000  -14.6  968.7    8.4  243.0   82.7  444.0
2018  58  2 27 0300  -12.1  967.8   10.6  244.0   87.0  444.0
2018  58  2 27 0600  -12.6  967.0   10.8  271.0   89.0  444.0
2018  58  2 27 0900  -12.1  966.7    4.8  287.0   91.0  444.0
2018  58  2 27 1200  -12.9  966.3    3.4  299.0   91.4  444.0
2018  58  2 27 1500  -12.6  966.4    1.8  266.0   92.0  444.0
2018  58  2 27 1800  -15.3  967.3    5.1  200.0   87.5  444.0
2018  58  2 27 2100  -16.4  969.2    4.6  202.0   85.0  444.0
2018  59  2 28 0000  -15.7  971.0    3.6  224.0   82.3  444.0
2018  59  2 28 0300  -16.2  971.9    2.7  240.0   82.0  444.0
2018  59  2 28 0600  -16.5  972.8    2.6  272.0   83.0  444.0
2018  59  2 28 0900  -16.8  973.6    2.5  282.0   84.8  444.0
2018  59  2 28 1200  -18.5  974.9    2.8  301.0   86.0  444.0
2018  59  2 28 1500  -23.2  975.6    2.1  296.0   83.0  444.0
2018  59  2 28 1800  -20.0  976.5    3.1  326.0   85.0  444.0
2018  59  2 28 2100  -17.6  977.2    3.1  297.0   84.6  444.0
