Year: 2018  Month: 10  ID: TRS  ARGOS: 21358  Name: Theresa             
Lat: 84.60S  Lon: 115.82W  Elev: 1463m
2018 274 10  1 0000  -27.0  814.5  444.0  444.0   80.8  444.0
2018 274 10  1 0300  -29.2  815.0  444.0  444.0   79.1  444.0
2018 274 10  1 0600  -32.0  815.1  444.0  444.0   79.1  444.0
2018 274 10  1 0900  -36.1  815.1    4.9   94.0   73.4  444.0
2018 274 10  1 1200  -34.8  814.1    6.8   89.0   75.6  444.0
2018 274 10  1 1500  -30.2  814.1    7.8   90.0   72.0  444.0
2018 274 10  1 1800  -26.9  813.5    9.8   91.0   76.0  444.0
2018 274 10  1 2100  -26.0  813.6   10.5   94.0   77.3  444.0
2018 275 10  2 0000  -24.0  813.3    9.4   93.0   77.8  444.0
2018 275 10  2 0300  -23.8  812.7   10.3   86.0   80.0  444.0
2018 275 10  2 0600  -22.8  812.5    9.4   97.0   81.7  444.0
2018 275 10  2 0900  -21.4  811.9   10.7   94.0   85.2  444.0
2018 275 10  2 1200  -20.1  810.3   11.1  100.0   88.8  444.0
2018 275 10  2 1500  -18.0  809.5    8.8   98.0   89.6  444.0
2018 275 10  2 1800  -16.5  808.8    9.4   76.0   91.4  444.0
2018 275 10  2 2100  -16.1  808.7    6.2   60.0   91.4  444.0
2018 276 10  3 0000  -16.0  808.1    7.2   62.0   92.3  444.0
2018 276 10  3 0300  -17.1  808.2    7.2   83.0   92.3  444.0
2018 276 10  3 0600  -18.5  807.7    7.6   79.0   89.2  444.0
2018 276 10  3 0900  -18.5  806.9   13.1   90.0   89.6  444.0
2018 276 10  3 1200  -17.6  805.2   10.7   89.0   91.0  444.0
2018 276 10  3 1500  -16.8  804.9   10.9   65.0   91.8  444.0
2018 276 10  3 1800  -17.4  806.4    8.4   44.0   91.4  444.0
2018 276 10  3 2100  -17.8  808.5    7.2   65.0   88.8  444.0
2018 277 10  4 0000  -18.8  811.6    6.8   86.0   86.6  444.0
2018 277 10  4 0300  -18.9  811.9    9.0   82.0   87.4  444.0
2018 277 10  4 0600  -19.1  810.0   12.3  107.0   92.3  444.0
2018 277 10  4 0900  -19.0  807.7   10.3   96.0   88.8  444.0
2018 277 10  4 1200  -17.5  806.9   14.6   86.0   93.2  444.0
2018 277 10  4 1500  -17.6  807.4   13.6   84.0   91.0  444.0
2018 277 10  4 1800  -20.2  807.2   11.3   90.0   86.1  444.0
2018 277 10  4 2100  -20.2  806.9   12.1   93.0   86.6  444.0
2018 278 10  5 0000  -20.8  806.2   13.6   87.0   87.4  444.0
2018 278 10  5 0300  -22.8  805.6   13.3   96.0   87.0  444.0
2018 278 10  5 0600  -22.9  805.6   15.2   91.0   87.4  444.0
2018 278 10  5 0900  -23.5  806.2   13.5   86.0   87.4  444.0
2018 278 10  5 1200  -24.0  807.1   16.2   89.0   86.1  444.0
2018 278 10  5 1500  -24.5  808.1   14.8   93.0   83.0  444.0
2018 278 10  5 1800  -24.6  808.6   16.0  107.0   81.7  444.0
2018 278 10  5 2100  -23.8  809.0   15.8   98.0   81.7  444.0
2018 279 10  6 0000  -22.8  809.8   17.4   91.0   83.0  444.0
2018 279 10  6 0300  -24.5  809.0   17.0   94.0   85.7  444.0
2018 279 10  6 0600  -25.0  810.0   15.0   93.0   83.0  444.0
2018 279 10  6 0900  -23.9  810.2   13.6   93.0   85.7  444.0
2018 279 10  6 1200  -24.5  810.7   14.0   98.0   83.9  444.0
2018 279 10  6 1500  -26.1  811.4   15.0   90.0   81.3  444.0
2018 279 10  6 1800  -24.0  812.1   14.2   98.0   83.5  444.0
2018 279 10  6 2100  -23.1  812.6   16.4  104.0   81.7  444.0
2018 280 10  7 0000  -21.9  813.3   14.8   94.0   83.9  444.0
2018 280 10  7 0300  -22.2  814.4   11.7   94.0   87.0  444.0
2018 280 10  7 0600  -21.4  814.3   17.5   76.0   89.6  444.0
2018 280 10  7 0900  -22.0  816.2   17.2  107.0   89.2  444.0
2018 280 10  7 1200  -22.2  816.9   18.7   94.0   88.8  444.0
2018 280 10  7 1500  -22.0  816.8   16.0  110.0   87.0  444.0
2018 280 10  7 1800  -20.8  816.5   15.2  103.0   87.9  444.0
2018 280 10  7 2100  -20.4  816.9   15.8   90.0   87.4  444.0
2018 281 10  8 0000  -22.8  818.1   20.5   87.0   85.7  444.0
2018 281 10  8 0300  -23.8  819.2   17.5   90.0   83.0  444.0
2018 281 10  8 0600  -24.5  819.4   15.4   94.0   84.8  444.0
2018 281 10  8 0900  -23.1  818.3   15.6  107.0   87.0  444.0
2018 281 10  8 1200  -22.6  816.3   18.5   97.0   87.4  444.0
2018 281 10  8 1500  -21.0  816.2   15.4   93.0   88.8  444.0
2018 281 10  8 1800  -21.5  814.9   21.1   86.0   89.6  444.0
2018 281 10  8 2100  -21.4  816.3   15.0   89.0   87.9  444.0
2018 282 10  9 0000  -21.9  816.3   18.7   89.0   87.9  444.0
2018 282 10  9 0300  -21.6  815.8   19.1  100.0   88.3  444.0
2018 282 10  9 0600  -22.0  815.1   17.7   87.0   88.8  444.0
2018 282 10  9 0900  -24.2  815.7   15.2   93.0   87.4  444.0
2018 282 10  9 1200  -25.1  815.4   16.0   90.0   85.7  444.0
2018 282 10  9 1500  -24.4  815.3   19.7   73.0   84.4  444.0
2018 282 10  9 1800  -22.5  812.6   20.7  107.0   88.3  444.0
2018 282 10  9 2100  -21.2  810.8   17.2  100.0   90.5  444.0
2018 283 10 10 0000  -21.4  809.6   18.7   83.0   90.1  444.0
2018 283 10 10 0300  -22.4  809.8   23.6   77.0   89.6  444.0
2018 283 10 10 0600  -23.5  811.5   16.4   76.0   88.3  444.0
2018 283 10 10 0900  -24.5  814.4   17.7  105.0   87.9  444.0
2018 283 10 10 1200  -22.8  814.0   17.0   83.0   88.3  444.0
2018 283 10 10 1500  -19.6  813.9   14.8   89.0   90.5  444.0
2018 283 10 10 1800  -16.0  815.0   19.7   80.0   94.9  444.0
2018 283 10 10 2100  -15.8  815.8   17.9   75.0   94.9  444.0
2018 284 10 11 0000  -15.5  816.3   19.7   77.0   94.9  444.0
2018 284 10 11 0300  -16.0  817.1   17.7   79.0   95.4  444.0
2018 284 10 11 0600  -16.6  818.5   15.2   72.0   94.9  444.0
2018 284 10 11 0900  -16.8  821.0   14.0   76.0   93.6  444.0
2018 284 10 11 1200  -16.1  822.8   12.9   82.0   91.8  444.0
2018 284 10 11 1500  -18.4  822.9   13.8   89.0   88.8  444.0
2018 284 10 11 1800  -17.9  822.0   11.7   82.0   85.7  444.0
2018 284 10 11 2100  -17.1  820.9   15.6   86.0   89.2  444.0
2018 285 10 12 0000  -17.8  819.8   16.2   87.0   91.4  444.0
2018 285 10 12 0300  -17.8  820.6   13.8   83.0   91.0  444.0
2018 285 10 12 0600  -18.2  820.8   11.9   89.0   90.5  444.0
2018 285 10 12 0900  -17.2  820.7   10.7   86.0   91.0  444.0
2018 285 10 12 1200  -16.1  820.1   13.6   90.0   90.1  444.0
2018 285 10 12 1500  -14.4  819.6    9.4   82.0   92.3  444.0
2018 285 10 12 1800  -14.2  818.7   12.9   79.0   90.5  444.0
2018 285 10 12 2100  -14.8  819.2    8.4   30.0   90.5  444.0
2018 286 10 13 0000  -15.6  819.3    9.4   44.0   86.1  444.0
2018 286 10 13 0300  -15.6  819.6    7.2   51.0   86.6  444.0
2018 286 10 13 0600  -16.1  819.9    7.6   59.0   93.2  444.0
2018 286 10 13 0900  -16.9  820.7    5.7   70.0   91.8  444.0
2018 286 10 13 1200  -18.0  820.9    6.2   79.0   87.0  444.0
2018 286 10 13 1500  -18.2  821.6    5.5   73.0   84.8  444.0
2018 286 10 13 1800  -18.2  821.5    6.0   96.0   77.8  444.0
2018 286 10 13 2100  -18.6  821.0    7.6   89.0   77.8  444.0
2018 287 10 14 0000  -18.9  820.2    8.2   89.0   81.3  444.0
2018 287 10 14 0300  -17.9  818.7    9.2   90.0   86.1  444.0
2018 287 10 14 0600  -16.6  818.2    7.0   60.0   89.2  444.0
2018 287 10 14 0900  -17.4  817.6    9.2   52.0   89.2  444.0
2018 287 10 14 1200  -18.5  817.0    8.8   70.0   88.8  444.0
2018 287 10 14 1500  -18.5  817.4    5.5   46.0   84.8  444.0
2018 287 10 14 1800  -23.2  819.1    7.4   17.0   80.4  444.0
2018 287 10 14 2100  -28.0  821.4    8.0   37.0   76.4  444.0
2018 288 10 15 0000  -29.8  823.5    6.0   45.0   68.5  444.0
2018 288 10 15 0300  -31.1  824.5    4.1   51.0   73.4  444.0
2018 288 10 15 0600  -33.8  824.7    3.9   83.0   70.7  444.0
2018 288 10 15 0900  -37.0  824.2    5.3   91.0   64.6  444.0
2018 288 10 15 1200  -36.8  823.3    7.6   90.0   63.2  444.0
2018 288 10 15 1500  -35.9  822.2    7.8   87.0   59.7  444.0
2018 288 10 15 1800  -34.0  821.4    6.2   93.0   55.8  444.0
2018 288 10 15 2100  -33.0  820.6    7.4   94.0   54.0  444.0
2018 289 10 16 0000  -32.0  819.1    8.8  101.0   63.2  444.0
2018 289 10 16 0300  -31.4  817.4   11.1  101.0   72.0  444.0
2018 289 10 16 0600  -30.2  815.0   12.7   94.0   78.2  444.0
2018 289 10 16 0900  -25.6  812.8   13.3   93.0   83.9  444.0
2018 289 10 16 1200  -21.6  811.2   10.9  100.0   89.6  444.0
2018 289 10 16 1500  -18.5  809.3    8.2   77.0   87.4  444.0
2018 289 10 16 1800  -16.8  806.9   10.3   42.0   90.5  444.0
2018 289 10 16 2100  -16.9  806.4   11.7   72.0   88.3  444.0
2018 290 10 17 0000  -19.8  806.1   18.9   84.0   87.9  444.0
2018 290 10 17 0300  -20.8  808.7   13.6   76.0   90.1  444.0
2018 290 10 17 0600  -17.4  811.5   10.3   38.0   93.6  444.0
2018 290 10 17 0900  -20.8  813.6    8.6   83.0   90.5  444.0
2018 290 10 17 1200  -18.8  813.7   11.3   84.0   90.1  444.0
2018 290 10 17 1500  -17.2  811.6    9.2   94.0   89.6  444.0
2018 290 10 17 1800  -18.9  809.9   14.4   84.0   91.4  444.0
2018 290 10 17 2100  -18.5  807.3   15.2   83.0   89.6  444.0
2018 291 10 18 0000  -19.6  807.5   15.2   86.0   91.0  444.0
2018 291 10 18 0300  -20.8  807.3   19.9   84.0   91.4  444.0
2018 291 10 18 0600  -21.2  810.3   12.7   83.0   90.5  444.0
2018 291 10 18 0900  -22.1  812.5   14.6   96.0   88.3  444.0
2018 291 10 18 1200  -23.8  813.4   13.1  108.0   86.6  444.0
2018 291 10 18 1500  -22.0  813.9   13.3   87.0   82.2  444.0
2018 291 10 18 1800  -21.0  813.6    9.4   82.0   80.4  444.0
2018 291 10 18 2100  -21.2  814.0   13.6   76.0   83.0  444.0
2018 292 10 19 0000  -20.8  813.8   12.1   84.0   83.9  444.0
2018 292 10 19 0300  -21.6  812.0   13.6   96.0   83.0  444.0
2018 292 10 19 0600  -19.8  809.8   15.2  105.0   89.6  444.0
2018 292 10 19 0900  -20.1  808.2   10.9  108.0   90.1  444.0
2018 292 10 19 1200  -19.8  806.4   14.4   93.0   87.9  444.0
2018 292 10 19 1500  -19.5  806.0   13.1   91.0   84.4  444.0
2018 292 10 19 1800  -19.0  806.2   10.9   96.0   83.0  444.0
2018 292 10 19 2100  -19.0  807.1   10.1   82.0   80.8  444.0
2018 293 10 20 0000  -19.1  808.4    9.4   86.0   76.4  444.0
2018 293 10 20 0300  -19.9  809.6    7.2   70.0   80.4  444.0
2018 293 10 20 0600  -21.0  810.9   10.3   77.0   85.7  444.0
2018 293 10 20 0900  -23.1  811.8    8.6   86.0   79.5  444.0
2018 293 10 20 1200  -22.1  812.8    6.4   87.0   75.1  444.0
2018 293 10 20 1500  -22.5  812.7    6.2   96.0   69.0  444.0
2018 293 10 20 1800  -22.5  812.8    5.3   90.0   58.8  444.0
2018 293 10 20 2100  -22.6  812.7    6.0   89.0   60.2  444.0
2018 294 10 21 0000  -23.2  812.7    5.1   83.0   63.7  444.0
2018 294 10 21 0300  -25.0  812.8    6.2   79.0   82.6  444.0
2018 294 10 21 0600  -26.5  812.9    3.1   79.0   83.9  444.0
2018 294 10 21 0900  -28.2  812.5    7.0   89.0   83.9  444.0
2018 294 10 21 1200  -27.6  812.6    6.0  107.0   76.0  444.0
2018 294 10 21 1500  -26.9  812.4    7.4   97.0   69.0  444.0
2018 294 10 21 1800  -25.8  812.4    7.2   93.0   69.8  444.0
2018 294 10 21 2100  -26.2  812.5    7.8   90.0   58.8  444.0
2018 295 10 22 0000  -25.9  812.0    7.2   94.0   55.3  444.0
2018 295 10 22 0300  -27.9  811.0    7.4   86.0   63.2  444.0
2018 295 10 22 0600  -27.6  810.2    9.6   83.0   68.5  444.0
2018 295 10 22 0900  -28.8  809.8   10.9   82.0   69.0  444.0
2018 295 10 22 1200  -27.2  809.3   10.5   83.0   71.6  444.0
2018 295 10 22 1500  -26.8  808.3    9.8   98.0   66.3  444.0
2018 295 10 22 1800  -24.4  807.8   11.3   90.0   65.9  444.0
2018 295 10 22 2100  -24.9  808.5    9.4   76.0   66.3  444.0
2018 296 10 23 0000  -25.8  809.3    8.2   82.0   66.8  444.0
2018 296 10 23 0300  -25.9  809.4    9.8   86.0   76.9  444.0
2018 296 10 23 0600  -26.0  810.3    9.9   89.0   81.7  444.0
2018 296 10 23 0900  -26.4  810.7    9.9   96.0   75.6  444.0
2018 296 10 23 1200  -27.5  811.2   10.7   97.0   70.3  444.0
2018 296 10 23 1500  -26.4  811.4   13.5   82.0   68.1  444.0
2018 296 10 23 1800  -25.8  812.5    8.8   83.0   64.1  444.0
2018 296 10 23 2100  -24.6  812.4   11.7  100.0   73.8  444.0
2018 297 10 24 0000  -24.4  812.4   12.5   93.0   65.0  444.0
2018 297 10 24 0300  -24.4  812.3   10.3  101.0   71.6  444.0
2018 297 10 24 0600  -23.6  811.8   14.6   96.0   80.0  444.0
2018 297 10 24 0900  -24.1  811.5   17.0   87.0   82.6  444.0
2018 297 10 24 1200  -22.9  810.5   17.0   94.0   84.4  444.0
2018 297 10 24 1500  -22.5  810.2   18.3   91.0   84.8  444.0
2018 297 10 24 1800  -21.9  810.3   17.7   87.0   86.6  444.0
2018 297 10 24 2100  -20.2  811.3   15.8   98.0   89.2  444.0
2018 298 10 25 0000  -19.0  812.9   16.4   89.0   89.6  444.0
2018 298 10 25 0300  -18.9  813.0   22.2   94.0   91.4  444.0
2018 298 10 25 0600  -19.2  813.9   19.3   89.0   91.0  444.0
2018 298 10 25 0900  -18.9  814.1   16.0   97.0   92.3  444.0
2018 298 10 25 1200  -18.4  814.3   16.6  101.0   91.4  444.0
2018 298 10 25 1500  -18.0  813.5   20.5   94.0   92.3  444.0
2018 298 10 25 1800  -17.9  814.0   22.6   91.0   93.2  444.0
2018 298 10 25 2100  -18.5  815.9   19.3   89.0   92.7  444.0
2018 299 10 26 0000  -19.6  819.7   16.6   97.0   86.1  444.0
2018 299 10 26 0300  -19.8  821.4   17.5   82.0   85.7  444.0
2018 299 10 26 0600  -19.9  822.3   13.3   83.0   85.7  444.0
2018 299 10 26 0900  -20.2  821.2   15.4  101.0   81.3  444.0
2018 299 10 26 1200  -19.9  819.2   14.6   96.0   86.6  444.0
2018 299 10 26 1500  -17.9  817.0   18.1   90.0   91.0  444.0
2018 299 10 26 1800  -14.8  816.5   13.8  101.0   87.4  444.0
2018 299 10 26 2100  -15.1  816.0   20.7   97.0   91.8  444.0
2018 300 10 27 0000  -15.0  815.6   16.6   82.0   90.1  444.0
2018 300 10 27 0300  -15.1  815.1   15.6   93.0   93.6  444.0
2018 300 10 27 0600  -15.5  816.2    9.8   91.0   92.7  444.0
2018 300 10 27 0900  -15.1  816.7   12.1   89.0   91.8  444.0
2018 300 10 27 1200  -15.4  817.6   15.2  104.0   84.4  444.0
2018 300 10 27 1500  -14.9  818.6   11.7   93.0   78.6  444.0
2018 300 10 27 1800  -14.8  819.8   11.9   89.0   78.2  444.0
2018 300 10 27 2100  -12.4  820.8    9.9   91.0   76.4  444.0
2018 301 10 28 0000  -10.8  821.2    9.0   83.0   85.2  444.0
2018 301 10 28 0300  -12.4  821.3   10.5   93.0   84.8  444.0
2018 301 10 28 0600  -13.6  822.3    7.8   89.0   81.7  444.0
2018 301 10 28 0900  -14.4  821.5    9.8   96.0   82.6  444.0
2018 301 10 28 1200  -13.9  820.9    8.8  104.0   76.0  444.0
2018 301 10 28 1500  -12.8  820.5   11.3  100.0   76.9  444.0
2018 301 10 28 1800  -13.0  819.4   10.5  105.0   65.4  444.0
2018 301 10 28 2100  -12.6  818.7    9.0   97.0   60.6  444.0
2018 302 10 29 0000  -14.4  818.0   10.9   93.0   63.7  444.0
2018 302 10 29 0300  -13.6  817.1   11.5  105.0   54.9  444.0
2018 302 10 29 0600  -14.1  816.7   13.3  103.0   47.4  444.0
2018 302 10 29 0900  -15.0  815.8   16.2  103.0   47.4  444.0
2018 302 10 29 1200  -13.9  815.0   12.5  101.0   40.8  444.0
2018 302 10 29 1500  -13.6  814.3    9.6   97.0   41.2  444.0
2018 302 10 29 1800  -13.9  813.7   11.1  103.0   40.8  444.0
2018 302 10 29 2100  -13.6  812.6    9.2  105.0   37.3  444.0
2018 303 10 30 0000  -13.9  811.7   11.3  107.0   37.3  444.0
2018 303 10 30 0300  -15.9  811.1   11.9  100.0   41.7  444.0
2018 303 10 30 0600  -17.2  810.3    9.4  108.0   44.3  444.0
2018 303 10 30 0900  -18.1  809.4    9.0   96.0   45.2  444.0
2018 303 10 30 1200  -18.4  808.7   10.1   34.0   42.1  444.0
2018 303 10 30 1500  -17.4  807.7    9.6   87.0   46.5  444.0
2018 303 10 30 1800  -17.1  807.0    9.2   87.0   51.8  444.0
2018 303 10 30 2100  -16.5  806.4    8.4   89.0   68.5  444.0
2018 304 10 31 0000  -16.4  806.2    6.8   80.0   63.2  444.0
2018 304 10 31 0300  -17.1  806.0    6.2   73.0   81.7  444.0
2018 304 10 31 0600  -17.5  806.1    7.4   82.0   85.2  444.0
2018 304 10 31 0900  -17.5  806.4    7.4   87.0   84.4  444.0
2018 304 10 31 1200  -17.1  806.8    8.4   77.0   83.5  444.0
2018 304 10 31 1500  -16.5  807.2    8.0   73.0   78.6  444.0
2018 304 10 31 1800  -16.5  808.6    5.5   58.0   78.2  444.0
2018 304 10 31 2100  -16.5  809.2    6.8   79.0   77.3  444.0
