Year: 2018  Month: 04  ID: TRS  ARGOS: 21358  Name: Theresa             
Lat: 84.60S  Lon: 115.82W  Elev: 1463m
2018  91  4  1 0000  -17.9  825.5    9.8  110.0   73.8  444.0
2018  91  4  1 0300  -20.1  825.9   13.1  104.0   71.2  444.0
2018  91  4  1 0600  -21.4  826.4   10.9  100.0   74.2  444.0
2018  91  4  1 0900  -21.6  826.8   15.0  105.0   79.1  444.0
2018  91  4  1 1200  -18.6  827.7   12.7   91.0   80.4  444.0
2018  91  4  1 1500  -19.5  828.3    9.9   89.0   77.8  444.0
2018  91  4  1 1800  -19.2  829.2    9.9   83.0   74.2  444.0
2018  91  4  1 2100  -20.9  829.5   10.3   87.0   72.9  444.0
2018  92  4  2 0000  -18.0  830.0   12.7  100.0   74.7  444.0
2018  92  4  2 0300  -19.6  830.1   10.5  100.0   78.6  444.0
2018  92  4  2 0600  -17.9  830.4    7.0   91.0   74.7  444.0
2018  92  4  2 0900  -20.2  830.4    8.2   89.0   79.1  444.0
2018  92  4  2 1200  -17.8  830.2    9.4   94.0   74.2  444.0
2018  92  4  2 1500  -19.0  829.7    0.8   10.0   79.1  444.0
2018  92  4  2 1800  -18.6  829.3    9.8  108.0   81.7  444.0
2018  92  4  2 2100  -19.2  828.4   11.1  100.0   81.7  444.0
2018  93  4  3 0000  -20.0  827.5   10.1   98.0   87.0  444.0
2018  93  4  3 0300  -18.9  826.8    9.2  101.0   77.8  444.0
2018  93  4  3 0600  -18.0  825.5   10.7   97.0   69.0  444.0
2018  93  4  3 0900  -18.2  824.9    7.6   96.0   77.8  444.0
2018  93  4  3 1200  -18.0  823.8    9.0   82.0   87.9  444.0
2018  93  4  3 1500  -18.4  823.7    8.2   75.0   91.0  444.0
2018  93  4  3 1800  -18.0  823.8    6.6   73.0   88.3  444.0
2018  93  4  3 2100  -18.4  823.7    6.4   94.0   78.6  444.0
2018  94  4  4 0000  -18.0  823.0    8.8  108.0   92.3  444.0
2018  94  4  4 0300  -17.4  822.5    8.2   59.0   91.0  444.0
2018  94  4  4 0600  -16.6  822.7    6.8   90.0   86.1  444.0
2018  94  4  4 0900  -16.9  823.6    6.6   84.0   80.0  444.0
2018  94  4  4 1200  -16.6  824.4    7.2   63.0   80.0  444.0
2018  94  4  4 1500  -16.9  826.0    7.4   48.0   82.2  444.0
2018  94  4  4 1800  -18.9  826.2   12.1   82.0   89.2  444.0
2018  94  4  4 2100  -19.2  827.6   11.1   75.0   87.9  444.0
2018  95  4  5 0000  -21.6  829.0   13.8   72.0   83.9  444.0
2018  95  4  5 0300  -21.6  829.7   12.1   90.0   84.4  444.0
2018  95  4  5 0600  -21.9  830.6   11.7   91.0   82.6  444.0
2018  95  4  5 0900  -20.9  830.8   11.3   86.0   84.8  444.0
2018  95  4  5 1200  -21.0  830.6    9.9   86.0   81.7  444.0
2018  95  4  5 1500  -17.8  830.7    9.2   84.0   79.5  444.0
2018  95  4  5 1800  -17.2  830.4   10.7   86.0   80.0  444.0
2018  95  4  5 2100  -16.9  829.8   10.7   86.0   80.0  444.0
2018  96  4  6 0000  -18.9  829.1   11.3   84.0   78.6  444.0
2018  96  4  6 0300  -20.2  828.3    9.6   84.0   81.7  444.0
2018  96  4  6 0600  -18.4  828.2   11.3   94.0   80.4  444.0
2018  96  4  6 0900  -18.0  827.9    9.6   82.0   79.5  444.0
2018  96  4  6 1200  -18.4  828.2    8.4   76.0   85.2  444.0
2018  96  4  6 1500  -18.4  828.4    9.2   83.0   82.6  444.0
2018  96  4  6 1800  -18.4  828.0   11.3   87.0   79.1  444.0
2018  96  4  6 2100  -20.2  828.5    9.4   91.0   79.1  444.0
2018  97  4  7 0000  -21.4  828.2    9.9   83.0   83.5  444.0
2018  97  4  7 0300  -23.2  827.9   12.9   89.0   79.1  444.0
2018  97  4  7 0600  -22.9  828.0    9.6  100.0   71.2  444.0
2018  97  4  7 0900  -23.1  827.7    8.6   89.0   70.7  444.0
2018  97  4  7 1200  -21.5  826.4   11.3   97.0   69.4  444.0
2018  97  4  7 1500  -19.9  825.1   14.0  105.0   72.0  444.0
2018  97  4  7 1800  -19.1  825.0   13.5   89.0   61.0  444.0
2018  97  4  7 2100  -17.9  824.8   14.6  112.0   62.4  444.0
2018  98  4  8 0000  -18.0  824.2   16.0  103.0   64.1  444.0
2018  98  4  8 0300  -18.9  823.5   15.6  101.0   55.3  444.0
2018  98  4  8 0600  -18.8  822.7   17.7  110.0   49.2  444.0
2018  98  4  8 0900  -18.8  822.4   16.8   79.0   50.0  444.0
2018  98  4  8 1200  -19.8  823.3   17.4  101.0   49.2  444.0
2018  98  4  8 1500  -18.5  823.5   14.8  110.0   41.7  444.0
2018  98  4  8 1800  -19.8  823.9   13.8   75.0   43.9  444.0
2018  98  4  8 2100  -21.2  824.5   11.3  112.0   52.7  444.0
2018  99  4  9 0000  -22.1  825.5    7.8   90.0   50.5  444.0
2018  99  4  9 0300  -25.0  826.2    8.6   58.0   51.8  444.0
2018  99  4  9 0600  -23.5  826.8    6.8   77.0   42.6  444.0
2018  99  4  9 0900  -25.5  827.0    8.8   97.0   44.3  444.0
2018  99  4  9 1200  -28.1  827.4    6.8   72.0   53.6  444.0
2018  99  4  9 1500  -27.2  827.8   10.5   65.0   65.4  444.0
2018  99  4  9 1800  -28.6  828.0    9.6   82.0   82.2  444.0
2018  99  4  9 2100  -27.1  827.9    9.4   79.0   82.6  444.0
2018 100  4 10 0000  -25.5  827.4    7.4   91.0   83.5  444.0
2018 100  4 10 0300  -24.2  826.5    7.0   41.0   84.8  444.0
2018 100  4 10 0600  -23.6  825.2    6.8   80.0   84.8  444.0
2018 100  4 10 0900  -22.6  823.7    6.4   63.0   83.0  444.0
2018 100  4 10 1200  -23.5  822.4    4.7   96.0   81.3  444.0
2018 100  4 10 1500  -25.6  820.7    5.3   75.0   80.0  444.0
2018 100  4 10 1800  -27.2  819.5    5.7   55.0   78.6  444.0
2018 100  4 10 2100  -27.4  818.6    8.2   58.0   82.2  444.0
2018 101  4 11 0000  -28.6  817.6   12.7   90.0   81.3  444.0
2018 101  4 11 0300  -28.4  817.1   14.2   45.0   80.4  444.0
2018 101  4 11 0600  -30.2  816.1   14.2   83.0   77.8  444.0
2018 101  4 11 0900  -30.4  816.0   13.1  103.0   79.1  444.0
2018 101  4 11 1200  -29.8  814.7   17.2   27.0   79.1  444.0
2018 101  4 11 1500  -29.8  813.8   19.9   48.0   76.4  444.0
2018 101  4 11 1800  -28.8  813.7   17.7   87.0   76.9  444.0
2018 101  4 11 2100  -27.0  814.5   15.2   72.0   73.4  444.0
2018 102  4 12 0000  -26.8  814.4   15.8   55.0   74.7  444.0
2018 102  4 12 0300  -25.6  813.5   14.2   58.0   84.8  444.0
2018 102  4 12 0600  -25.6  813.5   13.6   91.0   84.8  444.0
2018 102  4 12 0900  -25.8  812.6   11.1   77.0   84.8  444.0
2018 102  4 12 1200  -26.4  812.1   11.5   90.0   83.5  444.0
2018 102  4 12 1500  -27.2  811.3   10.1  101.0   81.3  444.0
2018 102  4 12 1800  -29.2  811.5    5.8   76.0   77.8  444.0
2018 102  4 12 2100  -30.8  811.6    4.1   76.0   77.3  444.0
2018 103  4 13 0000  -30.4  811.4    6.4   80.0   76.9  444.0
2018 103  4 13 0300  -29.6  810.0    7.8   44.0   78.6  444.0
2018 103  4 13 0600  -28.2  809.4    6.4   77.0   79.5  444.0
2018 103  4 13 0900  -28.6  808.7    4.5   51.0   80.0  444.0
2018 103  4 13 1200  -28.8  808.7    7.4   68.0   80.8  444.0
2018 103  4 13 1500  -28.2  808.4    9.0   86.0   82.2  444.0
2018 103  4 13 1800  -28.4  807.7   13.3   97.0   82.6  444.0
2018 103  4 13 2100  -25.8  806.8   13.6   52.0   84.4  444.0
2018 104  4 14 0000  -24.4  806.8   13.1   25.0   86.6  444.0
2018 104  4 14 0300  -27.6  807.7   15.2   77.0   83.0  444.0
2018 104  4 14 0600  -29.0  809.3   17.9   28.0   81.7  444.0
2018 104  4 14 0900  -29.0  811.1   15.8   89.0   81.7  444.0
2018 104  4 14 1200  -29.0  812.6   17.4   82.0   81.7  444.0
2018 104  4 14 1500  -28.4  812.4   17.9   63.0   82.2  444.0
2018 104  4 14 1800  -27.4  812.9   16.0   72.0   83.0  444.0
2018 104  4 14 2100  -26.1  813.2   16.2   82.0   84.4  444.0
2018 105  4 15 0000  -24.5  813.8   15.0   41.0   85.7  444.0
2018 105  4 15 0300  -23.8  813.4   17.5   84.0   86.1  444.0
2018 105  4 15 0600  -23.9  814.0   17.9   94.0   85.7  444.0
2018 105  4 15 0900  -22.8  815.9   16.2   73.0   85.2  444.0
2018 105  4 15 1200  -23.5  816.8   14.4   82.0   86.1  444.0
2018 105  4 15 1500  -23.6  816.4   17.2   89.0   86.6  444.0
2018 105  4 15 1800  -23.1  816.9   17.9   89.0   83.9  444.0
2018 105  4 15 2100  -23.5  817.5   13.1   86.0   85.2  444.0
2018 106  4 16 0000  -24.4  818.4   15.0  105.0   83.5  444.0
2018 106  4 16 0300  -23.8  818.9   17.7  105.0   83.9  444.0
2018 106  4 16 0600  -23.2  819.4   13.5  103.0   79.5  444.0
2018 106  4 16 0900  -23.6  819.6   12.9  110.0   80.8  444.0
2018 106  4 16 1200  -23.1  819.9   14.2   91.0   65.4  444.0
2018 106  4 16 1500  -22.0  819.6   12.9  104.0   57.1  444.0
2018 106  4 16 1800  -22.9  819.4   11.9  103.0   53.6  444.0
2018 106  4 16 2100  -22.6  818.9    9.2  100.0   45.2  444.0
2018 107  4 17 0000  -27.2  818.3    6.2  105.0   61.9  444.0
2018 107  4 17 0300  -30.5  817.1    5.3  105.0   60.6  444.0
2018 107  4 17 0600  -31.1  816.1    5.7   94.0   56.2  444.0
2018 107  4 17 0900  -33.4  814.8    5.8   97.0   64.1  444.0
2018 107  4 17 1200  -34.5  813.8    5.8  103.0   64.1  444.0
2018 107  4 17 1500  -35.6  813.2    5.1   97.0   64.1  444.0
2018 107  4 17 1800  -35.9  812.5    5.5   96.0   64.6  444.0
2018 107  4 17 2100  -34.5  812.3    7.2   86.0   65.4  444.0
2018 108  4 18 0000  -34.4  813.0    6.4   86.0   67.6  444.0
2018 108  4 18 0300  -33.5  813.6    8.2   55.0   65.9  444.0
2018 108  4 18 0600  -32.2  815.3    8.2  100.0   68.1  444.0
2018 108  4 18 0900  -29.9  816.9    9.2   91.0   71.2  444.0
2018 108  4 18 1200  -27.2  818.4    9.6  105.0   69.0  444.0
2018 108  4 18 1500  -25.2  820.1   12.7   94.0   59.3  444.0
2018 108  4 18 1800  -24.0  822.3   13.1   80.0   52.7  444.0
2018 108  4 18 2100  -23.6  823.7   12.3   75.0   52.2  444.0
2018 109  4 19 0000  -24.1  825.7   12.1  101.0   65.4  444.0
2018 109  4 19 0300  -23.1  826.1   11.9   98.0   70.7  444.0
2018 109  4 19 0600  -20.9  826.8   12.7   82.0   73.8  444.0
2018 109  4 19 0900  -20.2  827.5    9.2   93.0   87.4  444.0
2018 109  4 19 1200  -21.6  827.2    9.2   87.0   88.8  444.0
2018 109  4 19 1500  -22.2  826.1    9.9   76.0   85.7  444.0
2018 109  4 19 1800  -22.5  825.0    9.2   68.0   85.7  444.0
2018 109  4 19 2100  -24.0  823.5   10.9   77.0   83.5  444.0
2018 110  4 20 0000  -26.4  822.4   10.5   73.0   80.0  444.0
2018 110  4 20 0300  -25.8  821.3   11.1   83.0   82.6  444.0
2018 110  4 20 0600  -25.8  820.2    8.2   70.0   84.4  444.0
2018 110  4 20 0900  -25.5  819.3    8.4   80.0   82.2  444.0
2018 110  4 20 1200  -25.6  818.0   12.7   98.0   84.8  444.0
2018 110  4 20 1500  -25.0  817.2    9.2   82.0   86.1  444.0
2018 110  4 20 1800  -25.0  817.3    9.9   89.0   85.2  444.0
2018 110  4 20 2100  -24.6  817.6   10.9   69.0   84.8  444.0
2018 111  4 21 0000  -24.5  818.1    9.2   96.0   84.4  444.0
2018 111  4 21 0300  -23.2  817.5    9.9   93.0   86.1  444.0
2018 111  4 21 0600  -22.2  816.8    9.4   82.0   88.8  444.0
2018 111  4 21 0900  -21.9  816.0   10.1   89.0   89.2  444.0
2018 111  4 21 1200  -21.0  815.4   10.3   93.0   89.2  444.0
2018 111  4 21 1500  -19.5  814.5    9.0   70.0   89.6  444.0
2018 111  4 21 1800  -19.5  814.2    6.8   68.0   90.1  444.0
2018 111  4 21 2100  -19.5  814.9    6.6   52.0   91.0  444.0
2018 112  4 22 0000  -19.5  815.9    5.1   46.0   91.4  444.0
2018 112  4 22 0300  -24.4  817.0    4.3   68.0   88.3  444.0
2018 112  4 22 0600  -23.5  818.5    4.7   76.0   89.2  444.0
2018 112  4 22 0900  -23.9  820.2    5.1   89.0   87.9  444.0
2018 112  4 22 1200  -25.6  821.2    4.5   96.0   84.8  444.0
2018 112  4 22 1500  -25.2  821.8    6.0   94.0   82.6  444.0
2018 112  4 22 1800  -25.6  822.0    5.5   82.0   81.3  444.0
2018 112  4 22 2100  -24.0  822.6    5.8   82.0   86.6  444.0
2018 113  4 23 0000  -24.1  823.2    4.9   80.0   87.0  444.0
2018 113  4 23 0300  -23.9  823.4    7.8   89.0   87.4  444.0
2018 113  4 23 0600  -24.1  823.3    9.8   93.0   86.6  444.0
2018 113  4 23 0900  -26.1  823.2   11.7  100.0   83.9  444.0
2018 113  4 23 1200  -24.4  822.9   11.3   97.0   84.8  444.0
2018 113  4 23 1500  -22.5  822.3   10.3  100.0   85.7  444.0
2018 113  4 23 1800  -20.9  822.0    9.4  101.0   88.3  444.0
2018 113  4 23 2100  -19.0  822.2    9.8  105.0   90.5  444.0
2018 114  4 24 0000  -16.6  822.5    5.5   93.0   93.6  444.0
2018 114  4 24 0300  -17.4  822.7    6.0   96.0   91.8  444.0
2018 114  4 24 0600  -16.0  821.9    7.0   94.0   93.2  444.0
2018 114  4 24 0900  -14.1  820.2    7.0   97.0   94.5  444.0
2018 114  4 24 1200  -13.1  817.2    8.4   86.0   96.7  444.0
2018 114  4 24 1500  -12.4  813.9    9.0   70.0   98.0  444.0
2018 114  4 24 1800  -13.0  811.7    9.4   51.0   98.4  444.0
2018 114  4 24 2100  -14.8  810.2    9.4   55.0   97.1  444.0
2018 115  4 25 0000  -15.6  810.4   10.1   51.0   94.9  444.0
2018 115  4 25 0300  -16.6  810.4    8.8   79.0   94.9  444.0
2018 115  4 25 0600  -16.9  811.4    8.6   83.0   94.5  444.0
2018 115  4 25 0900  -17.4  811.5    9.2   70.0   94.0  444.0
2018 115  4 25 1200  -17.9  812.5    8.2   80.0   92.7  444.0
2018 115  4 25 1500  -18.0  814.0    9.2   91.0   93.2  444.0
2018 115  4 25 1800  -18.5  816.0    7.6   75.0   90.1  444.0
2018 115  4 25 2100  -18.8  817.5    6.0   76.0   89.6  444.0
2018 116  4 26 0000  -19.2  818.5    5.7   84.0   87.9  444.0
2018 116  4 26 0300  -20.8  818.7    6.0   79.0   87.4  444.0
2018 116  4 26 0600  -23.1  818.8    7.2   89.0   85.7  444.0
2018 116  4 26 0900  -23.9  818.5    8.0   96.0   84.4  444.0
2018 116  4 26 1200  -22.2  817.5    7.2   80.0   87.9  444.0
2018 116  4 26 1500  -22.5  816.4    9.4   86.0   85.2  444.0
2018 116  4 26 1800  -23.2  814.9    9.2   97.0   85.2  444.0
2018 116  4 26 2100  -22.0  813.7   10.9   93.0   87.0  444.0
2018 117  4 27 0000  -22.9  813.6    8.2   97.0   83.9  444.0
2018 117  4 27 0300  -23.4  812.5   10.7   91.0   87.0  444.0
2018 117  4 27 0600  -22.8  812.0    9.9   97.0   85.2  444.0
2018 117  4 27 0900  -24.0  811.6    7.8   97.0   82.6  444.0
2018 117  4 27 1200  -24.5  811.1    9.0   97.0   80.0  444.0
2018 117  4 27 1500  -24.8  810.8    8.6   98.0   80.4  444.0
2018 117  4 27 1800  -24.2  810.7   10.5   94.0   85.7  444.0
2018 117  4 27 2100  -22.0  810.2    9.2  105.0   88.3  444.0
2018 118  4 28 0000  -21.4  810.0   11.7   97.0   88.3  444.0
2018 118  4 28 0300  -21.6  809.3   12.1   97.0   87.4  444.0
2018 118  4 28 0600  -21.9  808.2   15.0   93.0   88.3  444.0
2018 118  4 28 0900  -22.1  807.8   12.1   86.0   88.8  444.0
2018 118  4 28 1200  -23.6  807.2   12.9   90.0   86.6  444.0
2018 118  4 28 1500  -25.1  805.7   13.3   83.0   85.2  444.0
2018 118  4 28 1800  -25.0  805.3   14.8   28.0   85.7  444.0
2018 118  4 28 2100  -25.2  804.9   17.2   63.0   85.7  444.0
2018 119  4 29 0000  -26.5  805.5   15.4   72.0   84.4  444.0
2018 119  4 29 0300  -26.8  805.0   15.0   98.0   84.4  444.0
2018 119  4 29 0600  -27.2  806.0   17.0   77.0   83.9  444.0
2018 119  4 29 0900  -27.0  806.4   14.2   86.0   83.9  444.0
2018 119  4 29 1200  -26.5  806.9   16.0   76.0   84.8  444.0
2018 119  4 29 1500  -26.6  807.8   15.0   66.0   84.8  444.0
2018 119  4 29 1800  -26.1  808.8   16.4   70.0   85.2  444.0
2018 119  4 29 2100  -25.9  809.0   14.8   75.0   85.2  444.0
2018 120  4 30 0000  -24.5  809.5   15.6   91.0   86.1  444.0
2018 120  4 30 0300  -24.0  810.0   14.6   60.0   86.1  444.0
2018 120  4 30 0600  -24.5  811.2   15.0   76.0   85.2  444.0
2018 120  4 30 0900  -24.4  811.9   12.9   75.0   86.1  444.0
2018 120  4 30 1200  -25.2  811.8   14.2   91.0   85.2  444.0
2018 120  4 30 1500  -25.5  812.8   11.5   83.0   83.9  444.0
2018 120  4 30 1800  -26.1  813.1   10.5   91.0   83.0  444.0
2018 120  4 30 2100  -27.4  813.1   12.3   91.0   80.8  444.0
