Year: 2018  Month: 11  ID: TRS  ARGOS: 21358  Name: Theresa             
Lat: 84.60S  Lon: 115.82W  Elev: 1463m
2018 305 11  1 0000  -16.9  810.1    7.2   72.0   78.6  444.0
2018 305 11  1 0300  -16.8  810.4    6.8   76.0   80.8  444.0
2018 305 11  1 0600  -16.9  811.2    6.0   76.0   83.0  444.0
2018 305 11  1 0900  -16.5  811.8    5.1   60.0   84.4  444.0
2018 305 11  1 1200  -17.5  812.2    7.4   66.0   83.5  444.0
2018 305 11  1 1500  -17.5  812.4    6.6   62.0   78.6  444.0
2018 305 11  1 1800  -16.9  812.7    6.4   65.0   74.7  444.0
2018 305 11  1 2100  -15.9  812.4    5.8   66.0   76.4  444.0
2018 306 11  2 0000  -16.0  812.2    5.5   68.0   82.2  444.0
2018 306 11  2 0300  -16.8  811.4    7.4   73.0   81.3  444.0
2018 306 11  2 0600  -18.2  811.3    6.4   83.0   80.0  444.0
2018 306 11  2 0900  -19.8  811.4    7.4   79.0   80.8  444.0
2018 306 11  2 1200  -19.6  812.4    3.5   75.0   76.0  444.0
2018 306 11  2 1500  -21.6  813.1    3.3   89.0   56.2  444.0
2018 306 11  2 1800  -22.2  813.2    4.1   87.0   50.5  444.0
2018 306 11  2 2100  -21.2  813.4    8.0   87.0   58.8  444.0
2018 307 11  3 0000  -21.4  813.9    8.6   96.0   59.7  444.0
2018 307 11  3 0300  -23.1  814.1   11.1  103.0   68.1  444.0
2018 307 11  3 0600  -23.6  814.7   10.1   94.0   72.9  444.0
2018 307 11  3 0900  -23.5  814.9    9.6   96.0   74.7  444.0
2018 307 11  3 1200  -21.9  815.2    9.6   70.0   78.6  444.0
2018 307 11  3 1500  -20.4  815.2   10.5   86.0   68.5  444.0
2018 307 11  3 1800  -19.5  815.3   11.1   89.0   65.9  444.0
2018 307 11  3 2100  -19.2  815.7    8.6   93.0   66.8  444.0
2018 308 11  4 0000  -18.4  816.3    5.1   87.0   71.2  444.0
2018 308 11  4 0300  -19.0  816.5    7.2   76.0   72.0  444.0
2018 308 11  4 0600  -19.2  816.8    7.6   76.0   73.4  444.0
2018 308 11  4 0900  -19.0  816.6    8.0   90.0   72.5  444.0
2018 308 11  4 1200  -18.5  816.7    9.2   79.0   76.0  444.0
2018 308 11  4 1500  -19.5  816.9    9.9   91.0   81.7  444.0
2018 308 11  4 1800  -19.5  816.7    8.8   89.0   78.6  444.0
2018 308 11  4 2100  -17.1  816.2    9.4   80.0   81.3  444.0
2018 309 11  5 0000  -16.5  817.0    7.2   76.0   78.6  444.0
2018 309 11  5 0300  -16.1  817.1    6.6   76.0   82.2  444.0
2018 309 11  5 0600  -16.8  817.4    7.0   84.0   86.6  444.0
2018 309 11  5 0900  -18.2  817.2    9.6   77.0   84.8  444.0
2018 309 11  5 1200  -20.5  816.5   14.0   63.0   81.7  444.0
2018 309 11  5 1500  -20.6  815.9   15.6   73.0   83.0  444.0
2018 309 11  5 1800  -19.9  815.1   17.5   84.0   79.5  444.0
2018 309 11  5 2100  -20.5  813.8   19.7   75.0   82.2  444.0
2018 310 11  6 0000  -21.4  813.3   16.6   72.0   85.7  444.0
2018 310 11  6 0300  -21.2  813.2   20.3   86.0   87.9  444.0
2018 310 11  6 0600  -20.9  813.9   17.2   86.0   87.4  444.0
2018 310 11  6 0900  -20.0  814.4   14.4   94.0   87.4  444.0
2018 310 11  6 1200  -20.6  813.9   16.0   83.0   86.6  444.0
2018 310 11  6 1500  -19.0  814.9   17.4   80.0   81.3  444.0
2018 310 11  6 1800  -18.9  815.8   17.0   84.0   81.3  444.0
2018 310 11  6 2100  -18.6  818.1   11.3   89.0   80.4  444.0
2018 311 11  7 0000  -18.5  818.8   12.1   87.0   83.0  444.0
2018 311 11  7 0300  -18.4  819.6   10.5   89.0   74.7  444.0
2018 311 11  7 0600  -18.6  820.0   10.5   93.0   73.4  444.0
2018 311 11  7 0900  -18.5  819.8   10.7   93.0   68.1  444.0
2018 311 11  7 1200  -19.0  818.8   11.3  101.0   66.8  444.0
2018 311 11  7 1500  -19.2  817.6   13.8   91.0   67.6  444.0
2018 311 11  7 1800  -18.9  816.6   11.5   91.0   68.1  444.0
2018 311 11  7 2100  -17.4  815.4   14.4   98.0   67.6  444.0
2018 312 11  8 0000  -17.9  813.8   16.4   94.0   74.2  444.0
2018 312 11  8 0300  -17.5  812.9   19.1   84.0   78.6  444.0
2018 312 11  8 0600  -17.8  812.3   18.1   86.0   88.3  444.0
2018 312 11  8 0900  -17.9  811.8   19.3   97.0   94.5  444.0
2018 312 11  8 1200  -17.1  812.0   16.0   89.0   94.5  444.0
2018 312 11  8 1500  -16.8  812.1   17.5   93.0   91.8  444.0
2018 312 11  8 1800  -16.1  812.9   18.7   91.0   87.0  444.0
2018 312 11  8 2100  -15.4  813.7   14.6   97.0   83.9  444.0
2018 313 11  9 0000  -15.4  814.2   16.6   90.0   85.2  444.0
2018 313 11  9 0300  -15.5  814.4   13.3   96.0   88.8  444.0
2018 313 11  9 0600  -15.6  814.3   16.8   93.0   91.0  444.0
2018 313 11  9 0900  -15.5  813.9   15.0   83.0   89.2  444.0
2018 313 11  9 1200  -16.0  813.3   17.7   86.0   88.3  444.0
2018 313 11  9 1500  -16.2  812.8   16.0   79.0   86.6  444.0
2018 313 11  9 1800  -15.9  813.1   18.1   93.0   81.3  444.0
2018 313 11  9 2100  -14.5  813.4   12.9   91.0   77.3  444.0
2018 314 11 10 0000  -14.1  812.8   16.0   93.0   80.4  444.0
2018 314 11 10 0300  -14.5  812.4   15.2   84.0   84.4  444.0
2018 314 11 10 0600  -15.0  813.2   13.1   84.0   87.9  444.0
2018 314 11 10 0900  -15.5  812.9   15.2   76.0   86.1  444.0
2018 314 11 10 1200  -15.5  812.3   16.4   86.0   83.9  444.0
2018 314 11 10 1500  -14.8  812.0   13.5   93.0   78.2  444.0
2018 314 11 10 1800  -14.8  812.6   12.3   91.0   71.2  444.0
2018 314 11 10 2100  -14.1  811.8   12.3   83.0   75.1  444.0
2018 315 11 11 0000  -14.1  810.9   10.1   82.0   83.0  444.0
2018 315 11 11 0300  -15.0  810.1   11.5   73.0   83.5  444.0
2018 315 11 11 0600  -16.0  809.9    8.6   77.0   80.8  444.0
2018 315 11 11 0900  -16.5  809.0    8.8   82.0   76.9  444.0
2018 315 11 11 1200  -15.6  807.5    7.6   82.0   74.7  444.0
2018 315 11 11 1500  -15.5  806.2    8.2   79.0   67.6  444.0
2018 315 11 11 1800  -14.5  805.5    7.8   72.0   61.9  444.0
2018 315 11 11 2100  -14.9  804.0    6.0   80.0   62.8  444.0
2018 316 11 12 0000  -15.5  804.0    4.7   84.0   53.1  444.0
2018 316 11 12 0300  -17.6  803.1    6.2   80.0   64.1  444.0
2018 316 11 12 0600  -19.0  802.9    7.4   79.0   65.9  444.0
2018 316 11 12 0900  -19.2  802.4    8.0  101.0   62.4  444.0
2018 316 11 12 1200  -20.2  802.5    7.0   97.0   61.9  444.0
2018 316 11 12 1500  -17.9  802.8    7.6   90.0   57.1  444.0
2018 316 11 12 1800  -16.9  803.1    8.4   72.0   63.7  444.0
2018 316 11 12 2100  -16.9  803.6    9.0   79.0   66.3  444.0
2018 317 11 13 0000  -17.5  804.0   11.1   87.0   59.7  444.0
2018 317 11 13 0300  -19.0  804.3   11.9   80.0   66.3  444.0
2018 317 11 13 0600  -20.8  804.8    9.4   89.0   72.0  444.0
2018 317 11 13 0900  -22.0  805.2   13.5  100.0   71.2  444.0
2018 317 11 13 1200  -21.4  805.8   11.9   77.0   69.0  444.0
2018 317 11 13 1500  -21.1  805.9   13.5   51.0   67.2  444.0
2018 317 11 13 1800  -20.8  805.2   15.4   73.0   65.0  444.0
2018 317 11 13 2100  -19.9  805.8   13.3   59.0   75.6  444.0
2018 318 11 14 0000  -19.2  806.9   16.8   93.0   73.4  444.0
2018 318 11 14 0300  -20.2  807.8   14.2   98.0   76.4  444.0
2018 318 11 14 0600  -20.2  808.2   14.4   83.0   72.0  444.0
2018 318 11 14 0900  -20.9  808.1   14.4   96.0   74.2  444.0
2018 318 11 14 1200  -21.2  808.6   14.8   91.0   69.8  444.0
2018 318 11 14 1500  -20.2  808.4   17.0   76.0   72.0  444.0
2018 318 11 14 1800  -20.1  808.5   17.2   91.0   70.3  444.0
2018 318 11 14 2100  -19.9  808.8   15.0   86.0   72.5  444.0
2018 319 11 15 0000  -20.5  808.6   15.8   72.0   77.3  444.0
2018 319 11 15 0300  -20.9  807.8   13.1   91.0   79.1  444.0
2018 319 11 15 0600  -20.1  807.9   12.7   86.0   84.8  444.0
2018 319 11 15 0900  -20.1  808.3    9.9   87.0   86.1  444.0
2018 319 11 15 1200  -20.6  808.1   13.6   77.0   80.0  444.0
2018 319 11 15 1500  -20.1  808.0   12.3   76.0   73.4  444.0
2018 319 11 15 1800  -20.2  808.6   13.1   59.0   65.4  444.0
2018 319 11 15 2100  -20.2  808.7   11.7   89.0   69.8  444.0
2018 320 11 16 0000  -19.9  809.0   13.5   58.0   69.4  444.0
2018 320 11 16 0300  -21.1  808.5   13.3   96.0   68.1  444.0
2018 320 11 16 0600  -22.2  808.4   14.4   84.0   80.4  444.0
2018 320 11 16 0900  -21.9  808.6   14.6   79.0   80.8  444.0
2018 320 11 16 1200  -22.0  808.9   15.8   87.0   83.9  444.0
2018 320 11 16 1500  -21.2  809.2   18.5   87.0   82.2  444.0
2018 320 11 16 1800  -20.8  810.6   13.5   41.0   80.8  444.0
2018 320 11 16 2100  -19.9  811.7   12.7  100.0   80.4  444.0
2018 321 11 17 0000  -19.9  812.6   15.8   83.0   82.6  444.0
2018 321 11 17 0300  -20.1  813.1   15.0   91.0   83.9  444.0
2018 321 11 17 0600  -20.8  814.4   15.0   86.0   85.2  444.0
2018 321 11 17 0900  -21.4  815.3   15.0  101.0   84.4  444.0
2018 321 11 17 1200  -21.2  815.9   13.6   80.0   82.6  444.0
2018 321 11 17 1500  -20.9  815.8   16.8   89.0   81.3  444.0
2018 321 11 17 1800  -20.2  816.0   13.1   91.0   74.2  444.0
2018 321 11 17 2100  -19.2  816.4   15.8   83.0   70.3  444.0
2018 322 11 18 0000  -18.8  816.1   12.7   86.0   68.5  444.0
2018 322 11 18 0300  -19.6  815.8   11.1   89.0   63.7  444.0
2018 322 11 18 0600  -20.6  815.1   11.7  108.0   66.8  444.0
2018 322 11 18 0900  -20.8  814.3    9.9  101.0   66.8  444.0
2018 322 11 18 1200  -20.2  813.1    9.2   90.0   60.6  444.0
2018 322 11 18 1500  -19.2  811.8    8.0   98.0   51.8  444.0
2018 322 11 18 1800  -18.6  810.3    7.8   94.0   47.0  444.0
2018 322 11 18 2100  -17.8  808.9    4.9   86.0   45.6  444.0
2018 323 11 19 0000  -17.8  807.8    6.0   86.0   48.3  444.0
2018 323 11 19 0300  -20.1  806.5    6.8   96.0   52.2  444.0
2018 323 11 19 0600  -21.5  806.3    8.4   96.0   52.7  444.0
2018 323 11 19 0900  -22.4  806.3    7.4  100.0   58.0  444.0
2018 323 11 19 1200  -21.2  805.9    8.8   84.0   51.8  444.0
2018 323 11 19 1500  -20.2  805.6    6.4   97.0   50.5  444.0
2018 323 11 19 1800  -20.2  804.5    9.4   89.0   54.9  444.0
2018 323 11 19 2100  -19.1  804.5    7.4   89.0   50.5  444.0
2018 324 11 20 0000  -18.9  803.7    9.9   84.0   54.4  444.0
2018 324 11 20 0300  -19.0  803.1   10.9   63.0   60.2  444.0
2018 324 11 20 0600  -19.6  803.1   13.1   79.0   70.7  444.0
2018 324 11 20 0900  -19.5  803.9    9.2   97.0   69.0  444.0
2018 324 11 20 1200  -17.5  804.5   12.1   87.0   76.0  444.0
2018 324 11 20 1500  -15.5  806.1   10.7   44.0   64.6  444.0
2018 324 11 20 1800  -12.8  806.4   12.1   82.0   73.8  444.0
2018 324 11 20 2100  -12.5  806.3   14.0   91.0   73.4  444.0
2018 325 11 21 0000  -12.4  806.5   16.2   96.0   76.9  444.0
2018 325 11 21 0300  -12.5  807.6   13.6  104.0   76.0  444.0
2018 325 11 21 0600  -12.8  808.8   12.5  100.0   77.8  444.0
2018 325 11 21 0900  -13.0  810.0   15.0   91.0   79.5  444.0
2018 325 11 21 1200  -12.4  811.0   11.5   87.0   83.5  444.0
2018 325 11 21 1500  -12.1  812.5   12.3   77.0   77.8  444.0
2018 325 11 21 1800  -12.1  814.2   11.7   66.0   65.9  444.0
2018 325 11 21 2100  -11.4  815.7   14.2   77.0   77.3  444.0
2018 326 11 22 0000  -11.2  818.0    8.0   41.0   65.9  444.0
2018 326 11 22 0300  -12.0  818.9    9.2   66.0   61.9  444.0
2018 326 11 22 0600  -13.8  819.7    7.0   91.0   64.6  444.0
2018 326 11 22 0900  -15.4  820.0    5.5   89.0   63.2  444.0
2018 326 11 22 1200  -14.5  819.5    8.0  101.0   58.0  444.0
2018 326 11 22 1500  -12.4  819.1    5.7   49.0   50.9  444.0
2018 326 11 22 1800  -12.4  818.8    7.4   76.0   65.0  444.0
2018 326 11 22 2100  -12.0  818.7    4.7   56.0   58.0  444.0
2018 327 11 23 0000  -12.6  818.2   10.3   42.0   62.8  444.0
2018 327 11 23 0300  -14.4  818.3   10.9   69.0   59.3  444.0
2018 327 11 23 0600  -15.5  818.4    9.2   59.0   60.2  444.0
2018 327 11 23 0900  -16.5  818.1    9.4   77.0   62.8  444.0
2018 327 11 23 1200  -16.6  817.3    7.4   80.0   61.5  444.0
2018 327 11 23 1500  -14.4  816.0    8.6   75.0   60.2  444.0
2018 327 11 23 1800  -12.8  815.0    8.8   77.0   51.4  444.0
2018 327 11 23 2100  -12.9  813.9    3.1  255.0   50.5  444.0
2018 328 11 24 0000   -9.8  812.8    1.8  132.0   42.1  444.0
2018 328 11 24 0300   -9.4  812.7    1.9  312.0   48.3  444.0
2018 328 11 24 0600  -15.0  812.0   15.6  100.0   76.9  444.0
2018 328 11 24 0900  -14.2  811.2   10.9  107.0   73.8  444.0
2018 328 11 24 1200  -14.5  809.8   15.2  104.0   70.7  444.0
2018 328 11 24 1500  -13.8  809.5   14.8  104.0   72.9  444.0
2018 328 11 24 1800  -15.1  811.0   13.1   56.0   84.8  444.0
2018 328 11 24 2100  -15.4  812.1   11.7   62.0   83.0  444.0
2018 329 11 25 0000  -13.1  813.9   12.7   55.0   80.8  444.0
2018 329 11 25 0300  -13.0  814.8   10.1   73.0   73.4  444.0
2018 329 11 25 0600  -16.1  816.4    8.4   89.0   76.9  444.0
2018 329 11 25 0900  -16.2  817.0    8.8   87.0   66.8  444.0
2018 329 11 25 1200  -15.2  817.6    7.4   96.0   61.0  444.0
2018 329 11 25 1500  -15.8  817.6   10.5  100.0   52.2  444.0
2018 329 11 25 1800  -15.5  817.5    9.8   97.0   52.7  444.0
2018 329 11 25 2100  -15.0  817.3   10.9   97.0   47.4  444.0
2018 330 11 26 0000  -15.4  816.9    9.0   89.0   59.3  444.0
2018 330 11 26 0300  -15.9  816.5    9.6   73.0   60.2  444.0
2018 330 11 26 0600  -17.1  816.5    9.9   80.0   64.6  444.0
2018 330 11 26 0900  -17.4  816.3   10.1   84.0   59.7  444.0
2018 330 11 26 1200  -17.2  816.5    8.8   89.0   61.5  444.0
2018 330 11 26 1500  -15.5  816.5   10.7   70.0   58.8  444.0
2018 330 11 26 1800  -13.5  816.9    9.0   75.0   57.5  444.0
2018 330 11 26 2100  -13.2  817.7    9.4   83.0   65.9  444.0
2018 331 11 27 0000  -13.2  818.2    9.8   75.0   67.2  444.0
2018 331 11 27 0300  -14.9  818.6    9.2   84.0   57.5  444.0
2018 331 11 27 0600  -16.5  818.7    9.8   76.0   58.8  444.0
2018 331 11 27 0900  -16.9  819.1    8.8   76.0   60.6  444.0
2018 331 11 27 1200  -17.2  819.3    8.0   86.0   58.4  444.0
2018 331 11 27 1500  -15.8  819.2    7.6   93.0   52.7  444.0
2018 331 11 27 1800  -13.5  819.4    5.7   63.0   51.8  444.0
2018 331 11 27 2100  -12.4  819.6    3.7   80.0   58.4  444.0
2018 332 11 28 0000   -9.1  819.4    1.6   66.0   51.4  444.0
2018 332 11 28 0300  -11.1  819.1    1.8   68.0   43.4  444.0
2018 332 11 28 0600  -16.0  819.3    3.1   93.0   51.4  444.0
2018 332 11 28 0900  -13.9  819.5    2.5   83.0   55.3  444.0
2018 332 11 28 1200  -17.8  819.8    4.1   90.0   50.5  444.0
2018 332 11 28 1500  -16.5  820.1    6.2   91.0   43.9  444.0
2018 332 11 28 1800  -14.2  820.4    5.1   83.0   45.6  444.0
2018 332 11 28 2100  -12.5  820.4    2.9   49.0   50.0  444.0
2018 333 11 29 0000  -11.5  820.2    4.3   77.0   55.8  444.0
2018 333 11 29 0300  -13.1  819.7    4.9   83.0   55.3  444.0
2018 333 11 29 0600  -14.1  819.6    5.8   98.0   56.2  444.0
2018 333 11 29 0900  -15.4  818.9    4.1   66.0   69.8  444.0
2018 333 11 29 1200  -13.6  817.8    1.8  232.0   63.2  444.0
2018 333 11 29 1500  -10.6  815.9    2.7  184.0   43.4  444.0
2018 333 11 29 1800   -9.1  814.3    2.1  187.0   51.8  444.0
2018 333 11 29 2100   -7.9  812.9    3.3  100.0   45.6  444.0
2018 334 11 30 0000   -9.5  812.8    7.0   96.0   58.0  444.0
2018 334 11 30 0300  -11.2  813.1    9.4  100.0   65.9  444.0
2018 334 11 30 0600  -12.1  814.0    8.2   87.0   62.8  444.0
2018 334 11 30 0900  -12.6  814.6    9.4   96.0   71.6  444.0
2018 334 11 30 1200  -12.6  814.8    9.0  100.0   62.4  444.0
2018 334 11 30 1500  -10.8  814.8    9.6   91.0   63.7  444.0
2018 334 11 30 1800  -10.0  815.0    7.6   96.0   52.2  444.0
2018 334 11 30 2100  -11.4  814.9   10.9   86.0   63.7  444.0
