Year: 2018  Month: 12  ID: TRS  ARGOS: 21358  Name: Theresa             
Lat: 84.60S  Lon: 115.82W  Elev: 1463m
2018 335 12  1 0000  -11.3  814.9   11.3   87.0   60.6  444.0
2018 335 12  1 0300  -12.6  814.4    8.8   89.0   62.8  444.0
2018 335 12  1 0600  -14.1  814.3    7.2   96.0   63.2  444.0
2018 335 12  1 0900  -14.8  813.8    9.4   93.0   62.4  444.0
2018 335 12  1 1200  -13.6  812.7    8.0  100.0   55.8  444.0
2018 335 12  1 1500  -12.5  811.8    8.2   89.0   53.1  444.0
2018 335 12  1 1800  -11.6  811.1    8.0   90.0   48.7  444.0
2018 335 12  1 2100  -10.6  810.6    7.8   84.0   54.4  444.0
2018 336 12  2 0000  -10.4  810.6    7.2   80.0   68.5  444.0
2018 336 12  2 0300  -11.1  810.8    8.4   68.0   70.7  444.0
2018 336 12  2 0600  -12.4  811.7    6.6   80.0   66.3  444.0
2018 336 12  2 0900  -13.9  812.8    8.4   82.0   67.2  444.0
2018 336 12  2 1200  -13.4  814.2    8.4   84.0   57.1  444.0
2018 336 12  2 1500  -11.9  815.7    9.6   77.0   64.6  444.0
2018 336 12  2 1800  -10.1  817.3    7.0   63.0   61.9  444.0
2018 336 12  2 2100   -9.6  818.7    8.2   86.0   56.2  444.0
2018 337 12  3 0000   -9.4  819.9    6.4   86.0   50.0  444.0
2018 337 12  3 0300   -9.8  821.0    6.0   97.0   52.7  444.0
2018 337 12  3 0600  -10.5  822.1    7.2   97.0   57.1  444.0
2018 337 12  3 0900  -10.8  823.6    6.2   94.0   62.4  444.0
2018 337 12  3 1200  -11.3  825.3    7.8  104.0   66.3  444.0
2018 337 12  3 1500  -10.0  827.3    6.2   84.0   61.5  444.0
2018 337 12  3 1800   -9.0  828.3    5.5  100.0   46.1  444.0
2018 337 12  3 2100   -8.6  829.0    7.6   87.0   50.0  444.0
2018 338 12  4 0000   -8.4  829.5    5.8   93.0   50.0  444.0
2018 338 12  4 0300   -9.3  829.6    5.8  100.0   54.0  444.0
2018 338 12  4 0600  -11.4  829.0    6.0   96.0   58.4  444.0
2018 338 12  4 0900  -12.1  828.1    6.0  100.0   58.4  444.0
2018 338 12  4 1200  -12.1  827.1    5.3   82.0   59.3  444.0
2018 338 12  4 1500  -11.8  825.2    5.3   86.0   51.4  444.0
2018 338 12  4 1800   -8.9  823.5    3.9   66.0   54.9  444.0
2018 338 12  4 2100   -8.8  821.6    3.1   34.0   61.5  444.0
2018 339 12  5 0000   -4.3  819.6    1.4   48.0   57.5  444.0
2018 339 12  5 0300   -7.8  817.2    2.1   79.0   63.2  444.0
2018 339 12  5 0600  -12.9  814.9    3.7   84.0   61.5  444.0
2018 339 12  5 0900  -13.6  813.5    3.9   77.0   67.6  444.0
2018 339 12  5 1200  -14.4  812.1    8.0   83.0   64.6  444.0
2018 339 12  5 1500  -13.9  811.3    7.6   86.0   64.1  444.0
2018 339 12  5 1800  -13.0  810.1    8.0   82.0   61.5  444.0
2018 339 12  5 2100  -12.9  809.4    7.8   77.0   66.3  444.0
2018 340 12  6 0000  -11.5  808.7    7.0   80.0   61.0  444.0
2018 340 12  6 0300  -11.8  808.0    8.0   79.0   63.2  444.0
2018 340 12  6 0600  -12.4  808.4    8.8   82.0   66.8  444.0
2018 340 12  6 0900  -13.0  809.6   10.1   89.0   67.2  444.0
2018 340 12  6 1200  -11.9  810.3    8.8   87.0   64.6  444.0
2018 340 12  6 1500  -10.1  811.4    9.4   83.0   62.8  444.0
2018 340 12  6 1800   -9.4  812.7    9.9   83.0   63.2  444.0
2018 340 12  6 2100   -8.9  813.8   10.1   80.0   58.0  444.0
2018 341 12  7 0000  -10.3  815.2   11.1   68.0   68.1  444.0
2018 341 12  7 0300  -11.3  816.3    9.2   86.0   72.0  444.0
2018 341 12  7 0600  -12.1  817.3    8.2   87.0   65.4  444.0
2018 341 12  7 0900  -12.5  817.9    8.4   76.0   66.3  444.0
2018 341 12  7 1200  -12.1  818.2    5.1   59.0   64.1  444.0
2018 341 12  7 1500  -11.8  817.7    5.5   77.0   63.2  444.0
2018 341 12  7 1800   -8.8  817.4    3.9   55.0   58.4  444.0
2018 341 12  7 2100   -9.1  817.4    2.5   84.0   38.6  444.0
2018 342 12  8 0000   -7.4  817.1    4.5   68.0   55.8  444.0
2018 342 12  8 0300  -10.8  816.9    4.3   96.0   49.2  444.0
2018 342 12  8 0600  -12.4  816.6    3.9   93.0   51.8  444.0
2018 342 12  8 0900  -13.6  816.0    4.7   96.0   51.8  444.0
2018 342 12  8 1200  -13.6  816.0    7.2   65.0   57.1  444.0
2018 342 12  8 1500  -12.6  815.6    6.6  108.0   49.6  444.0
2018 342 12  8 1800  -12.0  815.8    7.2   80.0   50.9  444.0
2018 342 12  8 2100  -11.4  815.7    7.6   83.0   53.1  444.0
2018 343 12  9 0000  -10.1  815.2    6.6   83.0   49.6  444.0
2018 343 12  9 0300  -11.8  814.9    6.8   84.0   50.5  444.0
2018 343 12  9 0600  -12.8  814.7    7.8   89.0   62.8  444.0
2018 343 12  9 0900  -14.4  814.4    8.2   93.0   67.6  444.0
2018 343 12  9 1200  -14.0  814.0   11.7   72.0   71.6  444.0
2018 343 12  9 1500  -13.5  814.1   11.1   84.0   70.3  444.0
2018 343 12  9 1800  -13.3  814.2   11.1   73.0   66.3  444.0
2018 343 12  9 2100  -12.8  814.9    9.4   52.0   69.4  444.0
2018 344 12 10 0000  -12.0  816.0   10.5   77.0   69.4  444.0
2018 344 12 10 0300  -12.5  817.2    8.4   66.0   73.4  444.0
2018 344 12 10 0600  -12.6  818.3    8.8   76.0   67.6  444.0
2018 344 12 10 0900  -13.8  819.1    8.0   82.0   65.0  444.0
2018 344 12 10 1200  -13.8  819.9    7.8   90.0   57.1  444.0
2018 344 12 10 1500  -13.5  820.1    6.8   72.0   52.7  444.0
2018 344 12 10 1800  -11.8  820.4    5.3   84.0   52.7  444.0
2018 344 12 10 2100  -10.8  820.2    4.1   68.0   55.8  444.0
2018 345 12 11 0000   -8.3  820.0    3.3   63.0   52.7  444.0
2018 345 12 11 0300  -11.3  819.6    3.3   94.0   45.6  444.0
2018 345 12 11 0600   -9.8  819.1    2.5   68.0   61.0  444.0
2018 345 12 11 0900  -11.9  818.5    2.5   83.0   61.5  444.0
2018 345 12 11 1200  -10.5  818.3    1.4    4.0   47.8  444.0
2018 345 12 11 1500   -9.8  817.8    1.6  360.0   49.6  444.0
2018 345 12 11 1800  444.0  817.6    0.6  330.0   43.0  444.0
2018 345 12 11 2100  444.0  817.8    0.6  319.0   32.4  444.0
2018 346 12 12 0000   -8.3  817.8    1.2  246.0   39.0  444.0
2018 346 12 12 0300   -8.5  818.5    5.3   80.0   68.5  444.0
2018 346 12 12 0600   -9.6  819.6    7.6   96.0   73.4  444.0
2018 346 12 12 0900  -11.4  821.3    7.8   97.0   72.5  444.0
2018 346 12 12 1200   -9.8  822.2    9.9   98.0   64.6  444.0
2018 346 12 12 1500   -8.3  823.1    7.6   89.0   63.7  444.0
2018 346 12 12 1800   -7.6  823.1    8.4   94.0   54.0  444.0
2018 346 12 12 2100   -7.4  822.7    5.8   77.0   56.2  444.0
2018 347 12 13 0000   -6.0  821.7    6.2   72.0   64.6  444.0
2018 347 12 13 0300   -4.6  820.2    3.1   84.0   50.5  444.0
2018 347 12 13 0600   -8.8  819.1    5.1   97.0   67.6  444.0
2018 347 12 13 0900   -9.5  819.3    4.5   77.0   81.3  444.0
2018 347 12 13 1200  -10.3  819.6    5.5   77.0   73.4  444.0
2018 347 12 13 1500   -9.0  819.4    7.4   80.0   69.8  444.0
2018 347 12 13 1800   -7.4  819.2    6.8   69.0   67.2  444.0
2018 347 12 13 2100   -7.8  819.4    7.4   68.0   63.2  444.0
2018 348 12 14 0000   -7.6  819.5    7.8   63.0   65.0  444.0
2018 348 12 14 0300   -8.3  819.1    5.8   77.0   65.0  444.0
2018 348 12 14 0600  -10.1  819.0    6.2  135.0   61.5  444.0
2018 348 12 14 0900  -11.3  818.3    6.4  104.0   60.6  444.0
2018 348 12 14 1200  -11.3  817.6    6.2   89.0   61.0  444.0
2018 348 12 14 1500  -11.3  816.9    5.7   82.0   55.3  444.0
2018 348 12 14 1800   -7.9  816.6    5.3   82.0   53.1  444.0
2018 348 12 14 2100   -8.4  816.7    5.5   76.0   58.0  444.0
2018 349 12 15 0000   -8.3  817.4    6.0   98.0   52.2  444.0
2018 349 12 15 0300   -9.5  817.7    6.2   96.0   54.0  444.0
2018 349 12 15 0600  -10.8  818.4    5.3   69.0   58.8  444.0
2018 349 12 15 0900  -11.8  819.0    5.8  100.0   58.8  444.0
2018 349 12 15 1200  -11.8  819.4    5.1   91.0   55.3  444.0
2018 349 12 15 1500   -9.8  818.5    1.9  210.0   30.7  444.0
2018 349 12 15 1800  444.0  817.2    0.6  177.0   17.5  444.0
2018 349 12 15 2100   -5.4  815.9    7.4   69.0   60.2  444.0
2018 350 12 16 0000   -7.1  814.9   13.8  107.0   66.8  444.0
2018 350 12 16 0300   -8.9  814.0   15.8  113.0   83.9  444.0
2018 350 12 16 0600  -10.6  814.4   20.1  104.0   91.4  444.0
2018 350 12 16 0900  -11.3  816.4   17.0  100.0   83.5  444.0
2018 350 12 16 1200  -11.3  817.3   16.2  104.0   79.1  444.0
2018 350 12 16 1500  -10.1  818.9   12.5   94.0   65.9  444.0
2018 350 12 16 1800   -9.5  819.2    6.8   87.0   54.4  444.0
2018 350 12 16 2100   -8.4  819.0    6.4   73.0   65.9  444.0
2018 351 12 17 0000   -8.8  818.4    7.6   94.0   54.0  444.0
2018 351 12 17 0300  -10.1  818.4    6.6   91.0   56.2  444.0
2018 351 12 17 0600  -10.6  819.2    7.0   87.0   65.9  444.0
2018 351 12 17 0900  -11.5  820.3    8.2   89.0   62.8  444.0
2018 351 12 17 1200  -11.3  821.3    8.2   93.0   60.2  444.0
2018 351 12 17 1500  -10.4  821.2   11.9   76.0   66.3  444.0
2018 351 12 17 1800  -10.6  821.8   11.1   77.0   65.9  444.0
2018 351 12 17 2100  -10.6  823.4    8.2   77.0   63.7  444.0
2018 352 12 18 0000  -10.0  824.3    6.4   89.0   54.9  444.0
2018 352 12 18 0300  -10.6  824.3    7.2   83.0   57.1  444.0
2018 352 12 18 0600  -12.4  824.6    5.5   94.0   58.0  444.0
2018 352 12 18 0900  -12.6  824.7    6.4   94.0   55.8  444.0
2018 352 12 18 1200  -12.8  824.4    6.0   90.0   54.4  444.0
2018 352 12 18 1500  -11.8  824.3    6.2   96.0   47.4  444.0
2018 352 12 18 1800   -9.0  824.7    5.1   73.0   56.2  444.0
2018 352 12 18 2100   -8.5  825.3    5.7   69.0   55.8  444.0
2018 353 12 19 0000   -3.8  825.3    2.1   34.0   55.8  444.0
2018 353 12 19 0300   -5.9  825.4    2.9   73.0   54.4  444.0
2018 353 12 19 0600   -7.6  824.7    4.1   72.0   65.9  444.0
2018 353 12 19 0900   -6.5  825.0    5.5  108.0   68.1  444.0
2018 353 12 19 1200   -5.5  824.6    5.8   97.0   67.6  444.0
2018 353 12 19 1500   -3.6  824.8    5.5  115.0   57.5  444.0
2018 353 12 19 1800   -2.1  824.4    6.0   89.0   58.4  444.0
2018 353 12 19 2100   -3.6  824.2   11.1   86.0   76.4  444.0
2018 354 12 20 0000   -4.1  824.8   11.7   86.0   74.7  444.0
2018 354 12 20 0300   -5.5  826.4   11.9   94.0   77.3  444.0
2018 354 12 20 0600   -6.0  827.8    9.2   98.0   78.2  444.0
2018 354 12 20 0900   -6.6  829.7    5.7   87.0   76.9  444.0
2018 354 12 20 1200   -5.3  830.3    6.2   79.0   70.7  444.0
2018 354 12 20 1500   -5.0  830.5    5.8   63.0   69.8  444.0
2018 354 12 20 1800   -3.3  830.6    3.7   66.0   78.6  444.0
2018 354 12 20 2100   -4.9  830.1    8.8   90.0   72.0  444.0
2018 355 12 21 0000   -6.0  829.3   11.7   98.0   74.2  444.0
2018 355 12 21 0300   -6.6  828.8   10.9   90.0   73.4  444.0
2018 355 12 21 0600   -7.1  828.4   11.9   87.0   77.3  444.0
2018 355 12 21 0900   -7.6  827.7    9.8   76.0   72.5  444.0
2018 355 12 21 1200   -3.3  827.3    1.8  136.0   54.4  444.0
2018 355 12 21 1500   -5.8  826.8    4.3  214.0   55.3  444.0
2018 355 12 21 1800   -3.5  825.5    2.7  225.0   42.1  444.0
2018 355 12 21 2100   -6.5  824.9    8.8  131.0   55.8  444.0
2018 356 12 22 0000   -4.4  824.8    1.8  184.0   51.8  444.0
2018 356 12 22 0300   -4.8  824.4    2.1  134.0   38.6  444.0
2018 356 12 22 0600  -11.1  824.0   15.6  110.0   72.9  444.0
2018 356 12 22 0900   -9.8  824.5   13.1  101.0   66.8  444.0
2018 356 12 22 1200   -9.0  825.5    9.8  107.0   58.0  444.0
2018 356 12 22 1500   -7.9  825.7    7.2   90.0   55.3  444.0
2018 356 12 22 1800   -7.6  826.0    9.0   90.0   58.0  444.0
2018 356 12 22 2100   -7.9  826.4   11.1   90.0   61.5  444.0
2018 357 12 23 0000   -8.1  826.5   10.7   91.0   59.3  444.0
2018 357 12 23 0300   -8.3  826.4    9.6   80.0   69.4  444.0
2018 357 12 23 0600   -9.0  826.3    9.0   96.0   69.4  444.0
2018 357 12 23 0900   -9.5  826.7    6.6   91.0   68.1  444.0
2018 357 12 23 1200   -9.4  826.5    7.8   84.0   65.9  444.0
2018 357 12 23 1500   -9.0  825.7   11.3   79.0   69.0  444.0
2018 357 12 23 1800   -9.0  825.1   10.1   77.0   63.7  444.0
2018 357 12 23 2100   -8.3  824.6   10.1   77.0   67.6  444.0
2018 358 12 24 0000   -8.0  824.2    8.8   75.0   67.2  444.0
2018 358 12 24 0300   -8.3  823.6    8.8   72.0   72.0  444.0
2018 358 12 24 0600   -8.8  823.8    7.0   83.0   72.0  444.0
2018 358 12 24 0900  -10.4  824.0    8.2   89.0   65.4  444.0
2018 358 12 24 1200  -10.0  823.7    9.0   84.0   63.7  444.0
2018 358 12 24 1500   -9.4  823.7    7.6   82.0   59.3  444.0
2018 358 12 24 1800   -9.1  822.9   12.9   77.0   64.1  444.0
2018 358 12 24 2100   -9.3  823.0   11.9   82.0   65.0  444.0
2018 359 12 25 0000   -9.0  822.8   11.1   94.0   70.3  444.0
2018 359 12 25 0300  -10.0  822.3   12.3   83.0   76.0  444.0
2018 359 12 25 0600  -11.3  823.0   10.5   79.0   78.2  444.0
2018 359 12 25 0900  -11.8  823.1   11.5   79.0   76.0  444.0
2018 359 12 25 1200  -11.4  822.7   13.3   86.0   65.4  444.0
2018 359 12 25 1500  -10.4  822.7   10.9   87.0   64.6  444.0
2018 359 12 25 1800   -8.8  822.7   12.5   83.0   72.9  444.0
2018 359 12 25 2100   -7.9  823.1    9.9   80.0   77.3  444.0
2018 360 12 26 0000   -7.0  823.5    8.4   79.0   73.4  444.0
2018 360 12 26 0300   -6.6  823.6    7.4   75.0   73.8  444.0
2018 360 12 26 0600   -8.4  824.4    5.7   91.0   68.5  444.0
2018 360 12 26 0900   -8.1  824.5    7.2   82.0   72.5  444.0
2018 360 12 26 1200   -8.4  824.8    7.4   73.0   81.3  444.0
2018 360 12 26 1500   -7.1  824.8    7.8   70.0   79.1  444.0
2018 360 12 26 1800   -6.6  825.6    7.6   62.0   80.4  444.0
2018 360 12 26 2100   -6.6  826.2    6.2   55.0   83.9  444.0
2018 361 12 27 0000   -5.6  826.1    6.2   52.0   81.7  444.0
2018 361 12 27 0300   -6.0  826.5    4.3   42.0   86.6  444.0
2018 361 12 27 0600   -7.3  826.5    5.5   44.0   91.8  444.0
2018 361 12 27 0900   -8.0  826.9    4.5   21.0   89.2  444.0
2018 361 12 27 1200   -7.6  827.0    3.9   70.0   85.2  444.0
2018 361 12 27 1500   -7.1  826.3    5.8   45.0   84.8  444.0
2018 361 12 27 1800   -6.6  826.2    4.5   35.0   78.6  444.0
2018 361 12 27 2100   -5.4  825.6    3.7   41.0   73.8  444.0
2018 362 12 28 0000   -5.3  824.9    4.7   44.0   69.4  444.0
2018 362 12 28 0300   -7.1  824.0    3.5   30.0   80.4  444.0
2018 362 12 28 0600   -8.3  823.7    1.9   28.0   85.2  444.0
2018 362 12 28 0900   -8.4  823.2    2.3   18.0   83.9  444.0
2018 362 12 28 1200   -7.0  822.8    1.6   66.0   77.3  444.0
2018 362 12 28 1500   -7.8  822.0    2.9   86.0   61.9  444.0
2018 362 12 28 1800   -7.4  821.6    3.9   93.0   51.4  444.0
2018 362 12 28 2100   -5.6  821.4    2.9   45.0   75.6  444.0
2018 363 12 29 0000   -6.0  821.2    2.5   73.0   70.3  444.0
2018 363 12 29 0300   -8.4  820.6    5.3  100.0   68.1  444.0
2018 363 12 29 0600   -8.9  820.5    4.7   91.0   72.5  444.0
2018 363 12 29 0900   -8.4  820.3    6.8   87.0   72.0  444.0
2018 363 12 29 1200   -8.5  820.2    8.2   91.0   71.2  444.0
2018 363 12 29 1500   -8.9  819.9    9.9   89.0   75.6  444.0
2018 363 12 29 1800   -7.4  820.3   10.3   80.0   76.4  444.0
2018 363 12 29 2100   -5.0  821.0    7.6   55.0   69.0  444.0
2018 364 12 30 0000   -6.1  821.8    7.2   79.0   73.4  444.0
2018 364 12 30 0300   -6.0  822.4    6.8   65.0   76.9  444.0
2018 364 12 30 0600   -7.8  822.5    7.2   91.0   80.0  444.0
2018 364 12 30 0900   -8.0  823.1    8.2   86.0   81.3  444.0
2018 364 12 30 1200   -9.0  823.5    8.4   97.0   81.3  444.0
2018 364 12 30 1500  -10.0  823.6    9.8   93.0   73.4  444.0
2018 364 12 30 1800   -8.8  823.7    9.0  105.0   66.3  444.0
2018 364 12 30 2100   -7.9  823.6    6.6  103.0   54.4  444.0
2018 365 12 31 0000   -7.6  823.3   11.1   82.0   61.0  444.0
2018 365 12 31 0300   -8.8  823.4    7.4   82.0   75.1  444.0
2018 365 12 31 0600   -9.1  823.1    7.0   89.0   74.7  444.0
2018 365 12 31 0900  -10.0  823.5    6.4   52.0   77.3  444.0
2018 365 12 31 1200  -11.4  823.6    7.8   90.0   71.6  444.0
2018 365 12 31 1500   -9.6  823.5    8.8   79.0   77.3  444.0
2018 365 12 31 1800   -8.8  823.6    6.0   65.0   75.1  444.0
2018 365 12 31 2100   -6.9  823.8    5.8   52.0   68.1  444.0
