Year: 2018  Month: 05  ID: TRS  ARGOS: 21358  Name: Theresa             
Lat: 84.60S  Lon: 115.82W  Elev: 1463m
2018 121  5  1 0000  -29.0  813.0    9.4   70.0   80.4  444.0
2018 121  5  1 0300  -29.1  812.3   10.1   87.0   78.2  444.0
2018 121  5  1 0600  -27.9  811.5    9.6   96.0   76.9  444.0
2018 121  5  1 0900  -29.6  810.6    9.6   80.0   76.4  444.0
2018 121  5  1 1200  -29.6  809.6   10.3   66.0   76.0  444.0
2018 121  5  1 1500  -29.1  808.2    8.6   68.0   77.8  444.0
2018 121  5  1 1800  -30.9  807.7    9.4   21.0   76.9  444.0
2018 121  5  1 2100  -30.2  807.0    9.6   98.0   78.2  444.0
2018 122  5  2 0000  -30.6  807.1    8.0   58.0   77.8  444.0
2018 122  5  2 0300  -30.8  806.4   10.1   27.0   77.8  444.0
2018 122  5  2 0600  -30.9  805.9    9.4   93.0   78.6  444.0
2018 122  5  2 0900  -28.8  805.5   10.1   51.0   82.2  444.0
2018 122  5  2 1200  -27.5  806.0   13.3  105.0   82.2  444.0
2018 122  5  2 1500  -28.4  806.3   12.1   32.0   82.2  444.0
2018 122  5  2 1800  -29.1  806.7   15.2    4.0   81.7  444.0
2018 122  5  2 2100  -28.2  807.7   15.0   70.0   82.6  444.0
2018 123  5  3 0000  -28.6  808.7   11.1   46.0   82.2  444.0
2018 123  5  3 0300  -29.0  807.8   18.9   55.0   81.3  444.0
2018 123  5  3 0600  -29.2  808.7   17.2   32.0   80.8  444.0
2018 123  5  3 0900  -28.5  809.6   14.4   80.0   81.3  444.0
2018 123  5  3 1200  -28.8  811.0   12.5   89.0   80.0  444.0
2018 123  5  3 1500  -28.6  811.7   13.5   49.0   78.2  444.0
2018 123  5  3 1800  -29.0  812.2   11.7   21.0   76.4  444.0
2018 123  5  3 2100  -31.4  812.6   11.3   37.0   77.8  444.0
2018 124  5  4 0000  -30.4  813.3   10.9   86.0   75.6  444.0
2018 124  5  4 0300  -29.2  812.1    9.8   41.0   76.4  444.0
2018 124  5  4 0600  -29.8  811.8    7.8   31.0   74.7  444.0
2018 124  5  4 0900  -28.9  811.2   10.3   10.0   73.8  444.0
2018 124  5  4 1200  -28.5  810.9    9.6   17.0   74.7  444.0
2018 124  5  4 1500  -28.2  810.6   10.7   44.0   74.2  444.0
2018 124  5  4 1800  -29.2  810.3   10.1   15.0   74.2  444.0
2018 124  5  4 2100  -30.5  810.6    8.6   28.0   72.0  444.0
2018 125  5  5 0000  -32.1  811.2   11.3   53.0   72.9  444.0
2018 125  5  5 0300  -32.1  811.1    7.6   77.0   71.2  444.0
2018 125  5  5 0600  -33.0  810.7   10.3   17.0   74.2  444.0
2018 125  5  5 0900  -30.6  810.7    9.6   24.0   76.9  444.0
2018 125  5  5 1200  -31.8  810.4    9.8    3.0   72.9  444.0
2018 125  5  5 1500  -33.1  809.5    7.6   82.0   71.2  444.0
2018 125  5  5 1800  -34.8  808.4    5.5   89.0   69.4  444.0
2018 125  5  5 2100  -33.9  807.2    6.6   27.0   71.6  444.0
2018 126  5  6 0000  -36.4  806.0    6.0   14.0   66.8  444.0
2018 126  5  6 0300  -34.6  804.7    4.7   73.0   68.5  444.0
2018 126  5  6 0600  -31.6  804.0    2.7   79.0   69.8  444.0
2018 126  5  6 0900  -36.6  803.8    2.7  136.0   69.0  444.0
2018 126  5  6 1200  -37.0  803.8    4.3   68.0   69.4  444.0
2018 126  5  6 1500  -33.8  803.5    3.1   97.0   67.6  444.0
2018 126  5  6 1800  -35.0  803.3    4.7  107.0   71.6  444.0
2018 126  5  6 2100  -30.9  802.9    5.7   75.0   72.9  444.0
2018 127  5  7 0000  -31.8  802.7    4.1  111.0   67.6  444.0
2018 127  5  7 0300  -32.6  802.0    4.5  105.0   65.0  444.0
2018 127  5  7 0600  -35.1  802.7    5.5   97.0   68.1  444.0
2018 127  5  7 0900  -32.9  804.1    7.8   83.0   74.7  444.0
2018 127  5  7 1200  -31.6  806.1   10.7   93.0   78.2  444.0
2018 127  5  7 1500  -31.6  807.9   14.0   97.0   78.2  444.0
2018 127  5  7 1800  -31.5  809.8   13.1   96.0   78.6  444.0
2018 127  5  7 2100  -32.2  811.0   15.0  100.0   77.3  444.0
2018 128  5  8 0000  -31.5  810.8   15.0   55.0   78.6  444.0
2018 128  5  8 0300  -30.2  809.9   13.1   62.0   80.0  444.0
2018 128  5  8 0600  -31.5  809.3   14.0   44.0   78.2  444.0
2018 128  5  8 0900  -29.5  810.0   10.5   79.0   78.6  444.0
2018 128  5  8 1200  -28.2  810.3   14.0   96.0   80.8  444.0
2018 128  5  8 1500  -28.5  811.1   13.6   44.0   81.3  444.0
2018 128  5  8 1800  -28.6  811.7   12.3   83.0   79.1  444.0
2018 128  5  8 2100  -28.4  811.6   12.7   80.0   79.1  444.0
2018 129  5  9 0000  -29.8  811.0   14.4  111.0   80.0  444.0
2018 129  5  9 0300  -29.8  809.2   12.5   91.0   79.1  444.0
2018 129  5  9 0600  -31.6  808.2    9.4   93.0   78.6  444.0
2018 129  5  9 0900  -31.9  807.0   10.9   21.0   75.6  444.0
2018 129  5  9 1200  -33.0  805.6    9.6   58.0   71.2  444.0
2018 129  5  9 1500  -34.5  804.9    8.8   72.0   71.6  444.0
2018 129  5  9 1800  -35.5  804.0    9.2   11.0   72.5  444.0
2018 129  5  9 2100  -34.1  802.5   13.5   44.0   73.4  444.0
2018 130  5 10 0000  -32.9  801.6   12.3   49.0   77.3  444.0
2018 130  5 10 0300  -30.5  801.2   17.5   69.0   80.4  444.0
2018 130  5 10 0600  -28.2  801.0   16.4   82.0   82.6  444.0
2018 130  5 10 0900  -26.5  801.5   18.1   91.0   84.4  444.0
2018 130  5 10 1200  -26.0  801.8   15.2   73.0   84.8  444.0
2018 130  5 10 1500  -24.5  802.7   15.4   97.0   86.6  444.0
2018 130  5 10 1800  -24.0  804.8   19.7   87.0   87.4  444.0
2018 130  5 10 2100  -24.0  808.0   15.0   83.0   87.0  444.0
2018 131  5 11 0000  -23.2  809.4   13.6   77.0   87.9  444.0
2018 131  5 11 0300  -23.8  809.8   14.4   93.0   87.0  444.0
2018 131  5 11 0600  -21.4  810.2   19.5   86.0   90.1  444.0
2018 131  5 11 0900  -20.8  810.9   23.0   72.0   91.4  444.0
2018 131  5 11 1200  -19.0  812.5   21.6   89.0   92.3  444.0
2018 131  5 11 1500  -18.6  814.3   16.8   87.0   92.7  444.0
2018 131  5 11 1800  -19.0  815.8   15.6   82.0   91.0  444.0
2018 131  5 11 2100  -19.0  815.7   12.7   79.0   91.8  444.0
2018 132  5 12 0000  -16.1  815.2   20.7  105.0   95.4  444.0
2018 132  5 12 0300  -15.6  815.2   16.4   96.0   96.2  444.0
2018 132  5 12 0600  -16.5  816.0   15.8   80.0   95.8  444.0
2018 132  5 12 0900  -17.1  816.6   17.4   86.0   94.5  444.0
2018 132  5 12 1200  -19.0  818.2   16.8   87.0   92.3  444.0
2018 132  5 12 1500  -19.8  819.5   12.9   98.0   91.4  444.0
2018 132  5 12 1800  -19.8  819.8   15.4   87.0   90.1  444.0
2018 132  5 12 2100  -19.5  819.9   15.4   86.0   88.3  444.0
2018 133  5 13 0000  -19.8  820.5   12.7   79.0   90.1  444.0
2018 133  5 13 0300  -21.5  819.8   15.0   83.0   86.1  444.0
2018 133  5 13 0600  -22.2  819.7   12.9   91.0   86.1  444.0
2018 133  5 13 0900  -20.8  818.5   14.6   52.0   87.9  444.0
2018 133  5 13 1200  -19.2  816.7   16.2   87.0   92.3  444.0
2018 133  5 13 1500  -18.4  815.9   16.6   86.0   92.3  444.0
2018 133  5 13 1800  -17.9  815.4   18.3   98.0   91.8  444.0
2018 133  5 13 2100  -18.0  814.5   15.4  114.0   89.6  444.0
2018 134  5 14 0000  -18.4  814.1   15.2  105.0   90.1  444.0
2018 134  5 14 0300  -19.8  811.9   17.2   89.0   90.1  444.0
2018 134  5 14 0600  -19.5  811.8   16.4  104.0   90.5  444.0
2018 134  5 14 0900  -19.8  811.3   19.3  117.0   91.0  444.0
2018 134  5 14 1200  -21.2  811.1   15.2  105.0   90.1  444.0
2018 134  5 14 1500  -20.8  811.2   16.0  117.0   90.5  444.0
2018 134  5 14 1800  -20.1  811.3   13.8  107.0   91.0  444.0
2018 134  5 14 2100  -20.2  813.3   13.8   77.0   87.0  444.0
2018 135  5 15 0000  -21.2  813.9   15.0   75.0   83.9  444.0
2018 135  5 15 0300  -23.1  815.2   17.4   83.0   80.8  444.0
2018 135  5 15 0600  -26.2  817.4   13.5   79.0   80.8  444.0
2018 135  5 15 0900  -27.2  821.6   12.5   73.0   83.0  444.0
2018 135  5 15 1200  -27.5  825.3   10.7   89.0   82.2  444.0
2018 135  5 15 1500  -29.1  826.9   11.3   93.0   79.1  444.0
2018 135  5 15 1800  -27.9  827.0   12.1   97.0   80.8  444.0
2018 135  5 15 2100  -26.1  826.7   13.8  101.0   81.7  444.0
2018 136  5 16 0000  -25.0  825.9   16.2   98.0   83.5  444.0
2018 136  5 16 0300  -23.6  823.5   13.3  100.0   84.8  444.0
2018 136  5 16 0600  -20.8  820.1   15.2   91.0   90.5  444.0
2018 136  5 16 0900  -19.2  817.0   18.1   84.0   91.8  444.0
2018 136  5 16 1200  -20.9  815.5   16.8   76.0   90.1  444.0
2018 136  5 16 1500  -22.1  814.7   17.7   86.0   89.2  444.0
2018 136  5 16 1800  -22.2  815.9   17.2   86.0   87.4  444.0
2018 136  5 16 2100  -23.1  817.3   14.6   72.0   84.4  444.0
2018 137  5 17 0000  -24.2  820.2   11.3   89.0   81.3  444.0
2018 137  5 17 0300  -25.5  821.6   10.1   76.0   80.4  444.0
2018 137  5 17 0600  -27.4  824.1    7.6   77.0   79.5  444.0
2018 137  5 17 0900  -28.6  825.9    5.5   89.0   77.8  444.0
2018 137  5 17 1200  -28.6  827.0    5.8   94.0   78.6  444.0
2018 137  5 17 1500  -28.2  827.0    4.7   96.0   77.8  444.0
2018 137  5 17 1800  -27.4  826.9    2.3  104.0   83.9  444.0
2018 137  5 17 2100  -26.9  826.4    0.0   58.0   84.8  444.0
2018 138  5 18 0000  -27.0  825.3    1.9  322.0   84.4  444.0
2018 138  5 18 0300  -28.1  823.6    2.5  318.0   83.5  444.0
2018 138  5 18 0600  -29.1  822.3    1.4  328.0   81.7  444.0
2018 138  5 18 0900  -29.4  821.3    1.4  343.0   81.3  444.0
2018 138  5 18 1200  -30.6  820.8    1.4   30.0   80.4  444.0
2018 138  5 18 1500  -31.9  819.8    2.3   35.0   79.1  444.0
2018 138  5 18 1800  -32.8  819.9    5.1   91.0   77.8  444.0
2018 138  5 18 2100  -33.1  819.5    6.6  101.0   77.3  444.0
2018 139  5 19 0000  -35.1  819.1    8.0   96.0   75.1  444.0
2018 139  5 19 0300  -33.8  819.0    6.4   94.0   76.4  444.0
2018 139  5 19 0600  -34.5  818.8    7.8   98.0   75.6  444.0
2018 139  5 19 0900  -33.9  817.7    8.8  104.0   76.4  444.0
2018 139  5 19 1200  -33.1  816.9   10.9  108.0   77.8  444.0
2018 139  5 19 1500  -32.6  815.5   15.8  105.0   77.8  444.0
2018 139  5 19 1800  -30.8  814.8   17.2  105.0   79.5  444.0
2018 139  5 19 2100  -30.0  813.7   19.3  105.0   80.4  444.0
2018 140  5 20 0000  -29.8  813.2   22.8  103.0   81.3  444.0
2018 140  5 20 0300  -29.8  812.1   20.3   94.0   81.3  444.0
2018 140  5 20 0600  -29.8  813.8   22.2   91.0   81.3  444.0
2018 140  5 20 0900  -29.8  814.8   24.8  100.0   80.8  444.0
2018 140  5 20 1200  -28.8  815.9   22.2   91.0   82.2  444.0
2018 140  5 20 1500  -28.5  815.6   20.9   89.0   82.6  444.0
2018 140  5 20 1800  -28.5  817.2   17.9   89.0   82.2  444.0
2018 140  5 20 2100  -28.4  816.6   18.5   89.0   82.6  444.0
2018 141  5 21 0000  -29.9  817.8   20.5   84.0   80.8  444.0
2018 141  5 21 0300  -31.2  818.1   17.9   87.0   79.5  444.0
2018 141  5 21 0600  -32.4  820.0   16.2   93.0   77.8  444.0
2018 141  5 21 0900  -32.6  821.8   12.5   84.0   78.2  444.0
2018 141  5 21 1200  -33.2  823.2   11.5   82.0   77.3  444.0
2018 141  5 21 1500  -35.2  824.4    6.8   79.0   74.2  444.0
2018 141  5 21 1800  -34.4  824.6    7.8   94.0   74.2  444.0
2018 141  5 21 2100  -35.1  825.5    5.5   79.0   72.5  444.0
2018 142  5 22 0000  -35.4  826.1    5.8   83.0   69.0  444.0
2018 142  5 22 0300  -34.6  826.5    4.1  111.0   74.2  444.0
2018 142  5 22 0600  -34.1  826.7  444.0  444.0   76.4  444.0
2018 142  5 22 0900  -34.0  826.7  444.0  444.0   76.0  444.0
2018 142  5 22 1200  -35.5  826.3    6.0  101.0   73.8  444.0
2018 142  5 22 1500  -33.0  826.1    6.2   86.0   72.9  444.0
2018 142  5 22 1800  -30.4  825.6    5.7   90.0   76.9  444.0
2018 142  5 22 2100  -28.0  824.4    9.6  111.0   78.2  444.0
2018 143  5 23 0000  -27.5  823.5   10.1  104.0   78.6  444.0
2018 143  5 23 0300  -28.0  821.9   14.0  108.0   82.2  444.0
2018 143  5 23 0600  -28.4  820.5    9.2   91.0   79.1  444.0
2018 143  5 23 0900  -27.0  818.3    9.6   98.0   81.3  444.0
2018 143  5 23 1200  -25.2  816.2   11.1  105.0   80.8  444.0
2018 143  5 23 1500  -24.2  815.2   11.9  100.0   76.9  444.0
2018 143  5 23 1800  -24.5  814.5    9.9   94.0   75.1  444.0
2018 143  5 23 2100  -24.5  813.7   12.5   96.0   71.2  444.0
2018 144  5 24 0000  -25.6  814.2    9.9   94.0   69.4  444.0
2018 144  5 24 0300  -23.9  814.4   10.5  101.0   66.8  444.0
2018 144  5 24 0600  -26.4  816.4    9.6   80.0   68.5  444.0
2018 144  5 24 0900  -26.9  817.8   10.9   91.0   83.5  444.0
2018 144  5 24 1200  -26.4  818.5    8.8   87.0   84.8  444.0
2018 144  5 24 1500  -26.2  817.6    9.4   91.0   83.9  444.0
2018 144  5 24 1800  -25.5  816.2   10.3   86.0   84.8  444.0
2018 144  5 24 2100  -27.2  812.6    9.2   98.0   80.8  444.0
2018 145  5 25 0000  -26.9  809.8   12.7  107.0   83.0  444.0
2018 145  5 25 0300  -26.6  806.1   17.4  101.0   83.9  444.0
2018 145  5 25 0600  -25.1  804.1   17.5  105.0   85.2  444.0
2018 145  5 25 0900  -25.6  803.1   19.3   97.0   85.2  444.0
2018 145  5 25 1200  -26.4  804.1   15.2   98.0   84.4  444.0
2018 145  5 25 1500  -26.9  804.6   12.3   84.0   80.4  444.0
2018 145  5 25 1800  -26.6  804.8   14.2  104.0   80.4  444.0
2018 145  5 25 2100  -26.4  804.6   15.4   91.0   78.2  444.0
2018 146  5 26 0000  -26.9  805.0   17.0  101.0   79.1  444.0
2018 146  5 26 0300  -27.5  806.1   17.0   90.0   83.5  444.0
2018 146  5 26 0600  -29.5  807.7   13.3   94.0   81.3  444.0
2018 146  5 26 0900  -30.0  811.5   11.9   91.0   80.0  444.0
2018 146  5 26 1200  -31.0  813.6    9.6   90.0   77.8  444.0
2018 146  5 26 1500  -32.9  815.4   10.7   96.0   75.1  444.0
2018 146  5 26 1800  -33.6  816.7   10.5   98.0   73.4  444.0
2018 146  5 26 2100  -34.8  817.9   10.3   93.0   72.9  444.0
2018 147  5 27 0000  -34.5  818.9   12.3   96.0   72.9  444.0
2018 147  5 27 0300  -35.1  819.5   10.1   44.0   69.4  444.0
2018 147  5 27 0600  -35.2  819.5    9.6   97.0   70.7  444.0
2018 147  5 27 0900  -35.9  819.5    6.8   73.0   68.5  444.0
2018 147  5 27 1200  -36.1  819.5    7.4    4.0   68.1  444.0
2018 147  5 27 1500  -36.4  819.3    7.2   87.0   66.3  444.0
2018 147  5 27 1800  -35.5  819.2    6.4   87.0   66.3  444.0
2018 147  5 27 2100  -36.1  819.4    7.0   87.0   68.5  444.0
2018 148  5 28 0000  -37.1  819.6    6.6   59.0   69.0  444.0
2018 148  5 28 0300  -38.1  819.6    6.8   80.0   68.5  444.0
2018 148  5 28 0600  -37.9  819.2    5.5   77.0   68.5  444.0
2018 148  5 28 0900  -35.0  818.6    6.4   86.0   72.5  444.0
2018 148  5 28 1200  -32.0  818.0    9.0   93.0   76.0  444.0
2018 148  5 28 1500  -29.4  816.7    9.4   86.0   76.4  444.0
2018 148  5 28 1800  -29.0  814.9    8.8  107.0   75.1  444.0
2018 148  5 28 2100  -29.9  813.3    9.6   96.0   76.0  444.0
2018 149  5 29 0000  -27.0  811.5    8.8  101.0   69.8  444.0
2018 149  5 29 0300  -27.9  809.2    6.2   97.0   70.7  444.0
2018 149  5 29 0600  -25.9  808.1    8.8  108.0   68.1  444.0
2018 149  5 29 0900  -25.0  808.5   14.4  105.0   81.7  444.0
2018 149  5 29 1200  -26.1  810.2   15.6  105.0   84.4  444.0
2018 149  5 29 1500  -26.9  811.7   16.4  105.0   83.5  444.0
2018 149  5 29 1800  -26.8  813.2   16.6  103.0   83.9  444.0
2018 149  5 29 2100  -27.0  814.7   19.3   98.0   83.9  444.0
2018 150  5 30 0000  -27.0  816.2   16.0  103.0   83.9  444.0
2018 150  5 30 0300  -27.6  817.8   18.5   96.0   82.6  444.0
2018 150  5 30 0600  -28.0  818.6   16.2  108.0   80.8  444.0
2018 150  5 30 0900  -28.4  819.6   15.2  101.0   77.3  444.0
2018 150  5 30 1200  -29.4  819.7   13.8  100.0   79.5  444.0
2018 150  5 30 1500  -28.9  820.0   15.4  103.0   78.2  444.0
2018 150  5 30 1800  -30.0  820.8   15.0  104.0   77.3  444.0
2018 150  5 30 2100  -30.0  821.8   14.4  105.0   74.7  444.0
2018 151  5 31 0000  -28.5  822.5   14.6   98.0   72.5  444.0
2018 151  5 31 0300  -27.2  823.0   13.5   98.0   72.5  444.0
2018 151  5 31 0600  -26.4  823.0   16.2  104.0   72.0  444.0
2018 151  5 31 0900  -24.6  822.9   17.4  112.0   76.0  444.0
2018 151  5 31 1200  -23.2  822.9   12.9  111.0   79.1  444.0
2018 151  5 31 1500  -19.6  822.7   12.3  112.0   81.7  444.0
2018 151  5 31 1800  -18.1  822.1   17.0  105.0   81.3  444.0
2018 151  5 31 2100  -20.2  822.8   16.4  111.0   81.3  444.0
