Year: 2018  Month: 04  ID: VTO  ARGOS:  8931  Name: Vito                
Lat: 78.47S  Lon: 177.79E  Elev:   50m
2018  91  4  1 0000  -29.1  993.6    3.5  205.0   62.0  444.0
2018  91  4  1 0300  -30.2  993.7    3.5  222.0   69.1  444.0
2018  91  4  1 0600  -32.6  993.7    3.9  207.0   75.0  444.0
2018  91  4  1 0900  -33.8  993.7    2.9  218.0   72.9  444.0
2018  91  4  1 1200  -34.1  994.2    2.5  201.0   71.7  444.0
2018  91  4  1 1500  -35.0  994.5    1.4  215.0   71.2  444.0
2018  91  4  1 1800  -33.9  995.0    2.9  236.0   76.7  444.0
2018  91  4  1 2100  -33.6  995.6    2.3  207.0   73.3  444.0
2018  92  4  2 0000  -33.1  996.2    1.9  207.0   70.8  444.0
2018  92  4  2 0300  -33.2  996.6    2.9  211.0   70.4  444.0
2018  92  4  2 0600  -35.1  997.1    2.1  211.0   71.7  444.0
2018  92  4  2 0900  -36.0  998.3    3.3  202.0   70.4  444.0
2018  92  4  2 1200  -34.8  998.5    2.9  225.0   72.9  444.0
2018  92  4  2 1500  -35.5  998.5    2.5  205.0   71.7  444.0
2018  92  4  2 1800  -34.8  998.3    2.9  224.0   72.9  444.0
2018  92  4  2 2100  -32.4  998.8    2.7  197.0   74.6  444.0
2018  93  4  3 0000  -31.0  998.5    2.9  195.0   70.8  444.0
2018  93  4  3 0300  -29.6  997.7    3.3  201.0   76.7  444.0
2018  93  4  3 0600  -32.1  996.7    2.1  211.0   76.3  444.0
2018  93  4  3 0900  -30.0  996.4    1.9  188.0   77.5  444.0
2018  93  4  3 1200  -26.5  995.1    3.1  184.0   80.5  444.0
2018  93  4  3 1500  -24.1  993.9    2.9  184.0   80.5  444.0
2018  93  4  3 1800  -22.9  993.3    4.1  186.0   76.7  444.0
2018  93  4  3 2100  -22.6  992.8    3.5  160.0   72.1  444.0
2018  94  4  4 0000  -24.5  992.2    3.3  187.0   76.3  444.0
2018  94  4  4 0300  -23.6  991.3    5.1  202.0   69.6  444.0
2018  94  4  4 0600  -24.2  990.5    6.4  224.0   77.1  444.0
2018  94  4  4 0900  -25.2  990.0    6.2  250.0   68.7  444.0
2018  94  4  4 1200  -30.4  989.0    4.3  245.0   74.6  444.0
2018  94  4  4 1500  -33.5  988.7    2.9  239.0   74.2  444.0
2018  94  4  4 1800  -34.8  988.7    2.7  239.0   73.3  444.0
2018  94  4  4 2100  -34.4  988.4    3.1  250.0   72.5  444.0
2018  95  4  5 0000  -32.1  988.0    6.4  224.0   71.7  444.0
2018  95  4  5 0300  -36.1  987.9    3.9  212.0   66.6  444.0
2018  95  4  5 0600  -37.6  987.8    3.9  205.0   70.8  444.0
2018  95  4  5 0900  -37.9  988.1    5.3  181.0   67.9  444.0
2018  95  4  5 1200  -36.8  987.3    5.8  188.0   68.7  444.0
2018  95  4  5 1500  -37.0  987.1    7.8  195.0   68.7  444.0
2018  95  4  5 1800  -34.8  986.8    8.0  202.0   71.2  444.0
2018  95  4  5 2100  -33.2  986.3    5.5  211.0   72.5  444.0
2018  96  4  6 0000  -30.0  984.8    6.2  211.0   75.4  444.0
2018  96  4  6 0300  -27.6  984.0    6.0  218.0   78.0  444.0
2018  96  4  6 0600  -27.2  983.6    5.3  205.0   79.2  444.0
2018  96  4  6 0900  -28.1  983.0    4.9  201.0   78.4  444.0
2018  96  4  6 1200  -28.5  982.1    5.5  215.0   78.0  444.0
2018  96  4  6 1500  -27.9  982.0    6.4  219.0   78.4  444.0
2018  96  4  6 1800  -26.9  982.0    4.5  195.0   79.6  444.0
2018  96  4  6 2100  -26.1  981.6    7.0  205.0   80.1  444.0
2018  97  4  7 0000  -24.2  981.7    4.5  204.0   80.5  444.0
2018  97  4  7 0300  -24.4  981.8    5.1  217.0   81.3  444.0
2018  97  4  7 0600  -22.6  982.2    4.1  210.0   84.3  444.0
2018  97  4  7 0900  -23.9  983.1    3.1  210.0   83.4  444.0
2018  97  4  7 1200  -24.5  983.7    3.1  211.0   83.4  444.0
2018  97  4  7 1500  -25.9  984.3    3.3  197.0   82.2  444.0
2018  97  4  7 1800  -25.6  984.9    4.5  240.0   82.2  444.0
2018  97  4  7 2100  -25.5  985.5    3.7  208.0   82.2  444.0
2018  98  4  8 0000  -26.0  986.0    4.5  224.0   79.2  444.0
2018  98  4  8 0300  -26.4  986.3    5.7  219.0   80.9  444.0
2018  98  4  8 0600  -26.6  987.2    5.1  218.0   80.9  444.0
2018  98  4  8 0900  -26.6  988.0    5.3  232.0   81.3  444.0
2018  98  4  8 1200  -24.4  989.0    4.7  228.0   83.0  444.0
2018  98  4  8 1500  -29.8  988.9    4.1  273.0   77.5  444.0
2018  98  4  8 1800  -28.2  989.0    4.7  270.0   78.8  444.0
2018  98  4  8 2100  -31.6  989.3    4.1  242.0   75.4  444.0
2018  99  4  9 0000  -34.1  990.3    3.9  271.0   72.1  444.0
2018  99  4  9 0300  -31.6  990.7    3.7  280.0   75.4  444.0
2018  99  4  9 0600  -32.4  990.7    2.9  288.0   74.2  444.0
2018  99  4  9 0900  -36.2  991.2    3.5  260.0   70.4  444.0
2018  99  4  9 1200  -35.6  992.1    3.5  283.0   70.8  444.0
2018  99  4  9 1500  -33.1  993.3    3.7  252.0   73.3  444.0
2018  99  4  9 1800  -35.8  994.0    2.7  278.0   70.8  444.0
2018  99  4  9 2100  -36.1  993.8    2.1  287.0   69.6  444.0
2018 100  4 10 0000  -33.1  993.5    2.7  294.0   73.3  444.0
2018 100  4 10 0300  -26.5  993.2    3.7  257.0   80.9  444.0
2018 100  4 10 0600  -23.9  991.9    4.9  274.0   83.4  444.0
2018 100  4 10 0900  -28.2  990.3    4.1  266.0   78.8  444.0
2018 100  4 10 1200  -28.2  988.8    5.1  256.0   79.2  444.0
2018 100  4 10 1500  -31.0  987.1    4.7  255.0   75.9  444.0
2018 100  4 10 1800  -29.6  986.0    3.7  291.0   77.5  444.0
2018 100  4 10 2100  -25.0  983.3    8.8  263.0   82.6  444.0
2018 101  4 11 0000  -30.9  984.7    9.4  217.0   75.9  444.0
2018 101  4 11 0300  -31.8  985.3    5.7  204.0   75.0  444.0
2018 101  4 11 0600  -31.0  985.8    0.2  159.0   76.3  444.0
2018 101  4 11 0900  -31.4  987.5    1.6  169.0   75.4  444.0
2018 101  4 11 1200  -35.1  988.9    1.6  221.0   71.7  444.0
2018 101  4 11 1500  -34.8  989.2    0.4  127.0   71.7  444.0
2018 101  4 11 1800  -30.6  989.4    2.5  321.0   76.3  444.0
2018 101  4 11 2100  -29.6  989.1    1.9  264.0   78.0  444.0
2018 102  4 12 0000  -26.0  989.0    2.7  262.0   81.3  444.0
2018 102  4 12 0300  -28.5  988.8    1.4  249.0   78.4  444.0
2018 102  4 12 0600  -27.6  987.8    2.3  174.0   79.6  444.0
2018 102  4 12 0900  -26.9  986.9    1.6  156.0   80.5  444.0
2018 102  4 12 1200  -26.6  985.3    3.9  167.0   80.5  444.0
2018 102  4 12 1500  -29.1  983.7    4.9  217.0   77.1  444.0
2018 102  4 12 1800  -35.2  982.1    2.9  187.0   71.7  444.0
2018 102  4 12 2100  -34.6  980.7    4.3  222.0   71.7  444.0
2018 103  4 13 0000  -36.6  980.0    3.9  239.0   68.3  444.0
2018 103  4 13 0300  -32.6  977.9    8.2  228.0   74.2  444.0
2018 103  4 13 0600  -32.9  977.2    5.5  210.0   73.8  444.0
2018 103  4 13 0900  -32.8  976.5    6.0  198.0   73.8  444.0
2018 103  4 13 1200  -33.2  976.2    5.7  198.0   73.3  444.0
2018 103  4 13 1500  -33.4  975.8    4.5  208.0   72.9  444.0
2018 103  4 13 1800  -37.0  975.5    4.1  218.0   69.1  444.0
2018 103  4 13 2100  -40.6  975.2    4.9  224.0   64.9  444.0
2018 104  4 14 0000  -40.8  976.1    5.1  210.0   64.1  444.0
2018 104  4 14 0300  -41.4  976.6    4.9  239.0   64.1  444.0
2018 104  4 14 0600  -38.6  977.3    3.3  238.0   67.0  444.0
2018 104  4 14 0900  -34.4  975.8    9.4  256.0   72.1  444.0
2018 104  4 14 1200  -37.9  975.9    7.8  235.0   67.9  444.0
2018 104  4 14 1500  -38.2  977.0    5.3  260.0   67.5  444.0
2018 104  4 14 1800  -31.5  975.7    9.0  255.0   75.0  444.0
2018 104  4 14 2100  -26.6  974.8   10.1  238.0   80.1  444.0
2018 105  4 15 0000  -28.1  975.2    9.0  236.0   78.8  444.0
2018 105  4 15 0300  -27.2  976.5    8.4  245.0   79.6  444.0
2018 105  4 15 0600  -30.5  976.9    7.4  271.0   76.3  444.0
2018 105  4 15 0900  -29.0  977.4    8.2  253.0   78.4  444.0
2018 105  4 15 1200  -27.5  977.3   10.5  260.0   79.6  444.0
2018 105  4 15 1500  -26.9  978.0    7.8  274.0   79.6  444.0
2018 105  4 15 1800  -25.5  978.5    7.8  264.0   81.7  444.0
2018 105  4 15 2100  -23.4  978.5    9.9  255.0   84.3  444.0
2018 106  4 16 0000  -22.0  979.8   10.5  231.0   85.5  444.0
2018 106  4 16 0300  -21.2  981.7   13.5  229.0   86.4  444.0
2018 106  4 16 0600  -21.9  984.7    9.9  215.0   85.9  444.0
2018 106  4 16 0900  -21.6  987.7    9.8  218.0   86.8  444.0
2018 106  4 16 1200  -21.9  989.3   10.9  226.0   85.9  444.0
2018 106  4 16 1500  -21.4  992.0   11.5  218.0   85.9  444.0
2018 106  4 16 1800  -22.8  992.6    8.0  252.0   84.7  444.0
2018 106  4 16 2100  -25.5  993.7    6.4  238.0   82.2  444.0
2018 107  4 17 0000  -26.6  995.7    5.7  260.0   80.9  444.0
2018 107  4 17 0300  -29.8  996.1    4.5  274.0   77.1  444.0
2018 107  4 17 0600  -31.6  995.8    3.1  278.0   75.4  444.0
2018 107  4 17 0900  -31.4  994.2    4.3  321.0   76.3  444.0
2018 107  4 17 1200  -29.9  993.4    4.5  276.0   77.1  444.0
2018 107  4 17 1500  -31.1  992.3    3.5  281.0   75.9  444.0
2018 107  4 17 1800  -27.6  990.5    5.8  277.0   80.1  444.0
2018 107  4 17 2100  -28.5  990.0    7.8  273.0   78.0  444.0
2018 108  4 18 0000  -26.0  990.0    9.0  256.0   81.7  444.0
2018 108  4 18 0300  -27.2  990.3    2.7  248.0   79.6  444.0
2018 108  4 18 0600  -29.9  989.7    2.1  260.0   77.1  444.0
2018 108  4 18 0900  -30.0  988.6    3.1   52.0   77.5  444.0
2018 108  4 18 1200  -25.1  989.2    4.1   44.0   81.7  444.0
2018 108  4 18 1500  -22.9  989.5    2.5  100.0   83.8  444.0
2018 108  4 18 1800  -22.5  989.3    1.9  239.0   85.1  444.0
2018 108  4 18 2100  -33.2  991.5    4.9  218.0   73.3  444.0
2018 109  4 19 0000  -37.4  993.4    5.5  204.0   69.1  444.0
2018 109  4 19 0300  -40.0  994.7    7.0  198.0   66.2  444.0
2018 109  4 19 0600  -38.8  995.5    7.6  212.0   67.0  444.0
2018 109  4 19 0900  -36.8  996.2    7.0  212.0   70.0  444.0
2018 109  4 19 1200  -32.2  995.3    7.8  197.0   74.6  444.0
2018 109  4 19 1500  -33.5  994.9    7.6  194.0   72.9  444.0
2018 109  4 19 1800  -35.8  993.8    5.5  191.0   70.0  444.0
2018 109  4 19 2100  -38.6  993.2    7.4  191.0   67.0  444.0
2018 110  4 20 0000  -36.9  992.2    6.8  187.0   69.6  444.0
2018 110  4 20 0300  -35.8  991.5    7.2  183.0   70.4  444.0
2018 110  4 20 0600  -35.8  990.8    7.8  186.0   70.0  444.0
2018 110  4 20 0900  -37.5  989.9    6.4  208.0   68.3  444.0
2018 110  4 20 1200  -41.1  989.6    4.7  191.0   64.1  444.0
2018 110  4 20 1500  -42.9  988.6    4.3  205.0   62.0  444.0
2018 110  4 20 1800  -43.9  988.0    3.7  200.0   60.7  444.0
2018 110  4 20 2100  -43.9  987.8    3.3  201.0   60.7  444.0
2018 111  4 21 0000  -44.6  988.1    3.1  224.0   61.2  444.0
2018 111  4 21 0300  -44.6  987.8    4.5  205.0   59.9  444.0
2018 111  4 21 0600  -44.1  988.2    4.3  210.0   60.3  444.0
2018 111  4 21 0900  -43.0  988.5    2.7  231.0   61.2  444.0
2018 111  4 21 1200  -43.9  988.3    2.7  250.0   60.7  444.0
2018 111  4 21 1500  -43.2  988.1    1.9  212.0   61.2  444.0
2018 111  4 21 1800  -43.0  987.5    2.5  208.0   61.6  444.0
2018 111  4 21 2100  -40.8  987.5    2.7  174.0   64.1  444.0
2018 112  4 22 0000  -38.8  987.7    3.1  146.0   66.6  444.0
2018 112  4 22 0300  -40.9  988.1    3.1  150.0   64.1  444.0
2018 112  4 22 0600  -39.5  988.1    3.9  146.0   65.4  444.0
2018 112  4 22 0900  -37.4  988.8    6.0  150.0   67.9  444.0
2018 112  4 22 1200  -34.8  989.3    6.6  156.0   71.2  444.0
2018 112  4 22 1500  -30.8  989.4    8.8  165.0   76.3  444.0
2018 112  4 22 1800  -29.6  988.6   10.7  179.0   77.5  444.0
2018 112  4 22 2100  -29.0  987.9   10.3  198.0   78.0  444.0
2018 113  4 23 0000  -29.0  987.0   10.1  204.0   78.0  444.0
2018 113  4 23 0300  -29.2  985.3   10.1  205.0   78.0  444.0
2018 113  4 23 0600  -33.8  983.8   12.3  201.0   72.9  444.0
2018 113  4 23 0900  -32.8  982.6   14.0  202.0   74.2  444.0
2018 113  4 23 1200  -28.6  980.6   15.2  204.0   78.4  444.0
2018 113  4 23 1500  -29.1  977.8   13.5  205.0   78.0  444.0
2018 113  4 23 1800  -27.5  975.4   11.3  207.0   79.6  444.0
2018 113  4 23 2100  -26.1  973.6   16.0  205.0   81.3  444.0
2018 114  4 24 0000  -26.2  972.3   15.6  217.0   80.9  444.0
2018 114  4 24 0300  -27.5  970.4   11.9  217.0   80.1  444.0
2018 114  4 24 0600  -27.5  967.9   13.5  215.0   80.1  444.0
2018 114  4 24 0900  -26.5  964.6   10.9  215.0   80.9  444.0
2018 114  4 24 1200  -25.8  962.4   11.1  218.0   81.7  444.0
2018 114  4 24 1500  -24.2  959.6   13.1  217.0   83.4  444.0
2018 114  4 24 1800  -22.6  956.7   11.1  222.0   85.1  444.0
2018 114  4 24 2100  -20.8  954.4    8.6  228.0   87.2  444.0
2018 115  4 25 0000  -18.5  951.8    5.5  252.0   89.3  444.0
2018 115  4 25 0300  -15.1  949.5    6.8  250.0   92.7   -0.1
2018 115  4 25 0600  -14.1  947.6    8.0  252.0   93.1  444.0
2018 115  4 25 0900  -13.2  946.3    5.8  255.0   94.3   -0.1
2018 115  4 25 1200  -19.1  947.4  444.0  444.0   88.9  444.0
2018 115  4 25 1500  -17.4  949.7  444.0  444.0   90.6  444.0
2018 115  4 25 1800  -21.9  952.6  444.0  444.0   84.7  444.0
2018 115  4 25 2100  -19.5  955.5  444.0  444.0   88.9  444.0
2018 116  4 26 0000  -14.9  958.2    9.4   21.0   93.1  444.0
2018 116  4 26 0300  -15.0  962.2    9.2   44.0   92.2  444.0
2018 116  4 26 0600  -15.1  967.8    7.4   66.0   92.2  444.0
2018 116  4 26 0900  -16.1  973.2    4.9  117.0   91.4  444.0
2018 116  4 26 1200  -19.5  976.8    3.7  132.0   88.9  444.0
2018 116  4 26 1500  -23.1  978.2    2.9  170.0   85.1  444.0
2018 116  4 26 1800  -24.2  979.2    4.3  193.0   83.8  444.0
2018 116  4 26 2100  -26.6  979.6    2.7  215.0   80.9  444.0
2018 117  4 27 0000  -24.0  979.5    2.9  232.0   83.4  444.0
2018 117  4 27 0300  -28.1  978.9    3.9  278.0   80.5  444.0
2018 117  4 27 0600  -26.2  977.8    4.9  246.0   81.3  444.0
2018 117  4 27 0900  -27.0  977.0    5.8  208.0   80.5  444.0
2018 117  4 27 1200  -28.8  976.4    5.1  212.0   78.8  444.0
2018 117  4 27 1500  -26.6  974.2    4.7  266.0   80.9  444.0
2018 117  4 27 1800  -27.6  972.0    5.3  245.0   80.1  444.0
2018 117  4 27 2100  -24.4  970.1    9.2  225.0   83.8  444.0
2018 118  4 28 0000  -25.0  968.1   10.9  233.0   83.4  444.0
2018 118  4 28 0300  -22.6  965.5   13.3  238.0   85.1  444.0
2018 118  4 28 0600  -22.6  963.3   11.7  238.0   85.1  444.0
2018 118  4 28 0900  -25.6  962.4   11.9  218.0   81.3  444.0
2018 118  4 28 1200  -30.9  963.4    8.6  204.0   76.3  444.0
2018 118  4 28 1500  -32.1  964.5    8.2  210.0   75.0  444.0
2018 118  4 28 1800  -32.2  964.6    5.7  205.0   75.4  444.0
2018 118  4 28 2100  -29.0  964.1    3.5  212.0   78.4  444.0
2018 119  4 29 0000  -28.5  963.7    3.1  211.0   78.8  444.0
2018 119  4 29 0300  -27.0  962.2    2.3  252.0   80.5  444.0
2018 119  4 29 0600  -26.0  962.0    0.4  252.0   81.7  444.0
2018 119  4 29 0900  -28.2  963.5    3.5  197.0   79.6  444.0
2018 119  4 29 1200  -26.9  964.2    3.1  221.0   80.5  444.0
2018 119  4 29 1500  -32.6  964.9    2.7  233.0   74.6  444.0
2018 119  4 29 1800  -34.1  966.3    3.1  187.0   72.5  444.0
2018 119  4 29 2100  -36.4  969.0    2.5  224.0   70.4  444.0
2018 120  4 30 0000  -34.6  972.3    3.7  201.0   72.9  444.0
2018 120  4 30 0300  -34.6  974.6    2.9  208.0   71.7  444.0
2018 120  4 30 0600  -37.0  975.9    1.2  219.0   68.7  444.0
2018 120  4 30 0900  -37.0  977.7    2.9  210.0   69.1  444.0
2018 120  4 30 1200  -37.5  978.7    2.1  232.0   68.3  444.0
2018 120  4 30 1500  -38.4  978.9    2.5  240.0   67.9  444.0
2018 120  4 30 1800  -38.4  978.6    1.9  255.0   67.9  444.0
2018 120  4 30 2100  -28.6  977.8    2.9  235.0   78.8  444.0
