Year: 2018  Month: 01  ID: VTO  ARGOS:  8931  Name: Vito                
Lat: 78.47S  Lon: 177.79E  Elev:   50m
2018   1  1  1 0000   -6.8  981.6    3.9  156.0   47.7   -0.1
2018   1  1  1 0300   -5.6  981.3    2.5  221.0   33.9   -0.2
2018   1  1  1 0600   -8.0  980.2    2.5  264.0   59.5   -0.2
2018   1  1  1 0900   -8.9  979.0    5.1  256.0   79.6   -0.2
2018   1  1  1 1200  -10.5  979.0    3.3  219.0   80.1   -0.1
2018   1  1  1 1500  -12.4  979.0    3.3  204.0   70.8   -0.1
2018   1  1  1 1800  -10.0  979.4    5.3  184.0   75.0   -0.1
2018   1  1  1 2100   -9.8  980.2    5.7  187.0   58.2   -0.1
2018   2  1  2 0000   -7.9  980.5    3.5  188.0   63.3   -0.2
2018   2  1  2 0300   -7.1  980.9    3.7  159.0   61.2   -0.2
2018   2  1  2 0600   -7.9  981.5    4.1  186.0   75.9   -0.2
2018   2  1  2 0900   -7.6  982.1    1.9  176.0   82.2   -0.1
2018   2  1  2 1200   -7.6  982.6    1.6  307.0   90.6   -0.1
2018   2  1  2 1500  444.0  983.2    0.8    7.0   81.3   -0.2
2018   2  1  2 1800   -8.5  984.1    1.2  300.0   78.4   -0.1
2018   2  1  2 2100   -7.1  985.9    1.8  243.0   55.7   -0.2
2018   3  1  3 0000   -5.4  987.3    1.2  167.0   48.1   -0.2
2018   3  1  3 0300   -4.4  988.1    1.2  315.0   61.2   -0.3
2018   3  1  3 0600   -6.5  988.5    2.9  353.0   83.0   -0.2
2018   3  1  3 0900   -7.6  989.1    4.9  226.0   85.1   -0.1
2018   3  1  3 1200   -7.2  989.5    2.1  222.0   85.9   -0.1
2018   3  1  3 1500   -7.9  989.4    3.3  217.0   85.1   -0.1
2018   3  1  3 1800   -7.2  989.2    2.3  218.0   75.0   -0.1
2018   3  1  3 2100   -6.1  989.1    1.6  180.0   62.0   -0.2
2018   4  1  4 0000   -5.6  988.7    2.3  198.0   47.3   -0.2
2018   4  1  4 0300   -5.8  987.4    2.5  217.0   51.5   -0.2
2018   4  1  4 0600   -6.8  986.1    2.9  278.0   57.4   -0.2
2018   4  1  4 0900   -8.2  985.1    1.6  312.0   93.1   -0.2
2018   4  1  4 1200   -8.8  984.0    3.1   21.0   94.8   -0.1
2018   4  1  4 1500   -7.1  983.0    2.9  332.0   92.7   -0.1
2018   4  1  4 1800   -6.6  982.7    1.2    6.0   80.9   -0.1
2018   4  1  4 2100  444.0  983.3    1.0   21.0   50.2   -0.2
2018   5  1  5 0000  444.0  983.9    1.0  309.0   44.4   -0.5
2018   5  1  5 0300   -0.6  983.5    2.1   46.0   67.0   -0.5
2018   5  1  5 0600  444.0  983.9    1.2   58.0   70.8   -0.5
2018   5  1  5 0900   -6.0  984.3    1.9   63.0   91.8   -0.4
2018   5  1  5 1200  -11.2  984.8    2.1   96.0   85.1   -0.2
2018   5  1  5 1500  -11.1  984.9    1.9  118.0   82.6   -0.1
2018   5  1  5 1800   -8.4  984.6    3.3  148.0   78.0   -0.1
2018   5  1  5 2100   -9.6  984.8    2.1  149.0   68.3   -0.2
2018   6  1  6 0000   -7.9  983.9    4.5  177.0   58.2   -0.1
2018   6  1  6 0300   -5.4  982.3    4.7  190.0   59.9   -0.2
2018   6  1  6 0600   -5.4  981.3    4.7  195.0   64.5   -0.2
2018   6  1  6 0900   -7.6  981.0    3.5  200.0   72.9   -0.2
2018   6  1  6 1200  -10.5  980.6    3.5  205.0   79.6   -0.1
2018   6  1  6 1500   -9.8  980.6    4.3  183.0   93.9   -0.1
2018   6  1  6 1800  -10.0  981.2    5.5  176.0   88.5   -0.1
2018   6  1  6 2100   -8.9  982.4    3.3  165.0   74.2   -0.1
2018   7  1  7 0000   -7.4  983.4    3.5  181.0   63.7   -0.1
2018   7  1  7 0300   -6.8  983.9    4.3  195.0   63.7   -0.1
2018   7  1  7 0600   -6.0  984.8    4.1  225.0   69.1   -0.2
2018   7  1  7 0900   -7.4  986.2    3.9  235.0   84.3   -0.1
2018   7  1  7 1200  -10.1  987.4    3.7  271.0   95.2   -0.1
2018   7  1  7 1500  -12.8  988.4    1.2  316.0   81.7   -0.1
2018   7  1  7 1800  -11.2  989.3    2.9   20.0   73.8   -0.2
2018   7  1  7 2100   -5.2  990.5    3.3   11.0   72.1   -0.1
2018   8  1  8 0000   -0.9  991.9    3.9  359.0   75.0   -0.2
2018   8  1  8 0300    0.6  993.0    3.9  359.0   75.4   -0.3
2018   8  1  8 0600   -1.8  994.5    3.1  359.0   79.2   -0.3
2018   8  1  8 0900   -0.6  995.5    2.7   15.0   91.0   -0.3
2018   8  1  8 1200   -2.0  997.1    2.1   13.0   93.9   -0.2
2018   8  1  8 1500   -2.0  997.8    1.2   68.0   91.0   -0.2
2018   8  1  8 1800   -1.8  998.5    1.0   93.0   67.9   -0.2
2018   8  1  8 2100   -0.5  998.8    2.1   89.0   80.1   -0.3
2018   9  1  9 0000   -0.5  998.8    3.5   87.0   78.0   -0.2
2018   9  1  9 0300    0.6  998.3    1.9   93.0   51.1   -0.3
2018   9  1  9 0600  444.0  998.0    0.4  173.0   45.6   -0.4
2018   9  1  9 0900   -2.2  996.8    1.8  195.0   75.0   -0.4
2018   9  1  9 1200   -4.0  996.3    1.9  207.0   88.0   -0.2
2018   9  1  9 1500   -4.9  994.8    2.3  231.0   82.2   -0.2
2018   9  1  9 1800   -5.4  993.4    2.5  228.0   72.1   -0.2
2018   9  1  9 2100   -4.0  991.6    2.9  219.0   57.4   -0.2
2018  10  1 10 0000   -4.9  990.2    2.5  193.0   58.2   -0.2
2018  10  1 10 0300   -6.0  988.3    5.3  162.0   81.3   -0.2
2018  10  1 10 0600   -7.6  986.9    4.5  167.0   87.2   -0.2
2018  10  1 10 0900   -7.9  985.4    3.7  167.0   90.1   -0.1
2018  10  1 10 1200   -8.4  984.0    3.9  172.0   90.6   -0.1
2018  10  1 10 1500   -8.8  982.5    4.5  158.0   93.1   -0.1
2018  10  1 10 1800   -8.2  981.1    5.3  167.0   80.5   -0.1
2018  10  1 10 2100   -7.8  980.1    3.9  174.0   68.3   -0.1
2018  11  1 11 0000   -6.8  979.3    3.9  166.0   70.0   -0.1
2018  11  1 11 0300   -7.2  978.1    4.9  173.0   71.7   -0.1
2018  11  1 11 0600   -7.6  977.4    4.5  190.0   75.4   -0.1
2018  11  1 11 0900   -8.4  977.2    4.9  191.0   82.6   -0.1
2018  11  1 11 1200   -9.1  977.1    3.3  198.0   84.3   -0.1
2018  11  1 11 1500   -9.6  976.8    3.3  211.0   73.8   -0.1
2018  11  1 11 1800   -9.1  977.1    3.9  201.0   73.3   -0.1
2018  11  1 11 2100   -7.6  977.6    4.7  210.0   68.7   -0.1
2018  12  1 12 0000   -6.1  978.3    5.1  183.0   69.6   -0.1
2018  12  1 12 0300   -6.4  978.8    5.7  186.0   71.2   -0.2
2018  12  1 12 0600   -5.4  980.0    5.1  187.0   68.3   -0.2
2018  12  1 12 0900   -7.2  980.8    4.7  197.0   84.7   -0.1
2018  12  1 12 1200   -7.1  981.6    5.5  211.0   87.6   -0.1
2018  12  1 12 1500   -7.6  982.4    5.7  233.0   81.3   -0.1
2018  12  1 12 1800   -7.2  983.2    4.7  228.0   75.0   -0.1
2018  12  1 12 2100   -6.1  983.8    5.3  228.0   60.3   -0.1
2018  13  1 13 0000   -5.4  984.9    4.1  240.0   55.3   -0.2
2018  13  1 13 0300   -5.6  985.8    2.9  267.0   40.6   -0.2
2018  13  1 13 0600   -5.9  986.4    3.7  248.0   75.4   -0.2
2018  13  1 13 0900   -7.6  987.5    4.7  235.0   86.4   -0.2
2018  13  1 13 1200   -7.6  988.7    1.8  350.0   90.6   -0.1
2018  13  1 13 1500  -11.5  988.1    1.9  264.0   77.1   -0.1
2018  13  1 13 1800   -6.5  988.5    1.0  210.0   64.1   -0.1
2018  13  1 13 2100   -6.1  988.5    1.8  198.0   61.2   -0.1
2018  14  1 14 0000   -6.4  987.9    2.9  238.0   57.4   -0.2
2018  14  1 14 0300   -5.6  986.3    1.9  181.0   54.4   -0.2
2018  14  1 14 0600   -7.1  985.7    2.3  173.0   76.3   -0.2
2018  14  1 14 0900   -7.9  984.5    1.9  176.0   82.6   -0.2
2018  14  1 14 1200   -8.2  983.6    2.3  166.0   93.5   -0.1
2018  14  1 14 1500   -8.2  982.3    4.9  188.0   84.3   -0.1
2018  14  1 14 1800   -8.0  981.4    5.1  145.0   80.1   -0.1
2018  14  1 14 2100   -6.1  980.7    3.3  186.0   67.0   -0.1
2018  15  1 15 0000   -4.6  979.9    2.7  180.0   63.3   -0.2
2018  15  1 15 0300   -4.5  978.8    2.5  173.0   59.9   -0.2
2018  15  1 15 0600   -4.2  977.4    1.9  194.0   54.4   -0.2
2018  15  1 15 0900   -5.4  976.7    1.2  277.0   61.6   -0.2
2018  15  1 15 1200   -6.5  975.8    1.8  357.0   79.6   -0.2
2018  15  1 15 1500   -7.0  974.7    2.3  329.0   83.4   -0.1
2018  15  1 15 1800   -7.2  973.7    2.7  349.0   82.2   -0.1
2018  15  1 15 2100   -7.1  972.9    5.1  347.0   81.7   -0.2
2018  16  1 16 0000   -5.2  971.9    6.2  333.0   79.2   -0.2
2018  16  1 16 0300   -4.5  970.7    4.9  336.0   78.4   -0.2
2018  16  1 16 0600   -4.6  970.4    3.3  359.0   83.0   -0.2
2018  16  1 16 0900   -5.0  970.2    2.9  359.0   87.2   -0.2
2018  16  1 16 1200   -5.8  970.3    2.5  349.0   89.3   -0.2
2018  16  1 16 1500   -5.6  969.9    3.1    7.0   89.7   -0.1
2018  16  1 16 1800   -4.8  970.0    2.5  346.0   83.4   -0.1
2018  16  1 16 2100   -2.9  970.5    1.2    8.0   67.9   -0.2
2018  17  1 17 0000   -5.4  971.0    2.7  271.0   51.9   -0.2
2018  17  1 17 0300   -3.6  970.4    1.8  311.0   64.5   -0.2
2018  17  1 17 0600   -6.6  970.0    0.4  318.0   58.2   -0.2
2018  17  1 17 0900   -7.4  971.0    6.8  139.0   91.8   -0.2
2018  17  1 17 1200   -7.9  972.1    5.7  139.0   84.7   -0.1
2018  17  1 17 1500   -9.4  972.4    2.5  198.0   81.7   -0.1
2018  17  1 17 1800   -8.5  972.2    4.1  215.0   72.9   -0.1
2018  17  1 17 2100   -8.1  971.5    4.9  245.0   63.7   -0.1
2018  18  1 18 0000   -8.9  970.5    4.1  240.0   57.0   -0.1
2018  18  1 18 0300   -8.2  969.2    5.5  240.0   63.7   -0.1
2018  18  1 18 0600   -8.5  968.4    4.3  236.0   68.3   -0.1
2018  18  1 18 0900   -9.5  968.0    4.3  225.0   84.7   -0.1
2018  18  1 18 1200  -11.9  967.6    3.7  224.0   91.0   -0.1
2018  18  1 18 1500  -10.2  967.6    5.5  202.0   87.6   -0.1
2018  18  1 18 1800   -9.5  968.1    5.7  187.0   72.9   -0.1
2018  18  1 18 2100   -8.9  968.7    4.3  186.0   69.6   -0.1
2018  19  1 19 0000   -7.6  968.8    4.1  200.0   61.2   -0.1
2018  19  1 19 0300   -5.9  967.8    2.9  232.0   61.6   -0.2
2018  19  1 19 0600   -7.2  967.1    4.5  212.0   77.1   -0.1
2018  19  1 19 0900   -8.4  967.1    4.7  179.0   85.9   -0.1
2018  19  1 19 1200   -9.1  967.5    4.9  183.0   92.2   -0.1
2018  19  1 19 1500   -9.6  967.7    4.5  165.0   92.2   -0.1
2018  19  1 19 1800   -8.9  967.0    5.3  195.0   79.6   -0.1
2018  19  1 19 2100   -9.6  966.4    4.9  228.0   68.7   -0.1
2018  20  1 20 0000  -10.8  965.6    5.3  225.0   55.3   -0.1
2018  20  1 20 0300   -7.8  964.1    5.1  210.0   59.1   -0.1
2018  20  1 20 0600   -8.5  963.1    3.7  217.0   70.0   -0.1
2018  20  1 20 0900   -8.9  962.4    4.7  172.0   84.3   -0.1
2018  20  1 20 1200  -10.2  962.4    3.3  163.0   88.5   -0.1
2018  20  1 20 1500  -11.2  962.8    2.7  145.0   82.2   -0.1
2018  20  1 20 1800  -13.2  963.8    2.7  117.0   77.1   -0.1
2018  20  1 20 2100  -10.0  965.0    5.1  134.0   70.0   -0.1
2018  21  1 21 0000   -6.6  966.3    4.9  135.0   69.1   -0.1
2018  21  1 21 0300   -8.4  967.6    6.6  145.0   66.6   -0.2
2018  21  1 21 0600   -9.5  968.6    6.4  162.0   78.4   -0.1
2018  21  1 21 0900  -11.6  969.4    5.3  163.0   83.0   -0.1
2018  21  1 21 1200  -15.1  969.8    3.7  184.0   84.3   -0.1
2018  21  1 21 1500  -17.2  970.0    3.7  160.0   85.5   -0.1
2018  21  1 21 1800  -14.5  970.3    3.1  177.0   87.6   -0.1
2018  21  1 21 2100  -12.5  971.3    4.5  169.0   78.4   -0.1
2018  22  1 22 0000   -7.2  972.2    6.2  138.0   74.2   -0.1
2018  22  1 22 0300   -6.5  973.3    5.3  149.0   72.1   -0.1
2018  22  1 22 0600   -8.1  974.4    5.5  160.0   77.1   -0.1
2018  22  1 22 0900  -11.1  975.4    4.1  165.0   83.4   -0.1
2018  22  1 22 1200  -12.1  976.4    5.1  174.0   87.2   -0.1
2018  22  1 22 1500  -13.5  977.2    4.3  183.0   85.5   -0.1
2018  22  1 22 1800   -9.8  977.6    5.7  184.0   77.1   -0.1
2018  22  1 22 2100   -9.1  978.4    5.7  181.0   71.7   -0.1
2018  23  1 23 0000   -8.1  979.0    5.8  183.0   70.0   -0.1
2018  23  1 23 0300   -8.2  978.7    6.2  183.0   68.7   -0.1
2018  23  1 23 0600   -8.2  978.6    5.1  184.0   71.7   -0.1
2018  23  1 23 0900   -9.8  978.3    5.1  184.0   88.9   -0.1
2018  23  1 23 1200  -10.1  977.7    5.5  177.0   91.4   -0.1
2018  23  1 23 1500  -10.9  977.0    5.3  173.0   88.5   -0.1
2018  23  1 23 1800   -9.8  976.2    7.0  179.0   85.9   -0.1
2018  23  1 23 2100   -8.5  975.2    8.0  180.0   81.7   -0.1
2018  24  1 24 0000   -7.1  974.5    8.0  179.0   81.7   -0.1
2018  24  1 24 0300   -5.9  973.5    7.8  172.0   84.7   -0.1
2018  24  1 24 0600   -5.8  972.8    8.6  162.0   90.1   -0.1
2018  24  1 24 0900   -5.2  972.4    8.8  150.0   95.6   -0.1
2018  24  1 24 1200   -4.5  972.9    6.6  145.0   96.9   -0.1
2018  24  1 24 1500   -5.0  973.6    3.1  131.0   92.2   -0.1
2018  24  1 24 1800   -7.1  974.8    4.7  135.0   80.9   -0.1
2018  24  1 24 2100   -4.4  975.7    3.5  128.0   66.2   -0.1
2018  25  1 25 0000   -2.9  977.2    3.5  111.0   61.2   -0.2
2018  25  1 25 0300   -1.9  978.4    3.3  108.0   63.3   -0.2
2018  25  1 25 0600   -2.6  979.6    2.5  122.0   72.5   -0.2
2018  25  1 25 0900   -7.2  981.3    2.5  122.0   75.0   -0.2
2018  25  1 25 1200   -6.6  982.7    2.1  110.0   92.2   -0.1
2018  25  1 25 1500   -4.8  983.7    2.1  131.0   85.9   -0.1
2018  25  1 25 1800   -4.0  984.8    2.5  111.0   76.3   -0.1
2018  25  1 25 2100   -2.4  444.0    1.2  143.0   61.6   -0.1
2018  26  1 26 0000   -3.2  444.0    3.5  162.0   73.3   -0.1
2018  26  1 26 0300   -3.5  444.0    2.1  145.0   67.5   -0.1
2018  26  1 26 0600   -6.8  444.0    2.1  170.0   86.4   -0.1
2018  26  1 26 0900   -7.1  444.0    1.4  179.0   85.9   -0.1
2018  26  1 26 1200  -10.1  444.0    1.0  211.0   86.8  444.0
2018  26  1 26 1500  -13.2  444.0    0.6  169.0   93.1  444.0
2018  26  1 26 1800  444.0  444.0    0.4  197.0   71.7  444.0
2018  26  1 26 2100  444.0  444.0    0.0   18.0   42.7   -0.1
2018  27  1 27 0000  444.0  444.0    0.4  136.0   29.2   -0.2
2018  27  1 27 0300   -6.1  444.0    2.9  117.0   59.9   -0.2
2018  27  1 27 0600   -6.4  444.0    2.1  132.0   65.4   -0.1
2018  27  1 27 0900   -6.5  444.0    0.8  150.0   77.5   -0.1
2018  27  1 27 1200   -7.1  444.0    2.9  124.0   91.4   -0.1
2018  27  1 27 1500   -6.6  444.0    3.1  112.0   90.1   -0.1
2018  27  1 27 1800   -6.1  444.0    4.7   96.0   85.1   -0.1
2018  27  1 27 2100   -5.9  444.0    6.0   90.0   85.9   -0.1
2018  28  1 28 0000   -3.5  444.0    6.2   56.0   88.0   -0.1
2018  28  1 28 0300   -2.0  444.0    4.5   55.0   84.7   -0.1
2018  28  1 28 0600   -4.6  444.0    3.5   68.0   90.1   -0.1
2018  28  1 28 0900   -4.8  444.0    2.3   65.0   96.9   -0.1
2018  28  1 28 1200   -7.6  444.0    2.7   66.0  444.0   -0.1
2018  28  1 28 1500   -7.1  444.0    1.8   75.0   97.7   -0.1
2018  28  1 28 1800   -5.4  444.0    1.8   76.0   93.5   -0.1
2018  28  1 28 2100   -3.5  444.0    0.2  103.0   49.0   -0.1
2018  29  1 29 0000   -3.6  444.0    2.9  217.0   66.2   -0.2
2018  29  1 29 0300   -6.4  444.0    4.3  198.0   72.9   -0.1
2018  29  1 29 0600   -8.2  444.0    5.5  205.0   83.4   -0.1
2018  29  1 29 0900   -7.9  444.0    4.7  193.0   88.9   -0.1
2018  29  1 29 1200   -7.6  444.0    4.3  169.0   99.0  444.0
2018  29  1 29 1500   -8.5  444.0    3.3  160.0   99.4  444.0
2018  29  1 29 1800   -8.9  444.0    3.9  139.0   86.4  444.0
2018  29  1 29 2100  -12.5  444.0    4.5  120.0   67.0  444.0
2018  30  1 30 0000  -10.8  444.0    3.3  107.0   51.9  444.0
2018  30  1 30 0300  -10.6  444.0    3.7  124.0   45.2  444.0
2018  30  1 30 0600  -11.5  444.0    2.7   84.0   68.7   -0.1
2018  30  1 30 0900  -15.4  444.0    2.1  118.0   71.2  444.0
2018  30  1 30 1200  -20.9  983.6    2.3  114.0   93.1   -0.1
2018  30  1 30 1500  -21.0  983.9    1.0  110.0   84.7   -0.1
2018  30  1 30 1800  444.0  984.8    0.6  202.0   37.2   -0.1
2018  30  1 30 2100  444.0  985.6    0.0  152.0   14.5   -0.2
2018  31  1 31 0000   -9.4  986.2    1.2  280.0   23.8   -0.3
2018  31  1 31 0300  -10.0  986.1    2.1  240.0   60.3   -0.2
2018  31  1 31 0600   -9.1  986.8    1.4  263.0   51.5   -0.2
2018  31  1 31 0900  -13.6  987.1    2.1  283.0   80.1   -0.2
2018  31  1 31 1200  -14.4  987.4    1.6  221.0   84.7   -0.1
2018  31  1 31 1500  -15.5  987.5    0.8  231.0   91.0   -0.1
2018  31  1 31 1800  -12.1  987.6    1.4  307.0   82.6   -0.1
2018  31  1 31 2100  -10.1  987.9    2.1  183.0   67.5   -0.1
