Year: 2018  Month: 08  ID: VTO  ARGOS:  8931  Name: Vito                
Lat: 78.47S  Lon: 177.79E  Elev:   50m
2018 213  8  1 0000  -49.8 1003.7  444.0  444.0   52.8  444.0
2018 213  8  1 0300  -48.9 1002.8  444.0  444.0   53.6  444.0
2018 213  8  1 0600  -48.9 1001.6  444.0  444.0   54.0  444.0
2018 213  8  1 0900  -47.6 1001.1  444.0  444.0   55.3  444.0
2018 213  8  1 1200  -46.1 1000.3  444.0  444.0   56.5  444.0
2018 213  8  1 1500  -45.2  999.5  444.0  444.0   58.2  444.0
2018 213  8  1 1800  -43.9  999.1  444.0  444.0   59.1  444.0
2018 213  8  1 2100  -46.1  999.0  444.0  444.0   57.4  444.0
2018 214  8  2 0000  -43.9  999.3  444.0  444.0   57.8  444.0
2018 214  8  2 0300  -43.6  998.6  444.0  444.0   58.2  444.0
2018 214  8  2 0600  -46.9  998.4  444.0  444.0   56.5  444.0
2018 214  8  2 0900  -47.1  998.0  444.0  444.0   56.5  444.0
2018 214  8  2 1200  -49.5  998.2  444.0  444.0   54.0  444.0
2018 214  8  2 1500  -51.1  997.8  444.0  444.0   51.9  444.0
2018 214  8  2 1800  -52.9  997.9  444.0  444.0   50.2  444.0
2018 214  8  2 2100  -54.0  997.9  444.0  444.0   48.6  444.0
2018 215  8  3 0000  -53.6  999.0  444.0  444.0   48.6  444.0
2018 215  8  3 0300  -54.9 1000.4  444.0  444.0   47.3  444.0
2018 215  8  3 0600  -55.9 1001.6  444.0  444.0   46.5  444.0
2018 215  8  3 0900  -55.8 1003.3  444.0  444.0   46.0  444.0
2018 215  8  3 1200  -55.4 1004.3  444.0  444.0   46.5  444.0
2018 215  8  3 1500  -55.1 1003.9  444.0  444.0   46.5  444.0
2018 215  8  3 1800  -51.8 1003.4  444.0  444.0   49.4  444.0
2018 215  8  3 2100  -54.4 1003.2  444.0  444.0   48.1  444.0
2018 216  8  4 0000  -55.2 1002.1  444.0  444.0   46.9  444.0
2018 216  8  4 0300  -55.4 1000.3  444.0  444.0   46.5  444.0
2018 216  8  4 0600  -54.9  999.3  444.0  444.0   46.5  444.0
2018 216  8  4 0900  -54.5  998.1  444.0  444.0   46.9  444.0
2018 216  8  4 1200  -52.9  997.1  444.0  444.0   48.1  444.0
2018 216  8  4 1500  -51.4  996.6  444.0  444.0   49.8  444.0
2018 216  8  4 1800  -52.1  995.6  444.0  444.0   49.8  444.0
2018 216  8  4 2100  -52.9  994.8  444.0  444.0   49.0  444.0
2018 217  8  5 0000  -54.4  994.0  444.0  444.0   47.7  444.0
2018 217  8  5 0300  -53.6  991.7  444.0  444.0   47.7  444.0
2018 217  8  5 0600  -49.0  988.8  444.0  444.0   52.3  444.0
2018 217  8  5 0900  -50.6  987.3  444.0  444.0   51.5  444.0
2018 217  8  5 1200  -46.9  984.6  444.0  444.0   54.9  444.0
2018 217  8  5 1500  -48.1  982.9  444.0  444.0   54.4  444.0
2018 217  8  5 1800  -50.0  981.2  444.0  444.0   52.3  444.0
2018 217  8  5 2100  -49.9  980.6  444.0  444.0   52.3  444.0
2018 218  8  6 0000  -48.2  980.2  444.0  444.0   53.2  444.0
2018 218  8  6 0300  -50.1  980.0  444.0  444.0   51.9  444.0
2018 218  8  6 0600  -51.0  980.0  444.0  444.0   51.5  444.0
2018 218  8  6 0900  -52.0  980.7  444.0  444.0   49.8  444.0
2018 218  8  6 1200  -51.1  981.4  444.0  444.0   50.2  444.0
2018 218  8  6 1500  -43.4  980.0    6.8  245.0   58.2  444.0
2018 218  8  6 1800  -42.1  980.2    4.3  246.0   60.7  444.0
2018 218  8  6 2100  -45.0  980.4    6.6  217.0   58.2  444.0
2018 219  8  7 0000  -48.4  982.1    4.7  221.0   54.4  444.0
2018 219  8  7 0300  -51.0  983.2    3.5  256.0   51.5  444.0
2018 219  8  7 0600  -49.5  981.7    3.3  269.0   52.3  444.0
2018 219  8  7 0900  -48.1  980.2    3.1  264.0   54.0  444.0
2018 219  8  7 1200  -44.8  979.1    4.7  263.0   58.2  444.0
2018 219  8  7 1500  -39.5  976.4    4.7  276.0   64.1  444.0
2018 219  8  7 1800  -33.8  973.7    5.5  273.0   70.4  444.0
2018 219  8  7 2100  -25.5  972.5    6.4  257.0   80.5  444.0
2018 220  8  8 0000  -26.6  972.0    3.7  278.0   80.5  444.0
2018 220  8  8 0300  -30.4  973.5    2.5  226.0   78.8  444.0
2018 220  8  8 0600  -38.6  977.2    7.0  194.0   67.9  444.0
2018 220  8  8 0900  -44.2  981.4    7.4  194.0   61.6  444.0
2018 220  8  8 1200  -41.2  983.0    6.6  228.0   63.3  444.0
2018 220  8  8 1500  -37.1  984.0    7.8  212.0   68.3  444.0
2018 220  8  8 1800  -37.8  984.6    6.4  211.0   68.3  444.0
2018 220  8  8 2100  -38.5  985.2    0.0  316.0   67.5  444.0
2018 221  8  9 0000  -39.8  987.6    2.5  155.0   66.2  444.0
2018 221  8  9 0300  -39.8  989.2    0.8  236.0   64.1  444.0
2018 221  8  9 0600  -38.0  990.0    0.6  301.0   67.0  444.0
2018 221  8  9 0900  -36.8  991.3    0.4  253.0   68.3  444.0
2018 221  8  9 1200  -36.4  992.7    1.8  201.0   68.7  444.0
2018 221  8  9 1500  -40.0  993.5    0.8  224.0   66.2  444.0
2018 221  8  9 1800  -37.5  993.4    2.9  246.0   67.5  444.0
2018 221  8  9 2100  -42.2  992.2    2.1  270.0   63.7  444.0
2018 222  8 10 0000  -42.9  991.5    1.8  248.0   61.6  444.0
2018 222  8 10 0300  -43.4  989.8    3.9  232.0   60.7  444.0
2018 222  8 10 0600  -39.0  986.8    5.1  240.0   65.4  444.0
2018 222  8 10 0900  -35.8  983.4    7.8  239.0   69.1  444.0
2018 222  8 10 1200  -32.2  978.7   10.5  240.0   73.3  444.0
2018 222  8 10 1500  -27.4  975.0    8.4  219.0   78.4  444.0
2018 222  8 10 1800  -30.6  975.2    2.7  224.0   77.1  444.0
2018 222  8 10 2100  -28.4  976.1    5.1  167.0   77.5  444.0
2018 223  8 11 0000  -31.1  977.6    6.0  165.0   76.7  444.0
2018 223  8 11 0300  -33.1  979.2    5.1  177.0   73.8  444.0
2018 223  8 11 0600  -34.8  981.0    4.9  163.0   72.1  444.0
2018 223  8 11 0900  -33.0  982.6    5.1  167.0   72.9  444.0
2018 223  8 11 1200  -31.6  984.0    4.9  138.0   74.6  444.0
2018 223  8 11 1500  -34.5  984.4    2.9  177.0   72.1  444.0
2018 223  8 11 1800  -34.6  984.2    0.6  201.0   71.7  444.0
2018 223  8 11 2100  -34.4  983.8    0.6  300.0   71.7  444.0
2018 224  8 12 0000  -33.9  983.0  444.0  444.0   72.5  444.0
2018 224  8 12 0300  -35.1  981.6  444.0  444.0   71.2  444.0
2018 224  8 12 0600  -36.8  979.9  444.0  444.0   70.0  444.0
2018 224  8 12 0900  -38.5  978.8  444.0  444.0   67.0  444.0
2018 224  8 12 1200  -40.4  976.5  444.0  444.0   65.8  444.0
2018 224  8 12 1500  -44.0  975.2    2.3  232.0   61.6  444.0
2018 224  8 12 1800  -42.9  974.6    2.3  245.0   61.2  444.0
2018 224  8 12 2100  -41.5  974.6    4.1  204.0   63.3  444.0
2018 225  8 13 0000  -41.1  974.9    5.7  207.0   63.7  444.0
2018 225  8 13 0300  -37.4  974.8    6.0  201.0   66.6  444.0
2018 225  8 13 0600  -36.2  975.0    5.7  232.0   68.7  444.0
2018 225  8 13 0900  -35.6  974.8    5.1  238.0   70.0  444.0
2018 225  8 13 1200  -35.1  974.8    5.1  238.0   70.8  444.0
2018 225  8 13 1500  -35.2  975.6    5.1  233.0   70.8  444.0
2018 225  8 13 1800  -33.1  975.4    4.9  240.0   72.1  444.0
2018 225  8 13 2100  -31.6  975.0    5.1  249.0   74.6  444.0
2018 226  8 14 0000  -34.1  975.2    3.9  263.0   72.5  444.0
2018 226  8 14 0300  -31.8  975.3    3.9  259.0   73.8  444.0
2018 226  8 14 0600  -33.1  976.1    0.8  302.0   73.8  444.0
2018 226  8 14 0900  -37.0  978.9    4.3  211.0   70.8  444.0
2018 226  8 14 1200  -40.2  982.6    3.9  181.0   65.4  444.0
2018 226  8 14 1500  -43.4  985.4    4.3  218.0   63.3  444.0
2018 226  8 14 1800  -45.8  987.3    2.9  231.0   59.5  444.0
2018 226  8 14 2100  -46.6  989.6    1.4  226.0   58.2  444.0
2018 227  8 15 0000  -47.2  991.9    1.6  248.0   57.4  444.0
2018 227  8 15 0300  -46.4  993.8    3.5  217.0   58.2  444.0
2018 227  8 15 0600  -40.9  995.9    1.2  239.0   62.0  444.0
2018 227  8 15 0900  -44.5  997.9    2.1  245.0   61.2  444.0
2018 227  8 15 1200  -45.9  999.8    1.4  235.0   58.6  444.0
2018 227  8 15 1500  -46.6 1001.0    0.0  269.0   57.8  444.0
2018 227  8 15 1800  -46.9 1001.6    0.0  281.0   57.0  444.0
2018 227  8 15 2100  -46.9 1001.7    0.0  352.0   57.0  444.0
2018 228  8 16 0000  -47.2 1002.4    1.4  325.0   57.8  444.0
2018 228  8 16 0300  -47.2 1001.0    1.2  339.0   58.6  444.0
2018 228  8 16 0600  -41.6 1000.3    1.2  328.0   65.8  444.0
2018 228  8 16 0900  -38.9  999.9    0.8  319.0   66.6  444.0
2018 228  8 16 1200  -40.1  999.8    0.6  305.0   64.9  444.0
2018 228  8 16 1500  -39.9  999.3    0.8  305.0   64.9  444.0
2018 228  8 16 1800  -39.1  998.7    1.4  326.0   67.0  444.0
2018 228  8 16 2100  -37.4  997.3    1.8  346.0   70.0  444.0
2018 229  8 17 0000  -32.1  996.2    1.4  340.0   75.4  444.0
2018 229  8 17 0300  -29.1  994.7    0.4  278.0   78.8  444.0
2018 229  8 17 0600  -34.4  993.6    1.2  270.0   72.5  444.0
2018 229  8 17 0900  -35.4  992.7    0.0  271.0   72.5  444.0
2018 229  8 17 1200  -29.8  991.0    3.3  290.0   77.1  444.0
2018 229  8 17 1500  -33.4  990.4    1.6  294.0   73.8  444.0
2018 229  8 17 1800  -32.2  990.1    2.3  308.0   74.2  444.0
2018 229  8 17 2100  -35.4  990.1    5.1  233.0   71.7  444.0
2018 230  8 18 0000  -38.9  992.3    4.9  217.0   67.9  444.0
2018 230  8 18 0300  -39.9  993.3    1.2  277.0   66.2  444.0
2018 230  8 18 0600  -40.8  993.4    2.7  233.0   64.5  444.0
2018 230  8 18 0900  -42.2  993.7    0.0  304.0   63.7  444.0
2018 230  8 18 1200  -41.8  992.7    0.0  285.0   62.8  444.0
2018 230  8 18 1500  -40.5  991.5    1.4  298.0   64.5  444.0
2018 230  8 18 1800  -39.8  989.4    0.0  287.0   65.8  444.0
2018 230  8 18 2100  -42.1  989.1    1.6  257.0   63.3  444.0
2018 231  8 19 0000  -44.2  989.5    4.1  187.0   61.6  444.0
2018 231  8 19 0300  -46.9  989.9    1.8  242.0   58.2  444.0
2018 231  8 19 0600  -48.2  989.3    0.8  248.0   56.5  444.0
2018 231  8 19 0900  -48.2  987.3    0.0  340.0   55.7  444.0
2018 231  8 19 1200  -47.6  986.2    0.0  302.0   56.1  444.0
2018 231  8 19 1500  -48.2  985.2    0.8  353.0   55.7   -0.1
2018 231  8 19 1800  -47.8  983.8    0.8  326.0   56.1  444.0
2018 231  8 19 2100  -46.4  983.4    1.2  319.0   57.8  444.0
2018 232  8 20 0000  -38.2  982.2    1.4  308.0   66.2  444.0
2018 232  8 20 0300  -35.8  980.6    3.1  249.0   68.3  444.0
2018 232  8 20 0600  -40.1  980.3    1.0  300.0   65.4  444.0
2018 232  8 20 0900  -40.5  979.7    1.4  270.0   64.1  444.0
2018 232  8 20 1200  -36.9  979.6    2.7  253.0   67.0  444.0
2018 232  8 20 1500  -40.9  980.0    0.6  256.0   65.4  444.0
2018 232  8 20 1800  -43.4  980.7    0.0  280.0   61.2  444.0
2018 232  8 20 2100  -45.8  981.5    0.0  290.0   59.5  444.0
2018 233  8 21 0000  -44.1  982.3    0.2  297.0   59.9  444.0
2018 233  8 21 0300  -41.6  983.1    1.2  328.0   62.4  444.0
2018 233  8 21 0600  -41.5  983.7    0.6  301.0   63.3  444.0
2018 233  8 21 0900  -42.5  984.3    0.6  328.0   62.4  444.0
2018 233  8 21 1200  -40.9  985.0    0.0  305.0   63.3  444.0
2018 233  8 21 1500  -41.0  985.8    2.1  239.0   64.1  444.0
2018 233  8 21 1800  -43.6  986.8    4.5  207.0   61.6  444.0
2018 233  8 21 2100  -43.4  987.8    5.5  233.0   61.2  444.0
2018 234  8 22 0000  -42.6  988.7    5.7  225.0   61.6  444.0
2018 234  8 22 0300  -43.2  989.0    5.7  214.0   61.2  444.0
2018 234  8 22 0600  -43.9  989.7    5.3  226.0   60.3  444.0
2018 234  8 22 0900  -41.6  990.3    4.9  231.0   62.4  444.0
2018 234  8 22 1200  -40.5  990.8    4.7  239.0   64.1  444.0
2018 234  8 22 1500  -41.1  991.0    4.7  224.0   63.7  444.0
2018 234  8 22 1800  -41.8  991.1    5.3  201.0   62.8  444.0
2018 234  8 22 2100  -42.1  991.4    4.5  225.0   62.8  444.0
2018 235  8 23 0000  -40.1  991.7    2.7  255.0   64.1  444.0
2018 235  8 23 0300  -40.1  991.7    4.5  231.0   64.1  444.0
2018 235  8 23 0600  -40.2  991.6    3.7  239.0   64.9  444.0
2018 235  8 23 0900  -41.1  991.7    1.2  271.0   64.1  444.0
2018 235  8 23 1200  -42.8  991.5    1.4  270.0   62.4  444.0
2018 235  8 23 1500  -44.1  991.5    1.8  273.0   60.3  444.0
2018 235  8 23 1800  -45.8  991.4    1.2  278.0   59.1  444.0
2018 235  8 23 2100  -47.2  991.3    1.6  270.0   57.4  444.0
2018 236  8 24 0000  -48.1  991.6    1.0  281.0   56.5  444.0
2018 236  8 24 0300  -48.0  991.5    1.4  271.0   55.7  444.0
2018 236  8 24 0600  -49.9  991.2    1.4  342.0   54.0  444.0
2018 236  8 24 0900  -50.1  991.0    1.4  304.0   53.2  444.0
2018 236  8 24 1200  -50.1  991.4  444.0  444.0   52.8  444.0
2018 236  8 24 1500  -50.1  991.8  444.0  444.0   52.3  444.0
2018 236  8 24 1800  -47.1  991.7  444.0  444.0   54.4  444.0
2018 236  8 24 2100  -46.0  992.3  444.0  444.0   55.3  444.0
2018 237  8 25 0000  -48.2  993.1  444.0  444.0   55.3  444.0
2018 237  8 25 0300  -46.5  993.4  444.0  444.0   54.9  444.0
2018 237  8 25 0600  -49.9  993.8  444.0  444.0   53.6  444.0
2018 237  8 25 0900  -47.6  994.8  444.0  444.0   54.9  444.0
2018 237  8 25 1200  -50.8  995.3  444.0  444.0   52.8  444.0
2018 237  8 25 1500  -47.4  995.3  444.0  444.0   54.9  444.0
2018 237  8 25 1800  -45.2  995.6  444.0  444.0   57.4  444.0
2018 237  8 25 2100  -42.9  995.3    5.8  156.0   60.3  444.0
2018 238  8 26 0000  -40.1  995.3    4.9  165.0   63.3  444.0
2018 238  8 26 0300  -39.8  994.2    4.1  167.0   64.1  444.0
2018 238  8 26 0600  -40.9  992.6    3.9  190.0   63.7  444.0
2018 238  8 26 0900  -41.8  991.2    4.5  198.0   62.4  444.0
2018 238  8 26 1200  -44.0  988.9    5.8  195.0   60.3  444.0
2018 238  8 26 1500  -44.6  986.8    7.0  197.0   59.5  444.0
2018 238  8 26 1800  -46.0  984.5    8.6  174.0   57.8  444.0
2018 238  8 26 2100  -48.0  983.9    8.0  204.0   55.7  444.0
2018 239  8 27 0000  -49.0  982.8    7.8  211.0   54.4  444.0
2018 239  8 27 0300  -48.6  981.2    6.6  211.0   54.0  444.0
2018 239  8 27 0600  -48.2  979.8    8.0  210.0   54.9  444.0
2018 239  8 27 0900  -47.1  977.9    7.0  190.0   55.7  444.0
2018 239  8 27 1200  -45.8  976.7    5.3  191.0   57.0  444.0
2018 239  8 27 1500  -46.0  975.3    5.7  212.0   57.4  444.0
2018 239  8 27 1800  -45.4  973.8    4.9  211.0   57.4  444.0
2018 239  8 27 2100  -46.0  972.9    2.9  253.0   57.4  444.0
2018 240  8 28 0000  -45.0  970.9    1.6  253.0   58.6  444.0
2018 240  8 28 0300  -45.6  969.3    0.0  250.0   58.2  444.0
2018 240  8 28 0600  -46.9  968.2    0.0  291.0   56.5  444.0
2018 240  8 28 0900  -47.0  967.1    0.0  315.0   56.1  444.0
2018 240  8 28 1200  -48.0  966.2    0.0  318.0   55.3  444.0
2018 240  8 28 1500  -49.0  966.3    0.6  321.0   54.0  444.0
2018 240  8 28 1800  -50.0  965.8    0.4  315.0   53.2  444.0
2018 240  8 28 2100  -50.4  966.3    1.2  315.0   52.8  444.0
2018 241  8 29 0000  -49.8  967.5    1.2  314.0   53.6  444.0
2018 241  8 29 0300  -48.6  968.4    1.8  283.0   54.0  444.0
2018 241  8 29 0600  -48.8  969.8    1.4  322.0   54.0  444.0
2018 241  8 29 0900  -45.1  971.1    2.1  298.0   58.2  444.0
2018 241  8 29 1200  -44.0  972.0    2.1  291.0   60.3  444.0
2018 241  8 29 1500  -43.2  973.5    1.8  328.0   59.9  444.0
2018 241  8 29 1800  -43.4  974.3    2.1  318.0   60.3  444.0
2018 241  8 29 2100  -44.1  975.4    1.0  323.0   59.5  444.0
2018 242  8 30 0000  -44.0  975.8    1.6  332.0   59.1  444.0
2018 242  8 30 0300  -41.6  976.0    1.6  302.0   62.4  444.0
2018 242  8 30 0600  -40.9  976.4    1.0  287.0   63.3  444.0
2018 242  8 30 0900  -43.5  977.1    0.4  315.0   61.2  444.0
2018 242  8 30 1200  -46.5  976.9    1.0  278.0   58.2  444.0
2018 242  8 30 1500  -48.4  976.9    0.8  263.0   55.7  444.0
2018 242  8 30 1800  -49.4  976.4    1.8  257.0   54.0  444.0
2018 242  8 30 2100  -48.9  976.1    2.3  246.0   54.4  444.0
2018 243  8 31 0000  -50.0  976.8    1.2  274.0   54.4  444.0
2018 243  8 31 0300  -50.4  976.6    0.6  281.0   53.6  444.0
2018 243  8 31 0600  -49.9  975.6    1.8  285.0   52.8  444.0
2018 243  8 31 0900  -48.1  974.7    1.2  323.0   55.3  444.0
2018 243  8 31 1200  -45.0  973.8    0.8  301.0   58.2  444.0
2018 243  8 31 1500  -46.2  973.6    1.0  281.0   57.0  444.0
2018 243  8 31 1800  -47.1  973.7    0.0  305.0   56.1  444.0
2018 243  8 31 2100  -46.5  974.0    0.0  323.0   56.1  444.0
