Year: 2018  Month: 11  ID: VTO  ARGOS:  8931  Name: Vito                
Lat: 78.47S  Lon: 177.79E  Elev:   50m
2018 305 11  1 0000  -15.6  444.0    2.5  270.0   50.2  444.0
2018 305 11  1 0300  -14.8  444.0    2.9  277.0   54.0  444.0
2018 305 11  1 0600  -17.2  444.0    3.1  266.0   58.6  444.0
2018 305 11  1 0900  -20.9  444.0    2.9  267.0   75.4  444.0
2018 305 11  1 1200  -21.4  444.0    2.5  280.0   86.4  444.0
2018 305 11  1 1500  -20.6  444.0    2.9  239.0   74.6  444.0
2018 305 11  1 1800  -22.5  444.0    3.1  236.0   63.3  444.0
2018 305 11  1 2100  -22.1  444.0    4.3  231.0   59.9  444.0
2018 306 11  2 0000  -21.5  444.0    2.3  193.0   44.4  444.0
2018 306 11  2 0300  -21.4  444.0    2.7  181.0   49.8  444.0
2018 306 11  2 0600  -22.6  444.0    4.3  179.0   72.1  444.0
2018 306 11  2 0900  -21.9  444.0    4.7  194.0   81.3  444.0
2018 306 11  2 1200  -17.8  444.0    2.9  156.0   92.2  444.0
2018 306 11  2 1500  -16.8  444.0    5.8  134.0   88.5  444.0
2018 306 11  2 1800  -18.2  444.0    6.6  141.0   80.1  444.0
2018 306 11  2 2100  -18.2  444.0    7.0  162.0   76.3  444.0
2018 307 11  3 0000  -17.1  444.0    6.8  186.0   64.5  444.0
2018 307 11  3 0300  -16.9  444.0    6.6  195.0   62.4  444.0
2018 307 11  3 0600  -17.4  444.0    7.8  197.0   73.3  444.0
2018 307 11  3 0900  -18.5  444.0    5.8  194.0   80.9  444.0
2018 307 11  3 1200  -21.9  444.0    6.0  198.0   83.0  444.0
2018 307 11  3 1500  -23.5  444.0    5.7  205.0   78.8  444.0
2018 307 11  3 1800  -19.5  444.0    5.1  218.0   72.5  444.0
2018 307 11  3 2100  -17.4  444.0    3.5  222.0   63.7  444.0
2018 308 11  4 0000  -16.0  444.0    3.5  236.0   56.1  444.0
2018 308 11  4 0300  -15.6  444.0    3.5  225.0   62.0  444.0
2018 308 11  4 0600  -17.1  444.0    2.9  228.0   68.7  444.0
2018 308 11  4 0900  -19.8  444.0    1.9  276.0   64.1  444.0
2018 308 11  4 1200  -20.5  444.0    1.9  229.0   76.7  444.0
2018 308 11  4 1500  -23.1  444.0    3.1  228.0   74.2  444.0
2018 308 11  4 1800  -23.1  444.0    2.1  260.0   44.8  444.0
2018 308 11  4 2100  -20.4  444.0    1.9  273.0   29.2  444.0
2018 309 11  5 0000  -18.2  444.0    3.9  281.0   42.7  444.0
2018 309 11  5 0300  -15.4  444.0    4.3  294.0   68.7  444.0
2018 309 11  5 0600  -15.9  444.0    1.6  264.0   61.6  444.0
2018 309 11  5 0900  -17.8  444.0    2.7  174.0   82.2  444.0
2018 309 11  5 1200  -26.4  444.0    4.1  212.0   78.8  444.0
2018 309 11  5 1500  -19.5  444.0    6.6  215.0   82.2  444.0
2018 309 11  5 1800  -18.0  444.0    7.6  233.0   75.0  444.0
2018 309 11  5 2100  -14.8  444.0    5.3  246.0   70.8  444.0
2018 310 11  6 0000  -13.8  444.0    3.7  269.0   45.2  444.0
2018 310 11  6 0300  -11.2  444.0    5.7  236.0   76.3  444.0
2018 310 11  6 0600  -12.5  444.0    3.3  229.0   75.0  444.0
2018 310 11  6 0900  -14.8  444.0    3.7  224.0   79.6  444.0
2018 310 11  6 1200  -16.1  444.0    2.5  266.0   80.1  444.0
2018 310 11  6 1500  -16.2  444.0    2.9  214.0   77.5  444.0
2018 310 11  6 1800  -14.9  444.0    2.7  232.0   67.0  444.0
2018 310 11  6 2100  -12.5  444.0    3.1  194.0   55.3  444.0
2018 311 11  7 0000  -10.8  444.0    2.1  231.0   44.8  444.0
2018 311 11  7 0300  -11.2  444.0    3.5  210.0   65.8  444.0
2018 311 11  7 0600  -15.0  444.0    5.8  225.0   74.2  444.0
2018 311 11  7 0900  -18.2  444.0    6.4  224.0   76.7  444.0
2018 311 11  7 1200  -17.2  444.0    8.8  229.0   75.4  444.0
2018 311 11  7 1500  -19.8  444.0    6.2  222.0   82.2  444.0
2018 311 11  7 1800  -14.8  444.0    9.2  205.0   83.4  444.0
2018 311 11  7 2100  -12.9  444.0    9.6  195.0   77.5  444.0
2018 312 11  8 0000  -11.8  444.0    9.4  188.0   74.6  444.0
2018 312 11  8 0300  -12.5  444.0   11.5  197.0   77.1  444.0
2018 312 11  8 0600  -14.5  444.0    7.6  191.0   80.1  444.0
2018 312 11  8 0900  -14.8  444.0    8.8  205.0   86.4  444.0
2018 312 11  8 1200  -14.8  444.0    7.8  200.0   88.0  444.0
2018 312 11  8 1500  -13.8  444.0    7.6  198.0   82.6  444.0
2018 312 11  8 1800  -12.6  444.0    8.4  210.0   71.2  444.0
2018 312 11  8 2100  -10.2  444.0    9.8  212.0   62.4  444.0
2018 313 11  9 0000  -10.8  444.0   10.7  217.0   78.8  444.0
2018 313 11  9 0300   -7.2  444.0    8.0  210.0   81.3  444.0
2018 313 11  9 0600  -10.8  444.0   11.3  222.0   83.8  444.0
2018 313 11  9 0900   -8.2  444.0    6.8  207.0   91.0  444.0
2018 313 11  9 1200  -10.2  444.0    3.3  214.0   90.6  444.0
2018 313 11  9 1500  -12.6  444.0    1.9  125.0   88.9  444.0
2018 313 11  9 1800  -13.2  444.0    3.3  172.0   64.9  444.0
2018 313 11  9 2100  -13.6  444.0    4.5  174.0   67.9  444.0
2018 314 11 10 0000   -9.4  444.0    5.3  167.0   72.9  444.0
2018 314 11 10 0300   -9.6  444.0    4.7  180.0   74.2  444.0
2018 314 11 10 0600  -10.6  444.0    2.9  202.0   63.7  444.0
2018 314 11 10 0900  -12.0  444.0    3.7  207.0   85.9  444.0
2018 314 11 10 1200  -11.9  444.0    2.1  201.0   89.3  444.0
2018 314 11 10 1500  -10.8  444.0    1.0  170.0   83.0  444.0
2018 314 11 10 1800   -7.9  444.0    1.8  207.0   56.5  444.0
2018 314 11 10 2100   -4.9  444.0    0.0   72.0   41.4  444.0
2018 315 11 11 0000  444.0  444.0    0.0  158.0   22.9  444.0
2018 315 11 11 0300   -7.0  444.0    2.1  149.0   68.3  444.0
2018 315 11 11 0600   -7.6  444.0    2.5  165.0   82.6  444.0
2018 315 11 11 0900   -6.8  444.0    2.5  101.0   88.9  444.0
2018 315 11 11 1200   -8.8  444.0    2.3  134.0   92.2  444.0
2018 315 11 11 1500   -8.9  444.0    2.3  163.0   88.5  444.0
2018 315 11 11 1800   -6.1  444.0    1.8  159.0   57.0  444.0
2018 315 11 11 2100   -5.8  444.0    2.1  204.0   40.2  444.0
2018 316 11 12 0000   -6.2  444.0    2.1  205.0   41.0  444.0
2018 316 11 12 0300   -9.0  444.0    2.9  200.0   59.5  444.0
2018 316 11 12 0600  -11.1  444.0    2.1  207.0   60.7  444.0
2018 316 11 12 0900  -16.4  444.0    1.8  212.0   78.4  444.0
2018 316 11 12 1200  -16.0  444.0    1.9  208.0   74.6  444.0
2018 316 11 12 1500  -22.0  444.0    1.9  217.0   73.8  444.0
2018 316 11 12 1800  -19.5  444.0    2.7  187.0   67.0  444.0
2018 316 11 12 2100  -16.2  444.0    2.1  233.0   40.6  444.0
2018 317 11 13 0000  -13.4  444.0    1.8  207.0   31.3  444.0
2018 317 11 13 0300  -10.1  444.0    2.9  201.0   47.3  444.0
2018 317 11 13 0600  -11.9  444.0    3.1  225.0   70.8  444.0
2018 317 11 13 0900  -12.6  444.0    3.1  218.0   80.5  444.0
2018 317 11 13 1200  -13.1  444.0    2.5  238.0   82.2  444.0
2018 317 11 13 1500  -12.9  444.0    2.9  233.0   77.1  444.0
2018 317 11 13 1800  -12.6  444.0    4.3  246.0   72.9  444.0
2018 317 11 13 2100  -11.1  444.0    3.3  240.0   57.4  444.0
2018 318 11 14 0000  -10.8  444.0    3.5  226.0   47.7  444.0
2018 318 11 14 0300   -9.8  444.0    4.1  194.0   49.0  444.0
2018 318 11 14 0600  -12.5  444.0    3.1  195.0   65.4  444.0
2018 318 11 14 0900  -14.9  444.0    2.1  205.0   77.1  444.0
2018 318 11 14 1200  -17.2  444.0    2.3  215.0   83.8  444.0
2018 318 11 14 1500  -20.0  444.0    2.9  194.0   71.2  444.0
2018 318 11 14 1800  -15.9  444.0    4.5  183.0   64.5  444.0
2018 318 11 14 2100  -14.4  444.0    4.1  173.0   58.2  444.0
2018 319 11 15 0000  -14.8  444.0    3.9  165.0   62.4  444.0
2018 319 11 15 0300  -10.9  444.0    2.3  207.0   43.1  444.0
2018 319 11 15 0600  -14.2  444.0    2.1  221.0   63.7  444.0
2018 319 11 15 0900  -18.0  444.0    2.7  242.0   81.3  444.0
2018 319 11 15 1200  -19.6  444.0    2.3  229.0   81.3  444.0
2018 319 11 15 1500  -20.2  444.0    2.1  242.0   76.3  444.0
2018 319 11 15 1800  -18.5  444.0    2.5  271.0   48.1  444.0
2018 319 11 15 2100  -16.5  444.0    1.9  263.0   42.3  444.0
2018 320 11 16 0000  -15.0  444.0    4.9  281.0   50.2  444.0
2018 320 11 16 0300  -13.6  444.0    2.7  242.0   51.5  444.0
2018 320 11 16 0600  -16.0  444.0    2.7  233.0   59.5  444.0
2018 320 11 16 0900  -19.9  444.0    2.1  255.0   65.8  444.0
2018 320 11 16 1200  -23.1  444.0    1.6  243.0   68.3  444.0
2018 320 11 16 1500  -23.8  444.0    2.7  226.0   79.2  444.0
2018 320 11 16 1800  -18.6  444.0    3.3  225.0   56.5  444.0
2018 320 11 16 2100  -14.8  444.0    4.1  204.0   43.1  444.0
2018 321 11 17 0000  -10.4  444.0    3.1  181.0   42.7  444.0
2018 321 11 17 0300  -10.8  444.0    3.5  187.0   49.0  444.0
2018 321 11 17 0600  -12.0  444.0    2.1  202.0   60.7  444.0
2018 321 11 17 0900  -13.6  444.0    1.6  188.0   72.5  444.0
2018 321 11 17 1200  -14.1  444.0    0.4  264.0   70.8  444.0
2018 321 11 17 1500  -13.4  444.0    1.2  294.0   62.8  444.0
2018 321 11 17 1800  -14.8  444.0    1.9  267.0   41.0  444.0
2018 321 11 17 2100  444.0  444.0    1.6  267.0   20.4  444.0
2018 322 11 18 0000   -9.6  444.0    2.3  343.0   57.4  444.0
2018 322 11 18 0300   -7.9  444.0    1.8  321.0   67.5  444.0
2018 322 11 18 0600  444.0  444.0    1.0  300.0   73.3  444.0
2018 322 11 18 0900  -10.1  444.0    0.6  302.0   82.2  444.0
2018 322 11 18 1200  -10.9  444.0    1.6   65.0   88.0  444.0
2018 322 11 18 1500  -18.4  444.0    2.5  314.0   93.1  444.0
2018 322 11 18 1800  -14.5  444.0    2.7  267.0   73.8  444.0
2018 322 11 18 2100  444.0  444.0    0.2   70.0   17.5  444.0
2018 323 11 19 0000  -10.6  444.0    2.1  169.0   38.9  444.0
2018 323 11 19 0300  444.0  444.0    1.0  146.0   16.2  444.0
2018 323 11 19 0600  -11.1  444.0    3.1  210.0   35.1  444.0
2018 323 11 19 0900  -16.8  444.0    1.6  273.0   47.7  444.0
2018 323 11 19 1200  -20.9  444.0    3.1  190.0   70.8  444.0
2018 323 11 19 1500  -21.4  444.0    1.6  238.0   59.9  444.0
2018 323 11 19 1800  -17.2  444.0    1.9  240.0   46.0  444.0
2018 323 11 19 2100  -13.9  444.0    2.7  322.0   54.9  444.0
2018 324 11 20 0000  -13.1  444.0    2.1  249.0   31.3  444.0
2018 324 11 20 0300  -14.8  444.0    5.3  145.0   59.5  444.0
2018 324 11 20 0600  -16.5  444.0    5.7  179.0   72.5  444.0
2018 324 11 20 0900  -19.6  444.0    3.9  195.0   69.1  444.0
2018 324 11 20 1200  -21.9  444.0    3.9  214.0   77.5  444.0
2018 324 11 20 1500  -22.6  444.0    4.3  214.0   70.8  444.0
2018 324 11 20 1800  -20.5  444.0    4.3  212.0   62.4  444.0
2018 324 11 20 2100  -16.2  444.0    5.5  200.0   54.4  444.0
2018 325 11 21 0000  -16.0  444.0    5.8  224.0   57.0  444.0
2018 325 11 21 0300  -13.9  444.0    4.1  218.0   52.8  444.0
2018 325 11 21 0600  -15.0  444.0    2.1  277.0   40.6  444.0
2018 325 11 21 0900  -18.2  444.0    3.9  236.0   71.2  444.0
2018 325 11 21 1200  -20.6  444.0    3.5  236.0   82.2  444.0
2018 325 11 21 1500  -20.1  444.0    4.1  231.0   72.5  444.0
2018 325 11 21 1800  -17.1  444.0    4.5  210.0   60.3  444.0
2018 325 11 21 2100  -15.5  444.0    6.8  179.0   63.3  444.0
2018 326 11 22 0000  -14.2  444.0    6.4  200.0   57.8  444.0
2018 326 11 22 0300  -12.1  444.0    5.5  177.0   63.7  444.0
2018 326 11 22 0600  -14.8  444.0    7.2  160.0   72.5  444.0
2018 326 11 22 0900  -18.9  444.0    8.0  176.0   79.2  444.0
2018 326 11 22 1200  -17.1  444.0    9.4  163.0   85.1  444.0
2018 326 11 22 1500  -15.0  444.0    6.4  155.0   85.5  444.0
2018 326 11 22 1800  -16.8  444.0    6.0  184.0   66.2  444.0
2018 326 11 22 2100  -15.5  444.0    7.2  217.0   62.8  444.0
2018 327 11 23 0000  -13.6  444.0    6.4  201.0   57.4  444.0
2018 327 11 23 0300  -11.2  444.0    6.4  201.0   58.2  444.0
2018 327 11 23 0600  -11.5  444.0    6.2  205.0   67.0  444.0
2018 327 11 23 0900  -14.1  444.0    4.3  205.0   76.7  444.0
2018 327 11 23 1200  -17.8  444.0    3.7  215.0   87.6  444.0
2018 327 11 23 1500  -15.5  444.0    5.7  212.0   78.4  444.0
2018 327 11 23 1800  -14.2  444.0    6.4  177.0   78.8  444.0
2018 327 11 23 2100  -13.2  444.0    6.4  184.0   64.5  444.0
2018 328 11 24 0000  -12.0  444.0    6.6  187.0   58.2  444.0
2018 328 11 24 0300   -9.8  444.0    5.7  195.0   60.7  444.0
2018 328 11 24 0600  -10.2  444.0    5.3  205.0   67.0  444.0
2018 328 11 24 0900  -12.4  444.0    4.7  222.0   78.8  444.0
2018 328 11 24 1200  -15.5  444.0    3.3  232.0   78.8  444.0
2018 328 11 24 1500  -16.1  444.0    3.5  224.0   74.6  444.0
2018 328 11 24 1800  -13.8  444.0    5.1  205.0   59.1  444.0
2018 328 11 24 2100  -10.8  444.0    5.1  208.0   51.1  444.0
2018 329 11 25 0000   -8.5  444.0    5.3  190.0   50.7  444.0
2018 329 11 25 0300   -6.5  444.0    2.3  221.0   38.5  444.0
2018 329 11 25 0600   -8.8  444.0    4.3  195.0   55.7  444.0
2018 329 11 25 0900  -12.4  444.0    3.9  233.0   72.5  444.0
2018 329 11 25 1200  -13.6  444.0    5.3  226.0   65.8  444.0
2018 329 11 25 1500  -12.0  444.0    7.0  193.0   79.2  444.0
2018 329 11 25 1800  -13.5  444.0    7.6  184.0   74.6  444.0
2018 329 11 25 2100  -12.5  444.0    9.8  174.0   69.6  444.0
2018 330 11 26 0000  -11.1  444.0    8.2  184.0   66.2  444.0
2018 330 11 26 0300   -9.8  444.0    9.2  174.0   72.5  444.0
2018 330 11 26 0600  -11.1  444.0    4.9  163.0   75.0  444.0
2018 330 11 26 0900  -13.2  444.0    3.5  176.0   78.4  444.0
2018 330 11 26 1200  -17.1  444.0    2.3  193.0   75.4  444.0
2018 330 11 26 1500  -16.9  444.0    1.4  191.0   68.3  444.0
2018 330 11 26 1800  -13.9  444.0    1.9  190.0   55.7  444.0
2018 330 11 26 2100  -12.0  444.0    2.9  190.0   51.9  444.0
2018 331 11 27 0000  -10.4  444.0    3.1  152.0   61.2  444.0
2018 331 11 27 0300  -10.1  444.0    3.7  173.0   70.0  444.0
2018 331 11 27 0600   -9.0  444.0    1.4  200.0   41.4  444.0
2018 331 11 27 0900  -13.9  444.0    2.7  210.0   67.9  444.0
2018 331 11 27 1200  -16.8  444.0    2.3  201.0   72.9  444.0
2018 331 11 27 1500  -16.4  444.0    3.9  188.0   71.7  444.0
2018 331 11 27 1800  -14.8  444.0    2.9  184.0   53.6  444.0
2018 331 11 27 2100  -12.5  444.0    2.7  176.0   59.5  444.0
2018 332 11 28 0000  -10.2  444.0    3.3  188.0   51.9  444.0
2018 332 11 28 0300   -7.2  444.0    2.5  173.0   55.7  444.0
2018 332 11 28 0600   -7.6  444.0    1.9  139.0   61.6  444.0
2018 332 11 28 0900  444.0  444.0    0.4  270.0   94.3  444.0
2018 332 11 28 1200  444.0  444.0    0.4  194.0   78.4  444.0
2018 332 11 28 1500  -14.2  444.0    0.0  270.0   73.3  444.0
2018 332 11 28 1800  -13.2  444.0    0.8  350.0   70.8  444.0
2018 332 11 28 2100  -10.2  444.0    1.4   96.0   41.8  444.0
2018 333 11 29 0000   -5.6  444.0    2.3   46.0   71.7  444.0
2018 333 11 29 0300   -3.0  444.0    1.6   46.0   62.4  444.0
2018 333 11 29 0600   -4.9  444.0    1.4   30.0   70.4  444.0
2018 333 11 29 0900   -6.2  444.0    1.9   37.0   85.5  444.0
2018 333 11 29 1200  -10.5  444.0    2.9   44.0   96.0  444.0
2018 333 11 29 1500  -10.1  444.0    2.5   52.0   96.4  444.0
2018 333 11 29 1800   -8.9  444.0    1.0   11.0   59.5  444.0
2018 333 11 29 2100  444.0  983.1    0.8  121.0   23.4  444.0
2018 334 11 30 0000   -4.6  982.2    1.0  117.0   25.0  444.0
2018 334 11 30 0300  444.0  981.0    0.6  339.0   49.8  444.0
2018 334 11 30 0600   -3.8  980.3    1.2   17.0   54.9  444.0
2018 334 11 30 0900  444.0  979.5    0.0  273.0   62.8  444.0
2018 334 11 30 1200  -13.6  979.0    0.8  155.0   85.5  444.0
2018 334 11 30 1500  -13.8  978.7    0.6  124.0   64.9  444.0
2018 334 11 30 1800  -10.8  978.2    1.4   46.0   63.7  444.0
2018 334 11 30 2100  444.0  978.0    0.2  357.0   20.4  444.0
