Year: 2018  Month: 01  ID: WDB  ARGOS:  9506  Name: WINDLESS BIGHT      
Lat: 77.73S  Lon: 167.70E  Elev:   40m
2018   1  1  1 0000   -5.0  984.3    2.4   89.3   71.2   -4.6
2018   1  1  1 0300  444.0  983.6    1.0  358.0   70.8    0.1
2018   1  1  1 0600  444.0  983.3    0.0    0.0   50.8    0.9
2018   1  1  1 0900   -5.6  984.0    2.2  317.1   89.6    1.7
2018   1  1  1 1200  -11.0  983.3    1.0  246.4   99.9    1.6
2018   1  1  1 1500  -13.5  983.3    0.4  358.1   99.9    4.1
2018   1  1  1 1800  -10.3  983.5    0.2  315.5   97.5    1.0
2018   1  1  1 2100   -5.0  984.7    1.6  320.3   88.8    0.3
2018   2  1  2 0000   -2.8  985.1    2.9  342.8   82.1   -0.3
2018   2  1  2 0300  444.0  444.0    2.4  315.5   31.2    0.0
2018   2  1  2 0600   -2.0  444.0    2.2   49.2   56.6    0.0
2018   2  1  2 0900   -5.2  986.7    2.9   40.7   71.7    0.4
2018   2  1  2 1200   -4.5  986.8    2.4  271.7   65.9    4.9
2018   2  1  2 1500  -10.1  987.3    0.7  127.8   80.3    4.8
2018   2  1  2 1800  444.0  988.2    1.1  334.9   99.9    0.9
2018   2  1  2 2100   -4.4  990.5    0.8   42.9   88.9    0.2
2018   3  1  3 0000  444.0  444.0    1.0   15.0   70.1    1.0
2018   3  1  3 0300   -2.5  444.0    3.7   93.1   72.0   -2.2
2018   3  1  3 0600   -2.4  444.0    2.0   38.1   73.3   -0.0
2018   3  1  3 0900   -4.9  444.0    2.1  212.0   75.5    1.2
2018   3  1  3 1200   -4.2  993.6    2.7  314.4   67.0    4.5
2018   3  1  3 1500  444.0  992.7    1.5   28.2   67.4    3.6
2018   3  1  3 1800  444.0  992.5    0.4  315.7   62.6    3.4
2018   3  1  3 2100   -4.9  444.0    0.5  121.0   82.8   -1.1
2018   4  1  4 0000  444.0  991.2    0.6  114.7   78.4   -3.9
2018   4  1  4 0300  444.0  989.4    0.7  156.0   76.2   -1.2
2018   4  1  4 0600  444.0  987.8    1.5  315.2   82.2   -1.4
2018   4  1  4 0900  444.0  986.8    0.9   20.3  100.0    2.2
2018   4  1  4 1200  444.0  985.5    0.5   47.5   74.3    2.5
2018   4  1  4 1500  444.0  983.7    1.5   63.4   83.5    2.2
2018   4  1  4 1800   -9.2  983.3    0.8  177.6   90.0    2.2
2018   4  1  4 2100   -5.5  984.0    0.6  125.6   78.4   -0.7
2018   5  1  5 0000   -4.7  984.5    0.7   73.1   71.8   -3.1
2018   5  1  5 0300  444.0  985.0    0.5  204.2   65.8   -0.9
2018   5  1  5 0600  444.0  986.2    0.5  119.6   70.5   -3.3
2018   5  1  5 0900  444.0  987.0    1.1  298.2   99.9    1.6
2018   5  1  5 1200   -7.0  987.5    0.5  313.5   72.8    0.3
2018   5  1  5 1500   -6.9  987.9    0.4   37.5   77.8    0.3
2018   5  1  5 1800   -6.3  988.3    0.0  169.7   68.8    2.8
2018   5  1  5 2100   -3.4  988.6    1.8  292.4   77.3    0.3
2018   6  1  6 0000   -4.1  987.7    5.4   84.0   84.6   -2.2
2018   6  1  6 0300   -4.8  987.6    4.8   97.8   90.2   -1.6
2018   6  1  6 0600   -5.0  986.9    1.8   44.1   77.4    0.1
2018   6  1  6 0900   -5.4  986.0    2.1   48.0   70.0    0.4
2018   6  1  6 1200   -5.6  984.9    0.9  332.4   63.1    2.3
2018   6  1  6 1500   -6.8  985.1    2.8  234.8   94.7    0.6
2018   6  1  6 1800   -8.3  985.6    3.4   98.4   87.0   -0.9
2018   6  1  6 2100   -3.4  986.3    1.4   26.1   68.3    1.1
2018   7  1  7 0000   -2.8  986.6    4.8   88.5   66.3   -2.3
2018   7  1  7 0300   -3.2  987.1    4.0   89.4   69.2   -2.9
2018   7  1  7 0600   -3.8  987.7    2.4  170.7   82.5   -0.6
2018   7  1  7 0900  444.0  987.6    0.0    0.0   76.9    1.9
2018   7  1  7 1200  444.0  987.1    0.3   18.7   95.5    2.1
2018   7  1  7 1500   -5.9  987.3    2.0  357.5   85.8    4.7
2018   7  1  7 1800   -5.0  988.4    2.0  308.1   82.4    4.4
2018   7  1  7 2100  444.0  989.7    0.5  261.8   82.7    0.5
2018   8  1  8 0000  444.0  990.7    0.8   17.0   69.7    0.5
2018   8  1  8 0300   -0.7  991.8    2.5   30.4   73.9   -0.1
2018   8  1  8 0600   -0.8  993.1    0.6  136.3   84.8   -0.3
2018   8  1  8 0900   -1.7  994.8    0.1   63.0   76.2    0.7
2018   8  1  8 1200   -1.9  996.2    1.1  290.3   80.4    0.8
2018   8  1  8 1500   -2.6  997.5    1.9  104.0   98.9   -0.4
2018   8  1  8 1800   -1.9  998.5    1.3  125.8   99.9   -0.9
2018   8  1  8 2100   -2.0  999.2    6.2  135.1  100.0   -0.2
2018   9  1  9 0000   -3.8 1000.0    9.0  141.3  100.0   -0.1
2018   9  1  9 0300   -3.0 1000.7    2.3   80.8   99.9   -1.7
2018   9  1  9 0600   -2.6 1000.8    2.1  127.7   99.9   -0.7
2018   9  1  9 0900   -3.5 1000.0    1.0  120.4   99.9   -0.9
2018   9  1  9 1200  444.0  999.3    0.0    0.0   99.9    0.7
2018   9  1  9 1500   -8.3  997.3    0.9   12.4   99.9    1.7
2018   9  1  9 1800   -7.4  996.1    0.9  309.2  100.0    2.1
2018   9  1  9 2100   -4.1  995.4    1.0  289.9  100.0   -0.3
2018  10  1 10 0000   -1.6  993.8    1.9  174.2   84.9   -0.5
2018  10  1 10 0300   -0.5  992.2    1.6  195.0   81.1   -0.2
2018  10  1 10 0600   -6.0  990.9    3.0  119.5   99.0   -1.1
2018  10  1 10 0900   -6.9  988.7    2.2  110.7   99.9   -1.0
2018  10  1 10 1200   -9.4  987.6    2.2  111.2   99.9   -0.3
2018  10  1 10 1500   -9.3  985.9    3.1   89.9   99.9   -0.6
2018  10  1 10 1800   -9.8  984.2    1.3  101.4   99.9   -0.9
2018  10  1 10 2100   -8.8  983.5    2.9  108.2  100.0   -1.5
2018  11  1 11 0000   -7.3  984.2    2.8   76.1   98.6   -1.6
2018  11  1 11 0300   -7.0  982.7    2.1   37.4   90.7   -0.6
2018  11  1 11 0600   -6.9  981.7    2.0  110.4   95.9   -1.5
2018  11  1 11 0900   -7.5  981.1    2.3  115.2   94.2   -2.0
2018  11  1 11 1200  -11.3  980.5    1.5  133.5   99.9    0.3
2018  11  1 11 1500   -6.7  979.9    1.3   65.6   76.8    0.2
2018  11  1 11 1800   -4.5  980.9    2.6  244.6   64.4    0.3
2018  11  1 11 2100   -1.9  982.1    1.6  273.6   50.2    0.3
2018  12  1 12 0000   -6.7  983.5    0.9  354.8   90.4    0.0
2018  12  1 12 0300   -7.0  983.8    3.5  133.9   89.6   -0.5
2018  12  1 12 0600   -6.6  984.5    1.7   67.2   90.3   -1.0
2018  12  1 12 0900   -3.6  985.0    3.2  331.1   77.0    0.3
2018  12  1 12 1200   -3.3  985.8    0.7  336.6   61.5    1.1
2018  12  1 12 1500   -3.3  986.6    1.7  192.1   73.6    0.8
2018  12  1 12 1800   -3.0  986.9    3.0  350.5   73.9    0.8
2018  12  1 12 2100   -2.3  986.9    2.7  269.5   73.0    0.2
2018  13  1 13 0000   -1.5  987.8    1.9  274.2   59.6    0.5
2018  13  1 13 0300   -3.9  989.4    4.1   73.9   82.0   -1.9
2018  13  1 13 0600   -3.1  989.5    1.2   31.6   83.5   -0.6
2018  13  1 13 0900   -5.4  990.6    1.9  266.0  100.0    2.1
2018  13  1 13 1200   -8.3  990.9    0.6  320.3   94.9    4.5
2018  13  1 13 1500   -9.8  990.9    1.0  335.3   99.9    1.6
2018  13  1 13 1800   -7.2  990.5    1.5   14.3  100.0    4.5
2018  13  1 13 2100   -3.7  990.3    0.6   25.7  100.0    1.2
2018  14  1 14 0000   -4.0  989.5    1.4  134.0   98.0   -0.7
2018  14  1 14 0300   -4.1  988.7    2.4  120.8   99.9   -1.4
2018  14  1 14 0600   -4.4  987.9    3.2  114.6   99.9   -1.0
2018  14  1 14 0900   -5.7  986.9    2.6  114.8   99.9   -0.8
2018  14  1 14 1200   -8.4  985.8    3.1  112.5  100.0   -0.4
2018  14  1 14 1500  -10.1  984.3    2.6  113.6   99.9   -0.3
2018  14  1 14 1800  -10.0  983.5    1.7   83.5   99.9   -0.8
2018  14  1 14 2100   -7.9  982.3    1.5   90.3  100.0   -1.4
2018  15  1 15 0000  444.0  981.3    0.9   13.2  100.0   -0.0
2018  15  1 15 0300   -4.1  979.9    2.9   68.6   99.9   -1.1
2018  15  1 15 0600  444.0  978.1    1.0   56.7   94.0   -1.8
2018  15  1 15 0900   -5.5  977.1    1.8   51.9   93.8   -0.2
2018  15  1 15 1200   -6.2  975.2    1.1   21.2   99.9    4.7
2018  15  1 15 1500   -9.3  974.5    1.4  290.9   99.9    0.6
2018  15  1 15 1800   -5.0  973.7    2.4   35.8  100.0   -0.1
2018  15  1 15 2100   -4.4  973.3    1.2  348.3   87.8    0.0
2018  16  1 16 0000  444.0  971.9    0.4  233.1   69.1   -0.1
2018  16  1 16 0300  444.0  444.0  444.0  444.0  444.0  444.0
2018  16  1 16 0600   -7.3  971.1    1.1  119.6   99.9   -0.8
2018  16  1 16 0900   -7.1  971.1    0.6   98.2  100.1   -1.8
2018  16  1 16 1200   -8.1  971.4    2.5  111.6  100.0   -0.5
2018  16  1 16 1500   -8.9  971.3    3.3  133.0  100.0   -0.2
2018  16  1 16 1800   -8.8  972.7    3.6  134.9  100.0   -0.3
2018  16  1 16 2100   -8.2  973.8    3.1   99.3   94.7   -1.7
2018  17  1 17 0000   -9.4  975.2    5.6  117.6   88.8   -0.9
2018  17  1 17 0300   -8.5  975.3    3.4   64.2   82.8   -0.9
2018  17  1 17 0600   -7.9  975.7    1.3  140.6   82.9   -0.3
2018  17  1 17 0900   -6.6  977.0    1.4   44.1   69.7   -0.4
2018  17  1 17 1200  -10.5  976.4    2.6   53.6   90.8   -0.1
2018  17  1 17 1500   -8.4  976.0    2.6   99.0   99.2   -0.7
2018  17  1 17 1800   -8.7  975.8    1.5   63.1   99.5   -0.5
2018  17  1 17 2100   -8.7  975.4    1.1  293.1   92.3    0.3
2018  18  1 18 0000   -6.7  974.5    0.3  185.4   73.0    0.6
2018  18  1 18 0300   -4.5  974.3    3.2  223.0   80.1   -0.1
2018  18  1 18 0600   -2.8  973.1    3.4  340.1   75.4    0.2
2018  18  1 18 0900   -1.8  972.4    2.9  300.7   63.0    0.6
2018  18  1 18 1200   -4.2  972.5    3.3  278.2   73.6    0.5
2018  18  1 18 1500   -6.8  972.5    0.8  118.8   98.1    0.4
2018  18  1 18 1800   -4.1  973.1    4.6  337.6   89.8    0.2
2018  18  1 18 2100   -5.7  974.4    4.7  255.4   85.2    0.0
2018  19  1 19 0000   -6.5  974.7    2.6   79.3   87.2   -1.5
2018  19  1 19 0300   -2.7  974.4    2.6  298.3   60.7   -0.0
2018  19  1 19 0600  444.0  974.7    0.8   72.8   53.6   -0.1
2018  19  1 19 0900   -2.6  974.7    2.9  329.4   48.4    1.0
2018  19  1 19 1200   -2.8  974.2    1.8   18.8   43.6    1.8
2018  19  1 19 1500   -8.7  973.3    2.5   32.9   93.6    0.7
2018  19  1 19 1800   -6.5  973.5    0.6   90.6   71.8    2.0
2018  19  1 19 2100   -6.7  973.8    1.6  306.0   46.5    2.0
2018  20  1 20 0000   -1.9  973.3    1.6    3.6   50.3    0.3
2018  20  1 20 0300   -2.8  973.2    3.6  291.2   49.4    0.2
2018  20  1 20 0600   -2.0  971.1    4.1  332.2   40.3    0.5
2018  20  1 20 0900   -1.8  970.8    5.2  211.5   53.6    0.7
2018  20  1 20 1200   -2.5  970.5    2.2   12.6   63.9    0.9
2018  20  1 20 1500   -3.4  970.1    6.4  337.8   99.9    0.1
2018  20  1 20 1800   -3.4  970.9    4.4  342.8   99.8   -0.0
2018  20  1 20 2100   -1.5  971.2    1.8  277.0   76.8    0.4
2018  21  1 21 0000   -2.9  971.3    5.1  220.4   99.9    0.1
2018  21  1 21 0300   -2.9  971.2    3.2  217.5   99.9   -0.1
2018  21  1 21 0600   -5.4  972.9    2.1  159.2  100.0   -0.2
2018  21  1 21 0900   -7.9  973.7    1.0  321.8  100.0   -0.1
2018  21  1 21 1200   -8.3  974.0    1.8  176.7  100.0    0.1
2018  21  1 21 1500   -5.8  973.7    2.3   67.2   89.9    0.1
2018  21  1 21 1800   -3.7  972.7    3.4    8.8  100.1    0.1
2018  21  1 21 2100   -2.9  972.8    2.2  234.9   99.9   -0.1
2018  22  1 22 0000   -4.4  974.7    3.4  123.2   99.9   -0.7
2018  22  1 22 0300   -5.0  976.5    2.0  122.0   99.9   -1.1
2018  22  1 22 0600   -5.4  977.8    2.2   87.8   99.9   -1.7
2018  22  1 22 0900   -7.0  978.9    2.1   69.4   99.9    0.4
2018  22  1 22 1200   -8.1  979.8    2.0   63.2   99.9   -0.2
2018  22  1 22 1500   -7.3  980.9    0.6   74.3  100.0   -0.4
2018  22  1 22 1800   -8.6  982.7    3.1  109.7  100.0   -0.6
2018  22  1 22 2100  -11.1  983.6    2.1  129.4   90.9   -0.4
2018  23  1 23 0000  -10.2  984.0    1.8   78.1   76.1   -3.6
2018  23  1 23 0300   -9.8  983.5    3.3   91.9   81.5   -3.9
2018  23  1 23 0600   -9.7  983.5    1.8   56.1   70.3    0.1
2018  23  1 23 0900   -9.9  982.6    3.7   35.3   95.2    0.0
2018  23  1 23 1200  -10.5  982.5    2.0   31.6   97.0    0.8
2018  23  1 23 1500  -10.4  981.9    0.9  150.6   93.3    0.5
2018  23  1 23 1800  -12.1  981.8    1.9  109.2   99.9   -0.5
2018  23  1 23 2100   -8.7  981.9    1.2   43.9  100.0   -0.2
2018  24  1 24 0000   -6.3  982.4    3.8   37.1  100.0   -0.2
2018  24  1 24 0300   -5.5  981.2    3.3   50.4  100.0   -0.7
2018  24  1 24 0600   -5.5  981.1    2.5   39.1   99.9   -0.6
2018  24  1 24 0900   -5.2  980.2    2.4   33.0   99.9   -0.3
2018  24  1 24 1200   -5.6  980.2    2.3  335.5   99.9   -0.7
2018  24  1 24 1500   -5.1  979.8    1.4  281.5   99.9   -0.2
2018  24  1 24 1800  444.0  980.9    0.2  250.5   99.9    0.0
2018  24  1 24 2100   -4.2  981.6    1.9  337.8   99.9   -1.4
2018  25  1 25 0000   -4.4  982.2    2.7  258.8   99.9   -1.8
2018  25  1 25 0300   -5.2  982.9    1.2   86.8  100.0   -2.0
2018  25  1 25 0600   -5.4  984.2    3.0   56.0  100.1   -3.9
2018  25  1 25 0900   -6.3  985.6    5.2   49.5  100.0   -3.5
2018  25  1 25 1200   -6.1  986.5    2.9   28.0   99.9   -1.8
2018  25  1 25 1500   -4.6  987.3    0.6  339.9   99.9   -0.2
2018  25  1 25 1800   -6.7  988.2    3.0   70.2  100.0   -2.2
2018  25  1 25 2100   -7.1  988.4    5.0   93.5   99.9   -2.2
2018  26  1 26 0000   -5.3  989.7    4.8   87.6   80.4   -0.2
2018  26  1 26 0300   -5.7  989.6    5.3   88.3   88.5   -0.3
2018  26  1 26 0600   -6.8  989.2    5.6   85.8   81.3    0.3
2018  26  1 26 0900   -8.8  988.4    5.7   88.6   80.5    0.9
2018  26  1 26 1200   -9.9  988.3    1.5   71.5   68.7    0.5
2018  26  1 26 1500  -14.2  987.3    0.6  240.6   86.4   -3.8
2018  26  1 26 1800  444.0  986.8    1.1   42.7   78.2    1.7
2018  26  1 26 2100   -6.4  986.8    2.1   82.6   84.0    1.0
2018  27  1 27 0000   -4.8  986.5    2.5   24.9   71.7    0.2
2018  27  1 27 0300   -7.6  985.5    3.4   99.6   83.1   -0.9
2018  27  1 27 0600   -6.4  985.9    2.2  122.1   81.8    1.2
2018  27  1 27 0900   -8.3  986.3    1.6   10.5   81.5   -0.5
2018  27  1 27 1200  444.0  986.9    0.5   71.1   94.5   -1.6
2018  27  1 27 1500  -10.4  987.3    2.5   94.6   79.5   -0.4
2018  27  1 27 1800  -11.7  988.4    2.1  104.8   91.0   -0.5
2018  27  1 27 2100   -9.6  989.3    2.4  124.2   83.7    0.7
2018  28  1 28 0000   -9.8  990.7    2.3   66.0   76.2    0.1
2018  28  1 28 0300  -11.1  991.2    4.1  113.8   84.2    0.0
2018  28  1 28 0600  -10.4  992.0    1.7   63.3   73.8    0.6
2018  28  1 28 0900  -12.0  991.7    1.7  159.9   92.7   -0.6
2018  28  1 28 1200  -11.4  992.0    0.2  168.9   93.5   -0.5
2018  28  1 28 1500  -12.0  991.6    0.6   86.7   92.5   -0.4
2018  28  1 28 1800  -11.9  991.1    0.4   85.2   89.8   -0.5
2018  28  1 28 2100  444.0  990.9    0.2  284.5   81.0    1.7
2018  29  1 29 0000   -9.7  991.3    0.0    0.0   57.2    4.2
2018  29  1 29 0300   -9.4  989.5    1.8   74.3   75.2    0.9
2018  29  1 29 0600   -9.4  988.5    2.4   68.9   77.9    0.9
2018  29  1 29 0900   -9.3  988.0    3.9   80.7   80.1    1.0
2018  29  1 29 1200  -10.7  986.4    2.4   49.4   82.5    0.2
2018  29  1 29 1500  -10.6  985.1    1.1  134.9   75.6    1.4
2018  29  1 29 1800  444.0  984.0    1.3  103.1   84.9   -1.0
2018  29  1 29 2100  444.0  983.9    1.2  164.7   77.1    1.1
2018  30  1 30 0000  444.0  983.8    0.2  204.7   67.1    2.4
2018  30  1 30 0300  444.0  983.3    0.9  114.1   77.5   -4.5
2018  30  1 30 0600   -9.0  982.5    2.1   93.9   84.6   -4.4
2018  30  1 30 0900  -14.3  983.2    1.6  203.5   87.2   -0.1
2018  30  1 30 1200  -21.5  984.8    1.0  304.4   97.8    1.4
2018  30  1 30 1500  -25.8  985.2    0.1  359.5   81.6   -0.5
2018  30  1 30 1800  -21.7  985.7    1.1    9.6   83.5    1.3
2018  30  1 30 2100  444.0  986.3    0.6  130.5   85.0    1.4
2018  31  1 31 0000  444.0  987.0    0.8   69.8   85.3   -1.0
2018  31  1 31 0300  444.0  987.4    1.3   82.2   88.6   -3.5
2018  31  1 31 0600   -9.7  988.4    0.5   57.7   94.4   -1.6
2018  31  1 31 0900  444.0  988.9    0.8  357.9   96.9   -0.6
2018  31  1 31 1200  -12.4  989.0    0.9   56.0   99.9   -0.6
2018  31  1 31 1500  -14.3  989.2    0.1   55.2   99.8   -0.5
2018  31  1 31 1800  444.0  989.5    0.7   57.1   85.7    0.6
2018  31  1 31 2100  444.0  989.6    1.3  356.6   84.6    0.9
