Year: 2018  Month: 01  ID: WFD  ARGOS:  9502  Name: WILLIE FIELD        
Lat: 77.87S  Lon: 166.95E  Elev:   12m
2018   1  1  1 0000   -3.7  987.7    2.7   87.7   78.3    0.1
2018   1  1  1 0300   -2.5  987.8    1.3   51.4   71.7   -0.1
2018   1  1  1 0600   -2.8  987.2    1.2   18.6   79.3   -1.6
2018   1  1  1 0900   -4.7  987.5    0.6  163.8   73.6    2.4
2018   1  1  1 1200   -3.9  987.3    3.2  268.5   77.7    0.9
2018   1  1  1 1500   -4.3  987.9    3.2  244.8   81.7    1.1
2018   1  1  1 1800   -6.4  988.0    3.7  200.4   90.1    0.1
2018   1  1  1 2100   -3.5  988.3    0.7  214.4   71.9   -1.3
2018   2  1  2 0000   -1.4  988.2    2.2   40.1   74.9   -0.2
2018   2  1  2 0300  444.0  989.5    0.4   66.5   51.8    0.3
2018   2  1  2 0600   -1.2  989.6    1.7   70.4   73.4   -0.2
2018   2  1  2 0900   -4.9  990.0    3.8   20.3   77.7   -0.7
2018   2  1  2 1200   -3.4  991.6    3.1  342.6   55.0    2.6
2018   2  1  2 1500  444.0  992.1    0.4  160.9   71.6    1.3
2018   2  1  2 1800   -2.0  992.6    2.7  278.2   57.9    0.6
2018   2  1  2 2100   -4.0  993.7    2.2  320.5   86.6   -0.3
2018   3  1  3 0000   -2.6  995.1    2.3   27.2   72.6   -0.6
2018   3  1  3 0300   -1.5  996.4    2.2   43.1   76.8   -0.3
2018   3  1  3 0600   -2.3  996.4    2.4   40.2   72.5   -0.3
2018   3  1  3 0900   -2.1  997.3    1.0  241.8   54.8    0.1
2018   3  1  3 1200   -3.8  997.5    2.4  359.1   59.5    2.7
2018   3  1  3 1500   -6.8  997.0    2.2   84.1   81.8    3.5
2018   3  1  3 1800   -8.2  996.3    2.7  102.5   90.8    0.3
2018   3  1  3 2100   -5.7  995.7    1.3   98.8   81.0   -0.2
2018   4  1  4 0000   -3.0  994.2    1.8   70.3   82.5    0.3
2018   4  1  4 0300   -1.7  992.5    1.7  111.1   76.7   -0.3
2018   4  1  4 0600   -0.7  991.4    4.7  304.4   59.1   -0.0
2018   4  1  4 0900   -2.0  989.1    8.7  301.5   66.6    0.2
2018   4  1  4 1200   -2.1  988.5    8.9  311.7   69.8    0.4
2018   4  1  4 1500   -2.4  987.4    8.5  314.8   78.2    0.3
2018   4  1  4 1800   -2.1  987.2    5.7  342.5   76.6   -0.1
2018   4  1  4 2100   -0.8  987.2    5.2  315.6   73.2   -0.0
2018   5  1  5 0000   -0.4  988.0    6.1  294.2   76.0   -0.0
2018   5  1  5 0300   -0.3  988.3    7.2  297.1   71.8   -0.1
2018   5  1  5 0600   -1.4  989.8    2.2   54.8   77.3   -0.4
2018   5  1  5 0900   -2.5  990.6    1.1   64.4   82.0    0.3
2018   5  1  5 1200   -5.8  991.8    1.2   84.1   85.2    1.5
2018   5  1  5 1500   -5.8  992.2    1.7   64.8   87.5    0.5
2018   5  1  5 1800   -6.0  992.1    1.3   28.1   88.9    3.4
2018   5  1  5 2100   -2.8  991.6    6.7  135.8   73.1   -0.0
2018   6  1  6 0000   -4.6  991.5    4.0  105.5   84.5   -0.1
2018   6  1  6 0300   -3.1  990.8    6.1   71.3   83.2   -0.1
2018   6  1  6 0600   -3.4  989.8    5.9   52.5   75.4   -0.2
2018   6  1  6 0900   -4.6  989.9    1.2   39.2   74.3   -0.2
2018   6  1  6 1200   -5.6  989.2    2.6  121.8   65.4    2.1
2018   6  1  6 1500   -6.1  988.8    1.0   19.5   79.7    0.2
2018   6  1  6 1800   -8.2  989.7    3.9   28.4   85.5   -0.3
2018   6  1  6 2100   -4.4  990.1    3.4   12.1   75.0   -1.6
2018   7  1  7 0000   -2.6  989.9    3.8   31.5   70.7   -0.2
2018   7  1  7 0300   -3.0  990.9    4.2   41.0   72.8   -0.2
2018   7  1  7 0600   -3.3  991.2    2.7   87.4   74.6   -0.0
2018   7  1  7 0900   -6.2  991.1    2.7   44.2   87.7    0.3
2018   7  1  7 1200   -9.3  991.5    3.2   41.6   94.1    0.6
2018   7  1  7 1500  -10.1  991.8    3.0   32.0   88.5    0.6
2018   7  1  7 1800   -6.6  992.5    1.5   52.1   73.4    1.7
2018   7  1  7 2100   -4.5  993.5    0.8   90.3   70.2    0.8
2018   8  1  8 0000  444.0  994.8    0.9   10.1   67.7   -2.1
2018   8  1  8 0300   -0.2  995.5    1.3   86.9   71.5    0.1
2018   8  1  8 0600   -0.8  996.8    0.8  126.5   63.1   -0.3
2018   8  1  8 0900   -2.4  998.6    0.6    9.2   78.9    0.5
2018   8  1  8 1200   -1.7 1000.1    1.1  300.4   80.7    0.7
2018   8  1  8 1500   -2.5 1001.4    2.1   54.2   90.1    0.3
2018   8  1  8 1800   -2.5 1002.8    4.6  118.4   95.6   -0.1
2018   8  1  8 2100   -2.4 1003.4    8.0  134.6   95.2   -0.2
2018   9  1  9 0000   -2.2 1004.0    6.9  131.8   90.2   -0.2
2018   9  1  9 0300   -2.7 1003.6    7.5  128.0   90.6   -0.1
2018   9  1  9 0600   -3.1 1004.5    6.2  119.6   94.7   -0.1
2018   9  1  9 0900   -3.4 1003.9    3.2   86.4   94.9   -0.0
2018   9  1  9 1200   -4.4 1003.0    2.5   16.2   95.6   -0.0
2018   9  1  9 1500   -6.3 1002.0    0.9   74.1   98.8    1.7
2018   9  1  9 1800   -6.4 1000.7    0.9   12.3   94.6    3.0
2018   9  1  9 2100   -4.8  998.7    0.9  358.0   84.9   -2.2
2018  10  1 10 0000  444.0  998.3    0.8   63.5   78.2    0.1
2018  10  1 10 0300   -2.8  996.2    4.2  106.3   88.2   -0.2
2018  10  1 10 0600   -5.5  994.6    4.3   64.2   89.4   -0.1
2018  10  1 10 0900   -6.6  993.1    3.0   43.1   91.0   -0.1
2018  10  1 10 1200   -9.2  991.5    2.8   29.0   89.6   -0.1
2018  10  1 10 1500   -9.5  990.1    2.7   68.3   97.2   -0.0
2018  10  1 10 1800   -9.8  989.1    3.0   58.5   94.6   -0.1
2018  10  1 10 2100   -8.4  988.2    4.5   69.8   93.0    0.1
2018  11  1 11 0000   -6.7  987.8    5.7   65.9   87.3   -0.2
2018  11  1 11 0300   -6.6  986.5    4.6   67.2   85.6   -0.1
2018  11  1 11 0600   -6.5  985.7    4.1   73.5   87.2   -0.1
2018  11  1 11 0900   -8.7  985.5    2.9   63.9   90.1    0.1
2018  11  1 11 1200  -10.6  985.4    2.7   54.4   91.4   -0.1
2018  11  1 11 1500  -10.0  984.5    2.8   44.3   92.3    0.3
2018  11  1 11 1800   -9.7  985.2    1.6  187.0   83.3    0.6
2018  11  1 11 2100   -6.1  985.7    3.4  111.3   84.1   -0.2
2018  12  1 12 0000   -6.9  987.3    4.3   41.4   86.3   -0.3
2018  12  1 12 0300   -6.7  987.8    5.2   80.6   86.1   -0.2
2018  12  1 12 0600   -6.4  988.2    3.8   52.0   89.0   -0.2
2018  12  1 12 0900   -4.4  988.3    2.7   14.7   77.1    0.3
2018  12  1 12 1200   -4.8  989.5    0.4  190.6   79.8    0.3
2018  12  1 12 1500   -5.6  990.3    1.3  329.7   88.3    0.0
2018  12  1 12 1800   -3.9  990.9    1.5  151.3   70.8    1.3
2018  12  1 12 2100   -1.5  990.9    5.3  310.2   71.3    0.1
2018  13  1 13 0000   -1.6  991.3    6.3  302.9   75.7    0.3
2018  13  1 13 0300   -2.9  992.7    1.6   54.3   62.8   -0.1
2018  13  1 13 0600   -4.1  993.5    2.0   70.2   81.2    0.0
2018  13  1 13 0900   -4.5  994.7    0.3  114.8   73.5    0.9
2018  13  1 13 1200  444.0  994.8    1.2   90.9   88.5    3.3
2018  13  1 13 1500  -10.2  994.5    2.6   15.4   91.5    0.8
2018  13  1 13 1800   -8.7  994.5    2.6   46.6   84.1   -0.7
2018  13  1 13 2100   -4.0  993.4    2.3   31.2   74.1    0.5
2018  14  1 14 0000   -4.0  993.4    2.2   76.5   84.1    0.3
2018  14  1 14 0300   -5.1  992.6    4.9   94.3   84.8   -0.2
2018  14  1 14 0600   -5.4  992.0    3.5   59.5   90.7   -0.0
2018  14  1 14 0900   -8.6  991.1    4.3   77.8   93.2    0.4
2018  14  1 14 1200   -8.8  990.1    4.2   77.3   93.6   -0.1
2018  14  1 14 1500  -11.0  988.9    4.1   75.7   94.9   -0.1
2018  14  1 14 1800  -10.3  987.8    4.0   59.4   94.3    0.1
2018  14  1 14 2100   -9.2  986.5    3.7   45.8   87.6   -0.4
2018  15  1 15 0000   -5.3  985.2    2.3   44.6   83.4    0.3
2018  15  1 15 0300   -4.5  983.3    4.4   56.1   79.4    0.3
2018  15  1 15 0600   -4.1  982.0    1.9   54.1   81.2   -1.4
2018  15  1 15 0900   -2.9  980.5    1.6  339.4   86.1   -0.1
2018  15  1 15 1200   -2.6  979.7    4.8  285.1   86.5    0.1
2018  15  1 15 1500   -2.8  978.6    3.6  303.0   84.2    0.2
2018  15  1 15 1800   -3.0  977.6    1.1  265.0   83.7   -0.1
2018  15  1 15 2100   -2.8  977.2    2.5  342.6   82.6   -0.5
2018  16  1 16 0000   -2.0  976.1    0.7  295.3   58.1   -0.1
2018  16  1 16 0300  444.0  444.0  444.0  444.0  444.0  444.0
2018  16  1 16 0600   -7.6  975.1    4.4   85.1   91.4   -0.2
2018  16  1 16 0900   -8.0  975.2    3.8   72.1   93.2   -0.1
2018  16  1 16 1200   -8.1  975.4    4.1   92.5   93.8   -0.0
2018  16  1 16 1500   -8.7  976.1    5.2   86.5   92.4   -0.0
2018  16  1 16 1800   -8.6  976.9    5.7   90.2   91.1   -0.1
2018  16  1 16 2100   -8.2  978.1    6.4   82.7   87.3   -0.2
2018  17  1 17 0000   -9.1  978.8    7.5  101.8   85.9   -0.2
2018  17  1 17 0300   -7.8  979.0    3.7   84.6   82.0   -0.2
2018  17  1 17 0600   -7.9  979.3    3.9  145.2   79.1   -0.2
2018  17  1 17 0900   -9.7  980.0    4.7  149.2   84.2    0.3
2018  17  1 17 1200   -8.3  980.3    1.6   84.5   82.4    0.1
2018  17  1 17 1500   -8.6  980.0    1.4  159.3   81.3   -0.2
2018  17  1 17 1800   -8.2  980.1    1.7   58.5   88.6    0.0
2018  17  1 17 2100   -8.2  978.7    2.1    7.2   82.4   -2.4
2018  18  1 18 0000   -5.1  978.1    4.7  255.0   68.8   -0.0
2018  18  1 18 0300   -4.1  977.4    3.5  236.9   74.5   -0.3
2018  18  1 18 0600   -3.1  976.2    3.0  255.4   78.5   -0.0
2018  18  1 18 0900   -3.0  975.8    2.7  256.6   83.9    0.4
2018  18  1 18 1200   -2.4  976.2    1.6  269.8   61.4    0.9
2018  18  1 18 1500   -6.2  976.9    1.4   88.0   84.9    0.3
2018  18  1 18 1800   -5.0  977.2    2.1   23.8   73.2    0.2
2018  18  1 18 2100   -6.9  978.0    7.1  156.0   88.6   -0.1
2018  19  1 19 0000   -5.6  978.0    4.1   43.7   82.7   -0.3
2018  19  1 19 0300   -3.5  977.9    3.9   40.6   64.1    0.1
2018  19  1 19 0600   -3.0  977.2    4.7   35.8   64.8    0.1
2018  19  1 19 0900   -3.8  978.1    4.0   58.2   66.3    0.4
2018  19  1 19 1200   -4.3  977.6    2.7   46.9   57.6    1.1
2018  19  1 19 1500   -8.6  977.7    2.1   30.8   86.9    0.1
2018  19  1 19 1800   -7.7  977.6    2.8   28.2   77.3    0.5
2018  19  1 19 2100   -4.6  977.9    3.1  121.5   59.3    0.1
2018  20  1 20 0000   -3.6  977.2    3.2  101.4   56.8    0.1
2018  20  1 20 0300   -2.7  976.6    1.5  113.8   54.7    0.2
2018  20  1 20 0600   -3.9  974.5    4.4   10.0   58.3   -0.4
2018  20  1 20 0900   -1.8  973.8    2.1  206.2   58.9    0.3
2018  20  1 20 1200   -1.6  973.9    3.0  112.0   59.1    0.3
2018  20  1 20 1500   -2.1  972.8    9.6  167.5   80.1    0.3
2018  20  1 20 1800   -2.6  974.2    8.1  171.7   84.7    0.2
2018  20  1 20 2100   -1.4  974.3    5.5  158.8   79.2    0.1
2018  21  1 21 0000   -2.8  974.5   10.5  183.1   87.3    0.1
2018  21  1 21 0300   -2.9  974.7   10.2  173.2   96.0    0.1
2018  21  1 21 0600   -6.0  976.9    4.9   98.7   92.2   -0.1
2018  21  1 21 0900   -7.2  977.9    5.5   73.2   90.5    0.1
2018  21  1 21 1200   -5.9  977.6    5.3   90.9   83.2    0.2
2018  21  1 21 1500   -5.5  976.9    5.5   62.4   84.9    0.1
2018  21  1 21 1800   -5.7  976.4    3.2   42.6   95.5   -0.1
2018  21  1 21 2100  444.0  976.1    1.8  214.4   88.6    0.1
2018  22  1 22 0000   -3.0  977.9    2.6  102.9   88.6   -0.4
2018  22  1 22 0300   -4.6  979.2    3.2   38.5   88.5   -0.4
2018  22  1 22 0600   -5.3  981.4    4.8   73.2   89.3    0.3
2018  22  1 22 0900   -6.6  982.4    5.0   69.0   89.1    0.7
2018  22  1 22 1200   -9.9  984.1    3.6   11.7   92.9    1.2
2018  22  1 22 1500   -6.8  985.1    2.7   59.3   93.5    0.1
2018  22  1 22 1800   -9.1  986.8    4.5   97.3   93.5   -0.0
2018  22  1 22 2100  -11.2  988.0    6.1   71.7   84.0   -0.1
2018  23  1 23 0000  -10.1  987.3    3.7   54.7   81.0    0.0
2018  23  1 23 0300   -9.6  988.1    4.6   47.0   84.1   -0.3
2018  23  1 23 0600  -10.5  987.6    3.6   18.2   83.9   -0.7
2018  23  1 23 0900   -8.9  987.2    3.2   21.3   81.1   -0.9
2018  23  1 23 1200  -10.3  986.8    3.1   29.0   88.2    0.2
2018  23  1 23 1500  -11.2  986.5    4.0   44.3   90.4    0.7
2018  23  1 23 1800  -12.1  985.8    4.2   56.5   93.2    0.0
2018  23  1 23 2100   -9.5  985.9    2.7   44.4   85.0    0.0
2018  24  1 24 0000   -5.8  985.7    6.6   49.2   87.6   -0.1
2018  24  1 24 0300   -5.7  983.8    6.3   50.9   91.8   -0.1
2018  24  1 24 0600   -5.5  983.6    6.4   66.1   92.9   -0.0
2018  24  1 24 0900   -5.5  983.4    8.7  140.1   90.4    0.1
2018  24  1 24 1200   -4.6  983.6    7.3  109.4   93.1    0.1
2018  24  1 24 1500   -4.9  982.8   11.8  157.0   91.8    0.1
2018  24  1 24 1800   -5.0  983.2   11.7  164.6   95.2    0.1
2018  24  1 24 2100   -4.9  983.9   11.4  160.6   94.8   -0.1
2018  25  1 25 0000   -5.3  985.1   11.2  149.4   91.9   -0.0
2018  25  1 25 0300   -5.0  986.0   11.4  142.4   93.9   -0.0
2018  25  1 25 0600   -4.8  987.2    5.9  128.1   86.5    0.1
2018  25  1 25 0900   -5.5  989.1    1.8    3.8   92.9   -0.2
2018  25  1 25 1200   -5.4  990.6    3.8   31.2   90.4    0.1
2018  25  1 25 1500   -4.5  990.4    5.6  139.8   80.0    0.2
2018  25  1 25 1800   -7.0  992.1    3.0   81.0   88.0    0.6
2018  25  1 25 2100   -6.7  993.1    3.1   54.2   88.4   -0.0
2018  26  1 26 0000   -5.1  993.2    4.1   28.1   82.3   -0.4
2018  26  1 26 0300   -4.8  992.9    4.2   63.1   82.4   -0.2
2018  26  1 26 0600   -6.6  993.3    4.6   46.8   84.4   -0.0
2018  26  1 26 0900   -7.9  993.4    3.3   12.3   78.4   -0.1
2018  26  1 26 1200   -9.7  992.6    2.9   24.8   75.5    2.0
2018  26  1 26 1500  -12.0  991.6    1.9   84.4   77.2    2.0
2018  26  1 26 1800  -14.0  990.9    1.8   59.1   79.3   -0.2
2018  26  1 26 2100   -8.2  990.8    1.4   30.0   79.5   -0.6
2018  27  1 27 0000   -4.2  989.8    2.3   80.0   73.4   -0.0
2018  27  1 27 0300   -8.5  989.4    4.0   75.7   76.9    0.0
2018  27  1 27 0600   -7.6  990.3    4.0   90.9   83.4   -0.0
2018  27  1 27 0900   -8.0  990.9    3.4    8.3   83.9   -0.5
2018  27  1 27 1200   -8.8  991.3    2.3   28.1   79.0    0.1
2018  27  1 27 1500   -8.8  991.8    2.6   65.5   79.4    0.1
2018  27  1 27 1800  -10.1  992.6    3.6   73.5   86.2   -0.0
2018  27  1 27 2100  -11.0  993.4    3.9   61.0   82.6   -0.1
2018  28  1 28 0000  -10.3  995.2    4.2   61.6   81.4   -0.1
2018  28  1 28 0300  -10.9  995.3    5.5   81.8   81.7   -0.1
2018  28  1 28 0600  -10.9  995.3    4.5   32.6   86.8   -0.1
2018  28  1 28 0900  -10.3  995.7    3.3   44.9   83.8   -0.0
2018  28  1 28 1200  -11.2  996.1    2.3   41.4   87.7    0.0
2018  28  1 28 1500  -11.5  995.8    1.8   53.3   88.4    0.0
2018  28  1 28 1800  -11.6  995.1    2.2   52.0   87.5   -0.0
2018  28  1 28 2100  -10.6  994.9    1.0  102.2   77.8   -0.1
2018  29  1 29 0000   -8.0  994.6    3.4   67.6   69.5    0.1
2018  29  1 29 0300   -9.6  994.0    4.0   30.8   82.0   -0.2
2018  29  1 29 0600   -9.5  992.5    2.9   40.2   80.3   -0.2
2018  29  1 29 0900  -11.7  991.6    2.4   37.7   84.2    0.6
2018  29  1 29 1200  -13.8  990.6    3.3   47.1   85.7    0.6
2018  29  1 29 1500  -15.7  989.4    2.5   42.4   88.0    1.0
2018  29  1 29 1800  -12.0  988.5    2.1  106.3   84.1    2.6
2018  29  1 29 2100  -12.7  987.8    2.0   67.0   78.8   -0.0
2018  30  1 30 0000   -8.9  987.2    1.8   69.5   74.7    0.4
2018  30  1 30 0300   -7.6  986.4    2.1   21.1   78.9   -0.5
2018  30  1 30 0600   -9.0  986.7    1.2   50.2   78.0   -0.3
2018  30  1 30 0900  -12.6  987.0    3.2   66.9   89.6    0.4
2018  30  1 30 1200  -16.7  987.9    3.5   89.5   88.8    0.8
2018  30  1 30 1500  -18.9  988.9    2.6   30.3   87.2   -0.1
2018  30  1 30 1800  -21.0  989.6    3.4   55.7   83.3   -0.3
2018  30  1 30 2100  -17.0  991.1    3.1   77.9   81.7   -1.5
2018  31  1 31 0000  -14.8  991.8    3.3   48.6   81.1   -0.3
2018  31  1 31 0300  -11.8  992.1    3.1   47.9   77.8   -0.2
2018  31  1 31 0600  -11.6  992.8    1.9   21.6   79.6   -0.2
2018  31  1 31 0900  -10.4  992.8    2.6   67.4   94.2   -0.0
2018  31  1 31 1200  -11.9  993.8    3.7   64.2   93.4    0.0
2018  31  1 31 1500  -11.7  993.5    2.7   45.1   94.1    0.0
2018  31  1 31 1800  -11.8  993.8    3.4   66.2   91.3   -0.0
2018  31  1 31 2100  -11.9  993.5    1.4   56.7   85.3   -0.1
