Year: 2018  Month: 07  ID: WFD  ARGOS: 99502  Name: Willie Field        
Lat: 77.88S  Lon: 166.96E  Elev:   12m
2018 182  7  1 0000  -23.2  996.4    1.1  265.9   74.7    0.3
2018 182  7  1 0300  -25.5  996.1    3.8   18.5   74.0    1.4
2018 182  7  1 0600  -27.3  996.0    3.1   46.2   78.5    2.9
2018 182  7  1 0900  -27.8  995.0    4.0    7.7   75.4    2.3
2018 182  7  1 1200  -29.1  993.8    2.2  260.8   78.3    2.1
2018 182  7  1 1500  -27.4  993.8    1.7  291.0   79.6    1.6
2018 182  7  1 1800  -32.1  995.0    5.0   19.7   79.5    2.0
2018 182  7  1 2100  -33.3  995.0    4.8   16.4   73.3    1.0
2018 183  7  2 0000  -30.3  996.8    4.3   12.6   73.5    0.8
2018 183  7  2 0300  -29.4  997.1    4.0   11.2   71.1    0.2
2018 183  7  2 0600  -26.9  998.6    1.8   62.1   59.0    1.2
2018 183  7  2 0900  -30.6  998.4    2.1   28.9   68.3    0.3
2018 183  7  2 1200  -28.4  999.1    1.8    8.6   59.7    3.8
2018 183  7  2 1500  -28.2  999.7    1.3  263.5   74.3    0.2
2018 183  7  2 1800  -25.4  998.9    0.4  132.9   77.8    0.3
2018 183  7  2 2100  -31.4  997.1    2.7   71.1   77.8    1.9
2018 184  7  3 0000  -27.1  996.3    1.5  107.0   81.2    2.4
2018 184  7  3 0300  -23.8  994.7    9.9  315.7   79.8    0.4
2018 184  7  3 0600  -25.1  995.0    6.3  318.3   70.3    0.7
2018 184  7  3 0900  -25.2  996.9    6.4  302.3   72.7    0.6
2018 184  7  3 1200  -28.2 1000.4    2.6  241.5   69.5    1.4
2018 184  7  3 1500  -31.6 1002.5    2.3   39.6   76.4    0.0
2018 184  7  3 1800  -28.9 1003.5    3.4   25.6   76.8    0.1
2018 184  7  3 2100  -28.0 1005.8    6.4   80.1   75.0    0.0
2018 185  7  4 0000  -26.4 1007.3    7.9   74.3   76.0    0.0
2018 185  7  4 0300  -25.8 1007.4    8.6   75.6   76.5    0.0
2018 185  7  4 0600  -26.5 1007.8    5.9   72.9   76.2   -0.0
2018 185  7  4 0900  -25.9 1006.8    8.8   66.0   77.3    0.0
2018 185  7  4 1200  -24.6 1005.2    8.5   78.2   77.2    0.0
2018 185  7  4 1500  -23.2 1005.1    8.5   72.9   79.9    0.1
2018 185  7  4 1800  -22.3 1004.7    7.3   75.7   78.6    0.1
2018 185  7  4 2100  -21.9 1003.5    6.5   60.5   79.4    0.1
2018 186  7  5 0000  -21.1 1003.5    8.8   63.8   82.3    0.0
2018 186  7  5 0300  -20.4 1003.2    8.5   67.1   80.6    0.1
2018 186  7  5 0600  -20.4 1002.2    4.0   72.7   82.5    0.1
2018 186  7  5 0900  -21.3 1000.1    5.7   54.6   82.3    0.0
2018 186  7  5 1200  -24.7 1000.4    6.7   69.8   78.4   -0.0
2018 186  7  5 1500  -24.8  998.5    5.4   26.1   78.7    0.0
2018 186  7  5 1800  -25.8  998.3    3.5   15.8   81.7    3.0
2018 186  7  5 2100  -26.7  997.6    3.1   42.4   80.5    6.0
2018 187  7  6 0000  -28.0  997.7    2.8   46.2   78.2    0.2
2018 187  7  6 0300  -25.6  996.6    1.8   48.1   80.5    0.1
2018 187  7  6 0600  -26.5  995.8    1.4   88.2   79.8    0.5
2018 187  7  6 0900  -21.9  994.5    2.5  250.2   84.5    0.7
2018 187  7  6 1200  -26.2  994.2    1.8   58.1   75.5    4.8
2018 187  7  6 1500  -25.0  992.7    2.4   26.2   81.7    6.7
2018 187  7  6 1800  -29.0  990.1    1.2   14.6   75.5    1.9
2018 187  7  6 2100  -32.1  990.4    2.1   75.6   73.5    0.5
2018 188  7  7 0000  -30.9  990.6    2.9   30.4   74.6    0.0
2018 188  7  7 0300  -31.5  989.9    2.9   47.5   74.0   -0.0
2018 188  7  7 0600  -32.3  992.4    6.9   87.1   72.7   -0.0
2018 188  7  7 0900  -33.6  993.9    5.9   69.8   71.9   -0.0
2018 188  7  7 1200  -36.8  993.7    5.0   45.0   68.1    0.1
2018 188  7  7 1500  -36.2  993.2    4.0   48.3   68.8   -0.0
2018 188  7  7 1800  -33.9  994.3    4.5   29.6   71.3   -0.1
2018 188  7  7 2100  -33.0  996.5    2.7   15.4   72.4   -0.0
2018 189  7  8 0000  -33.1  996.5    6.1   24.1   71.5   -0.1
2018 189  7  8 0300  -35.5  997.4    4.3   33.4   69.9   -0.0
2018 189  7  8 0600  -34.7  998.1    4.8   41.9   70.6    0.1
2018 189  7  8 0900  -34.4  998.5    6.3   28.5   70.5    0.1
2018 189  7  8 1200  -37.0  998.3    5.0   36.0   69.1    0.3
2018 189  7  8 1500  -38.3  997.6    3.9   30.1   66.4    0.2
2018 189  7  8 1800  -38.1  996.8    3.7   31.1   66.4    0.9
2018 189  7  8 2100  -39.3  995.7    2.7   23.2   65.5    2.1
2018 190  7  9 0000  -41.9  995.1    1.9   40.3   62.7    1.6
2018 190  7  9 0300  -46.8  993.1    3.7   53.1   55.3    0.3
2018 190  7  9 0600  -47.5  992.0    3.2   91.1   56.8    0.5
2018 190  7  9 0900  -44.1  990.7    3.3   22.8   60.8    4.2
2018 190  7  9 1200  -48.0  990.7    2.3  103.7   54.8    0.8
2018 190  7  9 1500  -45.9  990.0    3.1   73.3   57.5    1.5
2018 190  7  9 1800  -46.1  990.4    1.1   79.3   57.4    1.8
2018 190  7  9 2100  -42.4  989.9    1.1   61.3   61.2    1.1
2018 191  7 10 0000  -43.0  990.0    2.8   38.1   63.6    5.8
2018 191  7 10 0300  -46.8  989.8    1.5   45.8   51.0    4.5
2018 191  7 10 0600  -43.2  989.9    2.3   25.8   61.0    5.7
2018 191  7 10 0900  -37.5  989.0    1.8   16.3   66.4    6.7
2018 191  7 10 1200  -44.9  988.8    2.1   33.5   61.1    3.5
2018 191  7 10 1500  -49.9  988.1    2.0   79.4   53.0    0.8
2018 191  7 10 1800  -44.1  987.4    2.2   14.1   62.0    2.2
2018 191  7 10 2100  -35.7  986.9   10.5   76.3   68.3    0.3
2018 192  7 11 0000  -37.9  986.0    6.4   61.0   65.8    0.3
2018 192  7 11 0300  -39.3  985.2    6.5   60.8   64.6    0.2
2018 192  7 11 0600  -39.0  983.4    5.7   53.0   66.4    0.4
2018 192  7 11 0900  -39.9  981.4    2.3    5.4   65.0    0.7
2018 192  7 11 1200  -47.6  980.5    2.8  115.5   55.7    1.0
2018 192  7 11 1500  -44.8  977.7    0.4  321.2   59.1    2.3
2018 192  7 11 1800  -36.6  974.3    1.7   21.9   66.2    9.5
2018 192  7 11 2100  -52.2  973.8    4.4   26.1   50.7    0.4
2018 193  7 12 0000  -47.3  971.7    1.3  188.6   58.2    2.5
2018 193  7 12 0300  -44.5  969.2    2.5   47.4   59.9    7.3
2018 193  7 12 0600  -41.5  967.7    1.4  297.1   62.8    5.1
2018 193  7 12 0900  -41.6  967.1    0.8   31.4   62.3    7.9
2018 193  7 12 1200  -45.1  967.5    4.3    7.4   61.0    1.9
2018 193  7 12 1500  -41.5  967.4    3.9   15.5   58.4    5.9
2018 193  7 12 1800  -49.0  971.3    3.6   29.3   55.4    0.8
2018 193  7 12 2100  -38.9  971.2    2.4   29.6   61.3    7.0
2018 194  7 13 0000  -52.6  975.1    2.3   85.2   49.4    0.9
2018 194  7 13 0300  -51.2  975.8    2.6   71.6   50.0    2.5
2018 194  7 13 0600  -53.3  978.4    2.2   55.8   48.4    1.1
2018 194  7 13 0900  -44.9  981.3    1.2  158.7   58.8    7.4
2018 194  7 13 1200  -43.8  980.0    2.4  195.1   65.1    1.9
2018 194  7 13 1500  -42.0  979.4    1.4  196.2   61.6    0.8
2018 194  7 13 1800  -39.5  981.2    1.0  189.0   62.8    1.4
2018 194  7 13 2100  -38.0  981.1    1.1  335.7   66.6    3.2
2018 195  7 14 0000  -41.2  981.1    2.2  148.7   60.9    1.5
2018 195  7 14 0300  -38.9  980.4    1.1  217.7   66.4    1.4
2018 195  7 14 0600  -34.5  977.0    2.9  222.4   68.7    1.1
2018 195  7 14 0900  -37.0  978.3    1.1  342.2   65.7    2.2
2018 195  7 14 1200  -35.9  980.5    1.1   71.1   68.0    8.8
2018 195  7 14 1500  -38.0  982.2    0.9   14.8   65.6    4.0
2018 195  7 14 1800  -39.3  985.7    1.7   77.9   66.7    3.6
2018 195  7 14 2100  -39.8  987.6    1.3   33.9   64.0    1.2
2018 196  7 15 0000  -34.5  986.0    1.3   13.5   66.8    1.6
2018 196  7 15 0300  -20.5  987.1    2.3   31.3   84.3    0.7
2018 196  7 15 0600  -19.0  987.3    4.5   88.7   86.6    1.5
2018 196  7 15 0900  -18.4  986.8    3.2   86.3   88.5    0.8
2018 196  7 15 1200  -18.5  986.3    8.1  176.1   81.1    0.6
2018 196  7 15 1500  -19.9  988.3    9.4  130.6   84.9    0.1
2018 196  7 15 1800  -19.4  988.6    4.6   77.6   77.0    0.3
2018 196  7 15 2100  -25.2  988.6    3.8   35.8   81.2    0.3
2018 197  7 16 0000  -25.8  987.5    3.6  240.1   78.1    0.8
2018 197  7 16 0300  -24.8  987.9    1.2   41.0   85.1    3.6
2018 197  7 16 0600  -34.0  986.3    2.9   76.4   71.7    2.8
2018 197  7 16 0900  -29.9  985.7    1.3    9.7   80.2    5.7
2018 197  7 16 1200  -31.1  986.6    1.2   85.8   75.5    6.3
2018 197  7 16 1500  -34.9  987.7    1.4   34.0   69.0    2.8
2018 197  7 16 1800  -39.8  986.2    0.6   80.4   64.6    0.8
2018 197  7 16 2100  -38.6  986.2    0.7   29.5   67.6    2.3
2018 198  7 17 0000  -41.6  986.6    0.7   64.0   63.3    0.5
2018 198  7 17 0300  -32.6  986.6    0.8   40.1   72.2    6.9
2018 198  7 17 0600  -42.0  986.3    0.2  270.6   63.5    1.6
2018 198  7 17 0900  -39.4  986.6    0.2   20.9   63.1    3.2
2018 198  7 17 1200  -39.3  984.7    0.5   28.5   65.8    1.9
2018 198  7 17 1500  -36.1  987.3    0.9   23.1   69.8    0.9
2018 198  7 17 1800  -39.6  987.3    0.6   60.6   63.4    2.3
2018 198  7 17 2100  -40.1  988.1    0.4   77.2   65.3    1.2
2018 199  7 18 0000  -26.4  987.4    2.6  221.6   75.9    1.1
2018 199  7 18 0300  -33.2  987.0    3.5  357.7   75.1    2.6
2018 199  7 18 0600  -27.6  985.9    3.0   44.4   75.8    7.8
2018 199  7 18 0900  -29.0  987.8    2.8   22.6   75.4    1.5
2018 199  7 18 1200  -28.5  985.4    2.0   36.8   79.4    8.5
2018 199  7 18 1500  -24.9  985.3    2.0  349.5   80.7    4.2
2018 199  7 18 1800  -28.6  981.4    1.0  258.7   76.4    6.5
2018 199  7 18 2100  -30.8  977.6    3.2    8.9   68.5    5.6
2018 200  7 19 0000  -30.9  975.0    0.8  339.1   72.1    5.3
2018 200  7 19 0300  -37.6  972.5    2.3   70.6   66.6    3.5
2018 200  7 19 0600  -28.1  969.3    2.7    6.5   77.6    8.3
2018 200  7 19 0900  -41.4  966.1    3.4   61.6   64.2    2.2
2018 200  7 19 1200  -39.4  968.3    4.5   19.1   66.8    0.9
2018 200  7 19 1500  -39.3  968.8    3.1   38.9   64.9    0.1
2018 200  7 19 1800  -40.9  970.4    1.8  119.1   63.7    0.8
2018 200  7 19 2100  -33.7  972.5    2.0   21.3   71.4    6.9
2018 201  7 20 0000  -32.8  974.2    0.7   81.5   72.5    3.8
2018 201  7 20 0300  -29.9  975.8    1.2   73.2   75.3    0.9
2018 201  7 20 0600  -17.8  976.3   11.2  192.0   88.1    0.3
2018 201  7 20 0900  -20.0  977.1   15.2  161.6   86.1    0.1
2018 201  7 20 1200  -20.4  978.0   16.7  160.9   84.7    0.1
2018 201  7 20 1500  -21.0  980.1    8.6   49.6   81.9    0.2
2018 201  7 20 1800  -19.3  980.1    8.1   87.2   84.7    0.2
2018 201  7 20 2100  -19.2  981.1    4.8   86.4   70.3    0.6
2018 202  7 21 0000  -20.0  979.6    5.5  132.5   59.9    2.4
2018 202  7 21 0300  -20.3  978.6    3.1  341.1   57.0    3.0
2018 202  7 21 0600  -25.9  977.6    3.9  151.9   74.4    1.0
2018 202  7 21 0900  -21.0  978.4    1.8  303.3   53.3    2.9
2018 202  7 21 1200  -17.8  977.7    9.5  164.1   83.8    0.2
2018 202  7 21 1500  -17.0  977.8    5.7   93.9   84.7    0.2
2018 202  7 21 1800  -17.9  977.5    6.9   95.7   70.6    0.2
2018 202  7 21 2100  -16.7  976.5    7.4  133.9   61.3    0.3
2018 203  7 22 0000  -15.6  976.5    5.3   29.4   78.7    0.5
2018 203  7 22 0300  -19.3  976.2    7.0   80.0   82.2    0.1
2018 203  7 22 0600  -15.8  974.5    3.9   56.5   56.1    1.5
2018 203  7 22 0900  -16.3  973.7    3.0   98.8   43.5    2.5
2018 203  7 22 1200  -19.3  973.2    2.0   73.2   52.6    4.9
2018 203  7 22 1500  -26.9  972.4    2.7   61.6   66.1    1.1
2018 203  7 22 1800  -27.0  972.2    6.4   23.0   68.5    0.7
2018 203  7 22 2100  -23.2  976.2    2.1   37.1   62.1    1.2
2018 204  7 23 0000  -19.5  980.4    7.5  142.8   61.2    0.6
2018 204  7 23 0300  -16.1  982.9    3.5   87.9   49.7    0.2
2018 204  7 23 0600  -17.5  987.6    7.6  103.1   65.4    0.2
2018 204  7 23 0900  -17.1  990.2    4.5   69.9   54.6    0.2
2018 204  7 23 1200  -17.2  991.2    6.5   48.1   63.0    0.3
2018 204  7 23 1500  -17.8  991.4    0.2  117.1   55.3    1.4
2018 204  7 23 1800  -21.1  991.2    2.7  123.0   63.8    1.8
2018 204  7 23 2100  -26.0  992.2    6.0    8.6   64.7    0.5
2018 205  7 24 0000  -25.8  991.1    3.3   33.2   52.9    3.2
2018 205  7 24 0300  -27.6  989.5    0.6  227.4   57.5    2.6
2018 205  7 24 0600  -26.6  987.1    4.7  164.3   69.1    1.6
2018 205  7 24 0900  -27.0  984.4    3.2   17.9   84.3    2.5
2018 205  7 24 1200  -36.1  984.0    5.6   76.6   73.7    0.4
2018 205  7 24 1500  -31.7  985.5    3.6   20.2   74.4    1.2
2018 205  7 24 1800  -24.2  989.7   11.6  159.4   80.2    0.3
2018 205  7 24 2100  -24.5  994.6   10.9  166.7   79.9    0.1
2018 206  7 25 0000  -21.9  996.0    3.1   84.2   52.3    0.2
2018 206  7 25 0300  -18.2  992.7    2.8  324.5   44.0    0.8
2018 206  7 25 0600  -16.3  991.7    0.5  239.5   33.2    2.6
2018 206  7 25 0900  -25.6  990.9    5.7   74.7   70.8    1.1
2018 206  7 25 1200  -22.8  987.8    3.5   28.4   57.1    3.3
2018 206  7 25 1500  -27.3  984.5    6.7   24.4   64.7    3.1
2018 206  7 25 1800  -31.2  984.8    0.5  327.5   66.0    1.0
2018 206  7 25 2100  -33.7  985.9    0.5  354.5   73.6    2.6
2018 207  7 26 0000  -30.2  985.4    5.8   25.1   75.0    3.0
2018 207  7 26 0300  -29.4  986.4    6.3   89.9   59.5    1.5
2018 207  7 26 0600  -18.5  989.8   17.3  182.5   73.3    0.5
2018 207  7 26 0900  -19.7  990.9    0.9  236.5   57.5    0.6
2018 207  7 26 1200  -17.6  990.7    2.0  337.2   38.0    2.3
2018 207  7 26 1500  -18.5  995.3   11.9  154.8   77.7    0.2
2018 207  7 26 1800  -18.1  996.5    6.5   88.7   56.0    0.8
2018 207  7 26 2100  -20.9  995.2    7.3   53.1   66.8    0.4
2018 208  7 27 0000  -22.4  994.8    7.2   82.9   60.7    0.5
2018 208  7 27 0300  -21.2  995.1    4.8   26.6   55.7    1.5
2018 208  7 27 0600  -26.1  994.3    4.9   30.9   66.3    1.5
2018 208  7 27 0900  -28.9  992.5    3.9  107.6   66.8    1.3
2018 208  7 27 1200  -20.7  991.2    4.0  355.1   49.3    5.1
2018 208  7 27 1500  -30.4  989.5    4.4   57.3   76.3    2.8
2018 208  7 27 1800  -28.6  986.6    5.0  128.8   75.5    3.1
2018 208  7 27 2100  -25.9  986.8    1.0  328.6   70.9    1.7
2018 209  7 28 0000  -25.0  988.4    4.7   15.4   77.0    3.4
2018 209  7 28 0300  -29.1  986.8    2.4  103.0   80.3    5.1
2018 209  7 28 0600  -30.2  988.2    2.5  129.9   79.3    4.4
2018 209  7 28 0900  -29.6  989.1    1.3   16.6   76.8    6.9
2018 209  7 28 1200  -36.2  991.2    3.4  107.8   68.7    0.6
2018 209  7 28 1500  -32.5  994.2    3.7    8.9   74.4    2.5
2018 209  7 28 1800  -31.9  996.0    1.3   35.5   75.4    0.4
2018 209  7 28 2100  -27.6  998.1    4.1   15.1   81.7    3.8
2018 210  7 29 0000  -26.0 1000.1    0.9   57.0   80.6    2.9
2018 210  7 29 0300  -34.7 1000.9    4.1   54.4   71.7    1.3
2018 210  7 29 0600  -36.5 1003.8    5.8   26.3   68.9    0.4
2018 210  7 29 0900  -38.5 1005.2    4.3   56.0   66.5    0.7
2018 210  7 29 1200  -37.3 1006.5    3.6   36.8   66.8    0.3
2018 210  7 29 1500  -31.4 1005.2    3.9    8.3   75.9    0.7
2018 210  7 29 1800  -35.4 1004.8    1.7  112.5   68.2    0.7
2018 210  7 29 2100  -34.6 1004.8    3.8   83.2   71.4    4.3
2018 211  7 30 0000  -36.3 1004.7    2.7   55.4   68.2    1.5
2018 211  7 30 0300  -35.5 1004.4    0.6  226.8   71.2    2.7
2018 211  7 30 0600  -29.6 1003.8    2.4  235.0   76.3    1.5
2018 211  7 30 0900  -34.2 1004.0    1.5   35.1   71.7    3.7
2018 211  7 30 1200  -34.1 1004.6    2.7   30.7   72.9    4.0
2018 211  7 30 1500  -34.8 1004.7    2.4   25.0   71.8    2.2
2018 211  7 30 1800  -33.0 1005.5    2.4   55.0   71.2    3.1
2018 211  7 30 2100  -31.4 1006.2    2.7   15.3   74.6    5.6
2018 212  7 31 0000  -38.1 1008.0    1.7   92.4   66.2    3.6
2018 212  7 31 0300  -41.5 1009.9    1.8   18.9   63.4    0.9
2018 212  7 31 0600  -38.7 1010.9    1.5   39.0   67.3    1.9
2018 212  7 31 0900  -36.6 1011.9    1.1   41.2   71.3    5.6
2018 212  7 31 1200  -39.6 1012.1    1.3   48.1   64.1    1.5
2018 212  7 31 1500  -39.1 1011.6    0.4  125.8   65.9    2.7
2018 212  7 31 1800  -39.4 1011.5    0.3  144.7   64.3    3.0
2018 212  7 31 2100  -40.1 1011.9    0.5   14.9   65.2    1.6
