Year: 2018  Month: 11  ID: WTI  ARGOS:  9505  Name: WHITE ISLAND        
Lat: 78.08S  Lon: 167.46E  Elev:  686m
2018 305 11  1 0000  -13.7  888.9    0.6  103.6   80.3   -0.2
2018 305 11  1 0300  -14.8  889.3    2.1  219.3   78.8   -0.2
2018 305 11  1 0600  -15.0  889.8    3.0  179.7   46.4   -0.2
2018 305 11  1 0900  -15.2  890.7    4.0  117.7   42.5   -0.0
2018 305 11  1 1200  -15.9  891.1    1.9  224.9   48.1   -0.1
2018 305 11  1 1500  -15.9  891.1    2.4  195.9   39.8   -0.1
2018 305 11  1 1800  -17.0  891.5    3.0  168.7   48.0   -0.1
2018 305 11  1 2100  -16.6  891.5    4.1  200.9   41.7   -0.2
2018 306 11  2 0000  -17.1  890.8    7.5  207.9   44.0   -0.2
2018 306 11  2 0300  -17.9  890.5    9.5  202.8   54.4   -0.1
2018 306 11  2 0600  -18.5  889.8   11.6  188.3   63.5   -0.0
2018 306 11  2 0900  -18.4  889.7   10.6  175.0   65.0   -0.0
2018 306 11  2 1200  -19.3  890.4    5.6  160.8   64.6    0.1
2018 306 11  2 1500  -20.8  887.1   19.7  179.7   58.5    0.0
2018 306 11  2 1800  -21.1  888.3   18.2  169.5   78.8   -0.1
2018 306 11  2 2100  -20.0  890.7   11.3  171.1   75.4   -0.0
2018 307 11  3 0000  -18.4  891.1   12.6  164.3   81.8   -0.1
2018 307 11  3 0300  -18.1  892.1    9.4  166.1   82.2   -0.1
2018 307 11  3 0600  -17.7  892.8    7.5  154.6   77.2   -0.0
2018 307 11  3 0900  -17.5  893.1    0.1   90.5   74.0   -0.1
2018 307 11  3 1200  -18.0  893.0    0.9  294.4   79.2   -0.0
2018 307 11  3 1500  -19.6  892.9    3.8  151.7   82.3   -0.1
2018 307 11  3 1800  -19.7  892.9    5.4  139.3   58.6   -0.2
2018 307 11  3 2100  -20.6  893.4    6.2  144.6   57.7   -0.1
2018 308 11  4 0000  -20.9  893.7    7.1  138.3   46.4   -0.3
2018 308 11  4 0300  -21.4  893.4    7.3  131.1   49.7   -0.2
2018 308 11  4 0600  -21.3  893.8    4.6  103.7   42.4   -0.1
2018 308 11  4 0900  -21.3  893.8    1.8   69.2   57.0   -0.1
2018 308 11  4 1200  444.0  892.9    0.5  350.7   71.1    0.0
2018 308 11  4 1500  -19.0  892.0    3.3  269.5   70.9   -0.2
2018 308 11  4 1800  -19.0  889.9   10.7  262.3   60.0   -0.2
2018 308 11  4 2100  -19.0  889.3   11.3  271.5   59.5   -0.2
2018 309 11  5 0000  -19.0  886.3   18.6  276.8   45.5   -0.2
2018 309 11  5 0300  -19.0  885.2   18.9  272.1   82.9   -0.2
2018 309 11  5 0600  -15.8  886.1   22.1  216.3   88.3   -0.1
2018 309 11  5 0900  -15.4  885.6   24.9  208.9   90.0   -0.1
2018 309 11  5 1200  -16.9  889.5   15.8  178.4   87.7   -0.0
2018 309 11  5 1500  -18.7  890.9   12.3  167.3   86.1    0.0
2018 309 11  5 1800  -17.2  892.7    7.7  195.5   83.1    0.6
2018 309 11  5 2100  -14.7  891.9   16.1  210.1   89.7    0.1
2018 310 11  6 0000  -14.7  893.0    8.7  228.5   89.6    0.2
2018 310 11  6 0300  -14.0  893.4    5.9  196.1   90.5    0.2
2018 310 11  6 0600  -12.7  893.3    0.5  114.2   93.3   -0.1
2018 310 11  6 0900  -13.2  892.8    3.9  260.3   92.5    0.3
2018 310 11  6 1200  -15.4  892.3    3.9  272.7   91.7   -0.1
2018 310 11  6 1500  -15.0  892.1    2.7  263.7   91.8   -0.1
2018 310 11  6 1800  -14.9  892.9    1.4  262.7   91.6   -0.2
2018 310 11  6 2100  -14.6  893.6    3.2  258.9   89.8   -0.4
2018 311 11  7 0000  -16.4  894.2    1.3  176.3   85.6    0.3
2018 311 11  7 0300  -17.8  894.1    8.3  162.6   82.7   -0.0
2018 311 11  7 0600  -17.0  894.3    6.2  159.3   73.4   -0.4
2018 311 11  7 0900  -16.1  893.9    5.7  214.9   77.4   -0.1
2018 311 11  7 1200  -16.0  892.5   12.1  194.3   44.6    0.3
2018 311 11  7 1500  -17.1  888.2   24.7  203.6   65.8    0.2
2018 311 11  7 1800  -16.1  885.8   28.6  188.7   87.6    0.1
2018 311 11  7 2100  -15.6  883.9   30.4  190.3   88.0   -0.0
2018 312 11  8 0000  -16.1  885.2   26.5  194.0   87.9   -0.0
2018 312 11  8 0300  -15.3  882.6   29.6  185.4   88.7   -0.0
2018 312 11  8 0600  -14.8  883.0   27.1  194.0   86.2    0.1
2018 312 11  8 0900  -14.0  883.8   21.9  193.6   73.0    0.1
2018 312 11  8 1200  -13.1  883.7   19.5  190.3   62.3    0.2
2018 312 11  8 1500  -12.3  882.8   17.4  183.0   52.4    0.2
2018 312 11  8 1800  -10.4  883.7    4.2  210.9   41.7    0.0
2018 312 11  8 2100  -10.8  882.4    7.4  218.6   35.3   -0.1
2018 313 11  9 0000  -11.4  880.4   15.5  209.1   34.9    0.0
2018 313 11  9 0300  -10.8  881.3    6.8  205.4   36.6    0.1
2018 313 11  9 0600  -10.7  877.5   21.2  210.2   34.0    0.1
2018 313 11  9 0900  -10.3  879.8   14.0  223.3   34.2    0.1
2018 313 11  9 1200  -10.8  875.8   24.3  228.6   38.6    0.1
2018 313 11  9 1500  -10.7  871.6   34.7  233.2   93.8    0.0
2018 313 11  9 1800  -11.1  868.8   30.8  185.4   98.5    0.0
2018 313 11  9 2100  -11.1  870.9   33.8  204.4   96.4   -0.0
2018 314 11 10 0000  -11.1  878.8   24.4  203.3   96.0    0.0
2018 314 11 10 0300  -11.1  879.4   23.6  203.2   98.3   -0.0
2018 314 11 10 0600  -10.6  879.4   27.1  211.2  100.1   -0.0
2018 314 11 10 0900  -10.7  881.5   24.0  202.2  100.1    0.1
2018 314 11 10 1200  -11.0  880.3   29.4  213.7  100.2    0.0
2018 314 11 10 1500  -10.2  881.0   25.5  209.0  100.0   -0.0
2018 314 11 10 1800   -9.9  883.6   19.1  223.8  100.0   -0.0
2018 314 11 10 2100   -9.6  882.4   20.8  225.2   99.9   -0.0
2018 315 11 11 0000   -9.9  876.2   36.7  229.6   98.7   -0.1
2018 315 11 11 0300  -11.0  875.1   34.3  216.6   99.3    0.0
2018 315 11 11 0600  -11.6  874.3   29.1  189.1   99.0   -0.0
2018 315 11 11 0900  -13.0  883.2   10.8  175.4   96.0    0.1
2018 315 11 11 1200  -12.7  884.5    4.5  141.9   96.7   -0.0
2018 315 11 11 1500  -12.4  883.8    7.1  164.7   97.0    0.1
2018 315 11 11 1800  -11.5  882.7   13.3  179.1  100.2    0.1
2018 315 11 11 2100  -11.4  882.8    8.3  162.7   99.2   -0.1
2018 316 11 12 0000  -11.7  881.1   14.2  181.5   99.0    0.0
2018 316 11 12 0300  -11.7  881.2   13.4  191.0   99.2    0.1
2018 316 11 12 0600  -11.4  881.0   12.0  194.4  100.1    0.2
2018 316 11 12 0900  -11.9  881.4    7.1  194.2  100.0    0.0
2018 316 11 12 1200  -12.0  881.3    5.5  191.9   98.9    0.1
2018 316 11 12 1500  -11.9  881.4    0.0    0.0  100.0   -0.1
2018 316 11 12 1800  -13.7  881.4    5.8  192.3   89.0    0.2
2018 316 11 12 2100  -15.4  881.0   11.2  168.4   88.3    0.1
2018 317 11 13 0000  -15.5  881.4   11.7  166.4   83.4   -0.2
2018 317 11 13 0300  -14.6  881.8   12.8  157.3   68.3   -0.7
2018 317 11 13 0600  -13.8  882.9   11.4  161.6   60.3    0.1
2018 317 11 13 0900  -14.1  884.0    8.9  169.0   59.5    0.0
2018 317 11 13 1200  -13.7  885.1    4.5  164.1   56.2    0.0
2018 317 11 13 1500  -13.3  885.8    4.5  168.2   51.1    0.0
2018 317 11 13 1800  -12.4  886.6    4.2  157.3   52.8   -0.1
2018 317 11 13 2100  -12.3  887.5    4.2  157.1   55.4   -0.1
2018 318 11 14 0000  -12.1  888.1    2.6  191.4   50.8   -0.3
2018 318 11 14 0300  -12.8  888.6    2.8  157.1   49.5   -0.2
2018 318 11 14 0600  -12.5  888.8    1.2  234.0   53.6   -0.5
2018 318 11 14 0900  -13.0  889.0    2.2  165.7   46.7   -0.1
2018 318 11 14 1200  -12.9  888.8    2.2  173.8   45.9   -0.3
2018 318 11 14 1500  -13.8  888.6    2.0  177.2   52.8   -0.0
2018 318 11 14 1800  -12.2  888.6    1.9  104.0   44.9   -0.4
2018 318 11 14 2100  -12.9  888.8    2.9  137.1   54.1   -0.3
2018 319 11 15 0000  -12.6  889.0    4.0   55.4   37.5   -0.1
2018 319 11 15 0300  -12.9  888.9    3.4   44.7   41.6    0.0
2018 319 11 15 0600  -12.7  888.7    3.2  329.1   55.9    0.2
2018 319 11 15 0900  -13.6  888.0    7.4  280.2   91.7   -0.2
2018 319 11 15 1200  -13.7  888.3    5.6  259.6   91.3   -0.2
2018 319 11 15 1500  -14.3  888.6    2.9  137.5   92.4   -0.1
2018 319 11 15 1800  -13.9  889.0    1.9   58.3   67.8    0.0
2018 319 11 15 2100  -13.9  889.1    3.9  300.0   65.9   -0.2
2018 320 11 16 0000  -12.0  889.6    2.9  258.5   86.6   -1.0
2018 320 11 16 0300  -12.9  889.7    4.2  236.0   60.9   -0.5
2018 320 11 16 0600  -13.0  890.0    1.4  208.7   47.3   -0.2
2018 320 11 16 0900  -13.8  890.1    2.8  247.0   67.6   -0.3
2018 320 11 16 1200  -14.0  890.6    3.7  246.8   82.9   -0.2
2018 320 11 16 1500  -13.8  890.6    3.3  235.0   76.7   -0.1
2018 320 11 16 1800  -11.8  891.3    0.4  279.5   51.7   -0.2
2018 320 11 16 2100  -13.1  891.8    2.7  248.5   81.9   -0.9
2018 321 11 17 0000  -10.9  892.8    0.6  305.5   63.1   -0.2
2018 321 11 17 0300  -12.8  893.3    3.5  280.1   90.0   -0.1
2018 321 11 17 0600  -13.6  893.7    7.0  276.6   91.3   -0.2
2018 321 11 17 0900  -14.0  894.3    8.7  275.9   90.4   -0.3
2018 321 11 17 1200  -14.4  895.2    7.5  275.5   93.9   -0.1
2018 321 11 17 1500  -13.6  896.0    8.1  279.1   90.7   -0.3
2018 321 11 17 1800  -13.1  896.8    6.6  275.0   91.2   -0.5
2018 321 11 17 2100  -13.2  897.9    4.4  296.7   91.8   -0.1
2018 322 11 18 0000  -11.1  898.9    0.6  329.0   94.6    0.4
2018 322 11 18 0300  -13.3  899.2    3.1  345.3   92.4   -0.1
2018 322 11 18 0600  -13.6  899.5    3.5  303.4   91.7   -0.4
2018 322 11 18 0900  -14.4  898.7    7.5  296.2   93.5   -0.2
2018 322 11 18 1200  -13.9  898.9    3.8  303.7   89.9   -0.6
2018 322 11 18 1500  -14.2  897.9    2.3   39.1   85.3   -0.1
2018 322 11 18 1800  -14.8  897.2    5.5  139.0   86.0   -0.4
2018 322 11 18 2100  -14.3  896.2    3.9  141.9   68.9   -0.4
2018 323 11 19 0000  -14.4  894.4    6.1  105.7   62.6   -0.3
2018 323 11 19 0300  -13.6  892.7    3.6  105.6   43.5   -0.1
2018 323 11 19 0600  -13.2  890.8    1.8   57.9   31.2    0.2
2018 323 11 19 0900  -13.0  888.6    3.4  294.4   34.3   -0.0
2018 323 11 19 1200  -14.7  886.2    7.4  271.5   88.7   -0.2
2018 323 11 19 1500  -14.2  884.7    3.5  254.9   54.1   -0.3
2018 323 11 19 1800  -12.9  883.6    2.7   77.3   42.1   -0.2
2018 323 11 19 2100  -15.2  882.3    9.1  182.5   43.6   -0.0
2018 324 11 20 0000  -16.4  879.7   19.3  200.2   51.8    0.1
2018 324 11 20 0300  -16.1  880.7   12.6  180.8   54.4    0.0
2018 324 11 20 0600  -17.1  879.4   19.1  186.8   59.4    0.1
2018 324 11 20 0900  -16.9  880.5   17.0  198.1   55.1    0.1
2018 324 11 20 1200  -17.5  880.8   16.9  195.4   59.2    0.1
2018 324 11 20 1500  -16.9  882.3   12.6  179.4   54.0    0.0
2018 324 11 20 1800  -17.5  884.1    8.5  163.1   70.3   -0.1
2018 324 11 20 2100  -16.7  885.4    9.7  185.9   70.0   -0.1
2018 325 11 21 0000  -15.8  886.1    8.9  212.4   62.5   -0.2
2018 325 11 21 0300  -15.1  885.0   16.8  218.6   57.9   -0.2
2018 325 11 21 0600  -15.8  884.9   14.0  276.3   71.4   -0.2
2018 325 11 21 0900  -15.7  883.3   14.3  285.6   65.4   -0.1
2018 325 11 21 1200  -13.8  882.3   20.3  210.7   57.2    0.1
2018 325 11 21 1500  -11.7  880.5   25.7  215.0   74.2    0.0
2018 325 11 21 1800  -10.9  879.6   27.3  201.9   93.7   -0.0
2018 325 11 21 2100  -13.1  882.8   21.6  180.1   81.4   -0.0
2018 326 11 22 0000  -13.0  885.3   20.3  192.0   69.3    0.0
2018 326 11 22 0300  -12.3  884.8   23.7  204.0   93.8   -0.1
2018 326 11 22 0600  -13.6  885.6   24.3  176.6   89.6   -0.1
2018 326 11 22 0900  -15.7  884.2   29.4  172.2   88.5   -0.0
2018 326 11 22 1200  -18.5  888.8   24.4  169.3   85.7   -0.1
2018 326 11 22 1500  -19.6  891.5   22.9  180.5   83.9    0.0
2018 326 11 22 1800  -17.0  894.8   20.7  179.6   81.8   -0.1
2018 326 11 22 2100  -14.4  895.6   18.9  187.4   67.3   -0.0
2018 327 11 23 0000  -11.6  893.7   23.0  191.7   58.2    0.1
2018 327 11 23 0300   -9.1  895.0   19.0  201.5   53.4    0.1
2018 327 11 23 0600   -8.1  896.6    7.8  201.7   51.7    0.1
2018 327 11 23 0900   -7.2  895.9    7.0  183.9   37.1    0.4
2018 327 11 23 1200   -8.2  895.0   10.4  216.1   47.7    0.1
2018 327 11 23 1500   -9.2  892.9   18.5  168.8   48.0   -0.0
2018 327 11 23 1800  -10.5  893.5   20.4  186.6   56.8    0.1
2018 327 11 23 2100  -11.6  892.9   22.4  190.4   68.0   -0.0
2018 328 11 24 0000  -11.7  894.2   22.4  186.7   71.5    0.0
2018 328 11 24 0300  -10.8  895.7   18.8  190.8   66.6    0.0
2018 328 11 24 0600   -8.1  896.3   14.0  174.4   45.7    0.1
2018 328 11 24 0900   -7.4  896.4    7.3  248.9   41.0   -0.6
2018 328 11 24 1200   -7.9  895.8    7.5  265.1   47.2   -0.4
2018 328 11 24 1500   -7.8  895.1    6.6  260.6   34.6   -0.5
2018 328 11 24 1800   -6.9  894.6    5.1  259.1   40.7   -0.7
2018 328 11 24 2100   -5.9  893.7    6.1  264.4   33.4   -0.6
2018 329 11 25 0000   -5.3  892.9    5.7  258.0   30.7   -1.1
2018 329 11 25 0300   -4.9  891.9    4.4  270.1   27.9   -0.3
2018 329 11 25 0600   -5.5  890.8    6.8  269.7   32.6   -0.6
2018 329 11 25 0900   -6.0  891.1    4.5  224.4   35.6   -0.3
2018 329 11 25 1200   -8.9  890.6   15.2  185.9   48.7    0.1
2018 329 11 25 1500  -11.8  889.6   20.2  185.6   61.0    0.2
2018 329 11 25 1800  -15.0  887.6   24.1  180.8   84.9   -0.0
2018 329 11 25 2100  -13.5  889.1   28.5  186.4   82.1    0.0
2018 330 11 26 0000  -11.1  890.0   26.2  195.9   64.1    0.0
2018 330 11 26 0300   -9.4  890.4   25.9  181.1   50.5    0.0
2018 330 11 26 0600   -9.3  893.7   18.9  182.2   52.6    0.0
2018 330 11 26 0900   -9.6  893.9   16.4  169.9   49.5   -0.0
2018 330 11 26 1200   -9.7  894.6   14.0  168.7   47.2   -0.1
2018 330 11 26 1500   -9.3  895.0   10.7  168.3   41.1   -0.1
2018 330 11 26 1800   -9.9  894.4   12.4  154.7   46.4   -0.2
2018 330 11 26 2100   -9.3  895.4   10.5  160.6   44.0   -0.1
2018 331 11 27 0000   -8.9  896.3    6.5  148.3   37.6   -0.2
2018 331 11 27 0300   -8.2  896.9    4.5  140.4   32.0   -0.2
2018 331 11 27 0600   -7.4  898.0    4.1  249.8   34.1   -0.7
2018 331 11 27 0900  -10.5  897.5   16.4  213.7   56.2   -0.2
2018 331 11 27 1200  -11.8  899.3   14.8  158.3   66.5   -0.2
2018 331 11 27 1500  -10.7  901.7    3.8  195.7   46.1   -0.2
2018 331 11 27 1800  -10.2  902.1    9.2  198.1   44.7    0.0
2018 331 11 27 2100   -8.2  903.1    2.8  210.6   39.7   -0.5
2018 332 11 28 0000   -8.7  903.2    1.8   81.3   52.3   -0.3
2018 332 11 28 0300   -9.5  903.2    3.5  167.7   42.9   -0.0
2018 332 11 28 0600   -9.0  903.0    1.8  166.2   40.6    0.1
2018 332 11 28 0900   -8.2  902.9    0.7  104.9   35.0   -0.2
2018 332 11 28 1200   -9.0  902.4    2.0  313.2   42.1   -0.3
2018 332 11 28 1500  -10.6  901.6    4.6  290.9   99.9    0.0
2018 332 11 28 1800   -9.8  901.1    7.7  276.7   98.8   -0.1
2018 332 11 28 2100   -9.1  901.6    5.3  286.9   97.1   -0.1
2018 333 11 29 0000   -6.5  902.2    1.2  307.6   76.2    0.6
2018 333 11 29 0300   -7.2  901.9    2.6  285.6   64.9    0.8
2018 333 11 29 0600   -8.7  901.8    5.1  280.9   82.2   -0.2
2018 333 11 29 0900  -10.3  901.6    6.4  274.9  100.0   -0.1
2018 333 11 29 1200  -10.7  901.4    5.6  269.8  100.0   -0.1
2018 333 11 29 1500   -9.7  901.0    3.3  278.2   84.0    0.5
2018 333 11 29 1800  -10.7  900.7    1.8  320.6   85.9    0.1
2018 333 11 29 2100  -10.4  900.1    2.8  290.1   85.2   -0.0
2018 334 11 30 0000  -10.1  899.2    2.5  332.2   76.8    0.0
2018 334 11 30 0300  -10.9  897.6    5.8  302.7   95.3   -0.5
2018 334 11 30 0600  -11.2  896.3    7.2  303.7  100.0   -0.1
2018 334 11 30 0900  -10.6  894.3   10.1  298.7  100.0   -0.1
2018 334 11 30 1200  -11.0  893.8    9.1  293.6  100.1   -0.1
2018 334 11 30 1500  -10.9  893.0    9.2  284.0  100.2   -0.1
2018 334 11 30 1800  -10.6  893.5   10.1  278.1   98.6   -0.5
2018 334 11 30 2100   -9.5  894.8    7.2  270.3  100.2   -0.6
