Year: 2018  Month: 06  ID: WTL  ARGOS:  8988  Name: Whitlock            
Lat: 76.15S  Lon: 168.40E  Elev:  262m
2018 152  6  1 0000  -26.0  969.4    4.9  255.0   74.0  444.0
2018 152  6  1 0300  -25.7  969.5    5.9  263.0   76.4  444.0
2018 152  6  1 0600  -23.5  969.9    6.7  244.0   77.0  444.0
2018 152  6  1 0900  -25.0  969.9    6.3  262.0   77.0  444.0
2018 152  6  1 1200  -24.9  969.8    5.9  264.0   77.0  444.0
2018 152  6  1 1500  -23.5  970.5    1.1  281.0   77.0  444.0
2018 152  6  1 1800  -22.6  969.5    3.9  346.0   77.9  444.0
2018 152  6  1 2100  -24.3  968.5    3.6  274.0   77.0  444.0
2018 153  6  2 0000  -23.5  967.3    6.3  256.0   77.0  444.0
2018 153  6  2 0300  -22.5  965.1    8.8  258.0   78.0  444.0
2018 153  6  2 0600  -21.1  963.2    6.8  268.0   80.0  444.0
2018 153  6  2 0900  -19.8  961.8    5.7  264.0   81.0  444.0
2018 153  6  2 1200  -18.0  960.5    4.9   72.0   82.0  444.0
2018 153  6  2 1500  -18.5  958.9    4.9  292.0   83.0  444.0
2018 153  6  2 1800  -18.8  956.9    6.2  257.0   82.0  444.0
2018 153  6  2 2100  -20.0  955.4    4.7  248.0   81.0  444.0
2018 154  6  3 0000  -19.8  953.0    1.7   13.0   81.0  444.0
2018 154  6  3 0300  -21.1  947.5    4.0  280.0   80.0  444.0
2018 154  6  3 0600  -21.4  940.5    9.2  278.0   80.0  444.0
2018 154  6  3 0900  -21.2  934.1   13.3  292.0   80.0  444.0
2018 154  6  3 1200  -21.0  930.0   12.1  342.0   81.0  444.0
2018 154  6  3 1500  -21.0  928.3    7.2   10.0   80.0  444.0
2018 154  6  3 1800  -21.5  930.9    7.3   78.0   80.0  444.0
2018 154  6  3 2100  -19.4  935.6   14.4   91.0   82.0  444.0
2018 155  6  4 0000  -23.1  940.7   11.0  110.0   78.7  444.0
2018 155  6  4 0300  -25.4  944.6   11.6  131.0   77.0  444.0
2018 155  6  4 0600  -28.8  950.1    8.8  125.0   74.8  444.0
2018 155  6  4 0900  -28.8  954.3    7.4  110.0   75.0  444.0
2018 155  6  4 1200  -28.4  956.7    5.3  104.0   75.0  444.0
2018 155  6  4 1500  -28.7  959.1    3.1  107.0   74.5  444.0
2018 155  6  4 1800  -28.7  960.0    1.9   23.0   74.0  444.0
2018 155  6  4 2100  -27.8  960.8    3.9   10.0   74.9  444.0
2018 156  6  5 0000  -27.2  960.7    4.2    3.0   75.0  444.0
2018 156  6  5 0300  -26.5  959.8    3.3   15.0   75.9  444.0
2018 156  6  5 0600  -25.7  959.3    2.7  342.0   76.0  444.0
2018 156  6  5 0900  -24.5  957.9    3.8  341.0   76.0  444.0
2018 156  6  5 1200  -26.0  956.2    4.1  259.0   74.0  444.0
2018 156  6  5 1500  -26.0  954.8    4.1  260.0   74.7  444.0
2018 156  6  5 1800  -26.0  952.9    5.1  271.0   75.8  444.0
2018 156  6  5 2100  -26.7  952.1    6.4  264.0   75.0  444.0
2018 157  6  6 0000  -26.3  951.6    5.6  268.0   76.0  444.0
2018 157  6  6 0300  -26.9  951.3    2.5  282.0   75.0  444.0
2018 157  6  6 0600  -27.8  950.8    3.7  109.0   75.0  444.0
2018 157  6  6 0900  -26.3  950.0    2.2   71.0   76.0  444.0
2018 157  6  6 1200  -27.9  949.6    2.3  123.0   75.0  444.0
2018 157  6  6 1500  -28.9  949.6    4.6  104.0   74.0  444.0
2018 157  6  6 1800  -30.1  949.1    4.7  125.0   74.0  444.0
2018 157  6  6 2100  -31.7  949.0    2.5  125.0   72.0  444.0
2018 158  6  7 0000  -29.3  948.1    4.3  333.0   74.0  444.0
2018 158  6  7 0300  -28.7  947.4    4.2  270.0   74.0  444.0
2018 158  6  7 0600  -27.4  947.4    2.3  272.0   74.8  444.0
2018 158  6  7 0900  -26.2  946.5    5.2  284.0   76.0  444.0
2018 158  6  7 1200  -26.4  945.8    4.6  231.0   76.0  444.0
2018 158  6  7 1500  -27.1  945.7    6.7  251.0   75.0  444.0
2018 158  6  7 1800  -27.9  944.8    4.5  260.0   74.0  444.0
2018 158  6  7 2100  -26.2  943.2    4.4  279.0   76.0  444.0
2018 159  6  8 0000  -25.7  941.6    6.0  256.0   76.0  444.0
2018 159  6  8 0300  -23.3  940.5    5.5  253.0   78.0  444.0
2018 159  6  8 0600  -23.8  941.4    5.2   90.0   78.0  444.0
2018 159  6  8 0900  -25.8  941.7    2.6   81.0   77.0  444.0
2018 159  6  8 1200  -26.5  941.6    3.0   87.0   76.0  444.0
2018 159  6  8 1500  -27.4  941.4    1.9   86.0   75.0  444.0
2018 159  6  8 1800  -26.5  941.0    0.7   27.0   76.0  444.0
2018 159  6  8 2100  -25.8  939.9    4.1  283.0   76.0  444.0
2018 160  6  9 0000  -23.8  938.4    5.0  274.0   77.9  444.0
2018 160  6  9 0300  -23.5  936.3    5.8  261.0   77.0  444.0
2018 160  6  9 0600  -22.0  934.7    5.9  267.0   79.0  444.0
2018 160  6  9 0900  -22.0  933.9    5.3  259.0   79.0  444.0
2018 160  6  9 1200  -21.9  934.1    6.2  248.0   79.0  444.0
2018 160  6  9 1500  -21.9  933.3    8.1  247.0   78.7  444.0
2018 160  6  9 1800  -21.1  933.0   10.5  255.0   80.0  444.0
2018 160  6  9 2100  -20.2  933.1   10.6  247.0   79.9  444.0
2018 161  6 10 0000  -15.9  933.9    7.9  219.0   84.0  444.0
2018 161  6 10 0300  -15.3  935.6    6.6  296.0   84.3  444.0
2018 161  6 10 0600  -14.1  937.3    2.0  176.0   86.0  444.0
2018 161  6 10 0900  -15.3  939.2    6.4   15.0   84.8  444.0
2018 161  6 10 1200  -15.2  940.7    9.2  332.0   85.0  444.0
2018 161  6 10 1500  -15.6  942.1    4.5  338.0   83.6  444.0
2018 161  6 10 1800  -15.1  943.2    0.4   58.0   84.4  444.0
2018 161  6 10 2100  -15.7  942.5    4.9  339.0   84.0  444.0
2018 162  6 11 0000  -18.0  943.4    6.3    7.0   82.2  444.0
2018 162  6 11 0300  -18.4  944.7    3.1  321.0   81.6  444.0
2018 162  6 11 0600  -20.7  944.4    4.3  294.0   79.9  444.0
2018 162  6 11 0900  -23.1  943.4    7.8  281.0   79.0  444.0
2018 162  6 11 1200  -19.9  945.2    4.4   79.0   82.0  444.0
2018 162  6 11 1500  -20.7  945.9    3.4   61.0   80.0  444.0
2018 162  6 11 1800  -21.4  945.6    5.5  323.0   79.6  444.0
2018 162  6 11 2100  -22.5  945.9    3.7  282.0   79.0  444.0
2018 163  6 12 0000  -23.0  946.9    1.8  277.0   79.0  444.0
2018 163  6 12 0300  -21.1  947.6    5.7   69.0   80.0  444.0
2018 163  6 12 0600  -22.4  948.6    5.5   70.0   79.0  444.0
2018 163  6 12 0900  -23.2  949.5    1.9   41.0   78.0  444.0
2018 163  6 12 1200  -24.5  950.7    2.6  264.0   77.0  444.0
2018 163  6 12 1500  -25.8  951.8    1.9  288.0   76.0  444.0
2018 163  6 12 1800  -25.5  952.6    2.7  302.0   76.0  444.0
2018 163  6 12 2100  -25.7  954.0    1.2  281.0   76.0  444.0
2018 164  6 13 0000  -26.7  955.2    0.3  110.0   81.1  444.0
2018 164  6 13 0300  -24.7  956.3    2.0   20.0   76.9  444.0
2018 164  6 13 0600  -24.5  957.7    2.0  267.0   77.0  444.0
2018 164  6 13 0900  -24.9  959.1    1.4  117.0   78.0  444.0
2018 164  6 13 1200  -24.4  961.0    8.9  125.0   78.0  444.0
2018 164  6 13 1500  -24.9  963.6    6.4  128.0   77.0  444.0
2018 164  6 13 1800  -24.8  965.5    6.0  239.0   77.0  444.0
2018 164  6 13 2100  -26.0  966.5    6.4  252.0   76.0  444.0
2018 165  6 14 0000  -27.5  966.7    7.8  271.0   75.0  444.0
2018 165  6 14 0300  -28.1  966.0    4.6  276.0   74.6  444.0
2018 165  6 14 0600  -28.4  965.0    2.9  276.0   75.0  444.0
2018 165  6 14 0900  -28.6  964.0    2.4  281.0   74.0  444.0
2018 165  6 14 1200  -27.8  964.1    0.0  174.0   75.0  444.0
2018 165  6 14 1500  -26.6  963.6    1.8   50.0   75.1  444.0
2018 165  6 14 1800  -28.7  962.6    3.1  332.0   74.0  444.0
2018 165  6 14 2100  -27.9  962.2    2.0  327.0   74.3  444.0
2018 166  6 15 0000  -27.8  962.5    0.0    0.0   75.0  444.0
2018 166  6 15 0300  -28.0  962.3    2.7   91.0   74.0  444.0
2018 166  6 15 0600  -27.0  963.2    2.7  148.0   75.0  444.0
2018 166  6 15 0900  -26.9  964.1    1.7  224.0   75.3  444.0
2018 166  6 15 1200  -26.7  964.3    2.1  253.0   75.0  444.0
2018 166  6 15 1500  -27.5  963.8    4.3  284.0   75.0  444.0
2018 166  6 15 1800  -26.8  963.3    5.6  269.0   75.4  444.0
2018 166  6 15 2100  -25.4  964.0    4.7  281.0   77.0  444.0
2018 167  6 16 0000  -23.8  963.1    6.1  282.0   78.2  444.0
2018 167  6 16 0300  -20.4  963.1    2.1  269.0   80.0  444.0
2018 167  6 16 0600  -19.8  962.1    6.5  253.0   80.0  444.0
2018 167  6 16 0900  -19.2  959.9    7.7  252.0   81.0  444.0
2018 167  6 16 1200  -18.9  956.8    7.2  243.0   81.7  444.0
2018 167  6 16 1500  -19.4  956.7    5.8   72.0   82.0  444.0
2018 167  6 16 1800  -19.6  957.3    2.5  349.0   81.1  444.0
2018 167  6 16 2100  -25.0  958.0    6.7   97.0   77.0  444.0
2018 168  6 17 0000  -25.2  959.0    6.2  107.0   77.0  444.0
2018 168  6 17 0300  -23.5  959.6    6.1   98.0   79.0  444.0
2018 168  6 17 0600  -23.3  961.0    3.7  130.0   78.4  444.0
2018 168  6 17 0900  -23.0  961.4    0.6   67.0   79.0  444.0
2018 168  6 17 1200  -23.1  960.0    5.1  292.0   79.0  444.0
2018 168  6 17 1500  -22.0  960.6    2.0  294.0   79.1  444.0
2018 168  6 17 1800  -18.8  959.3    2.8  311.0   82.0  444.0
2018 168  6 17 2100  -17.2  959.9    2.4  299.0   82.5  444.0
2018 169  6 18 0000  -15.4  960.2    2.6   66.0   84.0  444.0
2018 169  6 18 0300  -16.1  960.0    5.0  302.0   84.0  444.0
2018 169  6 18 0600  -13.2  959.6    3.9  330.0   85.0  444.0
2018 169  6 18 0900  -15.4  960.6    4.5  253.0   85.0  444.0
2018 169  6 18 1200  -12.3  960.3    2.7  247.0   86.0  444.0
2018 169  6 18 1500  -12.9  959.0    6.6  304.0   86.0  444.0
2018 169  6 18 1800  -14.6  960.1    5.5   24.0   85.0  444.0
2018 169  6 18 2100  -13.8  960.2    7.5   40.0   86.0  444.0
2018 170  6 19 0000  -14.7  960.6    7.9  299.0   85.5  444.0
2018 170  6 19 0300  -14.0  958.9    6.1   81.0   86.4  444.0
2018 170  6 19 0600  -14.0  958.0   10.4    8.0   86.0  444.0
2018 170  6 19 0900  -14.4  959.1    6.9  343.0   86.0  444.0
2018 170  6 19 1200  -14.4  957.5    5.8  294.0   86.0  444.0
2018 170  6 19 1500  -14.4  955.1    8.4  279.0   86.0  444.0
2018 170  6 19 1800  -14.5  955.6    8.3   72.0   86.0  444.0
2018 170  6 19 2100  -15.0  958.5   11.9  144.0   85.0  444.0
2018 171  6 20 0000  -13.7  959.9    9.5  212.0   87.0  444.0
2018 171  6 20 0300  -13.8  961.7    4.5   69.0   86.0  444.0
2018 171  6 20 0600  -14.3  963.7    8.1  146.0   86.0  444.0
2018 171  6 20 0900  -14.7  965.7    3.7  108.0   86.0  444.0
2018 171  6 20 1200  -16.4  966.5    7.6  338.0   84.0  444.0
2018 171  6 20 1500  -14.2  967.9    3.5   62.0   86.0  444.0
2018 171  6 20 1800  -14.3  967.5    3.1   17.0   86.0  444.0
2018 171  6 20 2100  -16.0  966.2    5.4   83.0   85.0  444.0
2018 172  6 21 0000  -16.9  965.1    5.4  352.0   83.0  444.0
2018 172  6 21 0300  -17.7  963.7    3.9   39.0   83.0  444.0
2018 172  6 21 0600  -18.2  963.5    8.9   95.0   83.0  444.0
2018 172  6 21 0900  -17.2  962.9    2.9  137.0   83.0  444.0
2018 172  6 21 1200  -18.5  962.0    7.4  292.0   82.8  444.0
2018 172  6 21 1500  -17.7  962.5    2.7   18.0   83.2  444.0
2018 172  6 21 1800  -18.8  962.1    6.1   63.0   82.0  444.0
2018 172  6 21 2100  -18.8  962.3    5.1  299.0   82.4  444.0
2018 173  6 22 0000  -20.3  961.6    7.0  268.0   81.0  444.0
2018 173  6 22 0300  -19.9  961.8    6.1  259.0   81.2  444.0
2018 173  6 22 0600  -19.9  962.6    3.8  265.0   81.0  444.0
2018 173  6 22 0900  -18.3  962.9    3.8  264.0   82.7  444.0
2018 173  6 22 1200  -18.1  964.2    2.7  258.0   83.0  444.0
2018 173  6 22 1500  -18.1  965.4    1.6  256.0   82.0  444.0
2018 173  6 22 1800  -18.1  966.6    1.5   90.0   82.0  444.0
2018 173  6 22 2100  -18.0  968.4    1.2   78.0   82.9  444.0
2018 174  6 23 0000  -19.5  969.3    0.6  113.0   82.0  444.0
2018 174  6 23 0300  -20.7  970.3    0.2  169.0   81.0  444.0
2018 174  6 23 0600  -20.6  970.6    0.2  231.0   81.0  444.0
2018 174  6 23 0900  -19.4  970.6  444.0  444.0   82.0  444.0
2018 174  6 23 1200  -18.8  970.8  444.0  444.0   80.7  444.0
2018 174  6 23 1500  -20.5  970.2  444.0  444.0   81.0  444.0
2018 174  6 23 1800  -18.7  969.4  444.0  444.0   81.7  444.0
2018 174  6 23 2100  -18.4  968.4  444.0  444.0   82.0  444.0
2018 175  6 24 0000  -17.5  967.9  444.0  444.0   83.0  444.0
2018 175  6 24 0300  -17.0  967.1    7.9  184.0   83.7  444.0
2018 175  6 24 0600  -15.8  966.3    5.4  157.0   85.0  444.0
2018 175  6 24 0900  -16.5  965.5    4.5  198.0   84.0  444.0
2018 175  6 24 1200  -15.9  965.0    3.9  250.0   84.0  444.0
2018 175  6 24 1500  -15.1  963.4    5.6  313.0   85.0  444.0
2018 175  6 24 1800  -15.0  962.0    4.4  328.0   85.0  444.0
2018 175  6 24 2100  -14.8  961.5    0.0    0.0   86.0  444.0
2018 176  6 25 0000  -15.2  960.7    3.9  130.0   85.0  444.0
2018 176  6 25 0300  -15.9  959.6    6.9  182.0   85.0  444.0
2018 176  6 25 0600  -15.7  959.0    6.4  187.0   85.2  444.0
2018 176  6 25 0900  -16.0  958.5    5.1  190.0   85.0  444.0
2018 176  6 25 1200  -15.4  958.2    2.8  226.0   85.0  444.0
2018 176  6 25 1500  -16.7  958.1    1.3  175.0   84.0  444.0
2018 176  6 25 1800  -17.1  958.1    1.5  170.0   83.7  444.0
2018 176  6 25 2100  -18.6  958.0    6.6  152.0   83.0  444.0
2018 177  6 26 0000  -18.8  958.4    6.8  131.0   82.5  444.0
2018 177  6 26 0300  -20.4  958.8    9.8  131.0   81.3  444.0
2018 177  6 26 0600  -19.7  960.4   14.9  129.0   82.0  444.0
2018 177  6 26 0900  -18.4  962.4    7.2  185.0   83.0  444.0
2018 177  6 26 1200  -19.0  965.2    6.3  126.0   82.0  444.0
2018 177  6 26 1500  -19.5  965.7    7.3  134.0   82.0  444.0
2018 177  6 26 1800  -18.9  967.4    6.0  144.0   82.0  444.0
2018 177  6 26 2100  -19.4  968.0    5.9  153.0   82.0  444.0
2018 178  6 27 0000  -19.0  968.6    7.8  161.0   82.0  444.0
2018 178  6 27 0300  -18.9  969.2    7.0  158.0   82.1  444.0
2018 178  6 27 0600  -19.5  969.5    7.1  138.0   82.0  444.0
2018 178  6 27 0900  -19.1  969.9    3.8  136.0   82.0  444.0
2018 178  6 27 1200  -19.1  970.0    2.2  131.0   82.0  444.0
2018 178  6 27 1500  -18.9  969.9    1.0  108.0   82.0  444.0
2018 178  6 27 1800  -18.6  969.5    2.2  108.0   82.0  444.0
2018 178  6 27 2100  -18.6  969.1    1.7  104.0   82.2  444.0
2018 179  6 28 0000  -19.8  968.5    2.8  259.0   81.6  444.0
2018 179  6 28 0300  -21.5  967.6    2.7  255.0   80.0  444.0
2018 179  6 28 0600  -21.5  966.9    2.3  257.0   79.0  444.0
2018 179  6 28 0900  -21.1  966.6    1.8  245.0   79.0  444.0
2018 179  6 28 1200  -21.4  966.4    1.0  253.0   79.3  444.0
2018 179  6 28 1500  -21.2  965.8    0.9  247.0   80.0  444.0
2018 179  6 28 1800  -21.1  965.2    0.0    0.0   80.0  444.0
2018 179  6 28 2100  -22.1  964.9    1.0  268.0   80.0  444.0
2018 180  6 29 0000  -22.6  964.3    2.4  271.0   78.9  444.0
2018 180  6 29 0300  -23.0  963.4    2.5  267.0   79.0  444.0
2018 180  6 29 0600  -23.0  963.5    1.6  270.0   79.0  444.0
2018 180  6 29 0900  -22.4  963.3    1.7  267.0   79.0  444.0
2018 180  6 29 1200  -23.7  962.8    2.0  294.0   78.0  444.0
2018 180  6 29 1500  -24.1  962.6    1.4  303.0   78.0  444.0
2018 180  6 29 1800  -23.8  962.3    0.2  292.0   78.0  444.0
2018 180  6 29 2100  -24.4  962.4    0.0    0.0   77.0  444.0
2018 181  6 30 0000  -22.5  962.4    1.1  294.0   79.0  444.0
2018 181  6 30 0300  -21.5  963.0    0.0    0.0   79.5  444.0
2018 181  6 30 0600  -21.2  963.3    0.0    0.0   79.5  444.0
2018 181  6 30 0900  -22.4  963.7    1.4  347.0   79.0  444.0
2018 181  6 30 1200  -22.3  963.8    0.8  293.0   79.0  444.0
2018 181  6 30 1500  -23.1  963.6    0.0    0.0   79.0  444.0
2018 181  6 30 1800  -22.3  962.9    0.0    0.0   79.0  444.0
2018 181  6 30 2100  -22.8  962.9    0.3   27.0   78.0  444.0
