Year: 2018  Month: 02  ID: WTL  ARGOS:  8988  Name: Whitlock            
Lat: 76.15S  Lon: 168.40E  Elev:  262m
2018  32  2  1 0000   -2.4  961.9    4.0   55.0   65.7  444.0
2018  32  2  1 0300   -3.5  961.5    2.9   44.0   76.1  444.0
2018  32  2  1 0600   -4.3  961.2    2.6   32.0   81.0  444.0
2018  32  2  1 0900   -5.2  961.2    1.0  327.0   95.0  444.0
2018  32  2  1 1200   -6.9  961.2    6.5  269.0   92.7  444.0
2018  32  2  1 1500   -8.2  961.0    7.3  263.0   79.0  444.0
2018  32  2  1 1800   -8.1  961.3    5.7  258.0   72.0  444.0
2018  32  2  1 2100   -5.1  961.4    3.5  272.0   63.0  444.0
2018  33  2  2 0000   -5.5  961.2    5.7  278.0   63.0  444.0
2018  33  2  2 0300   -6.5  960.8    2.9  299.0   68.0  444.0
2018  33  2  2 0600   -6.4  960.4    0.0    0.0   58.0  444.0
2018  33  2  2 0900   -7.8  960.0    3.0  126.0   89.0  444.0
2018  33  2  2 1200   -7.0  959.3    4.6  172.0   93.0  444.0
2018  33  2  2 1500   -6.7  958.0    7.3  176.0   93.0  444.0
2018  33  2  2 1800   -6.3  957.8    7.2  161.0   93.0  444.0
2018  33  2  2 2100   -5.8  957.2    9.1  156.0   93.0  444.0
2018  34  2  3 0000   -6.2  956.3   13.1  150.0   93.0  444.0
2018  34  2  3 0300   -6.5  956.5   13.3  153.0   92.0  444.0
2018  34  2  3 0600   -7.5  957.3   12.8  159.0   92.0  444.0
2018  34  2  3 0900   -7.0  957.5   12.1  148.0   90.0  444.0
2018  34  2  3 1200   -7.0  958.4   10.8  154.0   76.0  444.0
2018  34  2  3 1500   -6.9  959.3    5.2  132.0   74.0  444.0
2018  34  2  3 1800   -7.0  959.2    4.3  109.0   76.0  444.0
2018  34  2  3 2100   -6.6  959.3    0.3   84.0   76.0  444.0
2018  35  2  4 0000   -6.9  958.6    2.3   69.0   80.0  444.0
2018  35  2  4 0300   -6.5  957.9    1.2  298.0   85.0  444.0
2018  35  2  4 0600   -6.5  957.3    4.0  272.0   82.0  444.0
2018  35  2  4 0900   -6.3  956.7    3.7  272.0   88.1  444.0
2018  35  2  4 1200   -6.5  956.6    5.2  222.0   74.8  444.0
2018  35  2  4 1500   -7.1  956.8    4.8  211.0   70.0  444.0
2018  35  2  4 1800   -7.0  957.3    4.5  244.0   75.0  444.0
2018  35  2  4 2100   -6.3  957.4    0.8  208.0   73.8  444.0
2018  36  2  5 0000   -6.3  957.3    3.2   88.0   82.0  444.0
2018  36  2  5 0300   -6.9  957.0    3.7   96.0   80.0  444.0
2018  36  2  5 0600   -7.2  956.1    1.7   43.0   87.0  444.0
2018  36  2  5 0900   -7.6  955.3    8.4  141.0   92.0  444.0
2018  36  2  5 1200   -7.6  955.1    9.6  131.0   92.7  444.0
2018  36  2  5 1500   -6.2  954.9   10.6  148.0   88.0  444.0
2018  36  2  5 1800   -5.5  955.4   10.0  150.0   73.2  444.0
2018  36  2  5 2100   -5.0  955.7    9.3  129.0   73.0  444.0
2018  37  2  6 0000   -5.1  956.4    3.8  157.0   82.2  444.0
2018  37  2  6 0300   -6.1  955.1    5.7  100.0   73.0  444.0
2018  37  2  6 0600   -4.6  955.0    5.8   91.0   75.7  444.0
2018  37  2  6 0900   -5.3  954.3    8.3  148.0   69.0  444.0
2018  37  2  6 1200   -6.0  954.2    6.8  165.0   51.0  444.0
2018  37  2  6 1500   -6.4  953.6    2.7  123.0   65.8  444.0
2018  37  2  6 1800   -6.0  953.3    2.3  246.0   71.0  444.0
2018  37  2  6 2100   -4.7  952.6    2.3  297.0   73.0  444.0
2018  38  2  7 0000   -5.2  952.3    2.5  299.0   70.0  444.0
2018  38  2  7 0300   -6.3  951.8    5.0  283.0   58.0  444.0
2018  38  2  7 0600   -6.1  951.2    5.0  314.0   67.0  444.0
2018  38  2  7 0900   -6.3  951.0    5.1  330.0   70.0  444.0
2018  38  2  7 1200   -7.6  950.6    3.4   12.0   64.0  444.0
2018  38  2  7 1500   -7.5  950.3    1.7  353.0   66.0  444.0
2018  38  2  7 1800   -7.6  950.0    0.0  239.0   65.0  444.0
2018  38  2  7 2100   -7.4  949.5    2.4  171.0   82.0  444.0
2018  39  2  8 0000   -6.7  949.2    3.0   97.0   77.0  444.0
2018  39  2  8 0300   -5.8  948.3    0.0  300.0   70.0  444.0
2018  39  2  8 0600   -6.6  947.4    4.3  236.0   81.0  444.0
2018  39  2  8 0900   -7.2  946.5    5.7  262.0   86.0  444.0
2018  39  2  8 1200   -8.4  945.5    5.9  262.0   88.0  444.0
2018  39  2  8 1500   -8.8  944.3    6.6  254.0   87.0  444.0
2018  39  2  8 1800   -8.3  943.3    5.4  259.0   77.0  444.0
2018  39  2  8 2100   -7.1  942.4    4.0  272.0   80.0  444.0
2018  40  2  9 0000   -7.3  941.7    3.3  289.0   82.0  444.0
2018  40  2  9 0300   -6.7  941.0    5.4  268.0   77.2  444.0
2018  40  2  9 0600   -7.3  940.0   10.0  277.0   62.0  444.0
2018  40  2  9 0900   -8.1  939.8    7.4  325.0   72.0  444.0
2018  40  2  9 1200  -10.0  938.9    8.4  309.0   80.0  444.0
2018  40  2  9 1500  -10.9  939.3   11.0  304.0   69.7  444.0
2018  40  2  9 1800  -10.8  940.2    8.9  303.0   65.0  444.0
2018  40  2  9 2100  -10.4  941.3    8.2  307.0   70.0  444.0
2018  41  2 10 0000   -8.8  942.5    8.0  307.0   68.0  444.0
2018  41  2 10 0300   -8.0  943.4    7.2  296.0   62.0  444.0
2018  41  2 10 0600   -7.3  944.9    6.5  308.0   67.1  444.0
2018  41  2 10 0900   -7.4  946.2    5.1  314.0   76.0  444.0
2018  41  2 10 1200   -7.2  947.6    3.0  358.0   78.0  444.0
2018  41  2 10 1500   -7.7  948.5    3.8  297.0   68.0  444.0
2018  41  2 10 1800   -7.5  949.5    2.6  296.0   54.3  444.0
2018  41  2 10 2100   -5.5  950.6    1.7    4.0   65.6  444.0
2018  42  2 11 0000   -3.9  951.5    1.4   57.0   59.0  444.0
2018  42  2 11 0300   -2.9  952.1    1.5  134.0   70.0  444.0
2018  42  2 11 0600   -4.7  953.5    3.9  144.0   67.0  444.0
2018  42  2 11 0900   -5.2  954.9    4.8  104.0   74.7  444.0
2018  42  2 11 1200   -6.7  956.9    1.0  140.0   81.0  444.0
2018  42  2 11 1500   -7.2  957.6    6.8  267.0   86.0  444.0
2018  42  2 11 1800   -6.9  959.3    4.2  253.0   82.0  444.0
2018  42  2 11 2100   -3.6  961.3    0.6   28.0   75.0  444.0
2018  43  2 12 0000   -5.8  962.2    7.4  224.0   81.0  444.0
2018  43  2 12 0300   -5.3  962.2    5.3  242.0   70.0  444.0
2018  43  2 12 0600   -6.8  960.9    7.2  289.0   89.0  444.0
2018  43  2 12 0900   -7.9  958.5    7.7  327.0   72.4  444.0
2018  43  2 12 1200  -10.2  955.9    5.7  314.0   83.0  444.0
2018  43  2 12 1500  -11.8  953.6    7.5  281.0   87.4  444.0
2018  43  2 12 1800  -11.1  953.2    7.1  272.0   84.0  444.0
2018  43  2 12 2100   -9.1  952.0    3.9  277.0   83.0  444.0
2018  44  2 13 0000   -8.4  949.9    4.2  288.0   80.0  444.0
2018  44  2 13 0300   -8.2  946.5    6.7  290.0   81.0  444.0
2018  44  2 13 0600   -8.1  943.3   11.0  278.0   84.0  444.0
2018  44  2 13 0900   -8.8  943.0    9.6  288.0   87.0  444.0
2018  44  2 13 1200  -10.0  943.6    6.5  270.0   85.3  444.0
2018  44  2 13 1500   -8.0  945.1    4.9  137.0   92.0  444.0
2018  44  2 13 1800   -8.5  946.9    1.4  104.0   91.0  444.0
2018  44  2 13 2100   -8.1  947.5    4.3   54.0   90.0  444.0
2018  45  2 14 0000   -6.9  948.8    2.1   32.0   87.9  444.0
2018  45  2 14 0300   -6.1  950.5    2.2  267.0   89.0  444.0
2018  45  2 14 0600   -5.8  952.6    6.8  234.0   61.0  444.0
2018  45  2 14 0900   -7.5  954.8    5.0  265.0   78.7  444.0
2018  45  2 14 1200   -8.8  956.1    0.6  226.0   58.0  444.0
2018  45  2 14 1500   -8.7  956.8    0.2   40.0   57.0  444.0
2018  45  2 14 1800   -8.5  955.9    4.7   69.0   81.0  444.0
2018  45  2 14 2100   -7.9  953.0    5.9   18.0   78.0  444.0
2018  46  2 15 0000   -6.1  950.6    8.1  344.0   91.0  444.0
2018  46  2 15 0300   -5.9  947.8    6.2  317.0   90.0  444.0
2018  46  2 15 0600   -8.1  945.8    6.7  248.0   87.9  444.0
2018  46  2 15 0900   -7.2  946.0   12.7  209.0   85.0  444.0
2018  46  2 15 1200   -9.1  949.1    8.6  152.0   91.2  444.0
2018  46  2 15 1500  -10.2  951.4    6.4  122.0   89.0  444.0
2018  46  2 15 1800   -9.6  952.2    5.8   96.0   71.0  444.0
2018  46  2 15 2100   -9.2  952.8    5.2   76.0   80.0  444.0
2018  47  2 16 0000   -8.8  952.6    6.5   72.0   82.0  444.0
2018  47  2 16 0300   -8.4  952.1    2.3   55.0   90.0  444.0
2018  47  2 16 0600   -9.2  951.9    1.8   31.0   90.0  444.0
2018  47  2 16 0900   -9.2  951.9    3.3   29.0   91.0  444.0
2018  47  2 16 1200  -10.2  951.6    2.8  334.0   90.0  444.0
2018  47  2 16 1500  -10.5  951.6    2.1  311.0   85.7  444.0
2018  47  2 16 1800  -10.2  951.9    3.0  306.0   82.0  444.0
2018  47  2 16 2100   -9.6  952.2    4.2  281.0   85.8  444.0
2018  48  2 17 0000   -8.2  953.3    0.1  302.0   89.0  444.0
2018  48  2 17 0300   -7.2  953.6    3.3  115.0   75.0  444.0
2018  48  2 17 0600   -7.4  954.9    0.7  108.0   83.0  444.0
2018  48  2 17 0900   -7.7  956.4    6.8  101.0   71.5  444.0
2018  48  2 17 1200   -9.3  958.2    6.7  117.0   75.0  444.0
2018  48  2 17 1500   -9.3  959.6    6.1  116.0   73.0  444.0
2018  48  2 17 1800  -10.1  961.1    4.9  116.0   89.0  444.0
2018  48  2 17 2100   -9.8  962.5    4.0  124.0   87.0  444.0
2018  49  2 18 0000   -8.8  963.6    2.6  125.0   88.0  444.0
2018  49  2 18 0300   -7.8  964.1    1.0  144.0   88.0  444.0
2018  49  2 18 0600   -7.9  964.5    3.3  240.0   82.2  444.0
2018  49  2 18 0900   -8.6  964.5    2.9  227.0   74.0  444.0
2018  49  2 18 1200   -8.5  963.9    4.2  234.0   81.0  444.0
2018  49  2 18 1500   -8.8  963.0    3.6  237.0   90.1  444.0
2018  49  2 18 1800   -8.6  962.3    1.9  267.0   92.0  444.0
2018  49  2 18 2100   -8.3  961.7    2.7  237.0   80.0  444.0
2018  50  2 19 0000   -7.3  961.1    2.9  258.0   89.0  444.0
2018  50  2 19 0300   -5.0  961.0    1.8  222.0   70.0  444.0
2018  50  2 19 0600   -7.1  961.0    1.3  283.0   88.0  444.0
2018  50  2 19 0900   -7.8  961.0    0.7  209.0   90.0  444.0
2018  50  2 19 1200   -7.5  961.0    1.3  122.0   93.0  444.0
2018  50  2 19 1500   -8.3  960.8    4.7  188.0   91.0  444.0
2018  50  2 19 1800   -8.2  960.4    2.9  226.0   90.8  444.0
2018  50  2 19 2100   -8.0  959.3    4.0  222.0   91.0  444.0
2018  51  2 20 0000   -7.1  958.9    1.9  228.0   91.0  444.0
2018  51  2 20 0300   -6.8  957.9    9.1   76.0   77.0  444.0
2018  51  2 20 0600   -7.6  958.2    7.4   76.0   73.9  444.0
2018  51  2 20 0900   -8.1  959.0    6.1   96.0   84.0  444.0
2018  51  2 20 1200   -9.4  959.4    8.0   95.0   87.0  444.0
2018  51  2 20 1500  -11.1  959.6    7.1  103.0   87.0  444.0
2018  51  2 20 1800  -12.1  959.3    7.5  111.0   88.0  444.0
2018  51  2 20 2100  -12.5  958.4    6.9  106.0   85.9  444.0
2018  52  2 21 0000  -12.5  957.5    8.6  116.0   86.0  444.0
2018  52  2 21 0300  -12.7  956.5    8.4  132.0   86.5  444.0
2018  52  2 21 0600  -12.7  956.2    7.7  129.0   86.0  444.0
2018  52  2 21 0900  -12.6  955.9    5.2  135.0   87.2  444.0
2018  52  2 21 1200  -12.3  955.3    4.8  157.0   88.0  444.0
2018  52  2 21 1500  -12.2  954.6    5.7  141.0   89.0  444.0
2018  52  2 21 1800  -12.1  954.2    6.1  141.0   87.0  444.0
2018  52  2 21 2100  -11.2  954.2    5.2  152.0   87.0  444.0
2018  53  2 22 0000  -10.2  954.1    4.1  162.0   87.8  444.0
2018  53  2 22 0300  -10.4  953.6    5.7  142.0   88.8  444.0
2018  53  2 22 0600  -10.8  953.4    6.4  128.0   89.0  444.0
2018  53  2 22 0900  -10.2  953.4    9.3  148.0   90.4  444.0
2018  53  2 22 1200   -9.8  953.4   11.0  153.0   91.0  444.0
2018  53  2 22 1500  -10.1  952.7   13.8  150.0   91.0  444.0
2018  53  2 22 1800  -10.1  953.0   15.9  158.0   90.6  444.0
2018  53  2 22 2100   -9.6  953.4   16.7  155.0   90.0  444.0
2018  54  2 23 0000   -9.6  954.1   17.1  150.0   90.0  444.0
2018  54  2 23 0300   -8.8  954.8   12.9  139.0   90.0  444.0
2018  54  2 23 0600   -8.8  955.3   13.2  138.0   91.3  444.0
2018  54  2 23 0900   -9.2  956.9   11.9  140.0   91.0  444.0
2018  54  2 23 1200   -8.9  957.3   10.4  139.0   91.6  444.0
2018  54  2 23 1500   -9.1  957.4   10.1  133.0   91.0  444.0
2018  54  2 23 1800   -8.0  957.3   10.6  138.0   89.0  444.0
2018  54  2 23 2100   -7.8  957.9    6.9  145.0   83.0  444.0
2018  55  2 24 0000   -7.1  957.9    3.7  183.0   83.0  444.0
2018  55  2 24 0300   -7.5  956.8    4.7  132.0   90.9  444.0
2018  55  2 24 0600   -7.6  956.2    4.3  100.0   90.0  444.0
2018  55  2 24 0900   -8.7  955.5    5.9  149.0   92.0  444.0
2018  55  2 24 1200   -9.2  954.6    5.3  129.0   91.0  444.0
2018  55  2 24 1500   -9.0  953.8    5.1  108.0   86.9  444.0
2018  55  2 24 1800   -9.2  953.2    4.9  114.0   74.0  444.0
2018  55  2 24 2100   -8.0  952.6    4.8  115.0   68.0  444.0
2018  56  2 25 0000   -8.7  951.7    4.7  101.0   68.2  444.0
2018  56  2 25 0300   -9.1  951.0    4.5   88.0   62.5  444.0
2018  56  2 25 0600   -9.3  950.5    3.5   81.0   68.0  444.0
2018  56  2 25 0900   -9.6  950.1    3.8   77.0   79.0  444.0
2018  56  2 25 1200  -10.0  949.7    3.7   94.0   90.0  444.0
2018  56  2 25 1500  -10.4  949.0    5.4   95.0   90.0  444.0
2018  56  2 25 1800  -10.5  949.1    3.9   91.0   90.0  444.0
2018  56  2 25 2100  -10.5  949.1    5.1   90.0   88.0  444.0
2018  57  2 26 0000  -10.1  949.0    5.8  101.0   88.0  444.0
2018  57  2 26 0300  -10.1  949.0    5.0   98.0   89.0  444.0
2018  57  2 26 0600   -9.8  949.0    2.5   55.0   89.0  444.0
2018  57  2 26 0900   -9.6  949.4    2.7  276.0   90.6  444.0
2018  57  2 26 1200   -9.8  949.6    0.0  304.0   90.0  444.0
2018  57  2 26 1500  -10.2  949.6    4.2   48.0   90.0  444.0
2018  57  2 26 1800  -10.3  949.6    4.1  240.0   90.0  444.0
2018  57  2 26 2100   -9.8  949.4    4.8  232.0   89.0  444.0
2018  58  2 27 0000   -9.4  949.4    3.7  227.0   88.0  444.0
2018  58  2 27 0300   -9.1  948.8    5.0  262.0   89.0  444.0
2018  58  2 27 0600  -10.0  948.3    5.9  272.0   88.0  444.0
2018  58  2 27 0900  -11.8  948.0    6.0  313.0   71.0  444.0
2018  58  2 27 1200  -14.8  947.3    6.5  314.0   75.8  444.0
2018  58  2 27 1500  -14.6  947.4    5.0  288.0   88.0  444.0
2018  58  2 27 1800  -13.1  947.9    7.1  281.0   72.0  444.0
2018  58  2 27 2100  -10.6  948.6    3.5  268.0   64.0  444.0
2018  59  2 28 0000  -11.1  949.1    0.9  266.0   67.0  444.0
2018  59  2 28 0300  444.0  949.1    0.8   98.0   62.0  444.0
2018  59  2 28 0600  -10.4  949.1    2.4  254.0   74.0  444.0
2018  59  2 28 0900   -8.6  948.3    4.1  168.0   91.7  444.0
2018  59  2 28 1200   -7.5  946.4   12.0  152.0   93.0  444.0
2018  59  2 28 1500   -8.0  945.4   14.2  122.0   92.0  444.0
2018  59  2 28 1800   -8.0  943.0   15.9  132.0   92.0  444.0
2018  59  2 28 2100   -8.5  943.3   16.6  108.0   91.2  444.0
