Year: 2018  Month: 09  ID: WTL  ARGOS:  8988  Name: Whitlock            
Lat: 76.15S  Lon: 168.40E  Elev:  262m
2018 244  9  1 0000  -29.3  945.3    9.4  306.0   73.4  444.0
2018 244  9  1 0300  -31.9  942.6   15.1  309.0   71.3  444.0
2018 244  9  1 0600  -32.9  941.4   10.3  301.0   72.0  444.0
2018 244  9  1 0900  -33.9  941.6   10.3  308.0   71.0  444.0
2018 244  9  1 1200  -33.3  941.1   12.1  298.0   71.3  444.0
2018 244  9  1 1500  -33.4  942.5    4.7  313.0   71.0  444.0
2018 244  9  1 1800  -29.2  941.3    4.4  136.0   74.0  444.0
2018 244  9  1 2100  -28.9  941.1    9.6  102.0   74.0  444.0
2018 245  9  2 0000  -29.2  939.9   14.4  136.0   74.0  444.0
2018 245  9  2 0300  -29.3  938.9   14.9  155.0   74.0  444.0
2018 245  9  2 0600  -28.2  938.1   12.6  153.0   74.5  444.0
2018 245  9  2 0900  -26.9  938.8    5.4  224.0   75.0  444.0
2018 245  9  2 1200  -24.7  937.4    6.4  221.0   77.0  444.0
2018 245  9  2 1500  -24.1  933.6    5.7  320.0   78.0  444.0
2018 245  9  2 1800  -22.6  931.9    3.1  116.0   78.0  444.0
2018 245  9  2 2100  -23.4  928.1    9.1  348.0   78.3  444.0
2018 246  9  3 0000  -23.1  925.9    4.6   94.0   78.0  444.0
2018 246  9  3 0300  -23.0  922.2    4.3   11.0   78.0  444.0
2018 246  9  3 0600  -21.2  920.5    3.3  234.0   79.3  444.0
2018 246  9  3 0900  -20.8  918.1   14.7  243.0   79.5  444.0
2018 246  9  3 1200  -24.0  915.5   16.2  271.0   78.0  444.0
2018 246  9  3 1500  -23.9  913.4   15.8  272.0   78.0  444.0
2018 246  9  3 1800  -24.0  912.1   15.6  273.0   78.0  444.0
2018 246  9  3 2100  -23.0  911.8   12.3  288.0   79.0  444.0
2018 247  9  4 0000  -19.2  911.5    8.0  264.0   81.0  444.0
2018 247  9  4 0300  -18.8  912.9    4.0   49.0   81.6  444.0
2018 247  9  4 0600  -18.5  914.1    0.9  321.0   83.0  444.0
2018 247  9  4 0900  -18.9  916.9    2.6   44.0   83.0  444.0
2018 247  9  4 1200  -19.3  919.6    1.7   34.0   83.0  444.0
2018 247  9  4 1500  -18.9  922.3    0.6  185.0   82.9  444.0
2018 247  9  4 1800  -18.8  924.8    2.9  246.0   82.0  444.0
2018 247  9  4 2100  -19.9  926.3    7.6  229.0   81.0  444.0
2018 248  9  5 0000  -19.4  929.5    5.1   76.0   81.0  444.0
2018 248  9  5 0300  -20.4  931.2    3.9   37.0   80.1  444.0
2018 248  9  5 0600  -21.3  932.8    3.0   86.0   80.0  444.0
2018 248  9  5 0900  -22.7  934.1    5.9  351.0   79.0  444.0
2018 248  9  5 1200  -22.3  935.5    6.6  340.0   79.0  444.0
2018 248  9  5 1500  -22.7  937.4    4.8   43.0   79.0  444.0
2018 248  9  5 1800  -24.1  938.8    4.3   72.0   78.1  444.0
2018 248  9  5 2100  -25.7  940.2    3.2   48.0   77.0  444.0
2018 249  9  6 0000  -25.3  941.6    3.0   52.0   76.0  444.0
2018 249  9  6 0300  -26.1  942.1    1.0  336.0   75.0  444.0
2018 249  9  6 0600  -28.1  943.0    0.1  336.0   75.6  444.0
2018 249  9  6 0900  -27.0  942.9    3.6  339.0   76.0  444.0
2018 249  9  6 1200  -29.3  941.7    4.7  281.0   73.0  444.0
2018 249  9  6 1500  -31.2  941.7    4.0  275.0   73.0  444.0
2018 249  9  6 1800  -30.8  942.1    3.3  274.0   72.5  444.0
2018 249  9  6 2100  -29.4  942.4    1.9  249.0   74.0  444.0
2018 250  9  7 0000  444.0  942.5    0.0    0.0   74.0  444.0
2018 250  9  7 0300  -25.6  942.6    2.0  280.0   74.0  444.0
2018 250  9  7 0600  -27.3  943.0    2.1  274.0   75.0  444.0
2018 250  9  7 0900  -26.6  942.7  444.0  444.0   76.0  444.0
2018 250  9  7 1200  -27.5  942.1  444.0  444.0   75.0  444.0
2018 250  9  7 1500  -27.6  942.3  444.0  444.0   75.0  444.0
2018 250  9  7 1800  -28.7  941.6  444.0  444.0   74.0  444.0
2018 250  9  7 2100  -29.1  941.8    2.3  272.0   73.2  444.0
2018 251  9  8 0000  -27.9  941.5    4.1  271.0   72.4  444.0
2018 251  9  8 0300  -27.7  943.4    5.2  272.0   73.0  444.0
2018 251  9  8 0600  -27.9  945.1    6.2  277.0   75.0  444.0
2018 251  9  8 0900  -25.9  946.5    5.7  296.0   76.0  444.0
2018 251  9  8 1200  -24.1  946.6    2.5  326.0   79.0  444.0
2018 251  9  8 1500  -25.2  946.7    4.9   37.0   76.0  444.0
2018 251  9  8 1800  -25.2  946.9    2.1   72.0   77.0  444.0
2018 251  9  8 2100  -26.0  948.2    6.2  115.0   76.0  444.0
2018 252  9  9 0000  -22.5  951.5    4.4  124.0   75.0  444.0
2018 252  9  9 0300  -22.0  954.6    5.2  124.0   74.9  444.0
2018 252  9  9 0600  -26.2  956.9    3.3   94.0   76.1  444.0
2018 252  9  9 0900  -26.4  958.8    2.7   29.0   76.0  444.0
2018 252  9  9 1200  -25.7  959.6    4.3    2.0   76.0  444.0
2018 252  9  9 1500  -26.0  960.1    7.8  353.0   76.0  444.0
2018 252  9  9 1800  -26.0  959.6    7.4  344.0   76.0  444.0
2018 252  9  9 2100  -20.2  959.4    2.1  295.0   79.0  444.0
2018 253  9 10 0000  -18.0  959.5    3.9  351.0   79.0  444.0
2018 253  9 10 0300  -18.0  960.6    2.0  299.0   78.0  444.0
2018 253  9 10 0600  -21.9  961.2    2.9  159.0   77.2  444.0
2018 253  9 10 0900  -24.7  963.0    4.4  115.0   77.0  444.0
2018 253  9 10 1200  -22.9  964.1    4.8   62.0   78.0  444.0
2018 253  9 10 1500  -22.0  965.2    3.0   57.0   76.0  444.0
2018 253  9 10 1800  -23.0  965.9    5.8   25.0   74.0  444.0
2018 253  9 10 2100  -22.4  966.8    7.8   15.0   71.0  444.0
2018 254  9 11 0000  -21.8  967.6    7.0    4.0   63.3  444.0
2018 254  9 11 0300  -19.6  967.1    7.2  324.0   79.0  444.0
2018 254  9 11 0600  -19.8  966.5    8.7  307.0   80.1  444.0
2018 254  9 11 0900  -19.1  966.4   11.0  314.0   67.0  444.0
2018 254  9 11 1200  -18.3  966.3    9.3  336.0   52.1  444.0
2018 254  9 11 1500  -20.3  965.0    9.9  338.0   63.0  444.0
2018 254  9 11 1800  -20.0  964.5    8.2  334.0   58.0  444.0
2018 254  9 11 2100  -19.7  964.1    9.5  331.0   45.0  444.0
2018 255  9 12 0000  -19.2  963.9    9.5  344.0   37.0  444.0
2018 255  9 12 0300  -19.5  963.6    8.4  352.0   34.3  444.0
2018 255  9 12 0600  -20.1  962.8    6.8  360.0   48.0  444.0
2018 255  9 12 0900  -20.9  962.2    5.7   16.0   44.2  444.0
2018 255  9 12 1200  -22.9  961.1    4.5   45.0   76.0  444.0
2018 255  9 12 1500  -24.6  959.7    4.5   16.0   78.7  444.0
2018 255  9 12 1800  -24.3  958.0    4.0   13.0   78.0  444.0
2018 255  9 12 2100  -23.8  956.9    2.8  316.0   77.3  444.0
2018 256  9 13 0000  -25.0  955.6    5.0  309.0   75.0  444.0
2018 256  9 13 0300  -21.9  954.6    4.9  315.0   77.0  444.0
2018 256  9 13 0600  -22.9  953.3    8.2  312.0   78.0  444.0
2018 256  9 13 0900  -26.3  951.3   11.2  312.0   76.0  444.0
2018 256  9 13 1200  -27.3  952.7    5.8  269.0   75.0  444.0
2018 256  9 13 1500  -28.3  954.2    6.1  130.0   75.0  444.0
2018 256  9 13 1800  -29.0  955.3    8.8  106.0   74.0  444.0
2018 256  9 13 2100  -29.9  957.3    3.6  158.0   72.0  444.0
2018 257  9 14 0000  -28.8  958.3    0.0  177.0   74.0  444.0
2018 257  9 14 0300  -27.6  957.3    3.5  317.0   74.0  444.0
2018 257  9 14 0600  -28.1  957.3    2.9  286.0   73.0  444.0
2018 257  9 14 0900  -29.8  957.0    2.7   42.0   73.0  444.0
2018 257  9 14 1200  -29.8  956.3    2.4   20.0   73.0  444.0
2018 257  9 14 1500  -29.6  954.9    3.3  338.0   73.0  444.0
2018 257  9 14 1800  -29.1  953.6    3.1  241.0   73.0  444.0
2018 257  9 14 2100  -30.4  954.1    5.0  103.0   73.0  444.0
2018 258  9 15 0000  -28.1  953.3    4.0  104.0   72.9  444.0
2018 258  9 15 0300  -29.4  952.8    3.7  222.0   72.0  444.0
2018 258  9 15 0600  -29.3  952.5    8.1  179.0   73.2  444.0
2018 258  9 15 0900  -29.8  952.2    6.0  155.0   73.0  444.0
2018 258  9 15 1200  -29.9  951.5    6.2  262.0   72.0  444.0
2018 258  9 15 1500  -30.0  950.9    4.1  127.0   73.2  444.0
2018 258  9 15 1800  -30.3  950.5    6.3  124.0   73.0  444.0
2018 258  9 15 2100  -29.6  950.3    7.2  143.0   73.0  444.0
2018 259  9 16 0000  -29.5  950.6    3.5  250.0   72.5  444.0
2018 259  9 16 0300  -30.0  949.8    4.6  282.0   72.0  444.0
2018 259  9 16 0600  -30.2  949.0    4.9  265.0   73.0  444.0
2018 259  9 16 0900  -28.9  947.9    9.0  256.0   74.0  444.0
2018 259  9 16 1200  -29.0  945.3    7.1  286.0   74.0  444.0
2018 259  9 16 1500  -25.9  943.3    5.7  351.0   76.0  444.0
2018 259  9 16 1800  -24.8  942.5    3.6   36.0   77.0  444.0
2018 259  9 16 2100  -22.4  942.8    3.4  271.0   78.0  444.0
2018 260  9 17 0000  -20.3  942.3    4.8  329.0   79.0  444.0
2018 260  9 17 0300  -19.6  943.1    3.4  305.0   80.9  444.0
2018 260  9 17 0600  -19.3  943.4    1.5  194.0   81.0  444.0
2018 260  9 17 0900  -18.6  943.7    1.7  122.0   83.0  444.0
2018 260  9 17 1200  -17.9  944.3    8.1  211.0   83.0  444.0
2018 260  9 17 1500  -17.0  944.8    7.6  264.0   84.0  444.0
2018 260  9 17 1800  -16.0  944.8    5.6  279.0   85.1  444.0
2018 260  9 17 2100  -16.0  944.7    9.7  156.0   84.0  444.0
2018 261  9 18 0000  -15.4  944.1    6.8  287.0   84.0  444.0
2018 261  9 18 0300  -15.3  943.9    2.8  303.0   84.0  444.0
2018 261  9 18 0600  -15.9  942.4   12.0  133.0   81.1  444.0
2018 261  9 18 0900  -15.2  941.4   13.3  142.0   73.2  444.0
2018 261  9 18 1200  -16.0  941.7    9.1  163.0   78.0  444.0
2018 261  9 18 1500  -15.4  941.2    4.3  124.0   77.0  444.0
2018 261  9 18 1800  -15.5  940.2    2.2  139.0   67.0  444.0
2018 261  9 18 2100  -17.1  938.8    5.3  269.0   80.0  444.0
2018 262  9 19 0000  -16.0  936.5    9.0  272.0   76.0  444.0
2018 262  9 19 0300  -16.0  935.9    3.7   79.0   81.0  444.0
2018 262  9 19 0600  -17.6  936.2    2.1  130.0   84.0  444.0
2018 262  9 19 0900  -17.1  935.6    3.6  315.0   84.0  444.0
2018 262  9 19 1200  -18.9  935.4    2.8  233.0   84.0  444.0
2018 262  9 19 1500  -18.4  936.0    1.6   28.0   83.0  444.0
2018 262  9 19 1800  -19.0  936.8    2.2  300.0   84.0  444.0
2018 262  9 19 2100  -17.9  938.3    1.4  296.0   80.0  444.0
2018 263  9 20 0000  -16.0  940.5    1.5  288.0   34.0  444.0
2018 263  9 20 0300  -20.6  942.8    3.9  266.0   62.0  444.0
2018 263  9 20 0600  -19.6  944.6    3.2  269.0   47.0  444.0
2018 263  9 20 0900  -20.5  946.1    4.7  264.0   45.0  444.0
2018 263  9 20 1200  -19.0  948.2    4.5  258.0   37.0  444.0
2018 263  9 20 1500  -18.6  949.3    4.7  254.0   53.2  444.0
2018 263  9 20 1800  -19.5  949.3    9.5  271.0   79.0  444.0
2018 263  9 20 2100  -15.9  950.7    5.1   83.0   72.0  444.0
2018 264  9 21 0000  -15.4  951.3    2.6  334.0   59.0  444.0
2018 264  9 21 0300  -15.4  951.2    0.1   56.0   48.0  444.0
2018 264  9 21 0600  -17.0  950.2    2.2   28.0   75.0  444.0
2018 264  9 21 0900  -16.7  950.1    2.9   18.0   61.0  444.0
2018 264  9 21 1200  -17.7  950.8    2.5   21.0   60.0  444.0
2018 264  9 21 1500  -16.9  951.3    0.5  182.0   46.8  444.0
2018 264  9 21 1800  -16.1  952.3    2.6  180.0   44.0  444.0
2018 264  9 21 2100  -17.6  952.9    6.0  203.0   74.2  444.0
2018 265  9 22 0000  -17.9  953.3    6.9  177.0   81.0  444.0
2018 265  9 22 0300  -19.6  953.7    7.5  137.0   79.9  444.0
2018 265  9 22 0600  -20.6  954.0    8.4  140.0   80.0  444.0
2018 265  9 22 0900  -21.6  954.6   10.1  150.0   79.3  444.0
2018 265  9 22 1200  -20.9  954.6   10.5  162.0   70.0  444.0
2018 265  9 22 1500  -20.6  954.9   10.6  162.0   70.0  444.0
2018 265  9 22 1800  -20.8  955.2   10.4  156.0   70.0  444.0
2018 265  9 22 2100  -20.8  955.5    7.3  159.0   76.0  444.0
2018 266  9 23 0000  -20.1  955.5    8.3  160.0   71.3  444.0
2018 266  9 23 0300  -19.9  955.3    8.6  152.0   71.0  444.0
2018 266  9 23 0600  -21.8  954.9    8.6  143.0   69.0  444.0
2018 266  9 23 0900  -22.6  955.0    8.0  140.0   79.0  444.0
2018 266  9 23 1200  -23.4  955.3    7.6  140.0   78.1  444.0
2018 266  9 23 1500  -23.5  955.4    7.1  142.0   78.0  444.0
2018 266  9 23 1800  -23.5  955.0    5.1  147.0   79.0  444.0
2018 266  9 23 2100  -23.1  954.9    4.7  142.0   78.0  444.0
2018 267  9 24 0000  -23.9  954.9    4.4  131.0   75.6  444.0
2018 267  9 24 0300  -23.7  954.6    3.2  128.0   75.8  444.0
2018 267  9 24 0600  -24.9  954.8    1.9  137.0   77.0  444.0
2018 267  9 24 0900  -25.4  954.2    2.1  145.0   77.0  444.0
2018 267  9 24 1200  -25.4  953.8    2.4  112.0   77.0  444.0
2018 267  9 24 1500  -24.8  953.4    1.7  109.0   77.2  444.0
2018 267  9 24 1800  -24.2  952.8    2.1   76.0   78.0  444.0
2018 267  9 24 2100  -25.6  952.4    1.0  304.0   76.0  444.0
2018 268  9 25 0000  -26.5  951.9    2.6  314.0   73.0  444.0
2018 268  9 25 0300  -26.3  950.8    2.6  309.0   71.8  444.0
2018 268  9 25 0600  -28.2  949.4    5.1  286.0   73.0  444.0
2018 268  9 25 0900  -28.7  949.1    5.4  297.0   74.0  444.0
2018 268  9 25 1200  -28.3  948.6    6.2  283.0   74.0  444.0
2018 268  9 25 1500  -26.7  947.9   10.4  309.0   75.0  444.0
2018 268  9 25 1800  -27.0  947.5   10.5  297.0   75.0  444.0
2018 268  9 25 2100  -26.6  947.5   10.5  296.0   72.7  444.0
2018 269  9 26 0000  -25.6  947.2    8.1  323.0   72.0  444.0
2018 269  9 26 0300  -25.7  947.3    4.6  295.0   72.0  444.0
2018 269  9 26 0600  -27.2  947.2    6.3  332.0   73.0  444.0
2018 269  9 26 0900  -28.3  947.3    3.8  330.0   73.7  444.0
2018 269  9 26 1200  -29.6  947.2    2.9  248.0   73.0  444.0
2018 269  9 26 1500  -30.9  947.0    2.2  245.0   72.4  444.0
2018 269  9 26 1800  -31.6  946.5    4.0  256.0   72.0  444.0
2018 269  9 26 2100  -25.9  946.4    3.4  233.0   71.0  444.0
2018 270  9 27 0000  -25.1  946.0    4.0  234.0   70.3  444.0
2018 270  9 27 0300  -26.8  945.0    5.3  230.0   72.0  444.0
2018 270  9 27 0600  -27.4  943.4    3.2  238.0   73.0  444.0
2018 270  9 27 0900  -29.2  940.5    7.8  269.0   73.0  444.0
2018 270  9 27 1200  -29.2  936.0   10.9  277.0   73.9  444.0
2018 270  9 27 1500  -27.9  932.3   10.7  273.0   74.0  444.0
2018 270  9 27 1800  -26.1  930.0   11.4  281.0   76.0  444.0
2018 270  9 27 2100  -23.4  927.2   10.4  307.0   76.0  444.0
2018 271  9 28 0000  -20.3  924.3   11.8  309.0   78.3  444.0
2018 271  9 28 0300  -22.4  922.1   11.2  332.0   77.0  444.0
2018 271  9 28 0600  -23.3  919.7   12.5  339.0   77.0  444.0
2018 271  9 28 0900  -24.6  919.9    9.7   10.0   77.0  444.0
2018 271  9 28 1200  -24.9  920.0    7.7   26.0   77.0  444.0
2018 271  9 28 1500  -24.7  921.4    6.5   49.0   77.0  444.0
2018 271  9 28 1800  -24.3  923.3    5.2   71.0   77.0  444.0
2018 271  9 28 2100  -22.7  926.1    1.8  212.0   77.0  444.0
2018 272  9 29 0000  -22.2  928.0    7.5  191.0   77.0  444.0
2018 272  9 29 0300  -23.2  929.8    9.2  155.0   77.0  444.0
2018 272  9 29 0600  -21.9  931.2    4.7  125.0   76.0  444.0
2018 272  9 29 0900  -24.9  931.6    3.1  245.0   77.0  444.0
2018 272  9 29 1200  -24.4  931.5    4.1  282.0   77.0  444.0
2018 272  9 29 1500  -24.7  931.1    6.0  312.0   76.8  444.0
2018 272  9 29 1800  -24.8  930.3   10.4  298.0   77.0  444.0
2018 272  9 29 2100  -22.5  931.1    8.4  336.0   76.0  444.0
2018 273  9 30 0000  -22.0  932.3    5.8   12.0   76.0  444.0
2018 273  9 30 0300  -21.7  933.2    4.2    3.0   76.4  444.0
2018 273  9 30 0600  -23.1  933.6    4.4   36.0   78.0  444.0
2018 273  9 30 0900  -21.9  932.9    4.8   96.0   79.0  444.0
2018 273  9 30 1200  -21.1  931.2    7.3  139.0   80.0  444.0
2018 273  9 30 1500  -20.4  928.4   11.1  155.0   81.0  444.0
2018 273  9 30 1800  -20.4  926.0   15.6  139.0   80.8  444.0
2018 273  9 30 2100  -21.2  924.3   15.2  138.0   79.0  444.0
