Year: 2018  Month: 08  ID: WTL  ARGOS:  8988  Name: Whitlock            
Lat: 76.15S  Lon: 168.40E  Elev:  262m
2018 213  8  1 0000  -28.4  976.0    2.0  337.0   75.0  444.0
2018 213  8  1 0300  -28.7  975.0    2.0  291.0   75.0  444.0
2018 213  8  1 0600  -28.9  973.4    2.5  360.0   74.0  444.0
2018 213  8  1 0900  -30.0  971.9    7.3  286.0   73.0  444.0
2018 213  8  1 1200  -29.7  970.3    6.4  303.0   73.0  444.0
2018 213  8  1 1500  -30.2  969.1    5.4  301.0   73.0  444.0
2018 213  8  1 1800  -29.0  968.8    5.8  266.0   74.0  444.0
2018 213  8  1 2100  -28.0  968.6    5.5  288.0   74.6  444.0
2018 214  8  2 0000  -27.8  969.0    5.6  273.0   73.9  444.0
2018 214  8  2 0300  -27.1  969.3    2.4  320.0   75.0  444.0
2018 214  8  2 0600  -30.6  969.7    2.4  236.0   73.0  444.0
2018 214  8  2 0900  -31.0  970.0    2.8  223.0   72.0  444.0
2018 214  8  2 1200  -31.4  970.4    3.6  213.0   72.0  444.0
2018 214  8  2 1500  -30.4  970.1    3.4  158.0   73.0  444.0
2018 214  8  2 1800  -30.4  970.1    3.5  127.0   73.0  444.0
2018 214  8  2 2100  -30.2  970.4    3.0  110.0   73.0  444.0
2018 215  8  3 0000  -30.7  970.7    0.3  140.0   73.2  444.0
2018 215  8  3 0300  -29.0  971.3    3.5   71.0   74.0  444.0
2018 215  8  3 0600  -32.0  972.2    0.0    0.0   73.0  444.0
2018 215  8  3 0900  -32.1  973.7    0.0    0.0   73.0  444.0
2018 215  8  3 1200  -29.5  974.5    1.9  184.0   73.6  444.0
2018 215  8  3 1500  -29.4  974.3    4.0  155.0   74.0  444.0
2018 215  8  3 1800  -31.0  974.3    2.0  142.0   73.0  444.0
2018 215  8  3 2100  -29.8  974.4    2.8  127.0   73.1  444.0
2018 216  8  4 0000  -29.3  973.6    6.5  127.0   73.8  444.0
2018 216  8  4 0300  -30.9  973.0    5.1  129.0   73.0  444.0
2018 216  8  4 0600  -31.5  972.0    3.0  136.0   72.0  444.0
2018 216  8  4 0900  -31.3  970.7    3.7  212.0   72.0  444.0
2018 216  8  4 1200  -32.2  969.7    3.8  237.0   72.0  444.0
2018 216  8  4 1500  -31.4  969.2    4.9  244.0   72.2  444.0
2018 216  8  4 1800  -31.0  969.1    3.8  247.0   73.0  444.0
2018 216  8  4 2100  -29.9  969.4    3.4  254.0   73.0  444.0
2018 217  8  5 0000  -29.0  968.7    4.5  258.0   74.0  444.0
2018 217  8  5 0300  -29.1  966.5    7.0  279.0   73.3  444.0
2018 217  8  5 0600  -28.0  964.9    4.7  291.0   74.0  444.0
2018 217  8  5 0900  -27.8  962.8    3.3  274.0   74.5  444.0
2018 217  8  5 1200  -27.0  959.3    9.3  287.0   75.0  444.0
2018 217  8  5 1500  -28.1  957.4    8.4  309.0   75.0  444.0
2018 217  8  5 1800  -27.7  954.7    9.2  319.0   74.6  444.0
2018 217  8  5 2100  -28.6  952.9    7.6  321.0   74.0  444.0
2018 218  8  6 0000  -27.4  953.3    6.0  327.0   74.8  444.0
2018 218  8  6 0300  -27.3  954.0    2.4  151.0   75.5  444.0
2018 218  8  6 0600  -29.0  955.3    5.9   71.0   74.0  444.0
2018 218  8  6 0900  -30.1  956.1    6.7   66.0   73.0  444.0
2018 218  8  6 1200  -30.9  958.0    3.1    8.0   72.4  444.0
2018 218  8  6 1500  -29.9  959.5    3.5  344.0   73.0  444.0
2018 218  8  6 1800  -29.4  960.3    2.1  319.0   74.0  444.0
2018 218  8  6 2100  -29.8  960.5    4.0  273.0   73.0  444.0
2018 219  8  7 0000  -29.9  960.6    5.5  258.0   72.9  444.0
2018 219  8  7 0300  -29.3  960.0    6.5  273.0   73.0  444.0
2018 219  8  7 0600  -28.2  959.5    6.0  272.0   74.0  444.0
2018 219  8  7 0900  -25.1  959.3    0.4  258.0   76.0  444.0
2018 219  8  7 1200  -24.3  957.9    5.3  274.0   77.0  444.0
2018 219  8  7 1500  -26.4  957.2    6.0  286.0   75.0  444.0
2018 219  8  7 1800  -26.2  955.7    8.9  291.0   76.0  444.0
2018 219  8  7 2100  -26.1  954.9    8.9  265.0   76.0  444.0
2018 220  8  8 0000  -25.3  954.1   11.4  278.0   77.0  444.0
2018 220  8  8 0300  -24.0  954.0   11.2  287.0   78.0  444.0
2018 220  8  8 0600  -22.2  954.3    9.0  288.0   78.9  444.0
2018 220  8  8 0900  -21.8  954.9    0.7  269.0   79.0  444.0
2018 220  8  8 1200  -24.2  959.3   10.1   95.0   78.0  444.0
2018 220  8  8 1500  -24.5  962.2    7.4   86.0   78.0  444.0
2018 220  8  8 1800  -25.8  963.6    4.6   25.0   77.0  444.0
2018 220  8  8 2100  -25.0  962.1   10.2  306.0   77.3  444.0
2018 221  8  9 0000  -20.9  963.5    5.5  227.0   80.0  444.0
2018 221  8  9 0300  -22.0  963.5    6.4   62.0   79.0  444.0
2018 221  8  9 0600  -21.8  963.5    7.1   31.0   80.0  444.0
2018 221  8  9 0900  -22.4  964.4    4.8   80.0   79.3  444.0
2018 221  8  9 1200  -23.3  965.3    4.3   97.0   79.0  444.0
2018 221  8  9 1500  -24.0  966.5    4.6  117.0   77.7  444.0
2018 221  8  9 1800  -25.5  967.8    2.5  121.0   77.0  444.0
2018 221  8  9 2100  -25.1  968.0    0.1   30.0   77.1  444.0
2018 222  8 10 0000  -24.3  966.9    5.2  260.0   77.4  444.0
2018 222  8 10 0300  -24.2  965.4    6.1  260.0   77.3  444.0
2018 222  8 10 0600  -24.9  964.4    6.8  262.0   77.0  444.0
2018 222  8 10 0900  -24.4  963.3    5.9  268.0   78.0  444.0
2018 222  8 10 1200  -23.3  961.6    5.8  254.0   77.8  444.0
2018 222  8 10 1500  -25.2  959.7    7.4  268.0   77.0  444.0
2018 222  8 10 1800  -22.9  957.1    9.7  264.0   77.8  444.0
2018 222  8 10 2100  -21.4  954.0   12.0  275.0   80.0  444.0
2018 223  8 11 0000  -19.9  953.2    9.8  270.0   80.9  444.0
2018 223  8 11 0300  -18.1  953.1    9.6  101.0   83.0  444.0
2018 223  8 11 0600  -20.2  953.7    8.4   90.0   81.0  444.0
2018 223  8 11 0900  -20.8  954.6    7.5  104.0   81.0  444.0
2018 223  8 11 1200  -23.2  954.4    9.8  123.0   79.0  444.0
2018 223  8 11 1500  -23.6  955.0    8.2  130.0   79.0  444.0
2018 223  8 11 1800  -24.8  954.9    7.6  119.0   78.0  444.0
2018 223  8 11 2100  -24.1  955.3    6.6  140.0   78.0  444.0
2018 224  8 12 0000  -23.2  955.7    4.4  143.0   79.0  444.0
2018 224  8 12 0300  -23.5  955.8    3.2  140.0   78.0  444.0
2018 224  8 12 0600  -23.5  955.5    2.1  236.0   78.0  444.0
2018 224  8 12 0900  -22.5  954.4    5.2  264.0   79.0  444.0
2018 224  8 12 1200  -22.1  952.9    5.5  268.0   79.0  444.0
2018 224  8 12 1500  -21.7  952.0    6.6  270.0   79.5  444.0
2018 224  8 12 1800  -21.5  951.6    5.0  276.0   80.0  444.0
2018 224  8 12 2100  -20.2  951.6    0.6  342.0   80.0  444.0
2018 225  8 13 0000  -23.1  951.4    4.9   42.0   78.4  444.0
2018 225  8 13 0300  -20.2  952.7    3.4   33.0   80.1  444.0
2018 225  8 13 0600  -22.3  953.5    7.1   76.0   80.0  444.0
2018 225  8 13 0900  -22.0  954.7    1.7   10.0   79.0  444.0
2018 225  8 13 1200  -23.9  955.7    6.7  270.0   77.0  444.0
2018 225  8 13 1500  -25.5  955.6    7.3  250.0   77.0  444.0
2018 225  8 13 1800  -24.9  957.3    8.0  254.0   78.0  444.0
2018 225  8 13 2100  -22.6  958.2    7.3  272.0   79.0  444.0
2018 226  8 14 0000  -22.4  957.7   10.1  264.0   79.0  444.0
2018 226  8 14 0300  -20.3  958.4   11.4  277.0   80.0  444.0
2018 226  8 14 0600  -21.1  959.0    8.6  279.0   80.0  444.0
2018 226  8 14 0900  -20.2  959.2    7.8  275.0   80.8  444.0
2018 226  8 14 1200  -18.4  959.9    8.9  292.0   82.0  444.0
2018 226  8 14 1500  -18.1  960.4    9.2  277.0   83.0  444.0
2018 226  8 14 1800  -16.7  962.1    4.6  232.0   83.0  444.0
2018 226  8 14 2100  -15.4  965.5    4.5   59.0   85.0  444.0
2018 227  8 15 0000  -15.5  966.9    6.5  343.0   85.0  444.0
2018 227  8 15 0300  -13.9  968.5    8.0  254.0   86.0  444.0
2018 227  8 15 0600  -17.0  969.4    5.1  247.0   84.0  444.0
2018 227  8 15 0900  -17.6  971.5    3.9  246.0   83.0  444.0
2018 227  8 15 1200  -17.8  973.3    2.1   98.0   82.9  444.0
2018 227  8 15 1500  -18.0  974.5    1.4   31.0   83.0  444.0
2018 227  8 15 1800  -16.4  975.1    1.1  283.0   84.0  444.0
2018 227  8 15 2100  -19.3  975.1    3.4  312.0   82.0  444.0
2018 228  8 16 0000  -19.0  976.2    4.4  270.0   81.5  444.0
2018 228  8 16 0300  -18.7  976.1    5.3  277.0   82.0  444.0
2018 228  8 16 0600  -19.7  975.8    6.0  292.0   81.0  444.0
2018 228  8 16 0900  -18.9  975.7    5.3  290.0   82.0  444.0
2018 228  8 16 1200  -18.8  975.0    8.2  298.0   82.3  444.0
2018 228  8 16 1500  -16.7  974.2    8.9  298.0   83.2  444.0
2018 228  8 16 1800  -18.7  972.8    8.4  298.0   82.0  444.0
2018 228  8 16 2100  -17.5  970.9   11.2  305.0   82.0  444.0
2018 229  8 17 0000  -17.2  969.2   11.9  304.0   83.0  444.0
2018 229  8 17 0300  -17.2  968.0    8.2  294.0   83.1  444.0
2018 229  8 17 0600  -15.8  966.6    7.3  294.0   84.2  444.0
2018 229  8 17 0900  -14.1  965.8    6.8  272.0   85.4  444.0
2018 229  8 17 1200  -10.6  965.7    3.0  156.0   87.0  444.0
2018 229  8 17 1500  -16.8  967.0    6.3   92.0   83.9  444.0
2018 229  8 17 1800  -15.7  968.3    4.6   74.0   84.0  444.0
2018 229  8 17 2100  -15.1  969.0    5.3  355.0   86.0  444.0
2018 230  8 18 0000  -14.7  970.0    6.0    3.0   74.0  444.0
2018 230  8 18 0300  -15.0  970.1    7.5  327.0   66.0  444.0
2018 230  8 18 0600  -13.2  970.1    4.2  301.0   61.0  444.0
2018 230  8 18 0900  -11.5  970.0    6.6  234.0   65.4  444.0
2018 230  8 18 1200  -11.6  969.8    2.3  228.0   62.0  444.0
2018 230  8 18 1500  -13.0  967.9    4.1  268.0   63.0  444.0
2018 230  8 18 1800  -14.0  966.3    5.7  288.0   40.1  444.0
2018 230  8 18 2100  -13.1  964.9    7.9  277.0   31.5  444.0
2018 231  8 19 0000  -15.0  964.2    3.9  266.0   37.0  444.0
2018 231  8 19 0300  -13.9  963.3    0.5   25.0   24.3  444.0
2018 231  8 19 0600  -14.3  961.8    2.2    5.0   51.0  444.0
2018 231  8 19 0900  -15.8  958.5    6.5  321.0   64.0  444.0
2018 231  8 19 1200  -20.4  955.9    9.8  293.0   78.8  444.0
2018 231  8 19 1500  -15.9  954.8    8.4  325.0   61.0  444.0
2018 231  8 19 1800  -16.1  953.3    6.6  330.0   54.0  444.0
2018 231  8 19 2100  -18.4  952.2    0.8  152.0   63.0  444.0
2018 232  8 20 0000  -25.2  952.0    7.2  171.0   76.4  444.0
2018 232  8 20 0300  -23.6  952.1    7.7  145.0   78.0  444.0
2018 232  8 20 0600  -25.5  951.7    7.4  140.0   76.5  444.0
2018 232  8 20 0900  -26.3  951.9    6.1  130.0   76.0  444.0
2018 232  8 20 1200  -26.8  952.1    4.1  114.0   75.5  444.0
2018 232  8 20 1500  -27.0  952.4    3.0  130.0   75.0  444.0
2018 232  8 20 1800  -28.4  952.7    3.4  116.0   74.4  444.0
2018 232  8 20 2100  -29.8  953.8    4.1  134.0   74.0  444.0
2018 233  8 21 0000  -28.9  954.8    2.6  141.0   74.0  444.0
2018 233  8 21 0300  -28.0  954.9    1.5  140.0   74.5  444.0
2018 233  8 21 0600  -27.3  955.6    0.0    0.0   75.0  444.0
2018 233  8 21 0900  -27.9  956.6    0.0    0.0   74.7  444.0
2018 233  8 21 1200  -27.5  957.7    1.9  189.0   74.0  444.0
2018 233  8 21 1500  -27.7  959.2    1.6  126.0   75.0  444.0
2018 233  8 21 1800  -28.6  960.1    2.4  110.0   74.0  444.0
2018 233  8 21 2100  -31.6  961.5    2.2   95.0   72.1  444.0
2018 234  8 22 0000  -33.1  962.1    1.7  133.0   71.0  444.0
2018 234  8 22 0300  -32.7  963.3    0.8   76.0   71.0  444.0
2018 234  8 22 0600  -33.6  963.7    1.1   53.0   71.0  444.0
2018 234  8 22 0900  -32.2  964.4    0.7   15.0   72.0  444.0
2018 234  8 22 1200  -31.7  964.9    0.6  324.0   72.0  444.0
2018 234  8 22 1500  -31.8  965.5    0.0    0.0   72.0  444.0
2018 234  8 22 1800  -32.1  965.4    0.0    0.0   72.0  444.0
2018 234  8 22 2100  -32.2  966.0    0.0    0.0   72.0  444.0
2018 235  8 23 0000  444.0  966.3    0.7  350.0   72.0  444.0
2018 235  8 23 0300  -31.9  966.6    0.5  269.0   70.6  444.0
2018 235  8 23 0600  -31.9  966.3    0.8  292.0   72.0  444.0
2018 235  8 23 0900  -32.3  966.4    0.7  288.0   71.0  444.0
2018 235  8 23 1200  -32.4  965.7  444.0  444.0   71.0  444.0
2018 235  8 23 1500  -33.0  965.5  444.0  444.0   71.0  444.0
2018 235  8 23 1800  -31.4  965.2  444.0  444.0   72.0  444.0
2018 235  8 23 2100  -29.9  965.0  444.0  444.0   73.0  444.0
2018 236  8 24 0000  444.0  964.8    0.5  310.0   73.0  444.0
2018 236  8 24 0300  444.0  964.4    0.0    0.0   74.0  444.0
2018 236  8 24 0600  -30.9  963.6    1.3  313.0   72.0  444.0
2018 236  8 24 0900  -31.7  963.5    0.0    0.0   72.0  444.0
2018 236  8 24 1200  -31.3  963.1    0.0    0.0   73.0  444.0
2018 236  8 24 1500  -32.0  963.0    0.0    0.0   73.0  444.0
2018 236  8 24 1800  -32.3  962.4    1.3  312.0   72.0  444.0
2018 236  8 24 2100  -32.6  962.5    0.3   36.0   71.9  444.0
2018 237  8 25 0000  444.0  962.6    1.4   93.0   70.8  444.0
2018 237  8 25 0300  -32.3  962.6    1.6  178.0   71.0  444.0
2018 237  8 25 0600  -32.8  962.9    2.3  190.0   70.3  444.0
2018 237  8 25 0900  -32.3  963.1    1.8  134.0   71.0  444.0
2018 237  8 25 1200  -30.6  963.3    2.5  139.0   73.0  444.0
2018 237  8 25 1500  -28.0  962.8    3.8  153.0   74.4  444.0
2018 237  8 25 1800  -27.5  962.2    7.1  152.0   75.0  444.0
2018 237  8 25 2100  -28.3  962.2   12.4  146.0   74.0  444.0
2018 238  8 26 0000  -30.0  961.5   12.8  153.0   73.0  444.0
2018 238  8 26 0300  -28.4  961.1   13.2  143.0   74.0  444.0
2018 238  8 26 0600  -27.8  961.4   14.5  134.0   75.0  444.0
2018 238  8 26 0900  -29.2  962.5   11.8  148.0   74.0  444.0
2018 238  8 26 1200  -29.5  961.9    9.0  138.0   74.0  444.0
2018 238  8 26 1500  -30.3  960.8    4.4  132.0   73.0  444.0
2018 238  8 26 1800  -30.6  958.8    3.6  133.0   73.0  444.0
2018 238  8 26 2100  -29.0  957.1    2.2  308.0   74.0  444.0
2018 239  8 27 0000  -29.1  956.3    4.0   85.0   73.2  444.0
2018 239  8 27 0300  -32.5  955.5    7.6  133.0   71.3  444.0
2018 239  8 27 0600  -30.3  954.9    0.9  158.0   73.0  444.0
2018 239  8 27 0900  -29.0  954.3    3.3  270.0   74.0  444.0
2018 239  8 27 1200  -29.1  953.3    2.3  293.0   74.0  444.0
2018 239  8 27 1500  -25.5  952.4    1.9   64.0   76.0  444.0
2018 239  8 27 1800  -25.7  950.6    3.2   27.0   76.3  444.0
2018 239  8 27 2100  -26.9  948.8    3.5   48.0   74.5  444.0
2018 240  8 28 0000  -25.8  946.5    3.5   11.0   75.0  444.0
2018 240  8 28 0300  -25.2  944.5    5.1  280.0   75.0  444.0
2018 240  8 28 0600  -25.6  941.6   10.7  309.0   74.4  444.0
2018 240  8 28 0900  -31.4  939.3    6.3  273.0   72.0  444.0
2018 240  8 28 1200  -27.3  939.7    4.7  263.0   75.0  444.0
2018 240  8 28 1500  -26.6  939.6    0.8  325.0   76.0  444.0
2018 240  8 28 1800  -27.4  939.5    1.4  101.0   77.0  444.0
2018 240  8 28 2100  -27.7  939.9    0.9   63.0   76.0  444.0
2018 241  8 29 0000  -27.9  940.5    1.8   63.0   75.0  444.0
2018 241  8 29 0300  -27.8  942.2    2.1  104.0   75.0  444.0
2018 241  8 29 0600  -27.0  943.5    5.0   80.0   75.0  444.0
2018 241  8 29 0900  -26.5  944.7    5.4   86.0   76.0  444.0
2018 241  8 29 1200  -26.6  945.1    6.3   92.0   76.0  444.0
2018 241  8 29 1500  -26.6  946.3    5.6   94.0   76.0  444.0
2018 241  8 29 1800  -26.3  946.9    5.0  126.0   76.0  444.0
2018 241  8 29 2100  -26.2  947.4    5.4  135.0   76.0  444.0
2018 242  8 30 0000  -24.6  947.9    5.6  150.0   77.1  444.0
2018 242  8 30 0300  -24.0  948.4    5.7  141.0   78.0  444.0
2018 242  8 30 0600  -23.7  949.0    5.5  144.0   78.0  444.0
2018 242  8 30 0900  -24.0  950.0    5.9  151.0   78.0  444.0
2018 242  8 30 1200  -24.9  950.7    5.3  148.0   77.0  444.0
2018 242  8 30 1500  -24.9  951.5    2.7  159.0   77.0  444.0
2018 242  8 30 1800  -25.5  951.7    0.5  320.0   77.0  444.0
2018 242  8 30 2100  -25.7  951.3    6.1  258.0   76.1  444.0
2018 243  8 31 0000  -24.9  951.5    5.2  264.0   77.0  444.0
2018 243  8 31 0300  -24.7  951.6    5.9  261.0   77.0  444.0
2018 243  8 31 0600  -24.9  951.2    3.9  266.0   77.0  444.0
2018 243  8 31 0900  -27.2  950.6    4.5  293.0   75.3  444.0
2018 243  8 31 1200  -29.2  949.2    5.5  304.0   74.0  444.0
2018 243  8 31 1500  -29.9  948.1    8.0  290.0   74.0  444.0
2018 243  8 31 1800  -29.1  947.4    6.5  298.0   73.9  444.0
2018 243  8 31 2100  -29.5  946.0    8.2  288.0   74.0  444.0
