Year: 2018  Month: 05  ID: WTL  ARGOS:  8988  Name: Whitlock            
Lat: 76.15S  Lon: 168.40E  Elev:  262m
2018 121  5  1 0000  -21.0  953.2    0.6   38.0   81.0  444.0
2018 121  5  1 0300  -20.5  952.6    0.6   42.0   81.0  444.0
2018 121  5  1 0600  -20.8  952.2    0.0    0.0   80.8  444.0
2018 121  5  1 0900  -20.2  952.0    0.0    0.0   81.0  444.0
2018 121  5  1 1200  -20.3  950.6    0.8  207.0   81.0  444.0
2018 121  5  1 1500  -20.8  949.2    1.5  251.0   80.0  444.0
2018 121  5  1 1800  -20.9  947.4    1.6  247.0   80.0  444.0
2018 121  5  1 2100  -21.0  946.3    1.1  252.0   80.0  444.0
2018 122  5  2 0000  -20.9  945.5    0.5  262.0   80.0  444.0
2018 122  5  2 0300  -21.6  945.2    0.6   92.0   79.9  444.0
2018 122  5  2 0600  -23.8  944.8    0.8  101.0   78.0  444.0
2018 122  5  2 0900  -23.3  944.8    0.6   90.0   78.6  444.0
2018 122  5  2 1200  -23.3  945.4    0.6  102.0   78.0  444.0
2018 122  5  2 1500  -24.5  945.6    0.4   90.0   78.0  444.0
2018 122  5  2 1800  -24.0  945.5    0.4   60.0   78.0  444.0
2018 122  5  2 2100  -23.4  945.5    0.6   35.0   78.0  444.0
2018 123  5  3 0000  -25.4  945.6    0.5  300.0   77.0  444.0
2018 123  5  3 0300  -25.3  945.7    0.8  278.0   77.0  444.0
2018 123  5  3 0600  -24.9  946.4    0.9  272.0   77.2  444.0
2018 123  5  3 0900  -25.2  947.3    0.7  272.0   77.0  444.0
2018 123  5  3 1200  -25.5  948.0    0.7  267.0   77.0  444.0
2018 123  5  3 1500  -25.3  948.3    0.5  286.0   77.0  444.0
2018 123  5  3 1800  -24.4  948.4    0.8  276.0   78.0  444.0
2018 123  5  3 2100  -22.5  950.0    0.4  271.0   79.0  444.0
2018 124  5  4 0000  -20.5  951.8    0.3  278.0   80.0  444.0
2018 124  5  4 0300  -20.4  951.7    0.5  280.0   80.0  444.0
2018 124  5  4 0600  -19.7  952.6    0.7  256.0   81.2  444.0
2018 124  5  4 0900  -20.9  954.2  444.0  444.0   80.0  444.0
2018 124  5  4 1200  -21.0  955.6  444.0  444.0   79.0  444.0
2018 124  5  4 1500  -21.9  956.8  444.0  444.0   79.0  444.0
2018 124  5  4 1800  -22.7  957.7  444.0  444.0   79.0  444.0
2018 124  5  4 2100  -22.0  958.4  444.0  444.0   79.0  444.0
2018 125  5  5 0000  -23.4  959.4  444.0  444.0   78.0  444.0
2018 125  5  5 0300  -23.0  959.9  444.0  444.0   77.8  444.0
2018 125  5  5 0600  -23.4  960.9  444.0  444.0   79.0  444.0
2018 125  5  5 0900  -24.8  960.3  444.0  444.0   78.0  444.0
2018 125  5  5 1200  -23.9  959.8  444.0  444.0   78.0  444.0
2018 125  5  5 1500  -23.1  959.5  444.0  444.0   78.0  444.0
2018 125  5  5 1800  -22.2  958.8  444.0  444.0   80.0  444.0
2018 125  5  5 2100  -21.9  958.2  444.0  444.0   79.8  444.0
2018 126  5  6 0000  -22.7  956.8  444.0  444.0   79.0  444.0
2018 126  5  6 0300  -23.4  954.9  444.0  444.0   78.0  444.0
2018 126  5  6 0600  -23.9  953.6  444.0  444.0   78.0  444.0
2018 126  5  6 0900  -23.9  952.9  444.0  444.0   78.0  444.0
2018 126  5  6 1200  -23.8  952.1  444.0  444.0   78.0  444.0
2018 126  5  6 1500  -23.8  951.0    2.2   43.0   78.0  444.0
2018 126  5  6 1800  -25.2  950.5    1.1    2.0   77.0  444.0
2018 126  5  6 2100  -25.5  950.7    1.2  335.0   76.0  444.0
2018 127  5  7 0000  -25.5  951.4  444.0  444.0   75.0  444.0
2018 127  5  7 0300  -25.6  951.5  444.0  444.0   75.5  444.0
2018 127  5  7 0600  -25.9  951.9  444.0  444.0   75.0  444.0
2018 127  5  7 0900  -26.2  952.1  444.0  444.0   75.0  444.0
2018 127  5  7 1200  -26.3  952.0  444.0  444.0   75.0  444.0
2018 127  5  7 1500  -27.2  952.1  444.0  444.0   75.0  444.0
2018 127  5  7 1800  -27.9  952.5  444.0  444.0   74.0  444.0
2018 127  5  7 2100  -28.7  954.1  444.0  444.0   74.0  444.0
2018 128  5  8 0000  -29.9  955.8  444.0  444.0   75.0  444.0
2018 128  5  8 0300  -28.8  957.6  444.0  444.0   75.0  444.0
2018 128  5  8 0600  -29.9  959.1  444.0  444.0   73.3  444.0
2018 128  5  8 0900  -31.6  959.9  444.0  444.0   72.0  444.0
2018 128  5  8 1200  -33.6  960.1  444.0  444.0   72.3  444.0
2018 128  5  8 1500  -29.9  959.3  444.0  444.0   73.0  444.0
2018 128  5  8 1800  -29.3  958.7  444.0  444.0   72.0  444.0
2018 128  5  8 2100  -28.8  958.3  444.0  444.0   72.0  444.0
2018 129  5  9 0000  -28.9  957.7  444.0  444.0   72.8  444.0
2018 129  5  9 0300  -28.3  957.0  444.0  444.0   73.0  444.0
2018 129  5  9 0600  -28.8  956.4  444.0  444.0   73.2  444.0
2018 129  5  9 0900  -28.0  955.4  444.0  444.0   73.0  444.0
2018 129  5  9 1200  -28.7  954.3  444.0  444.0   74.0  444.0
2018 129  5  9 1500  -27.7  952.9  444.0  444.0   75.5  444.0
2018 129  5  9 1800  -27.1  951.5  444.0  444.0   75.0  444.0
2018 129  5  9 2100  -26.6  949.7  444.0  444.0   75.0  444.0
2018 130  5 10 0000  -26.9  947.3  444.0  444.0   75.0  444.0
2018 130  5 10 0300  -27.3  945.5  444.0  444.0   75.1  444.0
2018 130  5 10 0600  -29.6  944.1  444.0  444.0   75.0  444.0
2018 130  5 10 0900  -29.5  942.9  444.0  444.0   74.6  444.0
2018 130  5 10 1200  -29.4  942.2  444.0  444.0   75.0  444.0
2018 130  5 10 1500  -27.8  941.5  444.0  444.0   75.0  444.0
2018 130  5 10 1800  -29.9  940.9  444.0  444.0   75.0  444.0
2018 130  5 10 2100  -29.1  940.8  444.0  444.0   74.0  444.0
2018 131  5 11 0000  -28.6  940.0  444.0  444.0   74.1  444.0
2018 131  5 11 0300  -29.5  939.0  444.0  444.0   73.0  444.0
2018 131  5 11 0600  -29.6  937.5  444.0  444.0   72.0  444.0
2018 131  5 11 0900  -27.5  935.8    0.1  268.0   74.0  444.0
2018 131  5 11 1200  -24.1  935.0    0.5  250.0   75.7  444.0
2018 131  5 11 1500  -25.9  935.9    1.3   96.0   75.0  444.0
2018 131  5 11 1800  -27.0  937.1    1.1   98.0   75.0  444.0
2018 131  5 11 2100  -24.2  937.4    0.0    0.0   78.0  444.0
2018 132  5 12 0000  -24.8  937.2    1.3  267.0   76.2  444.0
2018 132  5 12 0300  -22.4  935.8    1.1  270.0   79.0  444.0
2018 132  5 12 0600  -20.8  934.4    1.1  307.0   80.0  444.0
2018 132  5 12 0900  -22.0  933.6    2.1  320.0   78.0  444.0
2018 132  5 12 1200  -20.7  934.2    2.7  314.0   80.0  444.0
2018 132  5 12 1500  -20.9  936.6    2.9  294.0   79.0  444.0
2018 132  5 12 1800  -19.6  938.9    1.4  291.0   80.4  444.0
2018 132  5 12 2100  -19.7  941.7    0.0    0.0   80.0  444.0
2018 133  5 13 0000  -20.0  943.5    0.0    0.0   80.2  444.0
2018 133  5 13 0300  -19.9  944.1    2.7  271.0   80.0  444.0
2018 133  5 13 0600  -19.7  944.2    4.2  271.0   81.0  444.0
2018 133  5 13 0900  -19.7  944.3    4.4  261.0   81.0  444.0
2018 133  5 13 1200  -17.2  944.6    2.8  262.0   83.0  444.0
2018 133  5 13 1500  -15.9  944.5    0.6  328.0   83.0  444.0
2018 133  5 13 1800  -18.3  946.1    2.6   31.0   82.0  444.0
2018 133  5 13 2100  -18.5  946.3    2.0    1.0   82.1  444.0
2018 134  5 14 0000  -18.5  946.0    2.1  296.0   82.0  444.0
2018 134  5 14 0300  -14.4  944.5    2.6  228.0   85.0  444.0
2018 134  5 14 0600  -12.8  943.6    2.1  238.0   87.0  444.0
2018 134  5 14 0900  -13.7  944.2    1.1  129.0   86.7  444.0
2018 134  5 14 1200  -14.3  943.5    1.5  359.0   86.0  444.0
2018 134  5 14 1500  -13.8  941.9    1.5  256.0   86.0  444.0
2018 134  5 14 1800  -13.3  942.0    5.4  254.0   87.0  444.0
2018 134  5 14 2100  -12.5  943.1    3.0   23.0   87.4  444.0
2018 135  5 15 0000  -12.5  942.4    6.1  263.0   88.0  444.0
2018 135  5 15 0300  -12.9  942.9    6.9  233.0   88.0  444.0
2018 135  5 15 0600  -11.8  942.2    7.4  238.0   88.0  444.0
2018 135  5 15 0900  -13.2  943.3    6.8   39.0   87.0  444.0
2018 135  5 15 1200  -13.9  945.0    7.5   42.0   86.0  444.0
2018 135  5 15 1500  -14.5  947.3    3.6   65.0   86.0  444.0
2018 135  5 15 1800  -16.2  949.3    5.1  100.0   84.0  444.0
2018 135  5 15 2100  -21.5  952.8    6.9  127.0   81.0  444.0
2018 136  5 16 0000  -21.4  956.6    7.4  128.0   80.2  444.0
2018 136  5 16 0300  -19.2  957.5    5.1  128.0   82.3  444.0
2018 136  5 16 0600  -20.5  958.8    5.1  324.0   80.8  444.0
2018 136  5 16 0900  -20.2  959.4    5.1  333.0   81.0  444.0
2018 136  5 16 1200  -18.9  959.7    4.0  341.0   82.2  444.0
2018 136  5 16 1500  -18.9  959.1    2.9   10.0   82.0  444.0
2018 136  5 16 1800  -20.5  957.7    4.2  342.0   81.0  444.0
2018 136  5 16 2100  -22.2  957.5    4.0  264.0   80.0  444.0
2018 137  5 17 0000  -22.6  958.3    5.3  276.0   79.0  444.0
2018 137  5 17 0300  -23.5  958.8    5.4  302.0   79.0  444.0
2018 137  5 17 0600  -23.6  959.5    9.8  300.0   78.0  444.0
2018 137  5 17 0900  -23.8  961.8    7.1  300.0   78.5  444.0
2018 137  5 17 1200  -22.0  964.9    4.2  313.0   79.0  444.0
2018 137  5 17 1500  -21.6  967.1    3.5  336.0   79.0  444.0
2018 137  5 17 1800  -21.5  969.5    1.6   10.0   79.5  444.0
2018 137  5 17 2100  -20.8  971.7    3.1   22.0   79.0  444.0
2018 138  5 18 0000  -20.9  973.5    2.2   18.0   80.4  444.0
2018 138  5 18 0300  -21.4  974.0    1.0   13.0   79.2  444.0
2018 138  5 18 0600  -21.5  974.1    2.2  334.0   79.0  444.0
2018 138  5 18 0900  -22.1  973.5    3.6  330.0   78.0  444.0
2018 138  5 18 1200  -23.3  972.0    4.8  318.0   78.0  444.0
2018 138  5 18 1500  -23.5  970.6    3.6  314.0   78.0  444.0
2018 138  5 18 1800  -22.7  968.5    4.6  346.0   78.0  444.0
2018 138  5 18 2100  -24.5  966.0    6.0  302.0   77.6  444.0
2018 139  5 19 0000  -24.7  964.3    8.9  326.0   78.0  444.0
2018 139  5 19 0300  -23.1  962.4    8.3  332.0   78.2  444.0
2018 139  5 19 0600  -23.7  961.9    7.9  340.0   78.0  444.0
2018 139  5 19 0900  -23.9  961.0    7.7  334.0   78.0  444.0
2018 139  5 19 1200  -24.2  959.8    6.6  345.0   78.0  444.0
2018 139  5 19 1500  -27.2  958.7    4.6  286.0   75.0  444.0
2018 139  5 19 1800  -27.1  959.0    2.3  253.0   75.0  444.0
2018 139  5 19 2100  -25.5  959.1    2.6  152.0   76.7  444.0
2018 140  5 20 0000  -25.1  959.2    4.4  109.0   77.0  444.0
2018 140  5 20 0300  -24.8  958.8    3.9   73.0   77.0  444.0
2018 140  5 20 0600  -24.5  959.2    3.3   65.0   78.0  444.0
2018 140  5 20 0900  -24.0  959.8    4.7   97.0   77.8  444.0
2018 140  5 20 1200  -25.3  960.7    5.7  109.0   77.1  444.0
2018 140  5 20 1500  -26.5  961.9    3.7  102.0   76.0  444.0
2018 140  5 20 1800  -26.9  963.3    2.7  123.0   75.7  444.0
2018 140  5 20 2100  -26.8  965.0    3.3  114.0   76.0  444.0
2018 141  5 21 0000  -26.2  966.8    2.5  131.0   76.5  444.0
2018 141  5 21 0300  -25.9  968.0    2.0  168.0   77.0  444.0
2018 141  5 21 0600  -26.0  969.0    0.5  182.0   76.0  444.0
2018 141  5 21 0900  -26.6  969.1    3.2  255.0   75.0  444.0
2018 141  5 21 1200  -27.0  969.4    3.6  255.0   75.0  444.0
2018 141  5 21 1500  -26.7  969.3    3.9  255.0   75.0  444.0
2018 141  5 21 1800  -25.9  969.1    2.6  255.0   75.0  444.0
2018 141  5 21 2100  -26.2  969.7    3.8  138.0   76.0  444.0
2018 142  5 22 0000  -29.4  969.2    6.9  140.0   74.1  444.0
2018 142  5 22 0300  -28.2  970.1    9.4  149.0   74.8  444.0
2018 142  5 22 0600  -27.4  970.8   11.1  150.0   75.0  444.0
2018 142  5 22 0900  -23.8  970.9    9.4  148.0   78.0  444.0
2018 142  5 22 1200  -22.3  968.9    8.4  145.0   79.0  444.0
2018 142  5 22 1500  -22.4  968.5    5.9  143.0   79.0  444.0
2018 142  5 22 1800  -22.2  967.1    3.2  252.0   79.0  444.0
2018 142  5 22 2100  -22.3  967.0    4.7  322.0   79.0  444.0
2018 143  5 23 0000  -21.5  966.6    2.3  287.0   80.0  444.0
2018 143  5 23 0300  -20.7  966.2    4.7  322.0   80.4  444.0
2018 143  5 23 0600  -21.2  964.6    6.0  329.0   80.0  444.0
2018 143  5 23 0900  -21.0  964.4    1.3   23.0   80.0  444.0
2018 143  5 23 1200  -21.7  963.4    1.4   25.0   80.0  444.0
2018 143  5 23 1500  -23.2  961.2    3.8  273.0   77.0  444.0
2018 143  5 23 1800  -24.5  959.9    2.9  260.0   78.0  444.0
2018 143  5 23 2100  -24.9  958.0    2.6  275.0   77.1  444.0
2018 144  5 24 0000  -26.8  956.0    2.9  289.0   75.0  444.0
2018 144  5 24 0300  -27.8  953.6    2.7  275.0   75.0  444.0
2018 144  5 24 0600  -27.7  951.8    0.0  267.0   76.0  444.0
2018 144  5 24 0900  -26.6  950.3    0.0    0.0   76.0  444.0
2018 144  5 24 1200  -25.9  949.8    1.9  152.0   77.0  444.0
2018 144  5 24 1500  -23.1  950.2    2.0  163.0   79.0  444.0
2018 144  5 24 1800  -23.0  950.5    1.7  236.0   79.0  444.0
2018 144  5 24 2100  -23.7  951.0    3.6  260.0   77.0  444.0
2018 145  5 25 0000  -25.5  951.8    3.8  272.0   76.3  444.0
2018 145  5 25 0300  -24.3  951.3    6.3  282.0   78.0  444.0
2018 145  5 25 0600  -25.2  951.1    6.2  283.0   77.0  444.0
2018 145  5 25 0900  -24.4  950.8    8.5  294.0   77.0  444.0
2018 145  5 25 1200  -25.0  950.8    9.7  313.0   77.0  444.0
2018 145  5 25 1500  -25.8  949.9    7.9  331.0   77.0  444.0
2018 145  5 25 1800  -23.9  949.6    8.6  328.0   77.8  444.0
2018 145  5 25 2100  -25.1  950.3    6.6  341.0   76.0  444.0
2018 146  5 26 0000  -25.6  950.7    6.6  340.0   76.6  444.0
2018 146  5 26 0300  -24.1  950.9    7.1  343.0   78.0  444.0
2018 146  5 26 0600  -24.3  951.5    6.7  341.0   77.0  444.0
2018 146  5 26 0900  -25.1  952.5    4.2  348.0   77.0  444.0
2018 146  5 26 1200  -24.8  953.9    2.8  339.0   77.0  444.0
2018 146  5 26 1500  -23.8  955.4    1.5  332.0   78.0  444.0
2018 146  5 26 1800  -22.9  956.7    0.1   63.0   78.0  444.0
2018 146  5 26 2100  -20.8  959.4    2.3  160.0   80.5  444.0
2018 147  5 27 0000  -19.0  961.3    3.6  169.0   82.0  444.0
2018 147  5 27 0300  -19.1  963.4    3.4  174.0   82.0  444.0
2018 147  5 27 0600  -22.0  965.0    5.1  169.0   79.8  444.0
2018 147  5 27 0900  -21.1  966.4    2.5  128.0   80.3  444.0
2018 147  5 27 1200  -24.1  967.3    3.1  103.0   78.0  444.0
2018 147  5 27 1500  -24.9  967.0    4.4  103.0   77.9  444.0
2018 147  5 27 1800  -24.8  967.3    4.2   94.0   78.0  444.0
2018 147  5 27 2100  -24.8  968.2    4.2   99.0   77.0  444.0
2018 148  5 28 0000  -24.8  968.4    2.5   96.0   77.0  444.0
2018 148  5 28 0300  -25.5  968.6    0.0    0.0   76.8  444.0
2018 148  5 28 0600  -25.8  967.9    1.9   50.0   76.0  444.0
2018 148  5 28 0900  -26.6  967.7    1.7   55.0   75.0  444.0
2018 148  5 28 1200  -27.1  967.4    2.0   84.0   75.3  444.0
2018 148  5 28 1500  -27.1  967.2    1.1   61.0   75.0  444.0
2018 148  5 28 1800  -27.4  967.3    1.3   49.0   75.3  444.0
2018 148  5 28 2100  -27.4  967.9  444.0  444.0   75.0  444.0
2018 149  5 29 0000  -27.3  968.3  444.0  444.0   75.0  444.0
2018 149  5 29 0300  -28.5  967.1  444.0  444.0   75.0  444.0
2018 149  5 29 0600  -29.5  965.1  444.0  444.0   73.8  444.0
2018 149  5 29 0900  -29.2  962.4    2.9  335.0   74.0  444.0
2018 149  5 29 1200  -29.2  959.4    3.3  342.0   74.0  444.0
2018 149  5 29 1500  -28.7  957.1    3.3  344.0   74.0  444.0
2018 149  5 29 1800  -28.5  956.1    3.4  338.0   74.0  444.0
2018 149  5 29 2100  -28.4  956.7    3.1  337.0   74.0  444.0
2018 150  5 30 0000  -27.3  958.2    0.0    0.0   75.0  444.0
2018 150  5 30 0300  -26.9  960.0    0.0    0.0   75.0  444.0
2018 150  5 30 0600  -28.0  962.0    0.0    0.0   75.0  444.0
2018 150  5 30 0900  -26.4  963.5    0.0    0.0   76.0  444.0
2018 150  5 30 1200  -26.9  964.5    0.0    0.0   75.0  444.0
2018 150  5 30 1500  -27.4  965.1    0.9  270.0   74.0  444.0
2018 150  5 30 1800  -26.1  965.6    0.8  284.0   75.0  444.0
2018 150  5 30 2100  -25.7  965.9    0.0    0.0   75.0  444.0
2018 151  5 31 0000  -24.1  966.2    0.4  265.0   75.4  444.0
2018 151  5 31 0300  -24.1  966.6    0.0    0.0   75.9  444.0
2018 151  5 31 0600  -23.4  967.3    0.8  210.0   77.0  444.0
2018 151  5 31 0900  -25.2  968.0    1.8  141.0   77.1  444.0
2018 151  5 31 1200  -26.2  968.7    1.9  130.0   76.0  444.0
2018 151  5 31 1500  -25.5  969.2    1.3  104.0   77.0  444.0
2018 151  5 31 1800  -25.9  969.3    0.8  282.0   76.0  444.0
2018 151  5 31 2100  -27.3  969.9    2.2  260.0   76.0  444.0
